"OI_open","OI_close","timestamp","price_open","price_close"
704460874,704449773,1698965880,0.003066,0.003063
704449773,704430444,1698965940,0.003066,0.003061
704436342,704608598,1698966000,0.00306,0.003063
704651117,704664576,1698966060,0.003063,0.003054
704644155,704644155,1698966120,0.003054,0.00306
704639573,704621945,1698966180,0.003059,0.00306
704614226,704614226,1698966240,0.003058,0.00306
704658625,704763090,1698966300,0.00306,0.003056
704816505,704820523,1698966360,0.003059,0.003062
704831343,704831343,1698966420,0.003062,0.003059
704774123,704860405,1698966480,0.003056,0.003059
704862140,704862140,1698966540,0.003058,0.003056
704595444,704613923,1698966600,0.003058,0.003061
704423548,704375390,1698966660,0.003061,0.003063
704102796,704075553,1698966720,0.003061,0.003061
704203108,704200561,1698966780,0.003062,0.003065
704227485,704195087,1698966840,0.003064,0.003065
704220337,704220337,1698966900,0.003064,0.003065
704097838,704002763,1698966960,0.003066,0.003075
704501289,704467857,1698967020,0.003075,0.00308
704370461,704704099,1698967080,0.00308,0.003079
704692880,704711060,1698967140,0.003078,0.003079
704694953,704694953,1698967200,0.003078,0.003079
704682899,704684613,1698967260,0.00308,0.003077
704807768,704807768,1698967320,0.003077,0.00308
705144315,705144315,1698967380,0.00308,0.00308
705069748,705124772,1698967440,0.003081,0.00308
705109418,705115116,1698967500,0.003079,0.003079
705142906,705145372,1698967620,0.00308,0.003078
705145372,705123930,1698967680,0.003078,0.003081
705097732,705097732,1698967740,0.003081,0.003082
704361468,704321491,1698967800,0.003081,0.003082
704313030,704313030,1698967860,0.003082,0.003087
703891178,703887068,1698967920,0.003086,0.003082
703859114,703840250,1698967980,0.003083,0.003078
703825079,704086829,1698968040,0.003079,0.003082
704011446,703997668,1698968100,0.003077,0.003073
703716200,703598171,1698968160,0.003072,0.003072
703733380,703733380,1698968220,0.003073,0.003076
703618023,703630141,1698968280,0.003076,0.003078
703620456,703620456,1698968340,0.003078,0.003082
703930817,704283502,1698968400,0.003081,0.003077
704288332,704382021,1698968460,0.003079,0.003077
704295306,704841773,1698968520,0.003078,0.003085
705005380,705005380,1698968580,0.003085,0.003086
705035132,705025749,1698968700,0.003087,0.003086
705004205,705004205,1698968760,0.003084,0.003084
705011124,710496870,1698968820,0.003083,0.003096
710213541,710307644,1698968880,0.003095,0.003094
710333574,710272122,1698968940,0.003095,0.003095
709543332,709523741,1698969000,0.003094,0.003091
709285960,709211019,1698969060,0.003091,0.003093
709202562,709180259,1698969120,0.003092,0.003092
708914137,708914137,1698969180,0.003092,0.003088
708272175,708178544,1698969240,0.003088,0.003087
708180546,708125680,1698969300,0.003085,0.003086
708330505,708300207,1698969360,0.003086,0.00309
708234879,707750690,1698969480,0.003087,0.003086
707684770,707582674,1698969540,0.003086,0.003088
707531448,707897690,1698969600,0.003089,0.003089
707863111,708123788,1698969660,0.003089,0.003084
708143002,708094677,1698969720,0.003084,0.003084
708069187,708063274,1698969780,0.003085,0.003084
708139981,708186414,1698969840,0.003085,0.003079
708157309,708128725,1698969900,0.003079,0.003078
708144202,708153436,1698969960,0.003078,0.003072
708132583,708251963,1698970020,0.003071,0.003079
708149671,708076164,1698970080,0.003079,0.003074
708094503,708089791,1698970140,0.003076,0.003077
708134647,708148311,1698970200,0.003076,0.00308
708102955,708080007,1698970260,0.003081,0.003087
708033821,707950380,1698970320,0.003088,0.00309
708111689,708138081,1698970380,0.003092,0.003098
708169442,708666417,1698970440,0.003098,0.003096
708734003,708734003,1698970500,0.003095,0.00309
708974728,709114464,1698970560,0.003088,0.003096
709252615,709395206,1698970620,0.003093,0.003084
710223744,710507527,1698970680,0.003082,0.003092
710840549,710840549,1698970740,0.00309,0.003103
712050723,712865141,1698970800,0.003102,0.003111
713546390,716499667,1698970860,0.003111,0.003108
717132165,717597572,1698970920,0.003107,0.003107
720972977,721415581,1698970980,0.003105,0.00311
723378745,723345961,1698971040,0.003111,0.003102
723288953,723328399,1698971100,0.003103,0.003095
723978466,723528965,1698971160,0.003095,0.003084
719100892,718447796,1698971220,0.003085,0.003081
716157571,716036669,1698971280,0.003081,0.003081
716028363,716197579,1698971340,0.003082,0.003075
715905984,715899500,1698971400,0.003075,0.00308
716298248,716320288,1698971460,0.003081,0.003084
719979836,719961350,1698971520,0.003084,0.003088
719914890,717724318,1698971580,0.003091,0.003084
718453845,723427110,1698971640,0.003084,0.003078
723408962,723465031,1698971700,0.003078,0.003082
723462341,724544374,1698971760,0.003082,0.003084
724782642,724820936,1698971820,0.003083,0.003084
724759680,725989230,1698971880,0.003082,0.00308
726059784,723849265,1698971940,0.003079,0.00309
727623378,727623378,1698972000,0.003089,0.003155
756380122,759305196,1698972060,0.003157,0.00316
767620016,775517677,1698972120,0.003161,0.003152
784910511,785363226,1698972180,0.003151,0.003152
785213765,785366090,1698972240,0.003152,0.003146
783382400,783235338,1698972300,0.003146,0.003145
784099914,784353369,1698972360,0.003144,0.00314
784264061,784628144,1698972420,0.003136,0.003131
785077652,784587426,1698972480,0.003133,0.003123
784640806,774638160,1698972540,0.003125,0.003113
773599550,773158222,1698972600,0.003112,0.003106
772002076,771411511,1698972660,0.003106,0.003104
767483851,765200364,1698972720,0.003104,0.003095
767477624,770142223,1698972780,0.003095,0.003095
773096407,773126584,1698972840,0.003094,0.003113
774031167,774702253,1698972900,0.003113,0.003116
774031116,775203287,1698972960,0.003115,0.003106
775242198,773713424,1698973020,0.003111,0.003112
773191424,773367293,1698973080,0.003111,0.003115
772956170,772000600,1698973140,0.003115,0.003111
769869273,769468273,1698973200,0.003113,0.003108
767223580,763753595,1698973260,0.003108,0.003094
762264600,762264600,1698973320,0.003094,0.003094
762450609,760661383,1698973380,0.003093,0.003093
760361915,760206662,1698973440,0.003094,0.003088
760763654,759161653,1698973500,0.003091,0.003084
759350445,761738810,1698973560,0.003084,0.003084
761430332,761895770,1698973620,0.003085,0.003085
762305630,761161712,1698973680,0.003085,0.00308
759998777,759099077,1698973740,0.003082,0.003071
751946004,750292921,1698973800,0.00307,0.003056
748042562,747080915,1698973860,0.003056,0.003052
746771649,746298966,1698973920,0.003052,0.003051
745212485,745239503,1698973980,0.003052,0.003051
744633602,744633602,1698974040,0.003051,0.003042
744425904,742627993,1698974100,0.003042,0.003037
741275414,740504975,1698974160,0.003037,0.003032
740677431,739622456,1698974220,0.003033,0.003043
739210825,737734065,1698974280,0.003042,0.003018
735544680,734337880,1698974340,0.003019,0.003014
734252676,734524103,1698974400,0.003016,0.003025
734042254,733809955,1698974460,0.003023,0.003022
732743524,732760435,1698974520,0.003022,0.003022
732218654,732041086,1698974580,0.003022,0.003037
733052479,733907321,1698974640,0.003035,0.003051
733783483,733783483,1698974700,0.003047,0.003052
734053672,734015152,1698974760,0.003049,0.00306
734688015,734048180,1698974820,0.00306,0.003059
733912607,733912607,1698974880,0.003059,0.003058
733782967,734386265,1698974940,0.003057,0.003059
734056556,734177003,1698975000,0.00306,0.003065
734208326,734181821,1698975060,0.003065,0.003063
734538724,734503866,1698975120,0.003064,0.003067
734526147,734610810,1698975180,0.003067,0.003072
734778603,735698274,1698975240,0.003073,0.003074
735745801,735682418,1698975300,0.003072,0.003069
735640304,735638299,1698975360,0.003067,0.003062
736587547,736587547,1698975420,0.003061,0.003072
739337810,739679507,1698975480,0.003068,0.003069
739440477,739463377,1698975540,0.00307,0.003063
739270175,739270175,1698975600,0.003062,0.003057
739267673,738347006,1698975660,0.003057,0.003056
738270644,738249733,1698975720,0.003056,0.003055
738255416,738223215,1698975780,0.003056,0.003057
738017389,738017389,1698975840,0.003059,0.003065
738097014,737864865,1698975900,0.003065,0.00306
737485120,737176928,1698975960,0.00306,0.003054
736340372,736442439,1698976020,0.003051,0.003056
736214746,736046503,1698976080,0.003052,0.003043
734566483,734566483,1698976140,0.003043,0.003045
734576061,735095663,1698976200,0.003044,0.003039
734862419,734862419,1698976260,0.003039,0.003033
734893603,732201024,1698976320,0.003031,0.003026
732850236,732850236,1698976380,0.003026,0.003034
733261598,733697961,1698976440,0.003034,0.00304
733320964,733320964,1698976500,0.003037,0.003034
733234144,733439767,1698976560,0.003034,0.00304
730687084,729270323,1698976620,0.00304,0.003033
730480078,730512394,1698976680,0.003035,0.003043
730375713,731028436,1698976740,0.003042,0.003044
730352150,730562549,1698976800,0.003043,0.003041
730653827,730786747,1698976860,0.003041,0.003043
731381992,732296245,1698976920,0.003044,0.00306
732533794,732790113,1698976980,0.003059,0.003069
732732781,732898320,1698977040,0.003069,0.003072
733512975,735179562,1698977100,0.003072,0.003065
735807797,734627418,1698977160,0.003065,0.003054
735676458,735661915,1698977220,0.003054,0.003054
735691199,735383762,1698977280,0.003054,0.003049
738315002,738203837,1698977340,0.003049,0.003054
738304452,738229971,1698977400,0.003054,0.003057
738151895,738151895,1698977460,0.003056,0.003058
736215869,736270533,1698977520,0.003058,0.00305
736346381,736944769,1698977580,0.00305,0.003057
736882542,736885248,1698977640,0.003058,0.003059
736959435,736192413,1698977700,0.003058,0.003055
736482650,736482650,1698977760,0.003056,0.003067
736645866,736402100,1698977820,0.003068,0.003064
736505597,736511220,1698977880,0.003064,0.003063
736377797,736377797,1698977940,0.003065,0.003073
736003813,735815089,1698978000,0.003074,0.003078
736419772,736550329,1698978060,0.003079,0.003082
736602169,736592272,1698978120,0.003081,0.00308
736703938,736708537,1698978180,0.003078,0.003082
736580951,736410042,1698978240,0.003081,0.003081
736320585,736320585,1698978300,0.003082,0.003083
737245178,737245178,1698978360,0.003084,0.003081
737166865,737194971,1698978420,0.00308,0.003082
737131613,738386465,1698978480,0.003084,0.003093
742017701,742250878,1698978540,0.003093,0.003099
742205996,742075186,1698978600,0.0031,0.003098
742083219,742447093,1698978660,0.003098,0.003103
742674076,742644777,1698978720,0.003102,0.003103
743911598,744062127,1698978780,0.003103,0.003108
744310080,744333226,1698978840,0.003107,0.003104
743920568,743749278,1698978900,0.003105,0.003101
743668085,744071991,1698978960,0.0031,0.0031
744126254,744074998,1698979020,0.003102,0.003103
744090522,743703902,1698979080,0.003102,0.003098
744232082,744192690,1698979140,0.003098,0.003102
744192682,744192682,1698979200,0.003103,0.003103
744192957,744363384,1698979260,0.003103,0.003103
744680891,743934527,1698979320,0.003106,0.003103
744192961,744192961,1698979380,0.003101,0.003109
744388855,744492687,1698979440,0.003109,0.003109
744502692,744485423,1698979500,0.003109,0.003102
743968654,743974694,1698979560,0.003103,0.00311
743900821,743954012,1698979620,0.00311,0.003111
743950312,744136843,1698979680,0.003111,0.003106
744046755,744108898,1698979740,0.003105,0.003097
748153827,747361754,1698979800,0.003098,0.003099
747528867,747930884,1698979860,0.003099,0.003097
747996062,747996062,1698979920,0.003098,0.003098
747976836,747964332,1698979980,0.003097,0.003098
747966808,748033325,1698980040,0.003099,0.003101
747869320,747989937,1698980100,0.003103,0.003107
747996196,748023647,1698980160,0.003107,0.003104
748058349,748086224,1698980220,0.003104,0.003104
748094814,748104057,1698980280,0.003104,0.003106
748104057,748129190,1698980340,0.003104,0.003107
747338975,747238972,1698980400,0.003106,0.003105
747251442,747271598,1698980460,0.003105,0.003102
746926564,746925788,1698980520,0.003102,0.003102
747037130,747037022,1698980580,0.003102,0.003105
747079946,746727341,1698980640,0.003104,0.003092
746706140,746706140,1698980700,0.003091,0.003088
746502218,746242697,1698980760,0.003088,0.00308
749549828,751089307,1698980820,0.00308,0.003079
751810740,749829010,1698980880,0.003079,0.003076
749829010,749214883,1698980940,0.003075,0.003072
749423656,750087368,1698981000,0.003072,0.003071
750085095,750140283,1698981060,0.00307,0.003071
750413090,750921228,1698981120,0.003071,0.00307
750843791,750909697,1698981180,0.00307,0.003067
751640600,752553384,1698981240,0.003066,0.003065
752569762,752715928,1698981300,0.003065,0.003069
752715928,752632609,1698981360,0.003069,0.003068
752703513,752110472,1698981420,0.003068,0.003074
752223873,752223873,1698981480,0.003073,0.003073
752313334,752614409,1698981540,0.003074,0.003077
752600975,752603551,1698981600,0.003076,0.003077
752600715,752584823,1698981660,0.003078,0.003079
752592935,753184878,1698981720,0.003082,0.003084
753243307,753318369,1698981780,0.003085,0.003082
753232097,753100160,1698981840,0.003082,0.00308
753226407,753272955,1698981900,0.003079,0.003084
752947550,752947550,1698981960,0.003083,0.00308
752742133,752843674,1698982020,0.00308,0.00308
752843674,752832784,1698982080,0.003079,0.003078
752949030,752949030,1698982140,0.003078,0.00308
753228672,753203644,1698982200,0.003079,0.003079
753249139,753249139,1698982260,0.003079,0.003084
753252355,753296883,1698982320,0.003081,0.003086
753989042,753977958,1698982380,0.003086,0.003086
753977958,753977958,1698982440,0.003087,0.003088
753977281,754340932,1698982500,0.003087,0.003093
754525287,754469311,1698982560,0.003094,0.00309
754933374,755083875,1698982620,0.00309,0.003095
755127482,755127482,1698982680,0.003095,0.003094
755523979,755980079,1698982740,0.003094,0.003102
756004309,756130357,1698982800,0.003101,0.003104
756145742,756064392,1698982860,0.003106,0.003104
756114876,756280419,1698982920,0.003103,0.003105
756463401,756466761,1698982980,0.003106,0.003106
756465010,756565605,1698983040,0.003106,0.003107
756836372,756863261,1698983100,0.003107,0.003111
757582598,757563454,1698983160,0.003112,0.003116
757401215,757401215,1698983220,0.003118,0.00312
758584544,758657153,1698983280,0.00312,0.003113
758272990,758935676,1698983340,0.003113,0.003125
762265237,762041411,1698983400,0.003126,0.003144
761899451,761053372,1698983460,0.003145,0.003139
761528962,761528962,1698983520,0.003139,0.003146
763533134,762892936,1698983580,0.003146,0.003145
763000721,762840374,1698983640,0.003145,0.003143
762984549,762969583,1698983700,0.003142,0.003143
762989810,761853613,1698983760,0.003144,0.003138
758231909,758221106,1698983820,0.00314,0.003131
758215084,758426448,1698983880,0.003131,0.003129
758155077,758118543,1698983940,0.00313,0.003125
756119340,759080864,1698984000,0.003125,0.003138
761383283,762322825,1698984060,0.003139,0.003151
762805657,763432266,1698984120,0.00315,0.003153
763421483,762767339,1698984180,0.003153,0.003154
762987961,763016683,1698984240,0.003154,0.003155
763684220,762908465,1698984300,0.003154,0.003135
762908853,762935063,1698984360,0.003134,0.003121
767584624,766651756,1698984420,0.003122,0.003111
768917111,768880232,1698984480,0.003112,0.00312
769580035,769585269,1698984540,0.003118,0.00312
768407868,768636674,1698984600,0.003121,0.003128
768400101,769046274,1698984660,0.003128,0.003136
769389737,769392539,1698984720,0.003138,0.003145
769581339,768682153,1698984780,0.003145,0.003141
768718204,768718204,1698984840,0.003141,0.003142
768728304,768406374,1698984900,0.003141,0.003145
769460087,769677832,1698984960,0.003144,0.003148
769653398,769608005,1698985020,0.003147,0.003146
769608524,769804651,1698985080,0.003147,0.003147
769707027,769701114,1698985140,0.003147,0.003146
769862516,768769300,1698985200,0.003146,0.003129
768459208,768528375,1698985260,0.003128,0.00314
768578643,768471542,1698985320,0.003141,0.003148
770163323,771844380,1698985380,0.003148,0.003152
771992840,771989000,1698985440,0.003152,0.003151
772061326,770954079,1698985500,0.003152,0.00315
770911625,771188362,1698985560,0.00315,0.00315
771502006,770883874,1698985620,0.00315,0.003151
770941499,770930752,1698985680,0.003153,0.003152
771095819,770731072,1698985740,0.003153,0.003158
770423177,770419418,1698985800,0.003157,0.003158
771259426,771640335,1698985860,0.003157,0.003158
771508467,771216074,1698985920,0.003158,0.003149
770688056,769827076,1698985980,0.003148,0.00314
768930530,768930530,1698986040,0.00314,0.003136
768747307,768743079,1698986100,0.003136,0.003137
768706157,768706157,1698986160,0.003137,0.003135
768840887,768225069,1698986220,0.003136,0.003138
768219958,768226629,1698986280,0.003138,0.003139
768120237,768178334,1698986340,0.00314,0.003141
769546448,769275794,1698986400,0.00314,0.003128
769329425,769349981,1698986460,0.003129,0.003129
769299065,768944153,1698986520,0.003128,0.003125
769405633,769381204,1698986580,0.003125,0.003136
770149122,769800655,1698986640,0.003134,0.003131
769507181,769515732,1698986700,0.003129,0.003121
769211126,768783831,1698986760,0.00312,0.003116
767197077,767234114,1698986820,0.003115,0.003111
766019047,767092068,1698986880,0.003111,0.0031
766366611,766715277,1698986940,0.003103,0.003111
766535744,766618822,1698987000,0.003112,0.003121
766411064,766380159,1698987060,0.00312,0.00312
766592990,765335058,1698987120,0.00312,0.003134
766277272,767751152,1698987180,0.003136,0.003133
767617516,767617516,1698987240,0.003132,0.003122
767705313,767628418,1698987300,0.003123,0.003132
770612020,771144382,1698987360,0.003133,0.003134
771151520,772099525,1698987420,0.003135,0.003137
772525885,772525885,1698987480,0.003135,0.003133
772525885,772525885,1698969420,0.003087,0.003086
