"OI_open","OI_close","timestamp","price_open","price_close"
204373.4,204490,1698041640,12.71,12.68
204476.5,204476.5,1698041700,12.68,12.68
204465.9,204465.9,1698041760,12.69,12.68
204512.4,204462.5,1698041820,12.69,12.68
204482.1,204506.2,1698041880,12.67,12.67
204783.7,204759.2,1698041940,12.66,12.64
204726.1,204772.4,1698042000,12.65,12.65
204749.7,204749.7,1698042060,12.64,12.64
204801.2,204801.2,1698042120,12.64,12.62
204824.3,204826.1,1698042180,12.61,12.63
204804.6,204804.6,1698042240,12.63,12.63
204708.4,204633.8,1698042300,12.63,12.65
204524.7,204524.7,1698042360,12.65,12.64
204717.3,204717.3,1698042420,12.64,12.64
204675.9,204676.5,1698042480,12.64,12.63
204666.5,204681.1,1698042540,12.64,12.64
204630.9,204803.4,1698042600,12.64,12.63
206067.7,206082.2,1698042660,12.62,12.61
206019.5,206044.9,1698042720,12.61,12.6
206035.9,206145.5,1698042780,12.61,12.6
206122.7,206123.9,1698042840,12.6,12.59
205907.5,205900.1,1698042900,12.59,12.59
205900.7,205893.1,1698042960,12.6,12.6
205889.2,205889.2,1698043020,12.6,12.6
205815.8,205815.2,1698043080,12.59,12.6
205815.2,205815.2,1698043140,12.59,12.59
205895.6,205882,1698043200,12.59,12.58
205730.7,205730.7,1698043260,12.58,12.6
205725.7,205725.7,1698043320,12.6,12.6
205725.5,205725.5,1698043380,12.59,12.59
205623.9,205508.6,1698043500,12.6,12.61
205507.2,205507.2,1698043560,12.61,12.61
205506.6,205506.6,1698043620,12.61,12.6
205486.1,205719.9,1698043680,12.61,12.6
205728.1,205728.1,1698043740,12.6,12.6
205726.9,205726.9,1698043800,12.59,12.59
205763.9,205774.1,1698043860,12.59,12.58
205770.1,205778.7,1698043920,12.58,12.58
205792.1,205792.1,1698043980,12.57,12.54
205738.2,205741.8,1698044040,12.55,12.55
205652.1,205652.1,1698044100,12.56,12.56
205652.5,205696.7,1698044160,12.57,12.55
205771.7,205727.8,1698044220,12.55,12.54
205720.6,205712.6,1698044280,12.54,12.53
205831.8,205968.3,1698044340,12.54,12.52
205988.6,205982.9,1698044400,12.52,12.53
205939.1,205755.3,1698044460,12.52,12.5
205749.4,205724.2,1698044520,12.51,12.52
205713.7,205707.5,1698044580,12.52,12.51
205756.2,205777.9,1698044640,12.51,12.52
205777.9,205774.7,1698044700,12.52,12.52
206241.4,206241.4,1698044760,12.52,12.51
206266.8,206245.6,1698044820,12.51,12.5
206267.2,206241.4,1698044880,12.49,12.49
206245.4,206245.4,1698044940,12.5,12.51
206226.9,206203.2,1698045000,12.51,12.48
206010.5,206006.7,1698045060,12.49,12.49
205974.2,205974.2,1698045120,12.49,12.5
206001.2,205970.2,1698045180,12.49,12.5
205999.2,205999.2,1698045240,12.5,12.49
206001.9,206106.1,1698045300,12.5,12.51
206106.1,205987.4,1698045360,12.51,12.52
206159,206165,1698045420,12.52,12.53
206165.7,206146,1698045480,12.53,12.53
206151.7,206375.8,1698045540,12.54,12.53
206375.8,206317.5,1698045600,12.52,12.53
206304.8,206304.8,1698045660,12.53,12.53
206304.8,206295.3,1698045720,12.53,12.53
206301,206222.4,1698045780,12.54,12.53
206222,206223.7,1698045900,12.54,12.55
206228.6,206228.4,1698045960,12.55,12.54
206068.1,206083.6,1698046020,12.55,12.55
206063.5,206063.5,1698046080,12.55,12.54
206063.5,206063.5,1698046140,12.55,12.54
206083.4,206010.6,1698046200,12.55,12.55
206016.7,205945,1698046260,12.56,12.56
205945,205928.1,1698046320,12.56,12.56
205952,206259.9,1698046380,12.56,12.56
206258.8,206258.8,1698046500,12.56,12.56
206256.3,206257.7,1698046560,12.57,12.58
206259.7,206260.1,1698046680,12.58,12.58
206266.3,206266.3,1698046740,12.57,12.58
206276.7,206320.1,1698046800,12.57,12.58
206334.6,206340.4,1698046860,12.57,12.56
206305.3,206309.9,1698046920,12.57,12.57
206301.8,206301.8,1698046980,12.57,12.58
206301.8,206291.5,1698047040,12.58,12.57
206273.7,206273.7,1698047100,12.58,12.58
206440.8,206440.8,1698047160,12.58,12.58
206451.1,206402.3,1698047220,12.57,12.57
206399.7,206385.7,1698047280,12.57,12.56
206212.3,206268,1698047340,12.56,12.56
206235.3,206197.1,1698047400,12.55,12.55
206258.2,206345.5,1698047460,12.54,12.52
206424.9,206423.2,1698047520,12.52,12.5
206121.4,206099.7,1698047580,12.49,12.5
206117.5,206365.5,1698047640,12.5,12.45
205529.7,204908,1698047700,12.45,12.46
204932.6,204932.6,1698047760,12.46,12.48
204912.1,204931.5,1698047820,12.48,12.48
204919.7,204919.7,1698047880,12.49,12.47
204880.6,204824.8,1698047940,12.47,12.49
204874.2,204886.7,1698048000,12.49,12.5
204878.3,204852.9,1698048060,12.5,12.5
204819.2,204819.7,1698048120,12.5,12.5
204748.3,204765.6,1698048180,12.49,12.47
204838.5,204795.7,1698048240,12.47,12.49
204770.7,204703,1698048300,12.49,12.51
204788.3,204849.6,1698048360,12.51,12.52
204891.3,204891.3,1698048420,12.51,12.51
204891.3,204891.3,1698048480,12.52,12.52
204891.3,204853.1,1698048540,12.51,12.52
204881.8,204813.7,1698048600,12.52,12.53
204827.1,204851.1,1698048660,12.54,12.53
204874.1,204874.1,1698048720,12.53,12.54
204851.4,204851.4,1698048780,12.54,12.53
204853.9,204853.9,1698048840,12.54,12.55
204847.6,204845.6,1698048900,12.54,12.54
204750,204750,1698048960,12.55,12.56
204709.2,204700.6,1698049020,12.56,12.56
204918.8,204902.9,1698049080,12.56,12.57
204828.2,204828.2,1698049140,12.56,12.55
204829.6,204829.6,1698049200,12.55,12.55
204823.7,204853.2,1698049260,12.55,12.54
204920.9,204920.9,1698049320,12.53,12.53
204826.7,204794.7,1698049380,12.53,12.54
204786.7,204786.7,1698049440,12.55,12.55
204635.4,204635.4,1698049500,12.54,12.55
204313.5,204312.7,1698049560,12.55,12.57
204292.1,204292.1,1698049620,12.58,12.58
204371.6,204371.6,1698049680,12.59,12.58
204373.1,204373.1,1698049740,12.58,12.58
204367.2,204290.3,1698049800,12.59,12.6
204290.3,204239.1,1698049860,12.6,12.59
204266.9,204226,1698049920,12.59,12.58
204223,204223.8,1698049980,12.58,12.59
204256.6,204275.7,1698050040,12.59,12.59
204274.2,204274.2,1698050100,12.59,12.59
204304.2,204250.4,1698050160,12.59,12.59
204222.5,204222.5,1698050220,12.59,12.59
204210.7,204210.7,1698050340,12.59,12.6
204213.5,204213.5,1698050400,12.61,12.61
204193.1,204216.7,1698050520,12.61,12.61
204311.3,204312.9,1698050580,12.61,12.6
204277.2,204277.8,1698050700,12.59,12.59
204218.9,204218.9,1698050760,12.6,12.6
204218.9,204218.9,1698050820,12.61,12.61
204185.4,204181.1,1698050880,12.61,12.61
204183.3,204180.1,1698051000,12.62,12.63
203903.7,203903.7,1698051060,12.62,12.6
203834.3,203861,1698051120,12.61,12.61
203860.8,203860.8,1698051180,12.6,12.6
203859.9,203859.9,1698051240,12.61,12.61
203859.9,203856.7,1698051300,12.6,12.61
203858,203839.3,1698051360,12.6,12.61
203830.1,203814.6,1698051420,12.61,12.61
203812.7,203729.4,1698051480,12.6,12.61
203713.6,203713.6,1698051540,12.61,12.61
203745.5,203745.5,1698051600,12.6,12.57
203921,203887.1,1698051660,12.57,12.58
203893.8,203915,1698051720,12.59,12.59
203907.5,203898.5,1698051780,12.58,12.59
203904.8,203990.5,1698051840,12.59,12.59
203974.7,203979.9,1698051900,12.59,12.59
203979.5,203979.5,1698051960,12.58,12.59
203995,203914.2,1698052020,12.59,12.59
203883.3,203850.6,1698052080,12.59,12.59
203819.5,203819.5,1698052140,12.59,12.59
203726.4,203862.7,1698052200,12.59,12.59
203860.7,203860.7,1698052260,12.59,12.58
203741.9,203721.5,1698052320,12.58,12.59
203719,203719,1698052380,12.58,12.58
203702.4,203017.8,1698052440,12.58,12.6
202998.2,202915.6,1698052500,12.6,12.59
203016,202883.6,1698052560,12.6,12.61
202864,202854,1698052620,12.61,12.6
202929.6,202899.3,1698052680,12.61,12.61
202805.4,202805.4,1698052740,12.61,12.6
202447.6,202447.6,1698052800,12.59,12.59
202386.5,202484.6,1698052860,12.58,12.56
202363.2,202363.2,1698052920,12.55,12.56
202293.2,202253,1698052980,12.57,12.58
202265.9,202243.1,1698053100,12.58,12.58
202243.4,202274.7,1698053160,12.58,12.57
202275.4,202275.4,1698053220,12.56,12.56
202243.6,202173.8,1698053280,12.55,12.55
202165.4,202202,1698053340,12.54,12.54
202202.8,202181.9,1698053400,12.53,12.52
202247.1,202247.1,1698053460,12.51,12.5
202349.4,202503.5,1698053520,12.51,12.5
202433.5,202259.4,1698053580,12.51,12.49
202174.3,202222.3,1698053640,12.49,12.5
202175.1,202175.1,1698053700,12.5,12.51
202024.8,202184.4,1698053760,12.5,12.5
202169.2,202160,1698053820,12.5,12.51
201820.4,201831.5,1698053880,12.51,12.53
201759.4,201759.4,1698053940,12.53,12.51
201755.8,201755.8,1698054000,12.51,12.51
201785.7,201785.7,1698054060,12.5,12.49
201799,201647.2,1698054120,12.49,12.51
201524.3,203224,1698054180,12.5,12.44
203775.9,203689.7,1698054240,12.44,12.45
203821,203819.9,1698054300,12.45,12.42
203665.2,203670.5,1698054360,12.42,12.43
203447.8,203229.4,1698054420,12.42,12.41
203274.3,203105.5,1698054480,12.41,12.41
203021,202954,1698054540,12.41,12.43
202915.1,202951,1698054600,12.43,12.44
202948.6,202809.6,1698054660,12.44,12.44
202809.6,202854.6,1698054720,12.45,12.45
202723.6,202723.6,1698054780,12.45,12.45
202724.7,202724.7,1698054840,12.46,12.46
202595.8,202618,1698054900,12.46,12.47
202620.1,202620.1,1698054960,12.48,12.48
202566.6,202566.6,1698055020,12.47,12.46
202491.4,202488.7,1698055080,12.47,12.47
202490.7,202480.8,1698055200,12.47,12.46
202424.7,202412.1,1698055260,12.46,12.45
202570.2,202542,1698055320,12.46,12.45
202540.6,202539.2,1698055380,12.46,12.46
202562.9,202566.5,1698055440,12.47,12.48
202573.2,202568.2,1698055500,12.48,12.47
202569.6,202521.1,1698055560,12.47,12.48
202574.1,202046.1,1698055620,12.49,12.5
201909.9,201925.9,1698055680,12.51,12.51
201981.5,201981.5,1698055740,12.51,12.51
201923.5,201923.5,1698055800,12.51,12.5
201923.5,201923.5,1698055860,12.5,12.5
201916.4,201989.9,1698055920,12.5,12.49
201928.8,202000.2,1698055980,12.5,12.51
202004.3,202004.3,1698056040,12.51,12.51
202005.3,201989.1,1698056100,12.51,12.51
202042.9,202042.9,1698056160,12.51,12.51
202042.9,202124.8,1698056220,12.5,12.5
202077.5,202076,1698056280,12.51,12.52
202059.9,202120.8,1698056340,12.52,12.53
202120.8,202120.8,1698056400,12.52,12.53
202122.5,202122.5,1698056460,12.52,12.52
202134.9,202134.9,1698056520,12.53,12.52
202132.8,202145.5,1698056580,12.53,12.52
202207.4,202251.2,1698056640,12.53,12.52
202252.2,202252.2,1698056700,12.53,12.53
202085.9,202085.9,1698056940,12.53,12.54
202064.8,202059,1698057000,12.55,12.55
202001,202001,1698057060,12.54,12.55
201988.9,201952.8,1698057120,12.56,12.55
201948.6,201948.6,1698057180,12.56,12.56
201947.8,201944.1,1698057240,12.55,12.55
201944.1,201944.1,1698057300,12.55,12.55
201944.1,201832,1698057360,12.54,12.52
201832.4,201832.4,1698057420,12.52,12.52
201863.3,201843.2,1698057480,12.51,12.52
201779.3,201776.6,1698057540,12.52,12.53
201794.3,201794.3,1698057600,12.54,12.55
201795.5,201795.5,1698057660,12.55,12.54
201803.1,201803.1,1698057720,12.54,12.53
201838.4,201838.4,1698057780,12.54,12.53
201838.4,201838.4,1698057900,12.54,12.54
201840,201840,1698057960,12.53,12.53
201841.2,201835.4,1698058020,12.54,12.53
201722.1,201722.1,1698058080,12.53,12.54
201720.9,201767.6,1698058200,12.54,12.54
201767.6,201767.6,1698058260,12.54,12.54
201767.6,201767.6,1698058320,12.53,12.53
201791.9,201791.9,1698058380,12.52,12.52
201872.1,201872.1,1698058440,12.53,12.54
201872.1,201902.5,1698058500,12.53,12.54
201894.5,201894.5,1698058560,12.53,12.53
201896,201896,1698058620,12.53,12.53
201931.5,201931.5,1698058680,12.52,12.51
201931.5,201941.1,1698058740,12.51,12.52
201943,201938.3,1698058800,12.51,12.51
202001.5,201964,1698058860,12.52,12.54
201953.9,201949.2,1698058920,12.53,12.54
201947.3,201947.3,1698058980,12.54,12.56
201941.8,201941.8,1698059040,12.55,12.54
201899.7,201871.3,1698059100,12.54,12.54
201802.8,201797.3,1698059160,12.55,12.54
201791.8,201861.6,1698059220,12.54,12.55
201885.8,201844.3,1698059280,12.54,12.54
201841.4,201837.5,1698059340,12.54,12.53
202075,202024.9,1698059400,12.53,12.52
202038.7,202038.7,1698059460,12.52,12.5
202090.7,202090.7,1698059520,12.5,12.51
202085.8,201914.2,1698059580,12.52,12.52
201959.5,201988.4,1698059640,12.51,12.52
201988.4,202126.9,1698059700,12.51,12.52
202111.7,202132.4,1698059820,12.52,12.54
202123.3,202065.8,1698059880,12.54,12.54
202065.8,202065.8,1698059940,12.54,12.54
202018.4,202031.1,1698060000,12.55,12.54
202101.6,202156.7,1698060060,12.54,12.54
202206.8,202206.8,1698060120,12.55,12.55
202175.3,202175.3,1698060180,12.55,12.55
202175.3,202175.3,1698060240,12.55,12.54
202094.5,202092.9,1698060300,12.54,12.55
202092.3,202203.9,1698060360,12.55,12.55
202240.7,202240.7,1698060480,12.55,12.55
202260.6,202260.6,1698060540,12.55,12.55
202260.6,202254.4,1698060600,12.55,12.54
202088,202088,1698060720,12.54,12.56
202036.7,202007.1,1698060780,12.55,12.55
201460.1,201460.1,1698060840,12.56,12.59
201261,201155.2,1698060900,12.58,12.57
201111.9,201036.3,1698061020,12.57,12.57
201045.3,201039,1698061080,12.57,12.57
201039.4,201039.4,1698061140,12.58,12.58
201036.4,201036.4,1698061200,12.58,12.58
201005.3,201005.3,1698061260,12.58,12.58
200973.9,200973.9,1698061320,12.59,12.59
200967.3,200967.3,1698061440,12.59,12.6
200989,200989,1698061500,12.59,12.58
200989,200911.4,1698061560,12.58,12.58
200896.1,200886.7,1698061620,12.57,12.57
200910.3,200910.3,1698061680,12.58,12.58
200910,200910,1698061740,12.58,12.58
201008,201008,1698061800,12.58,12.59
201054.4,201148.3,1698061860,12.59,12.59
201158.5,201155,1698061920,12.59,12.59
201157,201157,1698061980,12.59,12.59
201422.8,201569.1,1698062040,12.59,12.58
201514.4,201514.4,1698062100,12.57,12.57
201392.5,201392.5,1698062160,12.56,12.57
201332.4,201327.7,1698062220,12.57,12.58
201327.7,201327.7,1698062280,12.57,12.59
201232.6,201232.5,1698062340,12.58,12.59
201231.5,201217.2,1698062400,12.58,12.58
201207.7,201171.5,1698062460,12.59,12.58
201153.5,201149.8,1698062520,12.57,12.58
200989.7,200989.1,1698062580,12.58,12.57
200988.1,200998.8,1698062700,12.57,12.58
200997.2,200997.2,1698062760,12.58,12.57
200997.5,200997.5,1698062820,12.57,12.57
201026.9,201026.9,1698062880,12.56,12.57
201026.9,201016.1,1698062940,12.56,12.58
200942.7,200942.7,1698063000,12.57,12.57
201002.2,201108,1698063060,12.58,12.57
201100.9,201092.2,1698063120,12.58,12.58
201092.2,201076.7,1698063180,12.58,12.57
201063.8,201063.8,1698063240,12.57,12.57
201063.8,201041.9,1698063300,12.57,12.58
201038.9,201045,1698063360,12.57,12.58
201119.1,201116.5,1698063420,12.59,12.6
201064.9,201064.9,1698063480,12.6,12.61
201070.3,201070.3,1698063540,12.6,12.6
201026.8,201071.1,1698063600,12.6,12.6
201036.6,201119,1698063660,12.61,12.61
201206.7,201004.1,1698063720,12.62,12.61
201032.6,201623.7,1698063840,12.63,12.61
201638.6,201638.6,1698063900,12.61,12.62
201508.7,201504.8,1698063960,12.61,12.61
201461.3,201461.3,1698064020,12.61,12.61
201420.1,201424.6,1698064080,12.61,12.61
201421.2,201424.2,1698064140,12.61,12.62
201410.5,201415.2,1698064200,12.61,12.62
201415.2,201415.2,1698064260,12.61,12.61
201415.2,201434.5,1698064320,12.61,12.6
201428.6,201428.6,1698064440,12.61,12.61
201436,201436,1698064560,12.6,12.6
202102.4,202102.4,1698064620,12.6,12.6
202111,202142.6,1698064680,12.59,12.58
201940.4,201940.4,1698064740,12.58,12.59
201959.2,201970.4,1698064800,12.59,12.59
201847.9,201882,1698064860,12.59,12.6
201882,201917.2,1698064920,12.6,12.59
201936.9,201907.9,1698065040,12.59,12.58
202225.2,202166.1,1698065100,12.59,12.61
202155.2,202142.1,1698065160,12.6,12.6
202161.6,202190.3,1698065220,12.59,12.59
201967.5,201967.5,1698065280,12.6,12.6
201939.4,201939.4,1698065340,12.61,12.61
201929.2,201953.5,1698065400,12.61,12.62
201963.4,201963.4,1698065460,12.62,12.61
201894.6,202030.2,1698065520,12.61,12.62
202030.2,201991.1,1698065580,12.62,12.62
202021.4,202420.8,1698065640,12.62,12.6
202506.7,202506.7,1698065700,12.6,12.61
202226.2,202215.2,1698065760,12.6,12.6
202215.7,202216.4,1698065880,12.59,12.6
202164.6,202164.6,1698065940,12.6,12.61
202164.5,202149.5,1698066000,12.6,12.6
202148.1,202107.7,1698066060,12.6,12.6
202117.8,202138.4,1698066120,12.59,12.59
202160.9,202142.3,1698066180,12.6,12.6
202134.9,202134.9,1698066240,12.59,12.59
202134.2,202504.5,1698066300,12.59,12.6
202395.1,202395.1,1698066360,12.6,12.6
202415.9,202415.9,1698066420,12.61,12.61
202414.8,202414.8,1698066480,12.61,12.61
202853.8,202858.2,1698066540,12.61,12.62
202700.4,202700.4,1698066600,12.62,12.62
202964.6,202964.6,1698066660,12.62,12.62
202636.8,202636.8,1698066720,12.63,12.62
202640.7,202640.7,1698066780,12.62,12.61
202640.7,202640.7,1698066840,12.62,12.62
202640.7,202644.4,1698066900,12.62,12.61
202557.5,202557.5,1698066960,12.61,12.61
202427.1,202427.1,1698067020,12.6,12.59
203072.3,203097.2,1698067080,12.59,12.56
203102.6,203075,1698067140,12.55,12.54
202964,202964,1698067200,12.54,12.53
202962.5,202946.9,1698067260,12.53,12.54
202891.7,202891.7,1698067320,12.54,12.53
202917.8,203017.1,1698067380,12.54,12.54
203217.8,203217.8,1698067440,12.53,12.52
203103.4,203112.4,1698067500,12.52,12.51
203225.6,203249.2,1698067560,12.5,12.5
203200.8,203200.8,1698067620,12.51,12.52
203501.7,203504.4,1698067680,12.52,12.52
203493.3,203498.1,1698067740,12.51,12.5
203456.5,203456.5,1698067800,12.5,12.49
203342.9,203251.6,1698067860,12.49,12.48
203330.7,203240.7,1698067920,12.47,12.46
203326.4,203321.1,1698067980,12.45,12.46
203261.9,203265,1698068040,12.47,12.47
203265,203293.1,1698068100,12.46,12.47
203250.5,203182,1698068160,12.47,12.44
203259.2,203244.8,1698068220,12.44,12.45
203201.7,203278.1,1698068280,12.44,12.46
203243.2,203229.4,1698068340,12.47,12.47
203211.2,203202.9,1698068400,12.47,12.48
203190,203190,1698068460,12.47,12.46
203229.4,203299.1,1698068520,12.46,12.46
203395,203395,1698068580,12.47,12.48
203258.9,203149.8,1698068640,12.47,12.46
203040.4,203055.7,1698068700,12.45,12.48
203006.9,202989.5,1698068760,12.47,12.47
202997,202990.5,1698068820,12.46,12.47
203003,202999.5,1698068880,12.47,12.47
202893.2,202836.2,1698068940,12.49,12.49
202898.7,202948.9,1698069000,12.49,12.49
202982.4,202992.6,1698069060,12.48,12.48
202975.5,202872.1,1698069120,12.48,12.48
203106.4,203180.5,1698069180,12.47,12.49
203343.6,203343.6,1698069240,12.48,12.47
203331.2,203254.9,1698069300,12.47,12.47
203137,203137,1698069360,12.48,12.49
203063.7,202987.9,1698069420,12.48,12.49
202965.7,202964.6,1698069480,12.48,12.48
203008.3,203008.3,1698069540,12.48,12.48
202970.2,202971.5,1698069600,12.48,12.48
202919.1,202956.6,1698069660,12.47,12.49
203142.5,203257.8,1698069720,12.49,12.49
203329,203301.7,1698069780,12.5,12.5
203304.1,203304.1,1698069840,12.5,12.51
203214.9,203156.1,1698069900,12.51,12.55
203082.4,202461.1,1698069960,12.54,12.52
202461,202379.5,1698070020,12.52,12.53
202368.8,202368.8,1698070080,12.54,12.53
202400.5,202398,1698070140,12.53,12.53
202393.9,202471.1,1698070200,12.53,12.53
202443.1,202443.1,1698070260,12.52,12.52
202436.4,202436.4,1698070320,12.52,12.51
202437.2,202415.9,1698070380,12.52,12.53
202257.9,202257.9,1698070440,12.52,12.52
202257.6,202257.6,1698070500,12.52,12.52
202247.5,202247.5,1698070560,12.52,12.51
202247.6,202218.8,1698070620,12.52,12.52
202215.5,202215.5,1698070680,12.52,12.53
202248.9,202157.9,1698070740,12.53,12.55
202159.4,202076.5,1698070800,12.55,12.54
202002.8,202002.8,1698070860,12.53,12.53
202002,201985.2,1698070920,12.53,12.54
201977,202015.7,1698070980,12.53,12.53
202015,202015,1698071040,12.53,12.54
202017.9,202032.9,1698071100,12.54,12.54
202064.2,202064.2,1698071160,12.55,12.55
202106.3,202111.7,1698071220,12.55,12.54
202100.5,202100.5,1698071280,12.54,12.54
202079,202067.9,1698071400,12.55,12.53
202063.1,202063.1,1698071460,12.53,12.54
202040.5,202040.5,1698071520,12.53,12.53
202132,202128,1698071580,12.53,12.52
202097.4,202097.4,1698071640,12.51,12.51
202245.1,202245.1,1698071700,12.52,12.5
202223.8,202223.8,1698071760,12.5,12.5
202190.3,202190.3,1698071820,12.5,12.51
202123.1,202123.1,1698071880,12.5,12.52
202098.2,202095.2,1698071940,12.51,12.52
202092.4,202111.3,1698072000,12.51,12.52
202109.3,202109.3,1698072060,12.53,12.53
202108.9,202096.1,1698072120,12.53,12.53
202022,202022.1,1698072180,12.53,12.53
202022.1,202022.1,1698072240,12.52,12.53
202016.5,202183.3,1698072300,12.52,12.51
202110.9,202110.9,1698072360,12.52,12.53
201824.9,201815,1698072420,12.52,12.53
201847.3,201872.8,1698072480,12.52,12.5
201832.1,201824.1,1698072540,12.5,12.49
201824.1,201861.4,1698072600,12.49,12.52
201847,201884.5,1698072660,12.51,12.53
201888.6,201878.5,1698072720,12.53,12.54
201849.5,201838.7,1698072780,12.53,12.54
201822.7,201822.7,1698072840,12.53,12.54
201706.2,201704.1,1698072900,12.53,12.54
201691.1,201775.2,1698073020,12.52,12.54
201775.2,201947.3,1698073080,12.54,12.55
201947.3,202388.9,1698073140,12.55,12.55
202369.4,202348.5,1698073200,12.55,12.54
202420.3,202345.2,1698073260,12.54,12.54
202450.4,202450.4,1698073320,12.55,12.56
202385.6,202397.6,1698073380,12.56,12.57
202397.2,202397.2,1698073440,12.56,12.56
202285.1,202348.1,1698073500,12.55,12.54
202532.6,202532.6,1698073560,12.53,12.52
202693.1,202627.5,1698073620,12.51,12.53
202619.3,202619.3,1698073680,12.53,12.53
202626.1,202630.4,1698073740,12.52,12.52
202722.7,202545.4,1698073800,12.52,12.52
202545.1,202443.4,1698073860,12.52,12.53
202441.9,202443.7,1698073920,12.54,12.54
202445.6,202445.6,1698074040,12.54,12.54
202419.7,202365.9,1698074100,12.53,12.53
202570.9,202874.5,1698074160,12.53,12.5
202852.9,202873.7,1698074220,12.5,12.5
202945.8,202945.8,1698074280,12.49,12.49
202927.4,202927.4,1698074340,12.5,12.5
202895.8,202896.4,1698074400,12.5,12.5
202935.8,202935.8,1698074460,12.49,12.49
202992.6,203045.6,1698074520,12.49,12.5
203095,203077.3,1698074580,12.51,12.52
203064.7,203064.7,1698074640,12.51,12.51
203034.2,203034.2,1698074700,12.52,12.52
203034.8,202970.2,1698074760,12.52,12.51
202981.5,202981.5,1698074820,12.5,12.5
202976.6,202976.6,1698074880,12.5,12.5
202992.8,202970.6,1698074940,12.51,12.51
202970,203142.2,1698075000,12.51,12.51
203138.8,203120.1,1698075060,12.51,12.52
203150.4,203160.7,1698075120,12.51,12.5
203123,203109,1698075180,12.5,12.51
203092.4,203089,1698075240,12.51,12.51
203146.6,203000.4,1698075300,12.51,12.51
202999.7,203003.4,1698075360,12.51,12.49
203019.2,203044.8,1698075420,12.49,12.49
203019.8,202988.7,1698075480,12.48,12.49
202951,202926.1,1698075540,12.49,12.49
202923.6,202925,1698075600,12.49,12.5
202911.6,202911.6,1698075660,12.49,12.5
202905.6,202906.7,1698075720,12.49,12.49
202928,202928,1698075780,12.48,12.49
202853.9,203001.5,1698075840,12.48,12.47
203001,203141.9,1698075900,12.46,12.47
203158,203158,1698075960,12.47,12.47
203135.8,203134.4,1698076020,12.47,12.47
203077.3,203077.3,1698076080,12.48,12.48
203082.8,202969.9,1698076140,12.49,12.49
202965.3,202947.8,1698076200,12.49,12.49
202955.6,202955.6,1698076260,12.49,12.49
202952,202950.9,1698076320,12.49,12.51
202974.9,203001.1,1698076380,12.52,12.53
202995.3,203000.1,1698076440,12.52,12.52
203009.1,203048.1,1698076500,12.51,12.48
202976.6,203011.5,1698076560,12.48,12.49
202964.5,202964.5,1698076620,12.49,12.49
202962.2,202935.2,1698076680,12.48,12.49
202932.9,202955.9,1698076740,12.48,12.48
202990.9,202979.5,1698076800,12.48,12.49
203067.6,203197.8,1698076860,12.5,12.53
203228.8,203170.2,1698076920,12.52,12.5
203191.6,203194,1698076980,12.51,12.49
203193.3,203193.3,1698077040,12.48,12.48
203557.8,203557.8,1698077100,12.49,12.53
203581.8,203584.1,1698077160,12.52,12.52
203520.8,203518.9,1698077220,12.52,12.53
203349.4,203328.9,1698077280,12.53,12.53
203378.9,203331.5,1698077340,12.53,12.53
203353.9,203359,1698077400,12.53,12.54
203331.1,203277.1,1698077460,12.53,12.53
203244.4,203256.8,1698077520,12.53,12.54
203095.2,203087.8,1698077580,12.53,12.52
203087.8,203087.8,1698077640,12.52,12.52
203083.8,203054.7,1698077700,12.52,12.53
203054.7,203054.7,1698077760,12.54,12.54
203193.6,203191.9,1698077820,12.54,12.54
203153.5,203153.5,1698077880,12.55,12.55
203218.3,203138,1698077940,12.56,12.56
203238.3,203192,1698078000,12.56,12.57
203124.2,203120.7,1698078060,12.56,12.56
203132.1,203132.1,1698078120,12.55,12.55
203101.7,203087,1698078180,12.54,12.55
203015.6,203015.6,1698078240,12.54,12.55
203022.9,203022.9,1698078300,12.55,12.55
202982.4,202778.4,1698078360,12.54,12.52
202683.3,202683.3,1698078420,12.52,12.54
202938.4,202806.4,1698078480,12.54,12.53
202639.1,202639.1,1698078540,12.53,12.52
202659.1,202658.4,1698078600,12.51,12.53
202623.6,202623.6,1698078660,12.53,12.52
202634.5,202652.7,1698078720,12.51,12.51
202632,202660.2,1698078780,12.51,12.53
202630.7,202630.7,1698078840,12.54,12.54
202608.1,202603,1698078900,12.54,12.54
202562.6,202503.5,1698078960,12.54,12.56
202492,202447.7,1698079020,12.57,12.58
202403.5,202246,1698079080,12.58,12.59
202183.9,202183.9,1698079140,12.59,12.62
202142,202148.5,1698079200,12.62,12.6
202139.7,202133.6,1698079260,12.6,12.61
202093.9,202093.9,1698079320,12.61,12.62
202096.9,202357.7,1698079380,12.62,12.64
202246.9,202595,1698079440,12.64,12.64
202395.9,202395.9,1698079500,12.63,12.62
202351.9,202375.3,1698079560,12.62,12.64
202288.8,202288.8,1698079620,12.63,12.64
202330.1,202330.1,1698079680,12.64,12.64
202353.9,202348.2,1698079740,12.65,12.65
202471.9,202453.3,1698079800,12.65,12.67
202677.2,202688.8,1698079860,12.68,12.69
202693.7,202634.7,1698079920,12.7,12.69
202634,202629.4,1698079980,12.69,12.69
202414.2,202414.2,1698080040,12.7,12.7
202419.8,202341.9,1698080100,12.69,12.7
202509.4,202509.4,1698080160,12.7,12.72
202545.6,202610.9,1698080220,12.72,12.73
202712.4,202712.4,1698080280,12.73,12.71
202696.1,202663.7,1698080340,12.72,12.71
202676.7,202864.4,1698080400,12.7,12.7
202893.4,202909.2,1698080460,12.69,12.67
202872.2,202808,1698080520,12.66,12.66
202821.2,202837.2,1698080580,12.66,12.66
202851.4,202839.7,1698080640,12.65,12.67
202809.8,202807.2,1698080700,12.67,12.71
202903,202877.9,1698080760,12.71,12.7
202850.3,202897.7,1698080820,12.7,12.72
202728.4,202705.6,1698080880,12.72,12.7
202733.2,202748.7,1698080940,12.7,12.71
202696.9,202888.9,1698081000,12.7,12.68
202917.6,202930.7,1698081060,12.69,12.68
202928.7,203074.8,1698081120,12.67,12.67
203161.2,203150.2,1698081180,12.66,12.67
203108.9,203108.9,1698081240,12.66,12.65
203134.4,203232.3,1698081300,12.65,12.61
203826.5,203850.8,1698081360,12.62,12.61
203988.8,203936.8,1698081420,12.62,12.62
203973.8,204067.6,1698081480,12.62,12.62
203916.5,203947.1,1698081540,12.63,12.63
203962.7,203966.1,1698081600,12.63,12.64
203952.2,203983.1,1698081660,12.63,12.62
203997.3,203997.3,1698081720,12.63,12.63
204023,204023,1698081780,12.63,12.62
204087.1,204071.2,1698081840,12.62,12.63
204038,204398.6,1698081900,12.62,12.59
204446.9,204440.5,1698081960,12.59,12.59
204454.1,204459.2,1698082020,12.6,12.6
204831.4,204831.4,1698082080,12.59,12.58
204401,204316.6,1698082140,12.58,12.59
204311.9,204311.9,1698082200,12.59,12.58
204341.5,204302.6,1698082260,12.57,12.6
204306.3,204277.3,1698082320,12.6,12.59
204351.9,204368.2,1698082380,12.59,12.61
204420.2,204484.4,1698082440,12.61,12.6
204486.2,204608.5,1698082500,12.61,12.61
204570.4,204561.7,1698082560,12.61,12.62
204520.2,204539.7,1698082620,12.62,12.62
204539.7,204519.2,1698082680,12.61,12.62
204522.9,204522.9,1698082740,12.62,12.62
204516.8,204600.2,1698082800,12.61,12.62
204627.3,204569.7,1698082860,12.63,12.63
204554.9,204489.5,1698082920,12.64,12.64
204468.3,204468.3,1698082980,12.64,12.65
204402.8,204366,1698083040,12.65,12.65
204374.9,204391.4,1698083100,12.65,12.66
204388.7,204404.3,1698083160,12.66,12.66
204345.2,204345.2,1698083220,12.66,12.66
204313.7,204302.9,1698083280,12.66,12.66
204263.5,204225.7,1698083340,12.66,12.67
204402.4,204402.4,1698083400,12.68,12.67
204292.8,204292.8,1698083460,12.67,12.67
204319.3,204105.5,1698083520,12.67,12.65
204119.9,204119.9,1698083580,12.66,12.66
204174.4,204174.4,1698083640,12.66,12.66
204198.1,204219,1698083700,12.66,12.66
204216.5,204181.9,1698083760,12.67,12.67
204181.9,204214.5,1698083880,12.66,12.66
204214.5,204214.5,1698083940,12.66,12.65
204200.2,204194.2,1698084000,12.65,12.66
204161.3,204170,1698084060,12.66,12.67
204169.3,204169.3,1698084120,12.67,12.67
204194.5,204217.3,1698084180,12.67,12.67
204245.7,204245.7,1698084240,12.67,12.67
204235.1,204245.4,1698084300,12.68,12.7
204361.5,204361.5,1698084360,12.7,12.69
204268.9,204213.9,1698084420,12.69,12.69
204213.9,204213.9,1698084480,12.68,12.68
204213.9,204209,1698084540,12.69,12.69
204207,204201.5,1698084600,12.69,12.71
204159.3,204161.5,1698084660,12.71,12.71
204164.3,204177.2,1698084720,12.71,12.71
204186,204186,1698084780,12.71,12.72
204184.4,204184.4,1698084840,12.71,12.71
204169.8,204161.9,1698084900,12.71,12.7
204085.9,204323.3,1698084960,12.7,12.69
204322.4,204318.6,1698085020,12.68,12.68
204309.3,204297,1698085080,12.68,12.68
204311.5,204311.5,1698085140,12.67,12.67
204276,204276,1698085200,12.67,12.68
204179.3,204179.3,1698085260,12.68,12.68
204181.5,204181.5,1698085320,12.68,12.68
204115.8,204115.8,1698085380,12.68,12.67
203982.6,203997.3,1698085440,12.68,12.68
203975.4,203975.4,1698085500,12.69,12.69
203975.4,203976.1,1698085560,12.68,12.68
203896.2,203867.6,1698085620,12.67,12.67
203865.2,203865.5,1698085680,12.67,12.67
203844.6,203846.1,1698085740,12.66,12.66
203846.1,203849.1,1698085800,12.66,12.68
203848.4,203889.3,1698085860,12.67,12.68
203910.8,203858.3,1698085920,12.68,12.69
203857.6,203857.6,1698085980,12.7,12.69
203854.8,203854.8,1698086040,12.69,12.68
203854.8,203877.8,1698086100,12.68,12.68
203926.4,203920.9,1698086160,12.68,12.69
203880.5,203880.5,1698086220,12.69,12.69
203840.7,203838.9,1698086280,12.69,12.69
203858.1,203858.1,1698086340,12.7,12.71
203849.7,203849.7,1698086400,12.7,12.7
203810.5,203791,1698086460,12.7,12.7
203710,203710,1698086520,12.69,12.69
203710,203710,1698086580,12.69,12.69
203951.6,203951.6,1698086640,12.7,12.64
203853.4,203758.3,1698086700,12.64,12.65
203757.4,203934.6,1698086760,12.65,12.67
203857.3,203749.9,1698086820,12.68,12.68
203816.3,203750.5,1698086880,12.68,12.67
203749,203658.6,1698086940,12.67,12.67
203607,203651.9,1698087000,12.68,12.7
203589.5,203589.5,1698087060,12.7,12.69
203572.9,203579.8,1698087120,12.69,12.7
203549.6,203548.9,1698087180,12.7,12.7
203535.3,203535.3,1698087240,12.7,12.69
203579.3,203579.3,1698087300,12.7,12.71
203818,203818,1698087360,12.7,12.69
203789.3,203783.7,1698087420,12.69,12.7
203794.6,203777.7,1698087480,12.71,12.71
203697.8,203697.8,1698087540,12.7,12.72
203694,203686.3,1698087600,12.71,12.73
203577.8,203716.1,1698087660,12.73,12.75
203703.9,203646.7,1698087720,12.76,12.76
203652.6,203819.6,1698087780,12.76,12.75
203697.1,202797.1,1698087840,12.75,12.76
202996.3,203035.8,1698087900,12.76,12.75
202795.1,202754.7,1698087960,12.75,12.74
202765.2,202723.5,1698088020,12.74,12.74
202459.6,202459.6,1698088080,12.73,12.73
202413.6,202060.9,1698088140,12.73,12.74
202028,201972.3,1698088200,12.74,12.75
201798.8,201802.2,1698088260,12.74,12.76
201977.7,201990.8,1698088320,12.76,12.77
202008.7,202008.7,1698088380,12.77,12.77
202059.2,201848.6,1698088440,12.77,12.79
201803.2,201772.1,1698088500,12.79,12.78
201761.8,201761.8,1698088560,12.78,12.78
201676.4,201676.4,1698088620,12.78,12.77
201673.4,201593.3,1698088680,12.77,12.78
201399.9,201399.9,1698088740,12.77,12.75
201447.5,201447.5,1698088800,12.75,12.77
201117.6,201117.6,1698088860,12.76,12.77
201116.9,201116.9,1698088920,12.76,12.76
201112.3,201111.7,1698088980,12.76,12.74
201165.1,201133.7,1698089040,12.73,12.72
201163.9,201141.8,1698089100,12.72,12.74
201116,201116,1698089160,12.73,12.73
201115.1,201124,1698089220,12.74,12.74
201123.5,201123.5,1698089280,12.74,12.74
201145.8,201145.8,1698089340,12.74,12.73
201152.7,201148.6,1698089400,12.74,12.71
201111.9,201111.9,1698089460,12.71,12.73
201108.4,201107.9,1698089520,12.73,12.73
201098.7,201098.7,1698089580,12.72,12.72
201053.5,201091.7,1698089640,12.71,12.72
201092.8,201092.8,1698089700,12.73,12.74
201112.8,201112.8,1698089760,12.74,12.73
201144.1,201142.9,1698089820,12.73,12.74
201228.9,201228.9,1698089880,12.75,12.75
201211.8,201235.5,1698089940,12.75,12.75
201269.9,201327.2,1698090000,12.76,12.77
201338.7,201829.3,1698090060,12.77,12.78
201827.8,201814.9,1698090120,12.78,12.76
201779.7,201784,1698090180,12.77,12.77
201723.4,201710.5,1698090240,12.77,12.77
201660.5,201658.9,1698090300,12.78,12.8
201658.9,201674.5,1698090360,12.8,12.8
201633.4,201658.1,1698090420,12.8,12.8
201692.8,201713.4,1698090480,12.8,12.79
201776.4,201780.1,1698090540,12.8,12.8
201698.8,201527.9,1698090600,12.8,12.77
201532.8,201532.8,1698090660,12.77,12.8
201520.4,201553.3,1698090720,12.8,12.81
201596,201669.2,1698090780,12.81,12.81
201717.9,201870.4,1698090840,12.81,12.79
201934.9,202097.5,1698090900,12.79,12.81
202404.3,202443.2,1698090960,12.8,12.8
202453.3,202424.6,1698091020,12.8,12.8
202302.4,202302.4,1698091080,12.81,12.79
202342,202353.9,1698091140,12.8,12.79
202360.7,202168.9,1698091200,12.79,12.77
202174.8,202234.7,1698091260,12.77,12.78
202004.3,202017.6,1698091320,12.77,12.79
202052.6,202023.9,1698091380,12.78,12.77
201954.3,201998.7,1698091440,12.77,12.77
202002.2,202091.6,1698091500,12.77,12.77
202084.3,202072.7,1698091560,12.78,12.78
202021,202021,1698091620,12.79,12.77
201934.9,201945.9,1698091680,12.76,12.75
201928.4,201932.9,1698091740,12.76,12.77
201906.9,201922.7,1698091800,12.77,12.78
201804,201813.3,1698091860,12.77,12.78
201811.2,201811.2,1698091920,12.77,12.77
201849.4,201871.4,1698091980,12.78,12.77
201860.6,201860.6,1698092040,12.76,12.78
201838.1,201878.7,1698092100,12.77,12.78
201878.1,201796.1,1698092160,12.78,12.78
201798,201798,1698092220,12.78,12.78
201833.5,201871.1,1698092280,12.79,12.78
201879.9,201988.6,1698092340,12.79,12.8
201902.7,201942.9,1698092400,12.8,12.78
201943,201963.9,1698092460,12.79,12.78
201950.8,202064.9,1698092520,12.78,12.8
202121.5,202121.5,1698092580,12.79,12.79
202039.4,202039.4,1698092640,12.79,12.78
202044.2,202122.1,1698092700,12.78,12.79
202189.4,202236.2,1698092760,12.79,12.77
202237.4,202237.4,1698092820,12.77,12.75
202441.8,202293.6,1698092880,12.76,12.75
202336.3,202336.3,1698092940,12.75,12.75
202247,202203.3,1698093000,12.75,12.75
202173.6,202173.6,1698093060,12.76,12.76
202176,202103.8,1698093120,12.77,12.76
202015.4,201970.7,1698093180,12.76,12.77
202014.9,201971.3,1698093240,12.78,12.78
201990.1,201973,1698093300,12.78,12.8
201953,201995.9,1698093360,12.8,12.8
201991.9,201959.5,1698093420,12.79,12.81
202024.6,202011.3,1698093480,12.82,12.8
202005.7,202003.8,1698093540,12.8,12.81
202003.7,201972.3,1698093600,12.81,12.81
201963.6,201963.6,1698093660,12.81,12.81
201977.6,201924.2,1698093720,12.8,12.79
202029.5,202029.5,1698093780,12.79,12.78
202032.5,201999.8,1698093840,12.78,12.78
202008,201990.5,1698093900,12.79,12.79
201929.1,201915.7,1698093960,12.78,12.77
201940,201935.7,1698094020,12.78,12.78
201941.6,201925.8,1698094080,12.79,12.78
201906.2,201906.2,1698094140,12.78,12.77
201823.4,201872,1698094200,12.77,12.76
201964.5,201956.8,1698094260,12.75,12.75
201971.7,202036.5,1698094320,12.76,12.75
202125.1,201789,1698094380,12.75,12.72
201758.9,201747.6,1698094440,12.72,12.73
201925.2,201898.1,1698094500,12.73,12.75
201884.2,201884.2,1698094560,12.75,12.75
201883.7,201845.3,1698094620,12.76,12.74
201825,201812.3,1698094680,12.74,12.73
201781.9,201776.5,1698094740,12.73,12.73
201764.7,201764.7,1698094800,12.74,12.75
201810.1,201865.1,1698094860,12.75,12.76
201865.1,201863,1698094920,12.75,12.75
201863,201874,1698094980,12.76,12.75
201874,201874,1698095040,12.76,12.76
201865.8,201969.7,1698095100,12.75,12.75
201903,201903,1698095160,12.76,12.76
201881.8,201881.8,1698095220,12.76,12.74
201843.4,201843.4,1698095280,12.75,12.74
201856.3,201814.6,1698095340,12.73,12.73
201851.9,201851.9,1698095400,12.73,12.73
201868.3,201865.5,1698095460,12.73,12.74
201865.5,201914.4,1698095520,12.74,12.73
201921.1,201925.5,1698095580,12.74,12.75
201811.5,201811.5,1698095640,12.74,12.75
201916,201916.2,1698095700,12.76,12.74
201920.9,201999.7,1698095760,12.73,12.73
202010.4,202079.2,1698095820,12.72,12.73
202027,202027,1698095880,12.74,12.74
201966.8,201961.9,1698095940,12.75,12.75
201998.7,201993.9,1698096000,12.75,12.75
202020.6,201987.5,1698096060,12.76,12.76
202011.7,202004.9,1698096120,12.75,12.76
202003.5,202003.5,1698096180,12.75,12.75
202030.8,202069.9,1698096240,12.76,12.77
202060.5,202060.5,1698096300,12.76,12.77
202266.2,202308.2,1698096360,12.77,12.77
202306.9,202306.9,1698096420,12.78,12.78
202253.5,202253.5,1698096480,12.78,12.79
202253.5,202321.4,1698096540,12.78,12.77
202289.9,202289.9,1698096600,12.77,12.78
202314.8,202314.8,1698096660,12.78,12.78
202493.1,202359.6,1698096720,12.78,12.77
202409.7,202409.2,1698096780,12.77,12.77
202347.7,202365.5,1698096840,12.78,12.8
202409.1,202376,1698096900,12.8,12.8
202361.6,202366.9,1698096960,12.81,12.79
202361.3,202370.7,1698097020,12.8,12.8
202354.1,202354.1,1698097080,12.81,12.8
202336.9,202314.1,1698097140,12.81,12.82
202315.6,202344.5,1698097200,12.82,12.8
201796.8,201863.3,1698097260,12.81,12.81
201869.1,201942.6,1698097320,12.81,12.81
201949.6,201949.9,1698097380,12.82,12.82
202023.5,202006.9,1698097440,12.82,12.82
202027.9,202037,1698097500,12.82,12.82
202139.4,202139.4,1698097560,12.82,12.82
202278.4,202276.8,1698097620,12.83,12.81
202305.2,202276.1,1698097680,12.82,12.83
202278.5,202331.6,1698097740,12.84,12.81
202571.1,202576.1,1698097800,12.82,12.82
202576.1,202576.1,1698097860,12.83,12.82
202579.1,202579.1,1698097920,12.83,12.83
202560.9,202560.9,1698097980,12.83,12.82
202586.4,202589.3,1698098040,12.83,12.82
202589.3,202589.3,1698098100,12.82,12.82
202650.4,202650.4,1698098160,12.83,12.83
202666.4,202666.4,1698098220,12.84,12.84
202666.4,202666.4,1698098280,12.83,12.83
202411.5,202336.3,1698098340,12.83,12.82
202322.4,202538.2,1698098400,12.82,12.83
202538.5,202538.5,1698098460,12.84,12.83
202473.5,202473.5,1698098520,12.83,12.83
202473.4,202474,1698098580,12.83,12.84
202473.7,202473.7,1698098640,12.83,12.83
202473.7,202473.7,1698098700,12.83,12.84
202539.6,202526.8,1698098760,12.83,12.83
202526.8,202596.2,1698098820,12.83,12.84
202695.3,202695.3,1698098880,12.84,12.84
202740.8,202959.6,1698098940,12.84,12.84
203015.6,203042.5,1698099000,12.84,12.83
202989,203051.2,1698099060,12.84,12.86
203159.9,203120.1,1698099120,12.85,12.86
203147.1,203162.4,1698099180,12.87,12.86
203171.8,203161.2,1698099240,12.85,12.86
203220.5,203220.5,1698099300,12.86,12.86
203218.5,203218.5,1698099360,12.86,12.86
203218.5,203336.9,1698099420,12.86,12.86
203336.9,203336.9,1698099480,12.86,12.87
203323.6,203359.7,1698099540,12.87,12.87
203352.7,203333.6,1698099600,12.86,12.87
203388,203388,1698099660,12.86,12.85
203370.9,203366.5,1698099720,12.85,12.85
203366.5,203358.6,1698099780,12.85,12.84
203328.5,203328.5,1698099840,12.85,12.85
203293.2,203299.8,1698099900,12.86,12.85
203251.1,203243.9,1698099960,12.86,12.87
203286.9,203259.5,1698100020,12.87,12.87
203220.9,203220.9,1698100080,12.86,12.88
203180,203301.7,1698100140,12.88,12.91
203293.3,202983.4,1698100200,12.9,12.88
202905.1,203092.4,1698100260,12.88,12.89
203101.6,203099,1698100320,12.9,12.91
203008.8,202928.7,1698100380,12.91,12.89
202949.2,202949.2,1698100440,12.89,12.89
202921.3,202921.3,1698100500,12.89,12.9
202956.8,202943.8,1698100560,12.91,12.92
202870.4,202849.7,1698100620,12.91,12.91
202870.5,202909.9,1698100680,12.91,12.92
202970.8,203063.6,1698100740,12.93,12.95
203286.3,203366.8,1698100800,12.95,12.96
203536.9,203978.4,1698100860,12.96,13.05
204415.5,203921.5,1698100920,13.05,13.1
203910.3,204216.8,1698100980,13.1,13.13
203719.1,202856.9,1698101040,13.14,13.09
203684.2,204084.4,1698101100,13.1,13.03
205067.2,204899.3,1698101160,13.03,13
205543.7,205698.1,1698101220,13.01,12.99
205672.4,205944.4,1698101280,12.99,13.05
206114.2,206253.3,1698101340,13.05,13.12
206490.5,206490.5,1698101400,13.13,13.09
206631.6,206430.6,1698101460,13.08,13.11
206785.6,206814.2,1698101520,13.11,13.11
206923.2,207125.4,1698101580,13.11,13.11
207030.4,206966.5,1698101640,13.11,13.1
207348.8,207267.8,1698101700,13.09,13.15
207418.3,207538.8,1698101760,13.15,13.16
207705.1,208293.7,1698101820,13.17,13.15
208238.6,208886.5,1698101880,13.16,13.18
208934.8,209167.5,1698101940,13.18,13.22
209354.3,209349,1698102000,13.22,13.26
209789.9,209336.8,1698102060,13.27,13.2
209529.7,209518.6,1698102120,13.2,13.15
209476.6,209514.6,1698102180,13.15,13.13
209651.6,209890,1698102240,13.12,13.15
209839.1,209839.1,1698102300,13.15,13.14
209688.8,209719.3,1698102360,13.15,13.14
209619,209661.5,1698102420,13.14,13.13
209759.1,209956.7,1698102480,13.13,13.11
209972.6,209873.9,1698102540,13.12,13.1
209878.1,209560.7,1698102600,13.1,13.03
209068.6,209195.3,1698102660,13.03,12.99
210290.9,210726.8,1698102720,12.99,13.03
210807.2,211065.6,1698102780,13.02,13.05
211417.8,211140.5,1698102840,13.05,13.05
211109,211084.4,1698102900,13.05,13.06
211205.8,210900.8,1698102960,13.07,13.1
211021.4,210967.8,1698103020,13.1,13.11
210981.2,211020.7,1698103080,13.1,13.12
211092.4,210819.7,1698103140,13.12,13.15
210855.7,210735.7,1698103200,13.15,13.14
210691,210833.5,1698103260,13.14,13.12
210899.4,210713.9,1698103320,13.12,13.13
210662.7,210717.1,1698103380,13.14,13.18
210691.9,210699.5,1698103440,13.18,13.14
210678.3,210678.3,1698103500,13.13,13.14
210722.2,210697.5,1698103560,13.13,13.12
210697.5,210660.7,1698103620,13.12,13.12
210577.3,210552.6,1698103680,13.12,13.11
210549.3,210604.8,1698103740,13.11,13.14
210744.5,210709.9,1698103800,13.15,13.15
210853.6,210902.6,1698103860,13.14,13.16
210895.2,210991.5,1698103920,13.16,13.15
211036.4,211204.1,1698103980,13.15,13.16
211239.4,211156,1698104040,13.16,13.12
211398.5,211169.5,1698104100,13.12,13.1
211207.9,211403.2,1698104160,13.1,13.11
211567.4,211567.4,1698104220,13.12,13.08
211767.7,212044.4,1698104280,13.08,13.06
212323.1,212323.1,1698104340,13.07,13.06
212279.8,212336,1698104400,13.06,13.08
212338.2,212224.3,1698104460,13.08,13.09
212237.9,212268.4,1698104520,13.1,13.11
212326.2,212326.4,1698104580,13.11,13.11
212393.4,212375.5,1698104640,13.11,13.09
212394.9,212398,1698104700,13.09,13.1
212312.4,212343.6,1698104760,13.1,13.08
212394.8,212560.7,1698104820,13.09,13.1
212624.9,212589.4,1698104880,13.1,13.1
212589.4,212573.3,1698104940,13.1,13.1
212590.6,212573.5,1698105000,13.11,13.1
212988.9,212902.3,1698105060,13.09,13.1
212908.7,212908.7,1698105120,13.11,13.12
212995.1,212984.7,1698105180,13.13,13.12
213057.2,212986.3,1698105240,13.13,13.11
213125.4,213213.8,1698105300,13.12,13.11
213234.6,213234.6,1698105360,13.11,13.13
213447.7,213456.4,1698105420,13.13,13.13
213455.7,213496.4,1698105480,13.13,13.15
213487.6,213503.6,1698105540,13.15,13.15
213807,213972.8,1698105600,13.15,13.16
214223.4,214009.6,1698105660,13.16,13.14
213927.9,214284.2,1698105720,13.14,13.12
214510.9,214572.3,1698105780,13.11,13.16
214723.3,214711.5,1698105840,13.16,13.14
214797.2,214872.8,1698105900,13.14,13.1
214829.3,214980.6,1698105960,13.1,13.07
214874.4,214902.1,1698106020,13.07,13.1
214941.3,214941.1,1698106080,13.09,13.08
214743.3,214743.3,1698106140,13.09,13.08
214885,214864.8,1698106200,13.07,13.08
214525.6,214525.6,1698106260,13.07,13.1
214006.6,214054.8,1698106320,13.1,13.12
214045.3,213960.2,1698106380,13.13,13.12
214087.7,214139.2,1698106440,13.13,13.12
214174.5,214177.6,1698106500,13.11,13.12
214262.7,214251.4,1698106560,13.11,13.09
214184.5,214335.5,1698106620,13.09,13.1
214572.4,214600.3,1698106680,13.09,13.06
214819.8,214851.7,1698106740,13.06,13.09
214919.6,214890.3,1698106800,13.1,13.12
214876,214876,1698106860,13.13,13.15
215082.5,215085.5,1698106920,13.15,13.16
215218.5,215201,1698106980,13.17,13.17
215076.8,215278.2,1698107040,13.17,13.17
215469.3,215469.3,1698107100,13.17,13.14
215524.4,215761,1698107160,13.15,13.15
215838.9,215941.1,1698107220,13.16,13.16
216004.4,215928.3,1698107280,13.17,13.17
216054.9,216042.6,1698107340,13.17,13.18
216148.1,216343.4,1698107400,13.19,13.17
216105.9,215918.6,1698107460,13.17,13.2
216074.8,216086.6,1698107520,13.21,13.21
216258.1,216218.9,1698107580,13.22,13.23
216196,216218.6,1698107640,13.23,13.24
216181.6,216189.3,1698107700,13.24,13.22
216217.3,216217.3,1698107760,13.23,13.24
216075.5,216197.1,1698107820,13.24,13.21
216314.8,216255.5,1698107880,13.21,13.22
216397.8,216411.7,1698107940,13.23,13.21
216426.2,216466.2,1698108000,13.21,13.23
216488.3,216509.9,1698108060,13.24,13.24
216545,216704.3,1698108120,13.24,13.23
216623.6,216595.9,1698108180,13.23,13.23
216721,216918.3,1698108240,13.24,13.25
217093.7,217384.2,1698108300,13.26,13.25
217349,217339.6,1698108360,13.25,13.26
217374.9,217531.4,1698108420,13.27,13.27
217561,217570.7,1698108480,13.27,13.28
217670,217749.1,1698108540,13.29,13.29
217675.1,217785.4,1698108600,13.3,13.29
217829,217829,1698108660,13.29,13.31
217910,217940.8,1698108720,13.32,13.32
217987.1,217957.6,1698108780,13.32,13.32
217932.2,217840.2,1698108840,13.33,13.32
217881.4,217922.2,1698108900,13.33,13.34
218016.8,218126.1,1698108960,13.34,13.34
218112.2,218211.7,1698109020,13.34,13.3
218180.5,218226.3,1698109080,13.29,13.31
218227.6,218139.1,1698109140,13.31,13.3
218210.9,218243.1,1698109200,13.3,13.28
218168,218146.3,1698109260,13.28,13.25
218270.1,218283.1,1698109320,13.25,13.26
218262.5,218294.9,1698109380,13.26,13.29
218261.9,218267.2,1698109440,13.29,13.31
218353.3,218344.6,1698109500,13.31,13.31
218389.7,218415.4,1698109560,13.3,13.29
218353.4,218370.8,1698109620,13.3,13.32
218305.8,218303.4,1698109680,13.31,13.32
218289.6,218393.1,1698109740,13.32,13.31
218419.5,218419.5,1698109800,13.31,13.31
218444.6,218739.2,1698109860,13.31,13.31
218737,218833.4,1698109920,13.31,13.29
219158.3,219199.3,1698109980,13.28,13.26
219253,219253,1698110040,13.26,13.26
219316,219332.8,1698110100,13.26,13.24
219439.5,219319.5,1698110160,13.24,13.25
219257.1,219271.4,1698110220,13.25,13.26
219255.4,219263.1,1698110280,13.26,13.29
219297.6,219321.5,1698110340,13.29,13.3
219186.4,219186.4,1698110400,13.3,13.28
219224,219990.7,1698110460,13.28,13.25
219950.5,219777.2,1698110520,13.25,13.27
219758.6,219836.7,1698110580,13.27,13.28
219935,220028.4,1698110640,13.28,13.24
220015.9,220143.7,1698110700,13.25,13.26
219994.6,220015.7,1698110760,13.26,13.23
219992.8,219999.3,1698110820,13.23,13.22
219978.1,219980.3,1698110880,13.21,13.18
219920,219931.1,1698110940,13.18,13.2
219878.6,219921.4,1698111000,13.2,13.2
219920.4,219967.2,1698111060,13.2,13.19
220046.1,220056.3,1698111120,13.19,13.19
220083.3,220083.3,1698111180,13.19,13.2
219966.7,219961.7,1698111240,13.19,13.17
219725.5,219706.3,1698111300,13.18,13.17
219368.3,219364,1698111360,13.17,13.13
219456.8,219456.8,1698111420,13.13,13.14
219407.3,219411.4,1698111480,13.14,13.17
219430,219382.1,1698111540,13.16,13.17
219391.2,219665.4,1698111600,13.16,13.18
219634,219582.7,1698111660,13.17,13.18
219653.7,219657.9,1698111720,13.18,13.18
219475.4,219412.9,1698111780,13.18,13.17
219369.2,219357,1698111840,13.17,13.17
219396.9,219454.1,1698111900,13.17,13.17
219693.2,219677.5,1698111960,13.17,13.18
219699.3,219738.2,1698112020,13.17,13.18
219722,219722,1698112080,13.18,13.18
219714.7,219709.3,1698112140,13.18,13.18
219810.2,219810.2,1698112200,13.18,13.17
219851,220006.7,1698112260,13.16,13.17
219938.3,219794.8,1698112320,13.17,13.17
219825.1,219825.1,1698112380,13.17,13.17
220131,220162.3,1698112440,13.16,13.16
220172.2,220177.8,1698112500,13.15,13.15
220223.2,220223.2,1698112560,13.15,13.13
220218.3,220368.2,1698112620,13.14,13.17
220502.3,220509,1698112680,13.16,13.19
220509,220473,1698112740,13.18,13.19
220631.5,220632.5,1698112800,13.19,13.18
220657.6,220657.6,1698112860,13.18,13.18
220770,220783.2,1698112920,13.18,13.17
221501,221717,1698112980,13.17,13.17
221725.3,221725.3,1698113040,13.17,13.19
221745.8,221980.9,1698113100,13.19,13.17
222152.2,222243,1698113160,13.16,13.14
222181.1,222076.5,1698113220,13.15,13.18
221940.5,221917.1,1698113280,13.18,13.18
221913.3,221854,1698113340,13.17,13.18
221849.2,221777,1698113400,13.19,13.14
221569,221536.7,1698113460,13.14,13.17
221682.1,221777.5,1698113520,13.16,13.18
221815.2,221800.8,1698113580,13.18,13.19
221802,221896,1698113640,13.19,13.18
221983,221946.5,1698113700,13.18,13.22
221863.2,221681.7,1698113760,13.22,13.22
221682.9,221682.9,1698113820,13.23,13.25
221582.2,221703,1698113880,13.24,13.23
221781,221756.1,1698113940,13.24,13.27
221749.1,221641.8,1698114000,13.27,13.28
221902.8,221910.2,1698114060,13.28,13.3
221996.7,221885.2,1698114120,13.3,13.3
222381.1,222384.4,1698114180,13.3,13.3
222361.8,222442.4,1698114240,13.3,13.33
222674.8,222914.1,1698114300,13.33,13.32
223122.3,222800.5,1698114360,13.33,13.33
223060.9,223197.2,1698114420,13.33,13.3
224158.1,224820,1698114480,13.3,13.26
225020.9,224990.6,1698114540,13.25,13.23
225088.2,225127.9,1698114600,13.24,13.23
225067.6,224795,1698114660,13.24,13.26
224713.8,224771.5,1698114720,13.27,13.25
224766.7,224766.7,1698114780,13.26,13.25
224782.6,224733.6,1698114840,13.26,13.26
224815.7,224815.7,1698114900,13.27,13.27
224862.2,225175.4,1698114960,13.27,13.2
225228.6,225293.1,1698115020,13.2,13.22
225184.6,225164,1698115080,13.22,13.23
225180,225233,1698115140,13.23,13.25
225050.3,225296.7,1698115200,13.25,13.23
225373.4,225190.7,1698115260,13.23,13.25
225078.2,224989.8,1698115320,13.25,13.27
224838.7,224746.1,1698115380,13.27,13.3
224989.6,224989.6,1698115440,13.3,13.32
224921.2,224867.4,1698115500,13.32,13.32
225403.4,225495.1,1698115560,13.32,13.35
225597.4,225601.6,1698115620,13.34,13.36
225531.9,225820.9,1698115680,13.37,13.38
225753.1,225731.9,1698115740,13.38,13.39
226089.7,226389.2,1698115800,13.39,13.37
226381.9,226416.3,1698115860,13.37,13.36
226337.4,226341,1698115920,13.37,13.35
226550.1,226613.9,1698115980,13.34,13.31
226639,226576,1698116040,13.32,13.35
226601.3,226611.9,1698116100,13.35,13.37
226740.6,226661.6,1698116160,13.37,13.36
226531.8,226674.8,1698116220,13.36,13.37
226654.6,226635.4,1698116280,13.36,13.33
226846.5,226845.6,1698116340,13.34,13.34
226784.7,226794.7,1698116400,13.34,13.34
226832.6,226861.8,1698116460,13.33,13.29
226669.7,226509.5,1698116520,13.3,13.33
226351.6,226267.2,1698116580,13.34,13.32
226163.9,226163.3,1698116640,13.33,13.32
226158.5,226193.7,1698116700,13.33,13.33
226095.9,226095.9,1698116760,13.32,13.34
226010.3,225953.1,1698116820,13.34,13.31
226030.1,226243.7,1698116880,13.31,13.34
226137.8,226118.3,1698116940,13.33,13.32
226233.9,226137.9,1698117000,13.32,13.29
226174.6,226050.7,1698117060,13.28,13.3
226086.1,225980.9,1698117120,13.31,13.34
225905.5,225755.8,1698117180,13.34,13.35
225828.3,225791,1698117240,13.34,13.35
225995.1,226118.1,1698117300,13.34,13.33
226269.8,225815.7,1698117360,13.33,13.38
225606.7,225642.6,1698117420,13.38,13.35
225666.5,225351.9,1698117480,13.35,13.35
225311.8,225379.6,1698117540,13.34,13.32
225396,225401.6,1698117600,13.33,13.32
225337.8,225117.7,1698117660,13.32,13.34
225112.6,225112.6,1698117720,13.35,13.35
224968.8,224950.5,1698117780,13.35,13.32
224898.7,224898.7,1698117840,13.33,13.31
224949.7,224886.5,1698117900,13.31,13.32
224492.8,224376.9,1698117960,13.32,13.32
224402.9,224396.3,1698118020,13.32,13.31
224429,224493.1,1698118080,13.3,13.31
224471.4,224443.7,1698118140,13.32,13.31
224443.7,224391.7,1698118200,13.32,13.31
224582.6,224577.9,1698118260,13.31,13.3
224475.9,224167.9,1698118320,13.3,13.26
223996.1,224178.2,1698118380,13.27,13.27
224156.9,224220.5,1698118440,13.26,13.25
224151.3,223990.2,1698118500,13.25,13.23
223963.9,224009.7,1698118560,13.22,13.24
223857.3,223853.2,1698118620,13.25,13.25
223869.3,223869.3,1698118680,13.24,13.24
223868.2,223859.1,1698118740,13.23,13.25
223819.8,223819.8,1698118800,13.26,13.24
223804.8,223801.6,1698118860,13.23,13.22
223807.4,223705.4,1698118920,13.23,13.23
223488.7,223488.7,1698118980,13.22,13.22
223482,223483,1698119040,13.21,13.21
223406.1,223406.1,1698119100,13.2,13.18
223355.7,223438.7,1698119160,13.18,13.22
223396.8,223377.6,1698119220,13.21,13.19
223361.9,223413.9,1698119280,13.18,13.2
223369,223407.1,1698119340,13.21,13.2
223342.8,223280.9,1698119400,13.2,13.21
223263.7,223263.5,1698119460,13.2,13.18
223259.1,223259.1,1698119520,13.18,13.18
223208.7,223179.3,1698119580,13.18,13.19
223174.3,223181.8,1698119640,13.19,13.16
223142.4,223164.8,1698119700,13.16,13.18
223014.6,223000.5,1698119760,13.18,13.15
222967.8,222729.2,1698119820,13.16,13.16
222759.3,222759.3,1698119880,13.16,13.14
222762.6,222930.8,1698119940,13.14,13.08
223056.6,223056.6,1698120000,13.08,13.14
223006.3,222979.9,1698120060,13.15,13.14
223313.8,223313.8,1698120120,13.15,13.16
223292.4,223338,1698120180,13.16,13.15
223294.6,223395.8,1698120240,13.16,13.17
223381.3,223852.4,1698120300,13.17,13.2
223847,223847.9,1698120360,13.19,13.19
224007,224007,1698120420,13.19,13.19
223970.8,224168.4,1698120480,13.18,13.21
224096.7,224076,1698120540,13.2,13.21
224048.7,224178.9,1698120600,13.21,13.22
224121.9,224121.9,1698120660,13.22,13.22
224112.5,224093.6,1698120720,13.23,13.23
224063.1,224058.8,1698120780,13.22,13.23
224050.8,224019.9,1698120840,13.23,13.23
223980.5,223939.2,1698120900,13.24,13.25
223988.1,223920.1,1698120960,13.25,13.26
223877.5,223859.2,1698121020,13.26,13.25
223868.8,223852.2,1698121080,13.25,13.26
223830.4,223830.4,1698121140,13.26,13.26
223724,223782,1698121200,13.26,13.25
223712.1,223712.1,1698121260,13.25,13.25
223708.1,223770.7,1698121380,13.24,13.23
223840.9,223840.9,1698121440,13.23,13.23
224197.7,224372.9,1698121500,13.23,13.27
224325.3,224245.9,1698121560,13.27,13.26
224377.9,224540.1,1698121620,13.27,13.28
224529.5,224552.2,1698121680,13.28,13.3
224578.3,224578.3,1698121740,13.3,13.28
224569.8,224569.8,1698121800,13.28,13.29
224672.8,224717.8,1698121860,13.29,13.25
224782.3,224820.4,1698121920,13.24,13.23
224833.9,224789.8,1698121980,13.23,13.24
224482.6,224434.1,1698122040,13.23,13.24
224342.4,224279.1,1698122100,13.24,13.25
224324.5,224279.9,1698122160,13.25,13.22
224297,224295.1,1698122220,13.23,13.21
224295.1,224295.1,1698122280,13.21,13.21
224165.5,224165.5,1698122340,13.2,13.18
224198.3,224146.5,1698122400,13.18,13.2
224274.9,224046.8,1698122460,13.2,13.21
223896.4,223739.6,1698122520,13.21,13.22
223695.4,223424.3,1698122580,13.23,13.23
223194.9,223194.9,1698122640,13.24,13.24
223005.7,222897.3,1698122700,13.24,13.23
222567.4,222520.5,1698122760,13.23,13.25
222497.9,222462.5,1698122820,13.26,13.25
222477,222477,1698122880,13.26,13.26
222486,222491.4,1698122940,13.26,13.26
222223.6,221955.5,1698123000,13.25,13.24
221780.2,221780.2,1698123060,13.24,13.24
221751.4,221885.1,1698123120,13.24,13.26
221578.8,221636.2,1698123180,13.26,13.27
222110.5,222110.5,1698123240,13.28,13.29
221840.7,221750.2,1698123300,13.29,13.31
221821.7,221821.7,1698123360,13.31,13.31
221826.6,221764.4,1698123420,13.31,13.31
221742.3,221731.3,1698123480,13.3,13.31
221767,221767,1698123540,13.31,13.31
221778.9,221686.1,1698123600,13.31,13.33
221719.3,221713.8,1698123660,13.33,13.33
221603.8,221611.2,1698123720,13.33,13.34
221539.4,221560.5,1698123780,13.35,13.35
221374.4,221246.5,1698123840,13.36,13.36
221263.6,221221.4,1698123900,13.35,13.33
221039.9,221041.1,1698123960,13.33,13.32
221057.3,220931,1698124020,13.32,13.33
221300.9,221245.3,1698124080,13.33,13.33
221165.9,221102.2,1698124140,13.33,13.33
221089,221137.4,1698124200,13.33,13.32
221033.2,221033.2,1698124260,13.31,13.32
221034.9,221032.9,1698124320,13.32,13.32
221110.4,221110.4,1698124380,13.32,13.31
221062.1,221186.7,1698124440,13.31,13.31
221153.5,220951.7,1698124500,13.32,13.31
220627.8,220614.6,1698124560,13.31,13.31
220733,220509.8,1698124620,13.31,13.31
220384.8,220374.4,1698124680,13.3,13.3
220962.9,220962.9,1698124740,13.3,13.33
221054.2,221054.2,1698124800,13.32,13.34
220920.1,220877,1698124860,13.34,13.35
220867,220867,1698124920,13.35,13.36
220910.4,220957.1,1698124980,13.36,13.37
221139.2,221139.2,1698125040,13.37,13.37
221083.4,221082.6,1698125100,13.36,13.35
221077.5,221410.7,1698125160,13.35,13.35
221430.1,221729.5,1698125220,13.35,13.37
221720.5,221688.9,1698125280,13.38,13.39
221662.5,221663.8,1698125340,13.39,13.4
221800.6,221838.2,1698125400,13.4,13.39
221824.1,221824.1,1698125460,13.39,13.39
222351.2,222391,1698125520,13.39,13.36
222352,222352,1698125580,13.36,13.36
222319.4,222270.4,1698125640,13.36,13.34
222314.4,222437,1698125700,13.35,13.35
222318.7,222360.1,1698125760,13.36,13.34
222372.3,222262.4,1698125820,13.34,13.34
222250.7,222250.7,1698125880,13.34,13.34
221971.1,221946.5,1698126000,13.34,13.33
221997,221997,1698126060,13.33,13.33
222106.3,222035,1698126120,13.32,13.31
222029,222133.5,1698126180,13.31,13.29
222168.8,222384,1698126240,13.3,13.3
222332.9,222332.9,1698126300,13.3,13.3
222345.1,222471.4,1698126360,13.3,13.26
222625.6,222700.7,1698126420,13.26,13.21
222495.5,222467.7,1698126480,13.22,13.23
222474.5,222010.3,1698126540,13.22,13.18
221626.5,221618.5,1698126600,13.17,13.17
221529.6,221529.6,1698126660,13.18,13.19
221586.4,221625.1,1698126720,13.2,13.2
221713.2,221628.7,1698126780,13.21,13.19
221596.5,221634.3,1698126840,13.2,13.2
221625.1,222203.8,1698126900,13.2,13.2
222157.8,222271.4,1698126960,13.2,13.18
221808.1,221689.2,1698127020,13.17,13.17
221649.9,221697.1,1698127080,13.17,13.16
221712.5,221745.9,1698127140,13.16,13.17
221865,221884.5,1698127200,13.17,13.18
221916.8,221856.9,1698127260,13.18,13.2
221877.6,221607,1698127320,13.21,13.2
221568.1,221533.3,1698127380,13.2,13.23
221534,221423,1698127440,13.23,13.2
221630.3,221605.4,1698127500,13.19,13.18
221605.4,221577.6,1698127560,13.18,13.19
221604.8,221602,1698127620,13.19,13.19
221602,221579.8,1698127680,13.19,13.2
221579.8,221571.1,1698127740,13.19,13.19
221525.1,221518.5,1698127800,13.2,13.19
221546.6,221547.9,1698127860,13.19,13.19
221549.8,221549.5,1698127920,13.18,13.19
221544.7,221547.6,1698127980,13.19,13.18
221541.6,221527.6,1698128040,13.18,13.19
222095.4,221939.5,1698128100,13.2,13.21
221897.7,221885.1,1698128160,13.2,13.18
221788.5,221730.1,1698128220,13.18,13.14
221809.8,221753.5,1698128280,13.13,13.13
221762.1,221861.3,1698128340,13.14,13.16
221859.6,221865.8,1698128400,13.15,13.14
221862.7,221948.3,1698128460,13.13,13.11
222006.6,222006.6,1698128520,13.1,13.06
221869.6,221925.7,1698128580,13.05,13.06
221942.5,221894,1698128640,13.07,13.04
221913.3,222035.8,1698128700,13.04,13.06
222199.6,222378.9,1698128760,13.06,13.04
224728.2,224349,1698128820,13.04,13.09
224225.6,224073.3,1698128880,13.09,13.07
223996.6,223752.8,1698128940,13.06,13.04
223840.4,223984.4,1698129000,13.05,13.03
224127.5,223917.8,1698129060,13.03,13.05
223834.3,223599.8,1698129120,13.04,13.04
223594.2,223594.2,1698129180,13.05,13.05
223587,223517.9,1698129240,13.05,13.06
223433.7,223433.7,1698129300,13.06,13.07
223463.3,223267.6,1698129360,13.07,13.07
223194.8,223280.2,1698129420,13.06,13.05
223170,223125.1,1698129480,13.05,13.08
223263.8,223260,1698129540,13.08,13.08
223268.4,223268.4,1698129600,13.08,13.11
223174.6,223109.1,1698129660,13.11,13.08
223070.1,223070.1,1698129720,13.08,13.08
223082.5,223032.5,1698129780,13.09,13.11
223055.1,223055.1,1698129840,13.11,13.12
223621.4,223610.9,1698129900,13.12,13.12
223561.8,223541.7,1698129960,13.12,13.11
223558.5,223550,1698130020,13.12,13.12
223537.5,223537.5,1698130080,13.13,13.13
223558.7,223554.3,1698130140,13.13,13.13
223559.8,223559.2,1698130200,13.12,13.13
223542.7,223531.2,1698130260,13.13,13.13
223550,223526.1,1698130320,13.12,13.13
223506.7,223506.7,1698130380,13.13,13.12
223423.7,223453,1698130500,13.09,13.09
223416.4,223397.4,1698130560,13.09,13.09
223421.3,223443.7,1698130620,13.1,13.1
223500.2,223469.8,1698130680,13.11,13.11
223430.7,223413.4,1698130740,13.12,13.13
223329.8,223327.4,1698130800,13.13,13.15
223289.7,223354,1698130860,13.14,13.12
223367.6,223490.1,1698130920,13.11,13.1
223489.5,223626.2,1698130980,13.09,13.08
223609.1,223646.3,1698131040,13.08,13.07
223688.1,223601.6,1698131100,13.07,13.05
223493.6,223496.5,1698131160,13.05,13.09
223459.4,223427.2,1698131220,13.09,13.08
223476.2,223451.6,1698131280,13.07,13.07
223487.3,223487.3,1698131340,13.07,13.07
223454.6,223410.3,1698131400,13.08,13.08
223386.9,223386.9,1698131460,13.08,13.08
223380.3,223380.3,1698131520,13.08,13.07
223356,223484.3,1698131580,13.08,13.1
223462.6,223458.6,1698131640,13.1,13.09
223433.5,223489.5,1698131700,13.1,13.1
223495.4,223526.8,1698131760,13.09,13.08
223416.5,223442.6,1698131820,13.08,13.1
223453.4,223455.2,1698131880,13.1,13.12
223440.2,223463.8,1698131940,13.12,13.14
223462.1,223597.6,1698132000,13.15,13.15
223597.6,223590.1,1698132060,13.15,13.14
223569.1,223776.9,1698132120,13.15,13.14
223659.3,223631,1698132180,13.13,13.11
223642.1,223634.7,1698132240,13.11,13.1
223648.6,223728.8,1698132300,13.11,13.09
223732.7,223732.7,1698132360,13.08,13.08
223663.5,223627.2,1698132420,13.07,13.07
223612.7,223597.5,1698132480,13.07,13.08
223607.3,223607.3,1698132540,13.07,13.06
223704.2,223633.5,1698132600,13.05,13.03
223716.9,223716.9,1698132660,13.04,13.06
223568,223586.6,1698132720,13.06,13.05
223381.4,223379.1,1698132780,13.05,13.05
223365.2,223321.5,1698132840,13.05,13.06
223403.7,223500.3,1698132900,13.06,13.06
223584.6,223764.4,1698132960,13.06,13.07
223776.5,223675.1,1698133020,13.07,13.07
223645.1,223643.1,1698133080,13.08,13.08
223763.3,223785.4,1698133140,13.08,13.08
223815.9,223795.9,1698133200,13.09,13.07
223816.2,223859.1,1698133260,13.08,13.09
223890.6,223899.3,1698133320,13.09,13.09
223927.4,223919.1,1698133380,13.09,13.09
223938.9,223938.9,1698133440,13.09,13.09
223940.3,223979.3,1698133500,13.1,13.12
223976.4,223945.7,1698133560,13.12,13.11
223927.6,223914,1698133620,13.11,13.11
223914,223896.5,1698133680,13.11,13.11
224041.6,224041.6,1698133740,13.11,13.12
224022.6,223847.7,1698133800,13.13,13.13
223922.3,223956.7,1698133860,13.13,13.12
223956.7,224012.8,1698133920,13.13,13.14
224367.4,224352.3,1698133980,13.14,13.13
224331.3,224318.9,1698134040,13.13,13.14
224381,224378.7,1698134100,13.14,13.14
224441.4,224465.8,1698134160,13.13,13.13
224473.4,224477.9,1698134220,13.13,13.13
224503.3,224503.3,1698134280,13.13,13.14
224559.9,224579.7,1698134340,13.13,13.15
224613.3,224598.7,1698134400,13.16,13.13
223790.2,223868.7,1698134460,13.14,13.12
223800.2,223909,1698134520,13.11,13.14
223973.8,224079.8,1698134580,13.14,13.16
224079.8,224013.7,1698134640,13.16,13.16
224140.3,224243.8,1698134700,13.16,13.18
224225.5,224225.7,1698134760,13.18,13.18
224401.5,224404.6,1698134820,13.18,13.2
224732.4,224607.6,1698134880,13.19,13.2
224605.3,224510.5,1698134940,13.19,13.2
224557,224759.5,1698135000,13.2,13.2
224735.8,224831.9,1698135060,13.2,13.21
225015.4,225048.7,1698135120,13.22,13.22
225239.9,225239.9,1698135180,13.22,13.23
225196.1,225196.1,1698135240,13.23,13.23
225149.7,225080.7,1698135300,13.24,13.24
225052.5,224932.7,1698135360,13.23,13.23
224936.3,224807.3,1698135420,13.22,13.2
224816.5,224858.7,1698135480,13.21,13.21
224836.4,224836.4,1698135540,13.21,13.21
224820.4,224825.1,1698135600,13.21,13.21
224893.3,224572.3,1698135660,13.21,13.23
224565.3,224549.6,1698135720,13.23,13.23
224535.8,224535.8,1698135780,13.23,13.23
224533,224528.1,1698135840,13.24,13.25
224581,224653.7,1698135900,13.24,13.24
224660,224660,1698135960,13.24,13.23
224956.8,224957,1698136020,13.24,13.26
224955.1,224940.2,1698136080,13.25,13.24
224926.1,224926.1,1698136140,13.24,13.24
224898.5,224898.5,1698136200,13.23,13.25
224865,225018,1698136260,13.25,13.22
225165.5,225208.5,1698136320,13.22,13.26
225211.8,225213.8,1698136380,13.26,13.25
225200.6,225187.6,1698136440,13.25,13.25
225082.1,225125.4,1698136500,13.25,13.26
225105.7,225101.5,1698136560,13.25,13.25
225093.1,225162.8,1698136620,13.25,13.25
225137.9,225137.9,1698136680,13.25,13.26
225367.5,225637.8,1698136740,13.27,13.26
225616.4,225604.5,1698136800,13.26,13.26
225664.6,225700.7,1698136860,13.26,13.26
225882.6,225994.6,1698136920,13.25,13.26
225994.6,225996.7,1698136980,13.25,13.25
226027,226045.5,1698137100,13.25,13.23
226053,226026.8,1698137160,13.24,13.24
226128.3,226122.3,1698137220,13.24,13.24
226373,226290.4,1698137280,13.23,13.24
226266.7,226250.3,1698137340,13.24,13.24
226247.2,226548.3,1698137400,13.24,13.22
226548.1,226563.8,1698137460,13.22,13.23
226740.1,226736.9,1698137520,13.23,13.25
226673.5,226690.6,1698137580,13.24,13.23
226691.7,226691.7,1698137640,13.23,13.23
226634.4,226630.3,1698137700,13.24,13.24
226630.3,226651.7,1698137760,13.24,13.24
226788.9,226904.4,1698137820,13.24,13.24
226904.4,226946.7,1698137880,13.23,13.24
227181.6,227244.9,1698137940,13.24,13.24
227253.9,227498.1,1698138000,13.24,13.23
227465,227571.4,1698138060,13.24,13.22
227539,227572.6,1698138120,13.22,13.22
227580.9,227600.7,1698138180,13.21,13.2
227585.8,227585.8,1698138240,13.21,13.22
227211.7,227201,1698138300,13.22,13.23
227189.1,227219.2,1698138360,13.24,13.23
227149.8,227260.4,1698138420,13.23,13.22
227293,227275.5,1698138480,13.21,13.21
227262.4,227262.4,1698138540,13.22,13.21
227291.7,227294.1,1698138600,13.21,13.22
227249.8,227237.4,1698138660,13.21,13.22
227246.1,227239.1,1698138720,13.22,13.24
227229.1,227171.1,1698138780,13.23,13.24
227171.1,227171.1,1698138840,13.25,13.25
227170.7,227169.2,1698138900,13.24,13.24
227146.5,227282.7,1698138960,13.24,13.23
227297.2,227297.2,1698139020,13.23,13.23
227277.3,227325.5,1698139080,13.22,13.23
227264.7,227345.4,1698139200,13.24,13.25
227346.4,227461.8,1698139260,13.26,13.27
227480.5,227434.8,1698139320,13.27,13.27
227434.8,227434.8,1698139380,13.28,13.28
227468.3,227468.3,1698139440,13.27,13.27
227604.7,227606.6,1698139500,13.27,13.29
227642.2,227744.5,1698139560,13.29,13.29
231402.1,231361.2,1698139620,13.29,13.35
231345.8,231164.8,1698139680,13.36,13.36
231138,231313.1,1698139740,13.36,13.34
231289,231281.1,1698139800,13.33,13.34
231277.7,231271,1698139860,13.33,13.35
231085.9,231085.9,1698139920,13.35,13.35
230967,230950.9,1698139980,13.35,13.37
230809.3,230754.1,1698140040,13.36,13.36
230706.1,231424.5,1698140100,13.36,13.34
231420.2,231420.2,1698140160,13.34,13.35
231585.6,231483,1698140220,13.34,13.36
231535.8,231535.8,1698140280,13.35,13.36
231560.2,231577.7,1698140340,13.36,13.37
231454.3,231383,1698140400,13.36,13.36
231560.5,231768.2,1698140460,13.37,13.36
231746.8,231776.3,1698140520,13.37,13.4
231848.7,231838.3,1698140580,13.39,13.39
231839,231690.5,1698140640,13.38,13.39
231514.8,231514.8,1698140700,13.39,13.39
231528.2,231546.6,1698140760,13.39,13.39
231496.5,231516.3,1698140820,13.39,13.39
231487.1,231487.1,1698140880,13.4,13.37
231520,231565.6,1698140940,13.37,13.37
231590.7,231516.2,1698141000,13.37,13.37
231681.5,231681.5,1698141060,13.38,13.38
231712.3,231704.8,1698141120,13.38,13.37
231965.5,231954.3,1698141180,13.37,13.39
231854.4,231830.7,1698141240,13.39,13.38
231799.7,231798.1,1698141300,13.37,13.39
231754.2,231778.7,1698141360,13.38,13.37
231508.8,231442.4,1698141420,13.37,13.37
231479.6,231469.8,1698141480,13.36,13.35
231496.2,231641.9,1698141540,13.35,13.36
231633.6,231632,1698141600,13.36,13.36
231638.8,231752.1,1698141660,13.37,13.39
231910.5,231942,1698141720,13.38,13.39
231959.2,231970.1,1698141780,13.38,13.38
231992,232046.9,1698141840,13.38,13.4
232031.1,232019.6,1698141900,13.4,13.4
232015.1,232145.8,1698141960,13.4,13.41
232159.8,232159.8,1698142020,13.41,13.41
232159.8,232173.1,1698142080,13.42,13.41
232173.5,232198.3,1698142140,13.42,13.41
232185.8,232180.1,1698142200,13.41,13.38
232198.6,232203.3,1698142260,13.37,13.38
232203.3,232218.8,1698142320,13.38,13.35
232192.8,232122.5,1698142380,13.35,13.35
232122.5,232122.5,1698142440,13.36,13.36
232098.4,232088.6,1698142500,13.36,13.35
232102.3,232102.3,1698142560,13.36,13.39
231961.1,231961,1698142620,13.38,13.37
231686.1,231886.1,1698142680,13.38,13.39
231994.3,232150.6,1698142740,13.39,13.4
232198.4,232204.5,1698142800,13.39,13.4
232217.6,232105.9,1698142860,13.4,13.4
232089.3,232160.4,1698142920,13.41,13.4
232082.6,232316.8,1698142980,13.39,13.4
232337.9,232369,1698143100,13.41,13.4
232345.9,232362.1,1698143160,13.4,13.41
232362.1,232362.1,1698143220,13.4,13.4
232362.1,232439,1698143280,13.41,13.42
232519.3,232578.7,1698143340,13.42,13.42
232559.1,232618,1698143400,13.42,13.43
232704.1,232675.7,1698143460,13.42,13.42
232554.7,232711.2,1698143520,13.42,13.42
232711.2,233031.1,1698143580,13.42,13.42
233029.3,231107.2,1698143640,13.41,13.4
231182.8,230814.4,1698143700,13.39,13.39
230361.5,230371.4,1698143760,13.38,13.37
230476.8,230532.3,1698143820,13.36,13.36
230567.7,230567.7,1698143880,13.37,13.38
230624.2,230615.2,1698143940,13.37,13.39
230552.7,230505,1698144000,13.39,13.36
230393.9,230393.9,1698144060,13.36,13.37
230351.9,230382.6,1698144120,13.37,13.38
230336.9,230333.4,1698144180,13.38,13.38
230419.4,230438.9,1698144240,13.38,13.39
230446.9,230438.1,1698144300,13.39,13.38
230478.4,230482.9,1698144360,13.39,13.39
230485.9,230490.8,1698144420,13.39,13.39
230490.8,230273.8,1698144480,13.39,13.39
230283.4,230296,1698144540,13.39,13.4
230206.6,230362.7,1698144600,13.39,13.39
230919.9,230703.2,1698144660,13.38,13.36
230652.4,230652.4,1698144720,13.37,13.39
230746.6,230680.1,1698144780,13.4,13.4
230720.5,230621.6,1698144840,13.39,13.41
230640.9,230678.2,1698144900,13.4,13.4
230678.2,230617.9,1698144960,13.4,13.4
230591,230563.8,1698145020,13.4,13.41
230532.2,230553.9,1698145080,13.41,13.41
230543.5,230593.4,1698145140,13.41,13.41
230592.5,230653.5,1698145200,13.42,13.41
230636.7,230374.7,1698145260,13.41,13.41
230308,230307.8,1698145320,13.41,13.42
230307.8,230730.6,1698145380,13.42,13.41
230734,230746.9,1698145440,13.42,13.42
230591.9,230523.6,1698145500,13.43,13.41
230540.3,230607.9,1698145560,13.42,13.43
230608.1,230593.6,1698145620,13.43,13.42
230514.4,230512.8,1698145680,13.42,13.41
230503.3,230442.7,1698145740,13.42,13.42
230364,230365.4,1698145800,13.42,13.42
230443.1,230443.1,1698145860,13.43,13.43
230441.6,230498.7,1698145920,13.42,13.42
230525.5,230525.5,1698145980,13.42,13.42
230623.9,230580.9,1698146040,13.43,13.44
230580.5,230710.4,1698146100,13.44,13.46
232237.8,232188.4,1698146160,13.46,13.44
232137.5,231951.7,1698146220,13.45,13.45
231957.3,231921.3,1698146280,13.45,13.47
232005.3,231973.8,1698146340,13.47,13.47
231997.2,231897.3,1698146400,13.47,13.46
231854.6,231685.5,1698146460,13.45,13.43
231640.1,231651.1,1698146520,13.44,13.45
231696.6,231718.6,1698146580,13.45,13.43
231721.1,231929.6,1698146640,13.42,13.41
231992.8,231993.7,1698146700,13.42,13.41
231992.1,231844.3,1698146760,13.41,13.41
231835.6,232261.9,1698146820,13.41,13.4
232336.4,232339.9,1698146880,13.39,13.43
232506.4,232508,1698146940,13.43,13.42
232508,232508,1698147000,13.43,13.44
232603.7,232542.6,1698147060,13.43,13.42
232531.9,232543.4,1698147120,13.42,13.44
232524.2,232508.1,1698147180,13.44,13.46
232635.6,232643.7,1698147240,13.45,13.43
232715,232709.2,1698147300,13.43,13.43
232737.9,232639.7,1698147360,13.42,13.4
232450.2,232471.5,1698147420,13.41,13.4
232446.2,232416,1698147480,13.4,13.41
232453.2,232494.9,1698147540,13.41,13.41
232489,232517.3,1698147600,13.41,13.4
232521.3,232586.2,1698147660,13.41,13.42
232792.9,232795.4,1698147720,13.42,13.42
232954.2,232924.3,1698147780,13.43,13.44
232931.8,232931.8,1698147840,13.43,13.43
232933.6,231612.9,1698147900,13.43,13.43
231574.3,231449.2,1698147960,13.44,13.46
231451.9,231446.3,1698148020,13.45,13.45
231471.3,231396.1,1698148080,13.45,13.46
231264.1,231263.6,1698148140,13.46,13.46
231240.1,231242.6,1698148200,13.46,13.46
231247.9,231297.9,1698148260,13.46,13.49
231404.2,231621,1698148320,13.49,13.51
231759.4,231843,1698148380,13.51,13.52
231822.4,231801.3,1698148440,13.51,13.52
231798.5,232454.2,1698148500,13.52,13.55
232494,232494,1698148560,13.56,13.56
232212.5,232170.7,1698148620,13.55,13.55
232153,232093.6,1698148680,13.54,13.54
232104.6,232042.7,1698148740,13.54,13.56
232035.7,232003.7,1698148800,13.56,13.53
231811.4,232011.1,1698148860,13.53,13.56
232053.7,232294.6,1698148920,13.56,13.57
232279.1,232302.3,1698148980,13.56,13.58
232237.1,232155,1698149040,13.58,13.59
232179.3,232106.1,1698149100,13.59,13.59
232075,232112.4,1698149160,13.59,13.58
232127.3,232199.3,1698149220,13.58,13.59
232205.3,232264.5,1698149280,13.59,13.6
232331.9,232364.4,1698149340,13.61,13.61
232321.9,232109.5,1698149400,13.61,13.6
232036.4,232036.4,1698149460,13.59,13.56
231990,231979.5,1698149520,13.56,13.62
232027.9,232067.1,1698149580,13.62,13.63
232045.5,231970.4,1698149640,13.63,13.61
231885.9,232105.9,1698149700,13.61,13.6
231934.3,231654.7,1698149760,13.6,13.6
231711.5,231689.1,1698149820,13.6,13.6
231675.6,231704.5,1698149880,13.59,13.58
231662.4,231730.7,1698149940,13.57,13.59
231743.8,231652,1698150000,13.6,13.62
231685.9,231666.7,1698150060,13.62,13.61
231721,231782.6,1698150120,13.61,13.64
231814.5,231886.1,1698150180,13.63,13.64
231910.7,232033.3,1698150240,13.63,13.64
231983.9,232038.1,1698150300,13.65,13.62
231956.9,231964.9,1698150360,13.63,13.64
231952.9,231993.8,1698150420,13.64,13.63
232004,231740.9,1698150480,13.63,13.65
231735.3,231735.3,1698150540,13.64,13.64
231855.4,231825,1698150600,13.65,13.65
231824.7,231818.1,1698150660,13.65,13.65
231814.5,231874.8,1698150720,13.65,13.67
231867.4,231832.6,1698150780,13.67,13.67
231835.2,231802.1,1698150840,13.68,13.69
232143.7,232182.6,1698150900,13.69,13.69
232141.9,232155,1698150960,13.68,13.68
232169,232182.8,1698151020,13.68,13.69
232903.8,232937.7,1698151080,13.68,13.71
232927.9,232983.9,1698151140,13.71,13.69
232909.9,238007.2,1698151200,13.69,13.77
237798,237269.8,1698151260,13.78,13.78
239295.7,238400.9,1698151320,13.78,13.8
238411.4,238924.6,1698151380,13.8,13.78
238548.9,238543.8,1698151440,13.78,13.79
238413.8,237552.1,1698151500,13.79,13.76
237566.8,237600.7,1698151560,13.76,13.77
237619.6,237465.7,1698151620,13.76,13.77
237424.4,237320.4,1698151680,13.77,13.77
237459,237409.6,1698151740,13.76,13.75
237454,237114.8,1698151800,13.75,13.72
237254.2,237181.6,1698151860,13.72,13.73
237164.4,237252.2,1698151920,13.72,13.73
237368.4,237408.9,1698151980,13.73,13.71
237571.7,237508.4,1698152040,13.71,13.67
238523.6,238385.1,1698152100,13.66,13.67
238237.5,238195.7,1698152160,13.66,13.7
238138.6,238149.7,1698152220,13.7,13.66
238104.9,238136.6,1698152280,13.66,13.65
238219.9,238322.3,1698152340,13.64,13.64
238398.6,238412.6,1698152400,13.63,13.59
238243.8,238323.2,1698152460,13.58,13.56
238610.5,238669.7,1698152520,13.56,13.62
238494.5,238710,1698152580,13.63,13.6
238710.7,239771.1,1698152640,13.6,13.57
239249.9,239137.7,1698152700,13.57,13.57
239088.2,239183.7,1698152760,13.57,13.6
239065.5,239330.7,1698152820,13.59,13.59
239656.3,239562.8,1698152880,13.59,13.56
239562.8,239371.8,1698152940,13.55,13.59
239463.8,239591.5,1698153000,13.58,13.56
239992,239605.5,1698153060,13.55,13.42
239257.6,239150,1698153120,13.41,13.48
239092.6,239216.9,1698153180,13.49,13.49
239278.3,239330.7,1698153240,13.5,13.51
239352.1,239230.7,1698153300,13.5,13.47
239358.7,239380.7,1698153360,13.47,13.5
239433.7,239440.7,1698153420,13.5,13.51
239432.2,239418.4,1698153480,13.52,13.51
239521.3,239555.8,1698153540,13.5,13.49
239529.8,239474.6,1698153600,13.49,13.49
239547.6,239589.1,1698153660,13.5,13.5
239583.3,239781.6,1698153720,13.5,13.53
239751.6,239699.3,1698153780,13.52,13.51
239688.4,239853.5,1698153840,13.51,13.52
239905.6,239906.3,1698153900,13.52,13.54
239832.9,239820.4,1698153960,13.53,13.53
239813.8,239762.4,1698154020,13.53,13.52
239773.6,239773.6,1698154080,13.53,13.52
239771.8,239759.4,1698154140,13.52,13.52
239700.4,239816.2,1698154200,13.52,13.54
239851.5,239751.2,1698154260,13.54,13.54
239759.9,239725.6,1698154320,13.54,13.51
239772.9,239859.8,1698154380,13.5,13.54
239688.1,239672.9,1698154440,13.54,13.55
239638.5,239627.5,1698154500,13.54,13.51
239582.3,239850,1698154560,13.5,13.49
239849.8,239880.9,1698154620,13.48,13.49
239855.2,239855.2,1698154680,13.49,13.49
240470.7,241250.4,1698154740,13.48,13.53
241216.2,241225.3,1698154800,13.53,13.54
241311.1,241281.3,1698154860,13.54,13.54
241259.7,241223.1,1698154920,13.53,13.55
241261.6,241261.6,1698154980,13.56,13.55
241325.7,241365.6,1698155040,13.55,13.57
241343.9,241427.6,1698155100,13.57,13.52
241429.6,241412.7,1698155160,13.52,13.52
241408.5,241430.6,1698155220,13.52,13.54
241436.4,241516.4,1698155280,13.54,13.54
241457.5,241492.9,1698155340,13.53,13.52
241486.6,241645.6,1698155400,13.52,13.49
241627.5,241611.7,1698155460,13.49,13.46
241605.2,241871.4,1698155520,13.46,13.5
241729.4,241767.2,1698155580,13.49,13.52
241752.3,241809.2,1698155640,13.51,13.54
241885.5,241974,1698155700,13.53,13.53
241980.4,242003.9,1698155760,13.52,13.53
241990.3,241981.6,1698155820,13.53,13.53
241982.5,242074.4,1698155880,13.53,13.55
242056.1,242329.3,1698155940,13.54,13.57
241920.1,242038,1698156000,13.56,13.56
242177.2,242331.8,1698156060,13.56,13.54
242360.2,242349.6,1698156120,13.55,13.54
242350.9,242334.9,1698156180,13.55,13.55
242262,242404.3,1698156240,13.54,13.53
242331.6,242440.2,1698156300,13.53,13.52
242442,242445.7,1698156360,13.52,13.53
242446.4,242642,1698156420,13.54,13.5
242658.5,242714.2,1698156480,13.5,13.5
242865,242857.5,1698156540,13.51,13.51
242869.9,240460,1698156600,13.5,13.47
240780.7,240879.8,1698156660,13.47,13.48
240945.5,240858.1,1698156720,13.47,13.48
240902.1,240734.6,1698156780,13.47,13.47
240734.6,240448.6,1698156840,13.47,13.46
240300.9,240297.2,1698156900,13.46,13.47
240120.6,240277.4,1698156960,13.48,13.47
240286.2,240154.3,1698157020,13.47,13.46
239998.3,240150.8,1698157080,13.45,13.41
240046.7,239658.6,1698157140,13.4,13.4
239507.4,239403.2,1698157200,13.4,13.38
239466.4,239220.9,1698157260,13.39,13.37
239262,238705.8,1698157320,13.37,13.31
238931.2,239060.3,1698157380,13.31,13.32
238953,238722.4,1698157440,13.34,13.34
238835.8,238780.3,1698157500,13.34,13.35
238632.6,238633.3,1698157560,13.36,13.38
238861.6,238867.4,1698157620,13.39,13.38
238820.5,238852,1698157680,13.39,13.39
239073.3,239072.1,1698157740,13.39,13.4
239117.5,239370.7,1698157800,13.4,13.38
239338.3,239298.6,1698157860,13.38,13.4
239274.8,239269.6,1698157920,13.4,13.38
239207.4,239179.8,1698157980,13.37,13.43
240209.9,240598.2,1698158040,13.43,13.45
241492.2,241754.7,1698158100,13.46,13.46
241645.7,241715.5,1698158160,13.45,13.46
241708.2,241832.9,1698158220,13.46,13.49
241895.7,241873.2,1698158280,13.48,13.49
242198.9,242118.2,1698158340,13.49,13.49
242089.6,242158.7,1698158400,13.48,13.49
242085.6,242024.7,1698158460,13.48,13.46
241899.3,241891.2,1698158520,13.46,13.46
241878,241891.1,1698158580,13.46,13.48
242242.6,242680.9,1698158640,13.47,13.51
242585.2,245139.2,1698158700,13.51,13.55
245090.5,244852,1698158760,13.54,13.56
244327.2,242330.4,1698158820,13.56,13.57
242312.3,242297.7,1698158880,13.58,13.58
242292.1,244380.6,1698158940,13.58,13.59
244623.1,244833.1,1698159000,13.59,13.59
244773.3,244755.4,1698159060,13.58,13.58
245081.2,245055.5,1698159120,13.58,13.59
245050.8,245112,1698159180,13.59,13.6
245063.5,244966.1,1698159240,13.6,13.59
244882.4,244829.8,1698159300,13.59,13.59
244764.8,244760.9,1698159360,13.59,13.6
244819.2,244435.3,1698159420,13.59,13.6
244486.2,244491.6,1698159480,13.6,13.59
244494.3,244494.3,1698159540,13.59,13.6
244494.3,244530.9,1698159600,13.59,13.57
244609.2,245245.4,1698159660,13.57,13.61
245336.1,245336.1,1698159720,13.61,13.61
245354.9,245339.5,1698159780,13.6,13.59
245194.1,245118.4,1698159840,13.59,13.61
245547.8,245538.3,1698159900,13.61,13.63
245571.7,245410.9,1698159960,13.63,13.65
245773.7,245768.8,1698160020,13.64,13.64
245764.7,245764.7,1698160080,13.64,13.62
245250.3,244793.6,1698160140,13.62,13.61
244737.9,244734.4,1698160200,13.61,13.6
244603.8,244444.7,1698160260,13.6,13.58
244470,244481.4,1698160320,13.57,13.59
244667.7,244667.7,1698160380,13.59,13.6
244586.8,244245.8,1698160440,13.59,13.55
244179.1,244372.7,1698160500,13.56,13.56
244308.8,243989.7,1698160560,13.55,13.53
243984.3,244523.4,1698160620,13.53,13.52
245757.2,245811.5,1698160680,13.52,13.51
245759,245830.2,1698160740,13.5,13.48
246022.3,245880.6,1698160800,13.49,13.49
245800.8,245014.2,1698160860,13.48,13.45
245146.2,245358.8,1698160920,13.44,13.43
245367.3,245581.4,1698160980,13.42,13.38
245137.5,244961.9,1698161040,13.38,13.39
245317.4,245333.4,1698161100,13.39,13.37
245295.7,244943.2,1698161160,13.37,13.24
244572.8,242547.8,1698161220,13.23,13.27
241939.5,241140.7,1698161280,13.27,13.26
238952.5,238977.2,1698161340,13.26,13.2
239258.8,238735,1698161400,13.2,13.05
239251.2,239289.4,1698161460,13.05,13.13
239122.9,240136.7,1698161520,13.13,13.18
240076.8,240970.7,1698161580,13.18,13.25
241088.8,239988.9,1698161640,13.24,13.2
240065.7,239918.3,1698161700,13.2,13.18
239877.9,239930.5,1698161760,13.18,13.16
240015.1,240909.5,1698161820,13.15,13.08
240710.4,240670,1698161880,13.07,13.1
240844.9,240902.6,1698161940,13.1,12.94
240640.7,240372.7,1698162000,12.94,13.04
240321.7,240381.8,1698162060,13.05,13.05
240342.2,240522.3,1698162120,13.04,13.1
240330.4,240289.2,1698162180,13.1,13.07
240385.4,240329.3,1698162240,13.06,13.06
240160.6,240135.3,1698162300,13.05,13.11
239948.8,240312.3,1698162360,13.1,13.14
240352,240341.9,1698162420,13.15,13.15
241455.7,241455.7,1698162480,13.15,13.18
241473.2,241487.1,1698162540,13.18,13.19
241376,241490.7,1698162600,13.18,13.2
241495.4,241544.2,1698162660,13.21,13.18
241453.6,241356.7,1698162720,13.17,13.16
241320.9,240808.7,1698162780,13.15,13.15
240729.1,240766.5,1698162840,13.15,13.15
240718.8,240769.1,1698162900,13.16,13.15
240777.4,240823,1698162960,13.14,13.16
240777.3,240727.1,1698163020,13.16,13.14
240696.8,240781.6,1698163080,13.13,13.14
240671.7,240674.5,1698163140,13.13,13.12
240269.8,240357,1698163200,13.12,13.15
240381.6,240328.4,1698163260,13.15,13.09
240235.3,240391.8,1698163320,13.09,13.12
240296,240083.2,1698163380,13.12,13.04
239748.6,239612.9,1698163440,13.04,13.03
239493.8,239493.8,1698163500,13.03,13.02
239838.8,239849.7,1698163560,13.01,13.05
239796.6,239796.6,1698163620,13.06,13.11
240644,241314.6,1698163680,13.12,13.12
241081.1,241047.8,1698163740,13.13,13.17
241040.4,241053.4,1698163800,13.17,13.21
241078.6,241625.3,1698163860,13.2,13.24
241621.6,241538.9,1698163920,13.24,13.21
241469.3,241490.2,1698163980,13.21,13.2
241496.8,241490.9,1698164040,13.19,13.2
241410.2,241322.9,1698164100,13.2,13.19
241382.7,241364.6,1698164160,13.2,13.18
241349.3,241396.8,1698164220,13.19,13.24
241482.1,241620.4,1698164280,13.25,13.28
241702.6,241519,1698164340,13.27,13.24
241529.1,241590.3,1698164400,13.24,13.27
241674.1,241614.9,1698164460,13.26,13.26
240395.5,240395.5,1698164520,13.26,13.25
240411.9,240018,1698164580,13.25,13.25
240012.1,240011,1698164640,13.24,13.24
240000.6,239990.9,1698164700,13.23,13.25
239931.7,239908.6,1698164760,13.25,13.23
239787.1,239779.2,1698164820,13.22,13.21
239788.7,239831.5,1698164880,13.21,13.21
239813.2,239817.4,1698164940,13.21,13.22
239853.8,239877,1698165000,13.22,13.24
239921.5,239890.2,1698165060,13.24,13.23
239880,239690.7,1698165120,13.32,13.34
239677.1,244605.2,1698165180,13.34,13.4
244572.6,244645.1,1698165240,13.39,13.4
244494.2,244409.2,1698165300,13.4,13.39
244487.6,244597.8,1698165360,13.38,13.37
244407.2,244129.3,1698165420,13.37,13.37
244157.6,244300.5,1698165480,13.38,13.38
244093.1,241251.5,1698165540,13.37,13.33
241202.7,241294.6,1698165600,13.32,13.34
241209.8,241253.1,1698165660,13.34,13.34
241166.5,241147.2,1698165720,13.33,13.31
241068.4,241022.4,1698165780,13.31,13.33
240946.4,241092.7,1698165840,13.32,13.31
241194.6,241188,1698165900,13.32,13.31
241123.5,241058.4,1698165960,13.3,13.3
241009,241029.8,1698166020,13.29,13.3
240980.6,240959.4,1698166080,13.3,13.28
240686.4,240651.8,1698166140,13.28,13.29
240794.9,240808.4,1698166200,13.28,13.31
240830.8,240814.7,1698166260,13.32,13.33
240769.6,240786.9,1698166320,13.32,13.31
240655.6,240530.1,1698166380,13.31,13.33
240531.3,240529,1698166440,13.33,13.32
240466.3,240495.1,1698166500,13.31,13.32
240329.7,240303.6,1698166560,13.32,13.28
240392.1,240388.7,1698166620,13.28,13.28
240375.6,240375.9,1698166680,13.27,13.27
240330.2,240292.1,1698166740,13.27,13.27
240294.3,240672.6,1698166800,13.26,13.27
240680.5,240679,1698166860,13.28,13.26
240648,240705.9,1698166920,13.27,13.3
240738.8,240740,1698166980,13.29,13.3
240668.2,240498.4,1698167040,13.29,13.32
240493.6,240659.3,1698167100,13.32,13.36
240651.8,240576.2,1698167160,13.36,13.35
240595.9,240595.9,1698167220,13.36,13.38
240734.6,240699.3,1698167280,13.37,13.37
240694.6,240638.6,1698167340,13.37,13.37
240624.2,240611,1698167400,13.37,13.35
240445.9,240445.9,1698167460,13.34,13.34
240454.2,240484,1698167520,13.33,13.31
240527.1,240559,1698167580,13.31,13.33
240681.3,240649.9,1698167640,13.33,13.33
240618.4,240543,1698167700,13.32,13.32
240426.6,240426.9,1698167760,13.33,13.34
240541.3,240509.4,1698167820,13.34,13.34
240592.8,240648.6,1698167880,13.33,13.35
240639.7,240601,1698167940,13.36,13.36
240617.9,240605.2,1698168000,13.35,13.36
240573.7,240558.5,1698168060,13.37,13.35
240493.5,240449.4,1698168120,13.34,13.33
240435.2,240425.3,1698168180,13.33,13.33
240425.3,240425.3,1698168240,13.33,13.34
240418.8,240398.2,1698168300,13.33,13.36
240339.5,240339.5,1698168360,13.36,13.37
240288.5,240300.9,1698168420,13.36,13.35
240269.8,240259.2,1698168480,13.35,13.37
240206.6,240206.6,1698168540,13.36,13.37
240213.6,240209.6,1698168600,13.36,13.36
240241.3,240240.4,1698168660,13.37,13.34
240331.2,240286.1,1698168720,13.35,13.33
240391.2,240325.9,1698168780,13.33,13.33
240352.3,240347.6,1698168840,13.33,13.33
240549.1,240290.4,1698168900,13.34,13.33
240200.4,240267.3,1698168960,13.33,13.35
240251.9,240206.1,1698169020,13.34,13.34
240242.2,240242.8,1698169080,13.33,13.33
240220.7,240224.4,1698169140,13.33,13.34
240251.1,240249.2,1698169200,13.33,13.34
240256.8,240267.3,1698169260,13.33,13.31
240288.2,240288.2,1698169320,13.31,13.32
240292.8,240350.7,1698169380,13.31,13.32
240325.9,240328.2,1698169440,13.32,13.32
240336.8,240336.8,1698169500,13.31,13.32
240325.7,240356.9,1698169560,13.32,13.33
240348.8,240429.5,1698169620,13.32,13.3
240361.4,240380.2,1698169680,13.29,13.32
240374.8,240374.8,1698169740,13.32,13.33
240406.8,240457.7,1698169800,13.32,13.29
240585.3,240569.2,1698169860,13.29,13.31
240587.4,240589.9,1698169920,13.32,13.32
240573.8,240526.7,1698169980,13.31,13.32
240544.4,240477,1698170040,13.32,13.28
240561.6,240563.4,1698170100,13.29,13.3
240530.5,240495.5,1698170160,13.31,13.31
240808.3,240810.2,1698170220,13.3,13.29
240801.9,240802.8,1698170280,13.29,13.28
240809.8,241019.7,1698170340,13.27,13.29
240977.4,241070.2,1698170400,13.29,13.3
241208.7,241465.7,1698170460,13.29,13.31
241479.2,241487.8,1698170520,13.31,13.32
241502.3,241516,1698170580,13.32,13.32
241479.2,241488.1,1698170640,13.31,13.28
241487.8,241359.9,1698170700,13.28,13.25
241230.9,241439.1,1698170760,13.25,13.25
241404.6,241426.4,1698170820,13.24,13.25
241371.1,241368.9,1698170880,13.25,13.23
241334.1,241285.1,1698170940,13.23,13.23
241276.7,241296.4,1698171000,13.23,13.23
241801,241759.9,1698171060,13.23,13.25
241769.8,241768,1698171120,13.24,13.24
241811.6,241811.6,1698171180,13.23,13.23
241797.3,241797.3,1698171240,13.22,13.24
241822.2,241780.1,1698171300,13.24,13.26
241778.2,241893.8,1698171360,13.26,13.25
241897.7,241935.1,1698171420,13.24,13.21
241966.9,241737.4,1698171480,13.21,13.22
241774.7,241774.7,1698171540,13.21,13.21
241727.6,241736.2,1698171600,13.21,13.21
241681,241852.2,1698171660,13.21,13.15
241769.6,241674.8,1698171720,13.15,13.18
241680,241678.1,1698171780,13.19,13.17
241683.2,241643.5,1698171840,13.17,13.18
241703.5,241974.6,1698171900,13.19,13.16
242158.3,242175.5,1698171960,13.16,13.18
242294.2,242268.4,1698172020,13.19,13.2
242226.9,242237,1698172080,13.2,13.19
242191.7,242195,1698172140,13.2,13.19
242189.4,242207.3,1698172200,13.2,13.22
242184,242184,1698172260,13.22,13.22
242085.1,242126.4,1698172320,13.22,13.24
242244.8,242160.6,1698172380,13.25,13.26
242147.2,242122.6,1698172440,13.26,13.26
242200.2,242130.3,1698172500,13.27,13.28
242135.2,242135.2,1698172560,13.27,13.27
242051.3,242050.8,1698172620,13.28,13.28
242130.7,242130.7,1698172680,13.29,13.28
242133.3,242135.4,1698172740,13.29,13.3
242130.9,242146.8,1698172800,13.3,13.31
242135.3,242247.1,1698172860,13.31,13.31
244520.6,244468.8,1698172920,13.31,13.35
244426.4,244443.7,1698172980,13.35,13.36
244374.1,244387.8,1698173040,13.37,13.36
244386.2,244352.4,1698173100,13.36,13.38
244407.4,244416,1698173160,13.39,13.36
244365.9,244384.3,1698173220,13.37,13.37
244564.6,244564.6,1698173280,13.38,13.38
244568.7,244551.1,1698173340,13.39,13.4
244500.9,244614.2,1698173400,13.4,13.4
244579.5,244848.1,1698173460,13.41,13.42
246648.2,246714.6,1698173520,13.42,13.49
247539.1,247488.7,1698173580,13.49,13.47
247550.2,247542.1,1698173640,13.47,13.47
247390.8,247613.6,1698173700,13.47,13.46
247061.8,247042,1698173760,13.47,13.45
247324.1,247307.6,1698173820,13.46,13.48
247622,247674.7,1698173880,13.47,13.48
247722.2,247722.2,1698173940,13.49,13.47
247680.6,247742.2,1698174000,13.47,13.46
247776.8,248048,1698174060,13.46,13.48
248319.7,248155.3,1698174120,13.49,13.48
248153,248144.4,1698174180,13.48,13.49
248168.8,248139.6,1698174240,13.49,13.48
248205.9,248210.7,1698174300,13.47,13.47
248557.7,248427.2,1698174360,13.47,13.43
248417.8,248370.1,1698174420,13.43,13.42
248370.1,248261.1,1698174480,13.43,13.41
248182.6,248887.8,1698174540,13.41,13.41
248899.9,249749.2,1698174600,13.41,13.43
249907.1,249933.9,1698174660,13.43,13.44
249926.4,249924.1,1698174720,13.44,13.45
250040.1,249990.1,1698174780,13.45,13.46
249986.4,249983.6,1698174840,13.45,13.44
249997.8,249905,1698174900,13.44,13.43
249863.2,249902.8,1698174960,13.43,13.41
249943.2,250027.3,1698175020,13.42,13.42
250025.5,250045.5,1698175080,13.42,13.43
250045.5,250317.2,1698175140,13.42,13.42
250344.8,250199.3,1698175200,13.42,13.41
250116.1,250170,1698175260,13.41,13.44
250182.5,250233,1698175320,13.45,13.45
250220,250253.3,1698175380,13.44,13.43
250039.8,250051.1,1698175440,13.43,13.44
250024.9,250024.3,1698175500,13.43,13.43
250012,250016.8,1698175560,13.43,13.42
250009.3,249999.9,1698175620,13.42,13.42
249998.4,250028,1698175680,13.43,13.43
249997.3,249940.3,1698175740,13.43,13.45
249933.3,249969.3,1698175800,13.45,13.46
250051.5,250032.1,1698175860,13.47,13.46
250046.2,250040.8,1698175920,13.47,13.46
250028.2,249940.9,1698175980,13.47,13.45
249945.3,249953.9,1698176040,13.45,13.46
249873,249882.4,1698176100,13.45,13.43
249821.4,249821.2,1698176160,13.44,13.43
249804.4,249811.1,1698176220,13.43,13.43
249803.9,249911.9,1698176280,13.43,13.45
249960.5,250027.8,1698176340,13.45,13.47
249995.4,250054.9,1698176400,13.47,13.47
250160.3,250160,1698176460,13.47,13.46
250171.1,250290.7,1698176520,13.47,13.45
250290.7,250313.8,1698176580,13.46,13.49
250319.1,250194.7,1698176640,13.48,13.45
250181.5,250181.5,1698176700,13.46,13.47
250152.6,250143.4,1698176760,13.47,13.47
250157,250256,1698176820,13.48,13.46
249870.8,249870.8,1698176880,13.46,13.45
249865.9,249686,1698176940,13.45,13.45
249577.1,249558.8,1698177000,13.44,13.45
249450.3,249410.3,1698177060,13.45,13.45
249361.4,249352.3,1698177120,13.44,13.43
249311.6,249289.1,1698177180,13.43,13.42
249217.3,249186.4,1698177240,13.41,13.41
249190.9,249185.7,1698177300,13.41,13.42
249150.7,249167.9,1698177360,13.43,13.42
249150.4,249150.4,1698177420,13.42,13.43
249140.7,249073.1,1698177480,13.43,13.42
249043.9,248977.8,1698177540,13.42,13.42
249060.5,248986.4,1698177600,13.42,13.42
248934.6,249048.2,1698177660,13.42,13.44
249049.8,248999.1,1698177720,13.44,13.39
249002.9,249025,1698177780,13.39,13.39
248910.2,248861.6,1698177840,13.38,13.38
249398.2,249382.7,1698177900,13.39,13.4
249321.8,249313.2,1698177960,13.4,13.39
249283.5,249427,1698178020,13.39,13.4
249426.3,249406.1,1698178080,13.39,13.39
249443.5,249448.7,1698178140,13.39,13.39
249417.8,250081.6,1698178200,13.39,13.41
250075.9,250086.7,1698178260,13.42,13.43
250086.7,250068.2,1698178320,13.44,13.43
250070.5,249883.5,1698178380,13.44,13.43
249870.4,249870.4,1698178440,13.43,13.42
249850,249737.7,1698178500,13.41,13.42
249596.3,249595.2,1698178560,13.41,13.4
249581.4,249580.6,1698178620,13.4,13.4
249584.5,249584.7,1698178680,13.41,13.41
249596.6,249530.7,1698178740,13.4,13.41
249495.1,249459.6,1698178800,13.42,13.41
249456.2,249474,1698178860,13.42,13.43
249500.7,249303.3,1698178920,13.44,13.45
249305.8,249305.8,1698178980,13.45,13.45
249257,249190.3,1698179040,13.45,13.41
249276.3,249301.7,1698179100,13.41,13.41
249321.1,249322.1,1698179160,13.42,13.43
249178.6,249222.2,1698179220,13.43,13.43
249200.5,249200.5,1698179280,13.43,13.42
248968.9,248975.9,1698179340,13.42,13.41
248975.9,248940.2,1698179400,13.42,13.41
248924.4,248924.4,1698179460,13.4,13.4
249029.4,248933.2,1698179520,13.4,13.39
248907.7,248907.7,1698179580,13.39,13.39
248862.7,248858.5,1698179640,13.39,13.38
248857.2,248932.8,1698179700,13.38,13.4
248939.4,248923.8,1698179760,13.4,13.4
248803.6,248834.5,1698179820,13.4,13.39
248855.6,248820.3,1698179880,13.4,13.38
248796.9,248796.9,1698179940,13.39,13.38
248728.2,248605.5,1698180000,13.37,13.37
248567.2,248539.9,1698180060,13.36,13.38
248544.6,248552.2,1698180120,13.38,13.37
248544.6,248538.8,1698180180,13.38,13.36
248595.7,248612.1,1698180300,13.33,13.35
248591.7,248503.5,1698180360,13.34,13.35
248509.1,248490.5,1698180420,13.35,13.34
248505.4,248462.1,1698180480,13.34,13.33
248442.3,248432,1698180540,13.33,13.32
248405.2,248433.1,1698180600,13.32,13.33
248492.2,248505.7,1698180660,13.33,13.32
248500.2,248476.6,1698180720,13.33,13.32
248583.4,248583.4,1698180780,13.31,13.29
248580.6,248678.4,1698180840,13.29,13.29
248689,248700.3,1698180900,13.3,13.28
248673.5,248647.7,1698180960,13.27,13.28
248692.7,248692.7,1698181020,13.28,13.28
248743.8,248625.3,1698181080,13.29,13.29
248635.5,248635.3,1698181140,13.28,13.28
248617.3,248735.2,1698181200,13.29,13.28
248735.2,248727.3,1698181260,13.28,13.27
248728.4,248706.9,1698181320,13.28,13.29
248580.2,248526.7,1698181380,13.29,13.28
248553.4,248579.1,1698181440,13.28,13.24
248783.9,248719,1698181500,13.24,13.25
248724.8,248712.3,1698181560,13.26,13.25
248914.8,248767,1698181620,13.24,13.25
248754.9,248754.7,1698181680,13.26,13.25
248762.1,248762.1,1698181740,13.25,13.24
248801.5,248803.2,1698181800,13.24,13.22
248812.8,248815.7,1698181860,13.22,13.23
248772,248847.2,1698181920,13.23,13.23
248828.9,248828.9,1698181980,13.23,13.24
248985.8,248996.7,1698182040,13.24,13.27
248911.4,248912.9,1698182100,13.27,13.29
249077.4,249037.6,1698182160,13.28,13.28
249014.3,249041.9,1698182220,13.28,13.29
249007.6,248960.1,1698182280,13.28,13.31
248958.4,248958.9,1698182340,13.31,13.31
249021.5,249059.7,1698182400,13.3,13.3
249066.4,249073.5,1698182460,13.31,13.33
248960.4,248975.5,1698182520,13.32,13.32
249010.2,248980.2,1698182580,13.32,13.32
248962.9,248914.3,1698182640,13.32,13.33
248973.1,249017.7,1698182700,13.33,13.32
248942.8,248915.2,1698182760,13.33,13.32
248915.9,248919.5,1698182820,13.33,13.32
248933.1,248886.1,1698182880,13.32,13.31
248947.6,248939.7,1698183000,13.31,13.33
248948,248893.3,1698183060,13.32,13.31
248896.9,248916.7,1698183120,13.31,13.31
248952.7,248948,1698183180,13.32,13.32
248948,248948,1698183240,13.33,13.33
249058.5,249058.5,1698183300,13.33,13.34
249029.4,249003.4,1698183360,13.33,13.31
248955.9,248976.9,1698183420,13.3,13.29
248985.9,248985.9,1698183480,13.3,13.3
248907.4,248893.9,1698183540,13.29,13.27
248857.7,248921.8,1698183600,13.27,13.27
248925.3,248940.1,1698183660,13.26,13.27
248918.1,248888.3,1698183720,13.27,13.27
248860.3,248863,1698183780,13.27,13.29
248937.2,249015,1698183840,13.28,13.28
249007.6,249026.4,1698183900,13.28,13.29
248902,248894.2,1698183960,13.28,13.28
248915.7,248941.1,1698184020,13.27,13.27
248940.3,248966.9,1698184080,13.26,13.26
248979.9,248960,1698184140,13.26,13.25
248980.1,248980.1,1698184200,13.26,13.26
248985,249200.6,1698184260,13.26,13.28
249216.3,249235.6,1698184320,13.29,13.34
249644.9,249416.7,1698184380,13.34,13.38
249557.5,249410.6,1698184440,13.39,13.38
249365.2,249376.5,1698184500,13.38,13.37
249363.8,249427.3,1698184560,13.36,13.4
249417.7,249365.8,1698184620,13.39,13.4
249294.8,249193.5,1698184680,13.4,13.43
249239.7,249211.7,1698184740,13.43,13.42
249165,249095.4,1698184800,13.42,13.39
248992.8,249024.8,1698184860,13.38,13.39
248996.7,248930.8,1698184920,13.38,13.39
248951.7,248901.1,1698184980,13.39,13.37
248883,248895.3,1698185040,13.38,13.38
248896.1,249214.7,1698185100,13.38,13.39
249241.7,249247.9,1698185160,13.39,13.4
249251.2,249251.2,1698185220,13.4,13.42
249271.8,249540.2,1698185280,13.42,13.44
249559.6,249649.7,1698185340,13.44,13.42
249668,249627.1,1698185400,13.43,13.42
249652.9,249686.3,1698185460,13.42,13.42
249646.3,249645.1,1698185520,13.43,13.42
249617.5,249617.5,1698185580,13.41,13.41
249617.5,249617.5,1698043440,12.59,12.6
249617.5,249617.5,1698045840,12.53,12.54
249617.5,249617.5,1698050640,12.6,12.59
249617.5,249617.5,1698053040,12.59,12.59
249617.5,249617.5,1698058140,12.54,12.54
249617.5,249617.5,1698062640,12.57,12.57
249617.5,249617.5,1698063780,12.62,12.63
249617.5,249617.5,1698064980,12.59,12.59
249617.5,249617.5,1698065820,12.6,12.6
249617.5,249617.5,1698071340,12.55,12.55
249617.5,249617.5,1698072960,12.53,12.53
249617.5,249617.5,1698073980,12.54,12.54
249617.5,249617.5,1698121320,13.25,13.25
249617.5,249617.5,1698125940,13.33,13.33
249617.5,249617.5,1698130440,13.13,13.08
249617.5,249617.5,1698143040,13.4,13.4
249617.5,249617.5,1698180240,13.35,13.33
