"OI_open","OI_close","timestamp","price_open","price_close"
1045023.45,1044919.81,1698308100,7.92,7.917
1044680.07,1046735.61,1698308160,7.915,7.926
1046737.75,1045142.34,1698308220,7.927,7.92
1045185.69,1046276.24,1698308280,7.919,7.928
1046136.3,1047640.74,1698308340,7.928,7.931
1047623.53,1047553.24,1698308400,7.931,7.927
1047192.1,1047310.59,1698308460,7.928,7.924
1047310.83,1047821.98,1698308520,7.924,7.917
1047904.5,1048009.45,1698308580,7.918,7.925
1048054.11,1049131.67,1698308640,7.923,7.915
1049293.1,1049547.58,1698308700,7.916,7.906
1049567.23,1044101.23,1698308760,7.906,7.902
1044382.72,1044001.23,1698308820,7.904,7.895
1044051.17,1044219.4,1698308880,7.896,7.889
1043803.96,1044093.86,1698308940,7.891,7.876
1043947.95,1044311.37,1698309000,7.877,7.881
1045785.21,1045778.53,1698309060,7.88,7.882
1045695.24,1046961.7,1698309120,7.883,7.893
1045734.71,1045379.13,1698309180,7.894,7.892
1045318.61,1045168.41,1698309240,7.892,7.901
1045102.2,1045102.2,1698309300,7.9,7.91
1045276.88,1045074.09,1698309360,7.909,7.909
1045011.77,1045083.05,1698309420,7.91,7.903
1045128.47,1045273.64,1698309480,7.906,7.915
1045317.35,1045398.23,1698309540,7.913,7.916
1045104,1047409.41,1698309600,7.915,7.911
1047087.31,1047102.49,1698309660,7.912,7.923
1047001.58,1046804.78,1698309720,7.922,7.915
1046751.56,1046700.53,1698309780,7.913,7.92
1046657.9,1046657.9,1698309840,7.921,7.923
1046708.96,1046698.61,1698309900,7.923,7.929
1047081.2,1046992.72,1698309960,7.928,7.929
1046624.35,1046869.66,1698310020,7.93,7.93
1047360.88,1046970.43,1698310080,7.93,7.934
1047231.84,1047563.28,1698310140,7.934,7.935
1048237.21,1048055.6,1698310200,7.936,7.933
1048642.1,1048642.1,1698310260,7.933,7.917
1048415.09,1048691.23,1698310320,7.917,7.934
1048556.53,1048486.26,1698310380,7.935,7.943
1048653.91,1048800.73,1698310440,7.944,7.941
1048725.78,1049290.19,1698310500,7.942,7.941
1049160.87,1048786.89,1698310560,7.942,7.944
1048994.82,1048738.28,1698310620,7.943,7.954
1048872.96,1054880.17,1698310680,7.952,7.953
1054891.38,1054731.84,1698310740,7.953,7.949
1054878.92,1053331.94,1698310800,7.951,7.93
1053567.46,1053013.16,1698310860,7.931,7.95
1053032.31,1052689.89,1698310920,7.95,7.944
1052689.89,1052513.66,1698310980,7.946,7.943
1052390.91,1052390.91,1698311040,7.946,7.946
1052366.13,1052188.01,1698311100,7.948,7.953
1052360.7,1052360.7,1698311160,7.955,7.964
1049617.91,1049733.65,1698311220,7.965,7.949
1050097.89,1049701.43,1698311280,7.948,7.951
1049794.56,1049877.65,1698311340,7.952,7.949
1049882.09,1049918.27,1698311400,7.951,7.956
1049986.15,1049988.68,1698311460,7.956,7.95
1049802.42,1049802.42,1698311520,7.95,7.936
1049966.87,1049372.95,1698311580,7.936,7.923
1048924.52,1048755.83,1698311640,7.922,7.931
1048840.04,1047286.77,1698311700,7.931,7.909
1046901.38,1046892.41,1698311760,7.909,7.908
1046403.48,1046549.46,1698311820,7.908,7.906
1046573.17,1046735,1698311880,7.906,7.885
1046654.59,1047371.92,1698311940,7.886,7.885
1047273.73,1047288.68,1698312000,7.884,7.881
1047865.04,1048192.08,1698312060,7.882,7.88
1048352.82,1048233.35,1698312120,7.879,7.867
1047824.29,1047820.71,1698312180,7.867,7.875
1048215.95,1048101.51,1698312240,7.876,7.873
1048047.31,1047983.61,1698312300,7.872,7.863
1047872.46,1047914.46,1698312360,7.863,7.859
1047898.59,1046730.19,1698312420,7.859,7.85
1046653.74,1046018.35,1698312480,7.85,7.83
1046390.88,1046167.27,1698312540,7.829,7.825
1046484.25,1046563.17,1698312600,7.827,7.848
1046880.57,1049245,1698312660,7.849,7.858
1049496.17,1049906.25,1698312720,7.857,7.872
1049861.24,1049717.56,1698312780,7.871,7.873
1049718.25,1049828.24,1698312840,7.872,7.877
1049779.66,1049788.44,1698312900,7.876,7.875
1050178.18,1050596.73,1698312960,7.875,7.882
1050401.83,1050227.64,1698313020,7.882,7.876
1050275.01,1050317.33,1698313080,7.877,7.874
1049966.06,1049998.36,1698313140,7.873,7.88
1050102.26,1050094.27,1698313200,7.88,7.878
1050314.38,1050446,1698313260,7.878,7.877
1050628.54,1050709.61,1698313320,7.877,7.879
1050702.42,1050714.99,1698313380,7.882,7.876
1051137.61,1051137.61,1698313440,7.875,7.879
1051281.45,1051404.13,1698313500,7.88,7.889
1051252.69,1051431.18,1698313560,7.888,7.886
1051382.83,1050786.05,1698313620,7.886,7.873
1050681.51,1050568.9,1698313680,7.872,7.866
1050565.32,1050595.34,1698313740,7.866,7.864
1050571.25,1050342.76,1698313800,7.864,7.861
1050199.31,1049969.86,1698313860,7.861,7.872
1049964.7,1049937.2,1698313920,7.872,7.877
1049950.83,1049887.6,1698313980,7.877,7.866
1049580.68,1049532.88,1698314040,7.865,7.872
1049507.15,1050819.1,1698314100,7.872,7.872
1050523.82,1050324.7,1698314160,7.871,7.87
1050322.41,1050427.73,1698314220,7.87,7.869
1050429.58,1050390.61,1698314280,7.867,7.865
1051626.06,1051674.2,1698314340,7.865,7.866
1051407.93,1052205.03,1698314400,7.867,7.868
1052325.63,1052464.32,1698314460,7.867,7.862
1051301.67,1052069.46,1698314520,7.863,7.839
1051757.04,1052840.32,1698314580,7.839,7.834
1052020.57,1052713.12,1698314640,7.834,7.832
1054620.12,1053847.12,1698314700,7.831,7.814
1053719.92,1055526.23,1698314760,7.813,7.821
1055399.16,1054442.35,1698314820,7.824,7.805
1056104.52,1056104.52,1698314880,7.803,7.811
1055867.13,1056162.53,1698314940,7.813,7.832
1056591.88,1056858.5,1698315000,7.832,7.828
1056919.42,1057300.67,1698315060,7.83,7.839
1057348.92,1057371.63,1698315120,7.838,7.835
1057706.11,1057741.46,1698315180,7.837,7.833
1057697.28,1057803.2,1698315240,7.833,7.84
1058103.54,1058136.67,1698315300,7.842,7.824
1058136.83,1057769.73,1698315360,7.824,7.814
1056301.01,1057886.53,1698315420,7.814,7.828
1057840.64,1057579.86,1698315480,7.828,7.836
1057679.98,1057914.62,1698315540,7.835,7.847
1058350.97,1058624.28,1698315600,7.847,7.844
1058278.36,1058450.1,1698315660,7.844,7.862
1058386.99,1058399.62,1698315720,7.861,7.862
1058322.31,1058353.4,1698315780,7.862,7.859
1058606.23,1058461.9,1698315840,7.858,7.86
1058646.67,1058456.27,1698315900,7.858,7.855
1058482.2,1058486.2,1698315960,7.855,7.854
1058488.27,1059154.3,1698316020,7.854,7.86
1059601.39,1059475.19,1698316080,7.86,7.857
1059324.46,1059290.17,1698316140,7.856,7.849
1059851.81,1059969.64,1698316200,7.845,7.84
1060130.07,1060406.77,1698316260,7.84,7.836
1060259.02,1060261.06,1698316320,7.839,7.853
1060259.3,1060274.03,1698316380,7.852,7.856
1060251.23,1060160.26,1698316440,7.856,7.852
1060035.46,1059965,1698316500,7.855,7.853
1059892.66,1058824.54,1698316560,7.848,7.825
1058785.79,1058630.11,1698316620,7.825,7.832
1058660.03,1058644.53,1698316680,7.831,7.83
1058605.25,1057641.43,1698316740,7.83,7.825
1057514.69,1057518.73,1698316800,7.828,7.819
1057193.66,1057126.16,1698316860,7.818,7.821
1057232.96,1056594.03,1698316920,7.821,7.817
1057036.99,1057036.99,1698316980,7.817,7.817
1057049.89,1056756.73,1698317040,7.816,7.806
1056953.2,1057048.64,1698317100,7.807,7.806
1056722.84,1056761.15,1698317160,7.806,7.778
1056310.85,1057525.32,1698317220,7.777,7.79
1057453.39,1057228.28,1698317280,7.789,7.802
1057687.9,1057305.48,1698317340,7.801,7.8
1057201.29,1057560.14,1698317400,7.8,7.815
1057034.99,1056754.49,1698317460,7.814,7.802
1056812.9,1056778.46,1698317520,7.802,7.809
1057265.91,1057278.23,1698317580,7.811,7.819
1057105.46,1057100.92,1698317640,7.818,7.815
1057121.04,1058331.73,1698317700,7.815,7.814
1058335.43,1058400.21,1698317760,7.815,7.824
1058445.46,1058490.81,1698317820,7.823,7.826
1058488.87,1058618.09,1698317880,7.826,7.829
1058643.9,1058624.27,1698317940,7.829,7.833
1058465.52,1058482.96,1698318000,7.832,7.834
1058661.83,1058716.49,1698318060,7.836,7.838
1057423.94,1057413.58,1698318120,7.838,7.842
1057503.93,1057386.76,1698318180,7.841,7.849
1057835.92,1057858.38,1698318240,7.848,7.846
1058126.94,1058237.78,1698318300,7.842,7.846
1058285.65,1058592.88,1698318360,7.847,7.846
1058535.9,1059676.55,1698318420,7.846,7.849
1059773.34,1059799.3,1698318480,7.849,7.856
1059903.33,1060552.17,1698318540,7.855,7.858
1060688.83,1060725.9,1698318600,7.858,7.849
1060064.28,1060023.96,1698318660,7.85,7.855
1060135.67,1060359.79,1698318720,7.858,7.86
1060613.92,1060534.12,1698318780,7.858,7.853
1060409.1,1060407.67,1698318840,7.853,7.856
1060428.34,1060885.17,1698318900,7.857,7.85
1061102.67,1061137.31,1698318960,7.848,7.852
1061209.95,1060880.18,1698319020,7.853,7.862
1060793.74,1060985.35,1698319080,7.863,7.845
1060815.7,1059570.89,1698319140,7.846,7.845
1059448.33,1059531.01,1698319200,7.842,7.835
1059557.62,1059581.26,1698319260,7.834,7.835
1059641.47,1059604.15,1698319320,7.832,7.825
1059493.61,1059549.85,1698319380,7.826,7.827
1059624.11,1059625.91,1698319440,7.828,7.837
1059700.88,1059862.51,1698319500,7.838,7.833
1060207.17,1060047.36,1698319560,7.829,7.827
1059843.93,1059854.78,1698319620,7.829,7.829
1059950.77,1059975.49,1698319680,7.831,7.823
1061223.23,1061142.81,1698319740,7.821,7.825
1060807.85,1060362.4,1698319800,7.822,7.822
1060404.38,1060232.24,1698319860,7.819,7.821
1060268.7,1060319.27,1698319920,7.822,7.818
1060567.79,1060531.67,1698319980,7.817,7.82
1060583.85,1060972.73,1698320040,7.819,7.821
1060934.48,1060772.12,1698320100,7.823,7.814
1061208.64,1063383.26,1698320160,7.814,7.8
1061873.91,1061873.91,1698320220,7.799,7.803
1061716.29,1060809.18,1698320280,7.803,7.782
1059750.84,1059425.79,1698320340,7.78,7.745
1059145.84,1061129.73,1698320400,7.746,7.756
1061272.03,1061303.22,1698320460,7.755,7.754
1061185.75,1061019.7,1698320520,7.753,7.726
1058341.19,1060747.92,1698320580,7.723,7.749
1060597.18,1059745.26,1698320640,7.748,7.741
1059485.35,1059176.8,1698320700,7.742,7.74
1059381.78,1060269.34,1698320760,7.739,7.749
1059926.23,1059433.71,1698320820,7.75,7.74
1059075.19,1059136.1,1698320880,7.741,7.727
1059278.19,1059260.92,1698320940,7.727,7.72
1058720.48,1057972.41,1698321000,7.719,7.729
1058815.13,1058840.64,1698321060,7.729,7.738
1058666.8,1058563.96,1698321120,7.736,7.741
1058627.19,1059661.38,1698321180,7.74,7.743
1059618.39,1060178.63,1698321240,7.746,7.757
1060046.5,1060254.89,1698321300,7.757,7.753
1060296.58,1060525.99,1698321360,7.753,7.762
1060878.82,1061065.25,1698321420,7.76,7.769
1061007.72,1061092.1,1698321480,7.769,7.766
1061024.97,1061600.63,1698321540,7.766,7.763
1061508.6,1062330.56,1698321600,7.763,7.763
1062490.64,1061963.58,1698321660,7.764,7.778
1062358.27,1062230.48,1698321720,7.778,7.785
1062169.27,1062472.94,1698321780,7.783,7.787
1062028.49,1062139.05,1698321840,7.788,7.79
1062140.9,1062519.97,1698321900,7.789,7.783
1062280.07,1062632.31,1698321960,7.784,7.778
1062663.16,1062911.26,1698322020,7.778,7.782
1063169.31,1064485.21,1698322080,7.782,7.796
1064667.74,1064739.63,1698322140,7.796,7.793
1064925.14,1065413.93,1698322200,7.794,7.796
1065326.39,1065224.04,1698322260,7.793,7.803
1065633.48,1065902.48,1698322320,7.803,7.804
1065897.22,1067590.12,1698322380,7.805,7.808
1068184.57,1068333.37,1698322440,7.809,7.823
1068760.36,1069029.43,1698322500,7.823,7.813
1069002.83,1069477.85,1698322560,7.812,7.805
1069405.16,1069349.49,1698322620,7.806,7.803
1069415.97,1069016.24,1698322680,7.803,7.792
1068916.44,1068606.84,1698322740,7.792,7.803
1068779.71,1068804.38,1698322800,7.805,7.804
1068743.3,1068768.72,1698322860,7.805,7.809
1068708.76,1068701.36,1698322920,7.809,7.807
1068554.43,1068546.65,1698322980,7.805,7.806
1068461.75,1068640.57,1698323040,7.807,7.816
1069148.89,1069102.4,1698323100,7.815,7.81
1068999.39,1068998.17,1698323160,7.81,7.823
1069128.33,1069053.6,1698323220,7.823,7.818
1069084.01,1069106.36,1698323280,7.818,7.83
1070211.35,1070087.66,1698323340,7.83,7.823
1071025.26,1071008.79,1698323400,7.824,7.83
1071031.44,1073250.87,1698323460,7.826,7.815
1072607.26,1073663.54,1698323520,7.815,7.817
1073260.35,1072944.82,1698323580,7.817,7.831
1072778.05,1073369.47,1698323640,7.83,7.824
1072909.87,1073114.41,1698323700,7.825,7.816
1073075.61,1073117.59,1698323760,7.816,7.825
1073841.12,1073836.08,1698323820,7.825,7.833
1074804.01,1074746.37,1698323880,7.833,7.833
1074854.65,1074817.9,1698323940,7.834,7.831
1075007.18,1068525.27,1698324000,7.833,7.824
1068564.98,1068479.8,1698324060,7.825,7.825
1069493.55,1069467.5,1698324120,7.826,7.825
1069325.89,1069322.46,1698324180,7.825,7.829
1069347.7,1069514.38,1698324240,7.829,7.83
1069262.64,1069262.64,1698324300,7.828,7.822
1070006.6,1070241.1,1698324360,7.821,7.823
1068119.67,1067937.14,1698324420,7.825,7.828
1068137.09,1068125.51,1698324480,7.828,7.82
1068190.12,1067880.2,1698324540,7.82,7.816
1068506.23,1068182.77,1698324600,7.816,7.822
1068215.8,1068310.26,1698324660,7.822,7.83
1068290.64,1068931.29,1698324720,7.831,7.822
1068993.59,1068977.19,1698324780,7.823,7.823
1068862.16,1068967.46,1698324840,7.827,7.833
1069080.98,1069490.25,1698324900,7.833,7.839
1069406.11,1069210.1,1698324960,7.839,7.832
1069230.63,1069223.88,1698325020,7.831,7.832
1069248.75,1069228.78,1698325080,7.831,7.831
1069178.29,1069145.07,1698325140,7.832,7.828
1069055.13,1068914.12,1698325200,7.828,7.834
1068805.32,1068797.05,1698325260,7.833,7.831
1068783.31,1068493.05,1698325320,7.832,7.843
1068536.27,1068714.29,1698325380,7.844,7.84
1068681.68,1069161.23,1698325440,7.84,7.842
1069232.51,1069201.24,1698325500,7.843,7.841
1069148.74,1069272.18,1698325560,7.839,7.843
1069191.69,1069111.33,1698325620,7.842,7.832
1069073.5,1069200.61,1698325680,7.832,7.839
1069165.87,1069195.15,1698325740,7.84,7.839
1069192.38,1069081.81,1698325800,7.838,7.84
1069114.12,1069000.72,1698325860,7.837,7.842
1069167.02,1069183.45,1698325920,7.844,7.846
1069002.59,1069102.15,1698325980,7.847,7.845
1069141.03,1068680.08,1698326040,7.845,7.842
1068691.39,1068623.9,1698326100,7.841,7.845
1068625.97,1068595.41,1698326160,7.846,7.849
1069058.22,1069138.48,1698326220,7.85,7.837
1068956.38,1068826.4,1698326280,7.837,7.832
1068288.83,1067823.21,1698326340,7.833,7.831
1067717.11,1068487.29,1698326400,7.832,7.833
1068507.04,1068312.05,1698326460,7.832,7.831
1067815.64,1067762.54,1698326520,7.83,7.82
1067783.81,1066712.11,1698326580,7.82,7.819
1066674.56,1066657.49,1698326640,7.816,7.805
1066331.13,1065985.78,1698326700,7.808,7.817
1065967.57,1065883.28,1698326760,7.815,7.809
1065829.04,1065259.56,1698326820,7.808,7.806
1065258.73,1064123.35,1698326880,7.804,7.805
1063832.67,1063931.42,1698326940,7.805,7.804
1064005.45,1064140.41,1698327000,7.804,7.81
1064374.16,1064716.08,1698327060,7.81,7.821
1064821.15,1065051.24,1698327120,7.821,7.814
1065159.63,1065008.47,1698327180,7.816,7.807
1064817.13,1064817.13,1698327240,7.806,7.809
1064734.95,1064703.62,1698327300,7.809,7.79
1064282.54,1063998.68,1698327360,7.79,7.787
1063982.36,1063930.57,1698327420,7.786,7.785
1064035.23,1064002.81,1698327480,7.786,7.779
1062908.19,1062326.64,1698327540,7.778,7.776
1061821.16,1062228.12,1698327600,7.774,7.776
1062373.55,1062603.06,1698327660,7.775,7.785
1062389,1062343.6,1698327720,7.786,7.795
1062282.69,1062282.69,1698327780,7.793,7.801
1062573.13,1062479.36,1698327840,7.802,7.796
1062440.99,1062592.49,1698327900,7.796,7.793
1062670.4,1062691.82,1698327960,7.795,7.799
1062681,1062733.98,1698328020,7.799,7.787
1062729.55,1062808.41,1698328080,7.785,7.782
1062869.7,1062563.5,1698328140,7.782,7.773
1062531.73,1062663.88,1698328200,7.773,7.776
1062663.88,1062554.2,1698328260,7.776,7.77
1062264.92,1062167.06,1698328320,7.769,7.775
1062170.46,1062083.65,1698328380,7.774,7.767
1062079.33,1062046.19,1698328440,7.766,7.751
1059774.84,1059947.34,1698328500,7.748,7.744
1059545.5,1059717.98,1698328560,7.744,7.74
1059799.13,1059881.64,1698328620,7.74,7.724
1059963.96,1059936.55,1698328680,7.724,7.712
1059657.71,1058781.32,1698328740,7.714,7.708
1059357.9,1057439.81,1698328800,7.709,7.716
1057820.32,1056790.91,1698328860,7.717,7.715
1056863.92,1057072.79,1698328920,7.717,7.728
1057400.31,1057548.14,1698328980,7.728,7.743
1057500.08,1056964.57,1698329040,7.742,7.742
1056788.27,1056782.51,1698329100,7.744,7.745
1057353.91,1057099.09,1698329160,7.743,7.745
1056765.33,1056692.93,1698329220,7.745,7.752
1056779.82,1056836.44,1698329280,7.753,7.752
1056626.22,1056761.07,1698329340,7.751,7.739
1056493.43,1056014.95,1698329400,7.739,7.747
1055979.06,1056257.95,1698329460,7.745,7.754
1056183.67,1056185.52,1698329520,7.753,7.743
1057415.39,1057509.77,1698329580,7.747,7.758
1057940.23,1058341.32,1698329640,7.758,7.754
1058355.24,1058452.35,1698329700,7.754,7.749
1058597.77,1058792.53,1698329760,7.749,7.741
1058820.73,1058814,1698329820,7.74,7.723
1059057.26,1059005.45,1698329880,7.724,7.731
1059017.45,1059094.85,1698329940,7.731,7.731
1059096.27,1059265.77,1698330000,7.731,7.735
1059297.85,1059261.35,1698330060,7.735,7.731
1059254.59,1059116.69,1698330120,7.728,7.708
1059082.17,1059676.93,1698330180,7.708,7.681
1057644.52,1058212.74,1698330240,7.68,7.698
1058094.43,1057772.65,1698330300,7.697,7.698
1057644.15,1057356.56,1698330360,7.699,7.698
1057317.62,1057198.37,1698330420,7.7,7.695
1056932.88,1057251.06,1698330480,7.694,7.703
1057958.83,1058006.42,1698330540,7.704,7.709
1057712.44,1056955.05,1698330600,7.711,7.648
1040141.9,1036027.61,1698330660,7.649,7.623
1034837.76,1029609.26,1698330720,7.622,7.589
1028290.02,1027262.53,1698330780,7.592,7.582
1027019.57,1027087,1698330840,7.582,7.56
1024413.86,1026042.15,1698330900,7.559,7.542
1024496.43,1025288.41,1698330960,7.54,7.56
1026852.75,1025096.19,1698331020,7.561,7.532
1025643.38,1020999.95,1698331080,7.531,7.478
1020519.89,1018984.33,1698331140,7.479,7.491
1018682.87,1017912.71,1698331200,7.492,7.487
1018138.82,1018023.4,1698331260,7.487,7.502
1017992.71,1018369.34,1698331320,7.503,7.494
1019978.24,1020718.31,1698331380,7.493,7.502
1020890.89,1020250.7,1698331440,7.502,7.51
1019120.35,1020726.08,1698331500,7.508,7.529
1020595.03,1020702.06,1698331560,7.529,7.529
1020119.79,1019208.91,1698331620,7.529,7.55
1018650.37,1019794.82,1698331680,7.549,7.577
1018822.36,1019306.68,1698331740,7.574,7.581
1018367.53,1018425.98,1698331800,7.58,7.575
1018524.79,1017804.16,1698331860,7.575,7.577
1017510.15,1017956.89,1698331920,7.579,7.574
1018015.71,1018465.96,1698331980,7.575,7.584
1018281.69,1018593.29,1698332040,7.584,7.586
1018798.71,1017979.41,1698332100,7.586,7.589
1018516.28,1018476.22,1698332160,7.588,7.606
1018113.74,1017839.01,1698332220,7.606,7.603
1017409.68,1017409.68,1698332280,7.606,7.604
1017477.67,1017347.65,1698332340,7.605,7.611
1017143.37,1017190.05,1698332400,7.611,7.613
1016786.43,1016333.39,1698332460,7.613,7.625
1017566.04,1015956.46,1698332520,7.627,7.598
1015692.5,1015808.1,1698332580,7.597,7.594
1015694.74,1015354.63,1698332640,7.594,7.59
1015496.18,1015357.1,1698332700,7.587,7.581
1013924.46,1013652.12,1698332760,7.58,7.588
1014261.7,1014034.57,1698332820,7.587,7.572
1013428.78,1013061.66,1698332880,7.572,7.579
1013400.17,1013200.07,1698332940,7.58,7.576
1012996.56,1012813.82,1698333000,7.576,7.576
1011290.32,1010878.09,1698333060,7.576,7.567
1010713.47,1010540.12,1698333120,7.568,7.576
1011059,1011286.02,1698333180,7.576,7.578
1011053.57,1010394.49,1698333240,7.577,7.576
1011041.95,1011106.88,1698333300,7.575,7.561
1010862.65,1010225.28,1698333360,7.559,7.553
1008496,1008496,1698333420,7.554,7.551
1009042.4,1008708,1698333480,7.55,7.539
1008236.72,1008290.29,1698333540,7.539,7.533
1008595.56,1009184.97,1698333600,7.533,7.535
1009097.28,1008170.62,1698333660,7.533,7.532
1007743.5,1007027.78,1698333720,7.533,7.535
1007109.57,1006112.93,1698333780,7.534,7.534
1006439.29,1006355.01,1698333840,7.535,7.544
1006072.21,1004989.72,1698333900,7.545,7.511
1005000.68,1004941.88,1698333960,7.513,7.514
1004170.91,1002303.25,1698334020,7.514,7.506
1002389.57,1000020.6,1698334080,7.507,7.505
998417.57,998331.76,1698334140,7.504,7.499
998606.47,998353.66,1698334200,7.498,7.478
998956.68,998786,1698334260,7.478,7.511
998971.32,998300.43,1698334320,7.512,7.529
998384.77,998967.3,1698334380,7.529,7.539
999011.31,998996.33,1698334440,7.538,7.547
999070.13,999060.3,1698334500,7.545,7.542
999085.18,999054.68,1698334560,7.543,7.543
999192.88,1003601.99,1698334620,7.543,7.53
1003824.46,1003762.1,1698334680,7.53,7.532
1003834.27,1003157.23,1698334740,7.532,7.533
1003251.57,1002779.93,1698334800,7.534,7.538
1002850.84,1002719.13,1698334860,7.538,7.538
1003723.07,1003510.42,1698334920,7.539,7.523
1003475.15,1003681.62,1698334980,7.522,7.525
1003926.14,1004888.78,1698335040,7.524,7.533
1004957.79,1004609.31,1698335100,7.532,7.53
1004526.21,1003941.81,1698335160,7.529,7.547
1003687.59,1004068.67,1698335220,7.547,7.551
1003963.75,1004126.85,1698335280,7.554,7.565
1004354.55,1004128.3,1698335340,7.566,7.574
1003769.06,1004597.62,1698335400,7.572,7.569
1004532.82,1004661.55,1698335460,7.568,7.565
1004708.47,1004843.2,1698335520,7.565,7.572
1005282.86,1005424.2,1698335580,7.572,7.579
1005686.33,1005373.86,1698335640,7.58,7.582
1005593.79,1007373.34,1698335700,7.583,7.584
1007326.91,1007715.84,1698335760,7.586,7.596
1007659.98,1007699.7,1698335820,7.595,7.593
1007835.8,1007305.54,1698335880,7.594,7.59
1006841.18,1007809,1698335940,7.589,7.587
1007838.97,1008134.78,1698336000,7.586,7.593
1008060.97,1007939.22,1698336060,7.593,7.606
1007425.36,1007578.13,1698336120,7.605,7.614
1007531.07,1007309.55,1698336180,7.613,7.607
1007114.27,1007857.24,1698336240,7.61,7.614
1007654.51,1006751.15,1698336300,7.612,7.623
1006450.24,1006298.59,1698336360,7.622,7.605
1006387.84,1006090.34,1698336420,7.606,7.618
1006073.64,1005949.43,1698336480,7.617,7.611
1007010.63,1006504.39,1698336540,7.611,7.61
1006554.71,1006656.69,1698336600,7.61,7.614
1006520.36,1006526.77,1698336660,7.615,7.605
1006482.95,1006269.44,1698336720,7.606,7.615
1006403.54,1006720.05,1698336780,7.615,7.62
1006695.43,1007118.44,1698336840,7.621,7.631
1007091,1007225.63,1698336900,7.63,7.629
1007017.95,1008069.17,1698336960,7.629,7.642
1007546.48,1010019.64,1698337020,7.64,7.65
1009875.39,1010314.66,1698337080,7.652,7.66
1010331.74,1010573.18,1698337140,7.66,7.642
1010474.14,1008619.63,1698337200,7.641,7.639
1008665.02,1008572.08,1698337260,7.639,7.641
1009639.38,1010839.43,1698337320,7.643,7.64
1010815.72,1010830.26,1698337380,7.639,7.66
1010269.19,1007757.68,1698337440,7.659,7.644
1007956.26,1007854.3,1698337500,7.642,7.637
1007640.07,1008275.28,1698337560,7.637,7.655
1007979.97,1008618.96,1698337620,7.654,7.671
1008672.84,1008113.97,1698337680,7.671,7.672
1008056.16,1012082.11,1698337740,7.67,7.689
1011784.39,1009629.32,1698337800,7.689,7.69
1009757.51,1010504.48,1698337860,7.692,7.684
1008638.33,1008585.77,1698337920,7.684,7.678
1008414.2,1007988.66,1698337980,7.678,7.649
1010574.06,1011118.07,1698338040,7.648,7.655
1011311.21,1010903.64,1698338100,7.654,7.677
1009214.87,1008884.36,1698338160,7.678,7.662
1008853.9,1009674.88,1698338220,7.663,7.656
1009634.5,1009780.96,1698338280,7.657,7.654
1009833.77,1009581.49,1698338340,7.655,7.651
1009522.15,1009286.22,1698338400,7.651,7.651
1009279.72,1008985.96,1698338460,7.651,7.664
1008814.53,1008270.14,1698338520,7.663,7.674
1008527.34,1007967.33,1698338580,7.674,7.659
1008590.46,1008941.95,1698338640,7.659,7.65
1009088.09,1008500.28,1698338700,7.649,7.654
1008764.43,1007079.23,1698338760,7.656,7.647
1006925.74,1006707.89,1698338820,7.647,7.647
1006589.18,1006645.45,1698338880,7.648,7.665
1006437.29,1006613.85,1698338940,7.665,7.654
1006403.46,1006656.74,1698339000,7.654,7.644
1006670.05,1006665.52,1698339060,7.642,7.649
1006832.9,1007040.82,1698339120,7.649,7.664
1007870.99,1008245.98,1698339180,7.666,7.667
1008189.58,1008583,1698339240,7.669,7.647
1009107.85,1009244.37,1698339300,7.646,7.649
1009406.16,1008415.3,1698339360,7.647,7.665
1008442.92,1008580.14,1698339420,7.665,7.659
1008643.32,1008734.28,1698339480,7.66,7.662
1008653.07,1010308.73,1698339540,7.659,7.635
1008824.68,1008215.87,1698339600,7.636,7.653
1008112.36,1007689.46,1698339660,7.654,7.642
1007584.56,1007798.8,1698339720,7.642,7.658
1007588.23,1006924.24,1698339780,7.658,7.652
1007966.24,1008369.54,1698339840,7.652,7.657
1009152.86,1009134.75,1698339900,7.656,7.654
1008936.19,1009388.17,1698339960,7.654,7.671
1009210.14,1009188.58,1698340020,7.67,7.663
1009659.37,1010080.97,1698340080,7.664,7.675
1009789.78,1009967.04,1698340140,7.672,7.675
1009624.59,1009514.54,1698340200,7.675,7.677
1009487.04,1009499.55,1698340260,7.676,7.681
1009359.58,1009811.06,1698340320,7.683,7.686
1009560.36,1009547.71,1698340380,7.684,7.678
1009550.94,1009556.77,1698340440,7.677,7.676
1009511.03,1009396.25,1698340500,7.675,7.665
1008862.9,1009088.04,1698340560,7.664,7.675
1009004.08,1008549.11,1698340620,7.676,7.677
1008549.11,1008284.87,1698340680,7.677,7.677
1008126.63,1008177.09,1698340740,7.677,7.677
1008220.71,1008131.97,1698340800,7.676,7.671
1008273.12,1007880.6,1698340860,7.671,7.686
1007901.7,1007688.12,1698340920,7.685,7.676
1007870.25,1008007.31,1698340980,7.676,7.675
1007984.23,1008062.57,1698341040,7.674,7.674
1007948.06,1008000,1698341100,7.675,7.675
1007893.54,1007887.27,1698341160,7.675,7.686
1007641.19,1007491.39,1698341220,7.685,7.681
1007451.66,1007575.6,1698341280,7.68,7.681
1007607.23,1007429.35,1698341340,7.68,7.688
1007468.68,1007192.08,1698341400,7.689,7.681
1007271.32,1007091.2,1698341460,7.681,7.692
1007087.53,1007838.86,1698341520,7.693,7.713
1007765.09,1008266.16,1698341580,7.714,7.703
1008287.57,1008650.17,1698341640,7.704,7.704
1008885.87,1009093.82,1698341700,7.705,7.705
1009413.79,1010302.57,1698341760,7.704,7.696
1010771.85,1010892.47,1698341820,7.694,7.696
1011334.46,1011284.24,1698341880,7.695,7.71
1011289.87,1011402.9,1698341940,7.709,7.711
1011531.47,1011650.36,1698342000,7.71,7.703
1011791.27,1012587.05,1698342060,7.708,7.732
1015398.11,1015431.81,1698342120,7.731,7.729
1015509.67,1014926.72,1698342180,7.729,7.746
1015706.74,1015885.76,1698342240,7.746,7.744
1019164.68,1019408.42,1698342300,7.746,7.755
1028975.56,1029978.79,1698342360,7.754,7.769
1026408.09,1027523.76,1698342420,7.768,7.771
1029937.57,1036264.7,1698342480,7.774,7.799
1038334.65,1038062.26,1698342540,7.798,7.779
1035492.82,1035832.27,1698342600,7.78,7.797
1036124.08,1036372.58,1698342660,7.798,7.782
1036560.59,1037291.2,1698342720,7.782,7.783
1037465.45,1037659.71,1698342780,7.782,7.783
1036669.74,1036870,1698342840,7.783,7.786
1037065.09,1037762.67,1698342900,7.786,7.789
1037698.62,1036383.1,1698342960,7.791,7.787
1036578.04,1036919.36,1698343020,7.788,7.801
1036804.36,1037101.93,1698343080,7.8,7.8
1037142.12,1037002.47,1698343140,7.801,7.795
1035117.83,1035239.45,1698343200,7.796,7.803
1035915.13,1035086.63,1698343260,7.803,7.79
1035248.34,1035334.77,1698343320,7.789,7.785
1033391.49,1033563.39,1698343380,7.784,7.791
1034077.29,1033769.36,1698343440,7.79,7.793
1035091.18,1035090.1,1698343500,7.793,7.787
1033734.03,1034446.45,1698343560,7.786,7.778
1033501.12,1033131.24,1698343620,7.777,7.781
1033071.21,1033531.07,1698343680,7.781,7.78
1034320.31,1033215.57,1698343740,7.776,7.77
1034079.71,1034276.81,1698343800,7.769,7.788
1034121.57,1034127.12,1698343860,7.787,7.789
1034213.36,1034771.79,1698343920,7.788,7.798
1034499.03,1033991.68,1698343980,7.798,7.785
1033398.85,1033476.64,1698344040,7.784,7.796
1033408.33,1033102.17,1698344100,7.797,7.788
1033766.38,1033839.84,1698344160,7.789,7.779
1032094.22,1032377.91,1698344220,7.779,7.788
1031220.03,1031208.16,1698344280,7.789,7.797
1030984.33,1032574.44,1698344340,7.795,7.79
1033391.91,1033306.39,1698344400,7.79,7.8
1033907.96,1034027.98,1698344460,7.798,7.8
1033895.34,1035051.22,1698344520,7.8,7.807
1035345.9,1035996.15,1698344580,7.807,7.804
1036093.34,1036093.34,1698344640,7.804,7.795
1034892.02,1035308.36,1698344700,7.795,7.794
1035323.13,1035777.68,1698344760,7.795,7.811
1036665.76,1036423.47,1698344820,7.812,7.8
1041079.62,1042508.39,1698344880,7.799,7.81
1042427.42,1042454.76,1698344940,7.807,7.812
1042348.88,1043333.27,1698345000,7.811,7.814
1043026.79,1045690.72,1698345060,7.814,7.82
1046075.43,1046378.49,1698345120,7.818,7.833
1046092.4,1046092.4,1698345180,7.834,7.834
1046426.78,1046611.01,1698345240,7.836,7.839
1044923.12,1047868.05,1698345300,7.84,7.859
1048496.83,1048552.16,1698345360,7.858,7.884
1061427.51,1061863.95,1698345420,7.882,7.861
1062459.73,1061749.35,1698345480,7.86,7.865
1061766.55,1061404.4,1698345540,7.864,7.862
1061653.76,1061933.88,1698345600,7.861,7.86
1064054.14,1064937.15,1698345660,7.86,7.859
1063132.08,1063054.84,1698345720,7.858,7.844
1063280.22,1063970.77,1698345780,7.843,7.852
1063988.75,1064301.18,1698345840,7.853,7.846
1064135.02,1064112.31,1698345900,7.846,7.848
1064444,1064601.38,1698345960,7.848,7.858
1064776.84,1065457.03,1698346020,7.857,7.875
1065605.34,1070296.98,1698346080,7.875,7.867
1070578.2,1070304.86,1698346140,7.865,7.868
1070365.79,1070532.87,1698346200,7.869,7.874
1070607.88,1071685.33,1698346260,7.874,7.863
1071615.08,1071511.57,1698346320,7.863,7.875
1071422.39,1071420.59,1698346380,7.874,7.869
1071554.03,1071086.75,1698346440,7.869,7.88
1071104.73,1071217.41,1698346500,7.879,7.892
1071609.32,1072159.64,1698346560,7.891,7.889
1073346.51,1073866.12,1698346620,7.888,7.885
1073729.67,1074085.04,1698346680,7.883,7.883
1074567.79,1074698.24,1698346740,7.884,7.886
1074943.9,1074825.87,1698346800,7.886,7.87
1075046.28,1073068.7,1698346860,7.871,7.857
1072177.06,1072078.17,1698346920,7.857,7.856
1070125.87,1070250.85,1698346980,7.857,7.878
1070713.03,1072322.15,1698347040,7.878,7.879
1072071.82,1071569.99,1698347100,7.88,7.889
1071714.76,1071470.69,1698347160,7.89,7.869
1071299.68,1072269,1698347220,7.868,7.869
1072411.91,1072519.17,1698347280,7.87,7.866
1072480.71,1071769.59,1698347340,7.867,7.872
1071691.87,1070333.65,1698347400,7.871,7.862
1070067.56,1070203.98,1698347460,7.862,7.858
1069321.41,1069117.85,1698347520,7.857,7.851
1068794.33,1069110.06,1698347580,7.852,7.858
1068841.71,1069033.59,1698347640,7.858,7.864
1069287.56,1069374.98,1698347700,7.862,7.873
1069508.96,1069864.92,1698347760,7.873,7.875
1070087.52,1070144.6,1698347820,7.876,7.885
1069251.49,1069045.81,1698347880,7.886,7.882
1068883.77,1069121.77,1698347940,7.881,7.882
1069360.69,1068359.33,1698348000,7.882,7.883
1068163.65,1067570.42,1698348060,7.883,7.879
1067774.55,1067774.55,1698348120,7.88,7.89
1068842.38,1073052.57,1698348180,7.89,7.877
1072747.53,1072577.84,1698348240,7.876,7.867
1072488.54,1072633.26,1698348300,7.868,7.869
1072721.01,1072770.88,1698348360,7.867,7.868
1072467.11,1072349.15,1698348420,7.868,7.872
1072631.37,1072641.41,1698348480,7.87,7.868
1072471.92,1071758.2,1698348540,7.868,7.889
1072392.11,1078401.12,1698348600,7.89,7.902
1078713.93,1080004.21,1698348660,7.902,7.908
1081519.85,1085890.92,1698348720,7.909,7.888
1087555,1088190.39,1698348780,7.89,7.884
1088630.3,1088345.45,1698348840,7.883,7.887
1088658.68,1089135.68,1698348900,7.887,7.907
1090029.09,1090701.13,1698348960,7.908,7.894
1090203.87,1089852.88,1698349020,7.897,7.9
1089853.58,1089927.15,1698349080,7.899,7.901
1089923.52,1089403.13,1698349140,7.901,7.905
1089582.88,1089593.55,1698349200,7.904,7.906
1089699.62,1090077.08,1698349260,7.907,7.905
1089655.88,1090525.81,1698349320,7.906,7.913
1090705.26,1089942.18,1698349380,7.913,7.909
1089476.78,1089663.28,1698349440,7.91,7.918
1089456.03,1088327,1698349500,7.918,7.929
1088443.22,1088599.57,1698349560,7.929,7.932
1088546.57,1088522.96,1698349620,7.932,7.931
1088690.87,1088791.4,1698349680,7.932,7.932
1088857.58,1088822.3,1698349740,7.934,7.933
1088900.38,1088953.26,1698349800,7.935,7.947
1090847.72,1090803.32,1698349860,7.946,7.944
1091095.24,1091134.86,1698349920,7.944,7.943
1090894.45,1090979.66,1698349980,7.944,7.939
1090895.25,1090766.13,1698350040,7.941,7.935
1090664.2,1090215.57,1698350100,7.932,7.949
1090535.72,1090193.47,1698350160,7.948,7.942
1090409.56,1090402.34,1698350220,7.942,7.945
1090398.22,1089924.97,1698350280,7.945,7.943
1091410.73,1091064.25,1698350340,7.944,7.948
1090695.08,1091057.44,1698350400,7.947,7.937
1091008.1,1091224.2,1698350460,7.94,7.923
1091273.99,1091414.5,1698350520,7.924,7.947
1090955.76,1090925.7,1698350580,7.946,7.95
1091709.18,1091797.67,1698350640,7.951,7.952
1092850.22,1093012.33,1698350700,7.951,7.96
1093403.57,1093813.1,1698350760,7.959,7.958
1093756.21,1094612.69,1698350820,7.957,7.958
1094650.56,1095468.32,1698350880,7.959,7.957
1095705.23,1095936.49,1698350940,7.956,7.966
1095736.88,1095648.21,1698351000,7.965,7.968
1093204.99,1093439.68,1698351060,7.967,7.992
1088574.64,1088563.11,1698351120,7.991,8.077
1090638.36,1097597.65,1698351180,8.077,8.041
1097845.57,1096343.77,1698351240,8.041,8.042
1097169.67,1097859.94,1698351300,8.042,8.034
1097349.5,1097533.24,1698351360,8.033,8.035
1099827.85,1101788.99,1698351420,8.034,8.06
1102262.8,1103657.18,1698351480,8.058,8.071
1103915.65,1099980.8,1698351540,8.071,8.034
1099983.79,1103069.06,1698351600,8.034,8.044
1113700.59,1122342.41,1698351660,8.044,8.068
1123692.94,1125098.33,1698351720,8.066,8.041
1124627.09,1122563.27,1698351780,8.04,8.059
1123622.79,1123584.22,1698351840,8.06,8.077
1123961.98,1123501.69,1698351900,8.077,8.071
1124708.51,1124921.12,1698351960,8.069,8.068
1125097.93,1124529.18,1698352020,8.068,8.077
1130233.99,1132384.05,1698352080,8.077,8.096
1133888.15,1134529.77,1698352140,8.095,8.08
1134655.96,1133884.95,1698352200,8.081,8.072
1134265.29,1134294.17,1698352260,8.072,8.08
1134814.53,1131134.89,1698352320,8.079,8.117
1132576.59,1132794.21,1698352380,8.116,8.13
1137868.73,1139001.75,1698352440,8.13,8.118
1142521.99,1141625.78,1698352500,8.118,8.115
1142148.32,1142719.02,1698352560,8.115,8.129
1144160.69,1144343.01,1698352620,8.131,8.116
1144857.91,1144849.22,1698352680,8.116,8.126
1145153.06,1144416.86,1698352740,8.126,8.112
1145429.55,1146961.3,1698352800,8.113,8.1
1144838.38,1144592.88,1698352860,8.1,8.086
1142723.17,1142226.29,1698352920,8.085,8.08
1142251.87,1142601.6,1698352980,8.08,8.084
1143572.58,1143750.82,1698353040,8.085,8.087
1143837.88,1142076.86,1698353100,8.087,8.08
1142044.4,1139517.81,1698353160,8.078,8.064
1138995.63,1140838.8,1698353220,8.064,8.078
1140872.33,1140848.58,1698353280,8.077,8.075
1140620.28,1140127.42,1698353340,8.074,8.073
1140449.23,1140757.95,1698353400,8.074,8.072
1140966.97,1141427.23,1698353460,8.074,8.072
1141216.21,1141844.38,1698353520,8.072,8.074
1142371.75,1142758.9,1698353580,8.074,8.084
1142826.2,1143256.27,1698353640,8.083,8.099
1144203.61,1144524.75,1698353700,8.099,8.126
1149294.9,1149309.01,1698353760,8.125,8.126
1147167.96,1147303.53,1698353820,8.124,8.125
1149791.03,1151099.64,1698353880,8.124,8.128
1151418.6,1154420.28,1698353940,8.129,8.125
1154184.27,1153249.51,1698354000,8.126,8.104
1153129.33,1153543.99,1698354060,8.104,8.111
1153525.33,1153455.62,1698354120,8.112,8.089
1153688.45,1153268.89,1698354180,8.089,8.082
1153288.35,1154358.75,1698354240,8.083,8.072
1156239.79,1156201,1698354300,8.072,8.068
1157316.69,1158354.54,1698354360,8.069,8.071
1158901.96,1159977.33,1698354420,8.072,8.068
1160246.56,1160550.32,1698354480,8.067,8.067
1160461.72,1162066.26,1698354540,8.069,8.074
1162237.69,1164952.76,1698354600,8.074,8.095
1164852.63,1166557.73,1698354660,8.095,8.095
1166708.78,1167134.45,1698354720,8.095,8.097
1167456.57,1167368.73,1698354780,8.096,8.098
1167225.11,1167189.56,1698354840,8.099,8.098
1167325.7,1166892.63,1698354900,8.1,8.096
1166656.58,1167113.41,1698354960,8.097,8.096
1167510.29,1167688.55,1698355020,8.097,8.115
1166854.46,1167451.32,1698355080,8.116,8.107
1167926.41,1169066.94,1698355140,8.108,8.119
1169175.19,1169939.52,1698355200,8.12,8.12
1170742.11,1170623.99,1698355260,8.12,8.136
1171540.75,1172164.83,1698355320,8.137,8.133
1181101.61,1179704.41,1698355380,8.132,8.138
1180524.25,1184904.64,1698355440,8.139,8.166
1186148.43,1187756.31,1698355500,8.166,8.175
1188666.71,1190533.71,1698355560,8.177,8.18
1189445.67,1188513.34,1698355620,8.179,8.182
1191072.08,1190623.71,1698355680,8.181,8.166
1190753.25,1191043.59,1698355740,8.169,8.173
1192207.25,1193860.98,1698355800,8.174,8.208
1198047.2,1202191.56,1698355860,8.209,8.214
1206858.9,1206412.68,1698355920,8.212,8.194
1206734.27,1212028.87,1698355980,8.193,8.164
1213140.92,1211873.2,1698356040,8.163,8.139
1212999.6,1213006.76,1698356100,8.138,8.11
1211021.28,1213252.47,1698356160,8.109,8.105
1213253.21,1197745.93,1698356220,8.105,8.097
1194395.52,1197145.74,1698356280,8.099,8.124
1197909.45,1196960.62,1698356340,8.125,8.137
1194545.81,1195120.75,1698356400,8.137,8.124
1195242.38,1195532.72,1698356460,8.124,8.111
1194883.85,1194463.64,1698356520,8.111,8.128
1194731.83,1194552.43,1698356580,8.127,8.139
1195401.94,1196381,1698356640,8.14,8.16
1198157.04,1198202.14,1698356700,8.158,8.18
1197936.56,1197687.93,1698356760,8.18,8.182
1203486.7,1203215.63,1698356820,8.182,8.191
1203771.15,1207317.44,1698356880,8.19,8.195
1208240.74,1210234.6,1698356940,8.2,8.217
1214269.93,1214269.93,1698357000,8.22,8.223
1213432.8,1213088.47,1698357060,8.224,8.215
1214175.58,1214201.34,1698357120,8.216,8.21
1215823.31,1215496.35,1698357180,8.21,8.21
1216504,1216767.95,1698357240,8.21,8.208
1217223.39,1219023.55,1698357300,8.207,8.194
1224467.12,1224731.54,1698357360,8.195,8.2
1225518.11,1225730.46,1698357420,8.199,8.182
1225758.25,1226149.26,1698357480,8.182,8.188
1225641.68,1232954.76,1698357540,8.188,8.252
1234856.6,1234500.04,1698357600,8.252,8.231
1234395.26,1234901.11,1698357660,8.231,8.239
1235541.47,1234955.88,1698357720,8.237,8.235
1236091.02,1237803.65,1698357780,8.236,8.235
1238383.06,1238103.62,1698357840,8.233,8.229
1238635.3,1237993.6,1698357900,8.229,8.231
1238111.42,1238111.42,1698357960,8.232,8.228
1239362.96,1239967.06,1698358020,8.228,8.225
1239983.64,1240042.25,1698358080,8.226,8.207
1240032.61,1240711.5,1698358140,8.207,8.214
1241327.28,1240743.83,1698358200,8.213,8.239
1240761.51,1241953.18,1698358260,8.239,8.215
1243112.53,1243745.6,1698358320,8.214,8.22
1244408.68,1244091.37,1698358380,8.22,8.239
1245747.38,1245856.87,1698358440,8.24,8.239
1245380.02,1245420.58,1698358500,8.24,8.249
1253568.83,1253699.91,1698358560,8.25,8.272
1253693.27,1255309.64,1698358620,8.271,8.277
1255701.95,1260045.55,1698358680,8.278,8.282
1260258.69,1260635.1,1698358740,8.282,8.285
1264648.06,1264671.23,1698358800,8.283,8.293
1264919.02,1263039.92,1698358860,8.294,8.292
1263307.51,1268732.44,1698358920,8.292,8.297
1265633.28,1265633.28,1698358980,8.297,8.274
1266910.96,1266965.89,1698359040,8.275,8.284
1267329.18,1271769.51,1698359100,8.285,8.31
1271870.9,1271707.4,1698359160,8.308,8.306
1272938.93,1275661.79,1698359220,8.307,8.314
1276483.75,1273789.96,1698359280,8.317,8.327
1282117.11,1288234.59,1698359340,8.326,8.313
1291964.03,1292086.51,1698359400,8.312,8.314
1295584.22,1295804.88,1698359460,8.314,8.333
1302852.88,1308672.2,1698359520,8.331,8.332
1311056.32,1315543.69,1698359580,8.332,8.338
1327804.66,1328191.33,1698359640,8.339,8.328
1329567.35,1329844.62,1698359700,8.328,8.329
1330045.3,1325071.41,1698359760,8.329,8.325
1320757.32,1320779.47,1698359820,8.324,8.321
1323442.88,1323221.35,1698359880,8.321,8.311
1329276.24,1326238.94,1698359940,8.313,8.295
1322890.73,1322611.25,1698360000,8.296,8.289
1322365.57,1322690.91,1698360060,8.286,8.289
1323761.79,1323610.53,1698360120,8.288,8.308
1323873.45,1327493.79,1698360180,8.308,8.33
1326745.72,1326984.02,1698360240,8.33,8.316
1326061.47,1325801.39,1698360300,8.315,8.316
1324989.5,1324893.91,1698360360,8.314,8.315
1322743.09,1322333.62,1698360420,8.316,8.314
1318834.67,1319288.71,1698360480,8.315,8.306
1322336.47,1321760.98,1698360540,8.306,8.323
1321724.6,1321679.53,1698360600,8.322,8.316
1322278.9,1321573.83,1698360660,8.315,8.336
1321204.53,1308248,1698360720,8.336,8.308
1310503.63,1308907.85,1698360780,8.308,8.325
1309225.26,1309312.24,1698360840,8.325,8.334
1309479.42,1312585.26,1698360900,8.335,8.307
1310782.71,1311342.61,1698360960,8.306,8.3
1310370.9,1310159.77,1698361020,8.299,8.316
1310149.84,1312086.59,1698361080,8.316,8.328
1312136.6,1309769.97,1698361140,8.33,8.378
1308441.61,1308850.74,1698361200,8.378,8.343
1310430.51,1311645.72,1698361260,8.341,8.325
1310042.72,1309802.91,1698361320,8.325,8.337
1310457.32,1311190.42,1698361380,8.336,8.336
1311152.55,1311466.33,1698361440,8.336,8.306
1311611.69,1311507.27,1698361500,8.305,8.3
1311770.93,1311773.26,1698361560,8.301,8.278
1297009.2,1291321.23,1698361620,8.277,8.309
1296761.88,1297874.2,1698361680,8.31,8.317
1298050.9,1298381.27,1698361740,8.32,8.326
1295444.18,1298920.8,1698361800,8.327,8.313
1298833.42,1299075.18,1698361860,8.316,8.313
1299478.24,1300355.71,1698361920,8.311,8.311
1300536.79,1301071.87,1698361980,8.309,8.317
1301125.21,1301982.83,1698362040,8.317,8.316
1301578.37,1299783.77,1698362100,8.315,8.301
1300670.58,1301171.94,1698362160,8.301,8.305
1301767.95,1301839.63,1698362220,8.304,8.299
1302997.08,1299593.55,1698362280,8.298,8.316
1298558.21,1298021.38,1698362340,8.319,8.328
1297589.6,1300570.52,1698362400,8.33,8.331
1300301.75,1297775.48,1698362460,8.332,8.33
1297684.21,1297936.18,1698362520,8.33,8.341
1298054.06,1298736.9,1698362580,8.342,8.352
1298309.3,1301271.12,1698362640,8.351,8.334
1301032.96,1301221.35,1698362700,8.333,8.317
1301568.84,1301768.6,1698362760,8.316,8.319
1301416.83,1301205.23,1698362820,8.318,8.311
1301198.98,1301449.37,1698362880,8.309,8.309
1301425.29,1301783.69,1698362940,8.309,8.321
1302082.39,1302208.78,1698363000,8.321,8.314
1302226.2,1302703.79,1698363060,8.314,8.325
1301823.24,1302241.35,1698363120,8.326,8.299
1302133.91,1302205.13,1698363180,8.299,8.314
1302167.85,1301880.39,1698363240,8.314,8.308
1301800.17,1301656.93,1698363300,8.309,8.301
1299342.66,1298609.75,1698363360,8.301,8.302
1298086.96,1298294.65,1698363420,8.301,8.315
1297614.94,1298134.25,1698363480,8.315,8.334
1298522.43,1298163.34,1698363540,8.333,8.327
1298257.97,1297558.86,1698363600,8.327,8.321
1298020.48,1297909.03,1698363660,8.322,8.308
1298860.67,1298637.82,1698363720,8.309,8.303
1299789.72,1299802.51,1698363780,8.303,8.309
1299769.84,1299902.08,1698363840,8.31,8.322
1299475.33,1297433.62,1698363900,8.322,8.314
1297515.17,1297683.01,1698363960,8.312,8.317
1296884.87,1297317.02,1698364020,8.318,8.326
1297717.94,1298694.59,1698364080,8.327,8.342
1298924.33,1299173.41,1698364140,8.342,8.356
1301629.47,1301136.89,1698364200,8.355,8.355
1301399.14,1299850.46,1698364260,8.356,8.343
1300872.94,1300397.19,1698364320,8.344,8.338
1300244.13,1300680.66,1698364380,8.338,8.351
1300775.16,1301825.06,1698364440,8.351,8.342
1300912.21,1301333.24,1698364500,8.343,8.352
1302132.4,1302040.16,1698364560,8.353,8.346
1300971.1,1301146.31,1698364620,8.346,8.337
1301793.33,1298674.36,1698364680,8.338,8.303
1297815.62,1298592.29,1698364740,8.303,8.31
1300903.32,1303738.85,1698364800,8.311,8.341
1303764.9,1305668.55,1698364860,8.34,8.349
1306979.1,1306938.38,1698364920,8.349,8.329
1311003.83,1312765.74,1698364980,8.329,8.269
1313977.13,1316652.32,1698365040,8.27,8.249
1318460.35,1319002.93,1698365100,8.248,8.247
1320242.28,1321438.28,1698365160,8.247,8.244
1321625.36,1321940.9,1698365220,8.245,8.184
1306773.34,1308917.35,1698365280,8.184,8.197
1309118.18,1308502.75,1698365340,8.197,8.221
1308371.44,1308279.61,1698365400,8.222,8.224
1314608.71,1313528.87,1698365460,8.223,8.214
1312031.3,1312798.53,1698365520,8.214,8.214
1312761.16,1310348.39,1698365580,8.214,8.216
1309887.82,1310110,1698365640,8.215,8.219
1310223.22,1309657.69,1698365700,8.219,8.216
1308846.4,1309059.58,1698365760,8.216,8.233
1309241.94,1310521.13,1698365820,8.233,8.225
1310522.46,1310611.81,1698365880,8.225,8.22
1310199.1,1310644.49,1698365940,8.219,8.219
1310004.88,1309750.98,1698366000,8.221,8.226
1309975.29,1309479.56,1698366060,8.225,8.229
1309451.62,1308541.88,1698366120,8.229,8.234
1308987.12,1309825.95,1698366180,8.232,8.25
1309646.28,1309316.25,1698366240,8.249,8.25
1309997.86,1299487.65,1698366300,8.249,8.28
1299576.86,1298778.45,1698366360,8.279,8.276
1298000.81,1298524.31,1698366420,8.276,8.275
1297771.32,1298099.62,1698366480,8.275,8.273
1298373.91,1298972.54,1698366540,8.274,8.286
1298906.07,1305476.18,1698366600,8.287,8.312
1305487.32,1305521.42,1698366660,8.31,8.288
1304794.56,1304874.67,1698366720,8.288,8.286
1309710.06,1308534.22,1698366780,8.285,8.281
1307212.09,1308549,1698366840,8.281,8.316
1308128.77,1307529.87,1698366900,8.316,8.29
1307330.8,1307410.92,1698366960,8.29,8.278
1306272.42,1306187.62,1698367020,8.278,8.288
1305988.63,1307666.83,1698367080,8.288,8.299
1307629.88,1308467.31,1698367140,8.299,8.288
1308315.14,1308863,1698367200,8.289,8.273
1308085.24,1307039.04,1698367260,8.274,8.278
1307620.88,1307623.62,1698367320,8.279,8.264
1306442.92,1307311.58,1698367380,8.264,8.265
1307377.93,1308048.41,1698367440,8.265,8.26
1307995.01,1308220.73,1698367500,8.259,8.275
1308866.4,1309476.28,1698367560,8.275,8.28
1310146.3,1310175.45,1698367620,8.279,8.264
1310367.56,1311802.04,1698367680,8.263,8.259
1311942.83,1312339.05,1698367740,8.259,8.268
1312602.21,1312070.87,1698367800,8.266,8.256
1312301.14,1306182.41,1698367860,8.256,8.23
1306437.21,1307232.8,1698367920,8.229,8.234
1306668.26,1304311.6,1698367980,8.234,8.217
1304986.63,1306152.88,1698368040,8.217,8.24
1310778.12,1310980.76,1698368100,8.238,8.273
1312305.74,1312305.74,1698368160,8.276,8.283
1314483.11,1314304.28,1698368220,8.284,8.267
1315359.97,1312981.85,1698368280,8.267,8.26
1313194.87,1312824.03,1698368340,8.258,8.249
1313526.55,1312764.76,1698368400,8.249,8.254
1312575.82,1310549.18,1698368460,8.254,8.22
1306641.38,1306060.18,1698368520,8.219,8.241
1306847.42,1307778.7,1698368580,8.241,8.207
1307476.57,1308243.63,1698368640,8.206,8.181
1301520.92,1304106.45,1698368700,8.182,8.171
1304307.42,1305223.25,1698368760,8.171,8.176
1305848.37,1305455.49,1698368820,8.176,8.195
1304020.82,1305492.26,1698368880,8.195,8.189
1307411.56,1307583,1698368940,8.19,8.179
1308560.93,1308730.93,1698369000,8.177,8.181
1308965.45,1309915.06,1698369060,8.182,8.192
1310305.9,1309385.46,1698369120,8.19,8.189
1309380.38,1308955.61,1698369180,8.19,8.193
1309035.3,1309774.99,1698369240,8.192,8.189
1309594.18,1309379.49,1698369300,8.189,8.182
1309309.44,1309256.51,1698369360,8.184,8.177
1308820.24,1308818.05,1698369420,8.176,8.179
1314979.98,1314494.69,1698369480,8.178,8.181
1314137.07,1313808.41,1698369540,8.179,8.186
1316113.83,1317068.46,1698369600,8.188,8.218
1318094.13,1317682.1,1698369660,8.217,8.195
1317428.48,1318138.92,1698369720,8.194,8.206
1318437.08,1317863.81,1698369780,8.207,8.201
1319001.74,1319393.14,1698369840,8.201,8.214
1319952.79,1319447.73,1698369900,8.215,8.211
1319785.59,1318269.68,1698369960,8.214,8.202
1318357.88,1318329.86,1698370020,8.202,8.204
1318193.82,1317976.73,1698370080,8.205,8.2
1318465.65,1317701.33,1698370140,8.201,8.19
1317796.81,1318201.29,1698370200,8.19,8.196
1315703.19,1315575.5,1698370260,8.197,8.209
1316072.15,1316072.15,1698370320,8.209,8.219
1316253.6,1316563.58,1698370380,8.22,8.218
1316491.33,1316506.05,1698370440,8.217,8.219
1316454,1316435.51,1698370500,8.218,8.221
1316211.48,1316088.47,1698370560,8.22,8.225
1316026.91,1315934.51,1698370620,8.225,8.223
1316019.03,1316979.99,1698370680,8.222,8.231
1318272.28,1318247.65,1698370740,8.231,8.223
1318618.08,1318664.89,1698370800,8.223,8.223
1318921.2,1317923.08,1698370860,8.224,8.224
1319107.26,1319174.67,1698370920,8.224,8.226
1319219.74,1319275.99,1698370980,8.223,8.226
1318325.96,1318164.94,1698371040,8.226,8.219
1319503.71,1316203.64,1698371100,8.219,8.193
1313969.25,1309794.07,1698371160,8.191,8.15
1309772.9,1308915.12,1698371220,8.151,8.153
1309884.48,1310840.11,1698371280,8.153,8.17
1310984.83,1310793.85,1698371340,8.168,8.15
1310588.8,1310734.02,1698371400,8.152,8.137
1310418.46,1306375.93,1698371460,8.137,8.129
1306730.12,1301957.58,1698371520,8.13,8.132
1302863.77,1302706.16,1698371580,8.132,8.133
1303854.92,1297233.54,1698371640,8.134,8.111
1296883.43,1296054.24,1698371700,8.111,8.114
1296503.84,1297164.82,1698371760,8.114,8.117
1297137.92,1296677.87,1698371820,8.119,8.117
1296207.99,1296243.44,1698371880,8.121,8.111
1295815.34,1295023.43,1698371940,8.111,8.103
1295367.11,1295321.69,1698372000,8.106,8.107
1295195.73,1297515.04,1698372060,8.106,8.133
1300384.9,1300384.9,1698372120,8.133,8.109
1300671.74,1300628.07,1698372180,8.11,8.102
1298968.19,1295999.95,1698372240,8.102,8.129
1295987.37,1296749.59,1698372300,8.129,8.146
1296948.68,1301432.81,1698372360,8.145,8.164
1299323.51,1299957.91,1698372420,8.165,8.172
1299841.36,1300553.06,1698372480,8.175,8.183
1300300.76,1300904.15,1698372540,8.183,8.176
1301160.95,1302265.79,1698372600,8.177,8.187
1303716.48,1303759.59,1698372660,8.187,8.19
1306328.98,1305960.11,1698372720,8.189,8.163
1303485.1,1304184.91,1698372780,8.164,8.163
1303540.4,1299148.52,1698372840,8.162,8.177
1298976.7,1299351.68,1698372900,8.175,8.177
1299258.99,1298499.96,1698372960,8.176,8.169
1298480.17,1295486.26,1698373020,8.172,8.197
1295045.35,1295301.58,1698373080,8.198,8.226
1296410.74,1296074.19,1698373140,8.227,8.216
1295916.55,1296154.19,1698373200,8.216,8.211
1294593.09,1294458.65,1698373260,8.21,8.217
1294618.27,1294026.14,1698373320,8.217,8.234
1293677.93,1294206.08,1698373380,8.234,8.226
1293031.43,1295871.33,1698373440,8.226,8.218
1295793.01,1296317.13,1698373500,8.217,8.223
1300810.44,1301040.64,1698373560,8.221,8.229
1300984.24,1300787.36,1698373620,8.227,8.226
1301457.57,1301242.5,1698373680,8.227,8.227
1301209.27,1300843.52,1698373740,8.228,8.218
1300991.76,1300806.65,1698373800,8.217,8.224
1301055.55,1300780.21,1698373860,8.229,8.227
1300868.11,1303716.85,1698373920,8.225,8.239
1303571.29,1303505.82,1698373980,8.238,8.259
1305420.26,1304683.25,1698374040,8.257,8.254
1304658.88,1304354.95,1698374100,8.253,8.248
1303325.39,1303792.54,1698374160,8.247,8.254
1303673.48,1303673.48,1698374220,8.253,8.263
1303578.38,1304607.1,1698374280,8.261,8.273
1304322.68,1305402.08,1698374340,8.274,8.275
1305467.97,1305407.66,1698374400,8.274,8.275
1306815.88,1307013.85,1698374460,8.276,8.271
1307099.53,1307664.31,1698374520,8.27,8.284
1307340.19,1309011.33,1698374580,8.285,8.295
1311630.01,1311794.69,1698374640,8.295,8.293
1311849.36,1311547.09,1698374700,8.294,8.282
1311638.34,1311904.33,1698374760,8.283,8.294
1312103.55,1318990.75,1698374820,8.294,8.362
1319264.32,1319323.53,1698374880,8.363,8.334
1320616.84,1321544.53,1698374940,8.335,8.343
1324768.41,1324661.58,1698375000,8.345,8.342
1325830.22,1323030.24,1698375060,8.345,8.342
1322733.49,1321086.34,1698375120,8.339,8.334
1321312.47,1316794.46,1698375180,8.335,8.314
1316881.84,1319666.08,1698375240,8.314,8.337
1325867.36,1325944.82,1698375300,8.333,8.339
1323923.02,1326554.78,1698375360,8.34,8.339
1326796.92,1327345.35,1698375420,8.339,8.335
1327323.97,1325944.29,1698375480,8.336,8.329
1325849.29,1326637.3,1698375540,8.329,8.363
1327896.18,1333906.59,1698375600,8.36,8.37
1335341.74,1335047.82,1698375660,8.371,8.402
1335672.42,1341476.6,1698375720,8.402,8.408
1343816.87,1344278.86,1698375780,8.408,8.465
1350754.46,1355598.45,1698375840,8.463,8.475
1355347.25,1359607.11,1698375900,8.475,8.439
1359226.1,1363135.54,1698375960,8.44,8.413
1362058.09,1365179.06,1698376020,8.414,8.375
1364078.52,1365682.16,1698376080,8.378,8.388
1368160.44,1368551.9,1698376140,8.387,8.396
1371025.31,1366729.88,1698376200,8.394,8.351
1367221.87,1369231.16,1698376260,8.351,8.35
1367911.09,1366164.35,1698376320,8.35,8.312
1362884.83,1362784.35,1698376380,8.314,8.302
1363342.81,1359183.45,1698376440,8.302,8.281
1357384.95,1356298.76,1698376500,8.281,8.277
1354953.25,1357195.57,1698376560,8.277,8.291
1357999.74,1358531.26,1698376620,8.292,8.331
1359643.13,1358062.89,1698376680,8.332,8.331
1356396.05,1364458.42,1698376740,8.33,8.357
1363598.1,1364305.09,1698376800,8.358,8.347
1364508.73,1364551.84,1698376860,8.345,8.395
1372696.14,1371239.01,1698376920,8.394,8.41
1383321.01,1383493.63,1698376980,8.409,8.464
1384565.29,1384853.69,1698377040,8.463,8.488
1388984.87,1395767.61,1698377100,8.487,8.513
1402320.69,1407610.61,1698377160,8.511,8.466
1406994.25,1399378.98,1698377220,8.466,8.434
1401269.71,1401724.12,1698377280,8.435,8.421
1403807.4,1407188.03,1698377340,8.422,8.42
1405214.4,1406427.49,1698377400,8.422,8.407
1406366.69,1413843.35,1698377460,8.408,8.454
1414582.14,1417863.9,1698377520,8.455,8.472
1417632.94,1456513.64,1698377580,8.472,8.53
1456520.47,1463878.41,1698377640,8.531,8.501
1465255.09,1460450.7,1698377700,8.501,8.499
1461645.35,1460980.91,1698377760,8.497,8.466
1461619.64,1462215.02,1698377820,8.466,8.471
1463399.72,1458295.11,1698377880,8.472,8.451
1457647.13,1458714.99,1698377940,8.449,8.456
1458259.09,1456913.57,1698378000,8.456,8.438
1457527.68,1457388.76,1698378060,8.442,8.447
1458895.57,1459084.92,1698378120,8.447,8.433
1456871.22,1459081.57,1698378180,8.431,8.464
1459448.23,1458817.16,1698378240,8.464,8.434
1458853.64,1459463.26,1698378300,8.434,8.447
1454045.66,1454105.35,1698378360,8.447,8.433
1452810.08,1452603.58,1698378420,8.433,8.431
1452306.77,1452607.75,1698378480,8.43,8.417
1452083.21,1449604.24,1698378540,8.418,8.406
1449678.17,1446514.05,1698378600,8.406,8.416
1447164.18,1451961.93,1698378660,8.417,8.445
1451757.54,1451127.31,1698378720,8.446,8.44
1451841.61,1452375.49,1698378780,8.44,8.439
1452022.31,1451555.6,1698378840,8.44,8.429
1451730.49,1451443.35,1698378900,8.429,8.403
1450905.12,1451477.51,1698378960,8.402,8.417
1452442.28,1452729.06,1698379020,8.414,8.398
1452242.23,1450048.97,1698379080,8.399,8.385
1449499.92,1446830.89,1698379140,8.387,8.387
1448204.55,1451357.69,1698379200,8.386,8.378
1448085.05,1446990.73,1698379260,8.378,8.374
1444969.19,1445006.76,1698379320,8.373,8.361
1443633.19,1443633.19,1698379380,8.361,8.345
1440825.01,1439888.38,1698379440,8.344,8.341
1437725.2,1430136.25,1698379500,8.341,8.333
1430218.71,1430021.4,1698379560,8.332,8.346
1428766.08,1429764.76,1698379620,8.346,8.357
1430374.81,1433406.2,1698379680,8.357,8.352
1433696.97,1432567.4,1698379740,8.351,8.374
1430346.2,1430874.13,1698379800,8.372,8.364
1431031.22,1431519.21,1698379860,8.363,8.352
1432031.91,1431669.08,1698379920,8.351,8.351
1431835.34,1431467.17,1698379980,8.351,8.354
1431766.88,1429013.41,1698380040,8.353,8.338
1429042.25,1429600.07,1698380100,8.338,8.346
1430977.55,1431460.52,1698380160,8.346,8.334
1430800.14,1428494.93,1698380220,8.334,8.313
1428070.3,1427225.38,1698380280,8.315,8.313
1424913.07,1425056.2,1698380340,8.311,8.304
1424664.65,1424092.63,1698380400,8.304,8.308
1424343.98,1422625.02,1698380460,8.31,8.318
1422147.95,1422658.59,1698380520,8.319,8.295
1425278.34,1419912.66,1698380580,8.293,8.29
1419918.55,1420081.23,1698380640,8.289,8.292
1420191.66,1420175.7,1698380700,8.293,8.285
1419995.23,1419527.39,1698380760,8.285,8.295
1420398.35,1419845.79,1698380820,8.296,8.316
1418261,1418264.37,1698380880,8.315,8.307
1419959.66,1418779.6,1698380940,8.306,8.287
1418526.04,1418552.31,1698381000,8.288,8.3
1418358.81,1415142.54,1698381060,8.299,8.275
1412671.8,1411746.7,1698381120,8.274,8.278
1411611.86,1411698.75,1698381180,8.278,8.276
1411519.89,1410679.81,1698381240,8.277,8.264
1410781.2,1411350.93,1698381300,8.264,8.271
1411360.84,1402910.71,1698381360,8.273,8.231
1402006.23,1402371.67,1698381420,8.231,8.251
1403783.32,1404778.55,1698381480,8.252,8.256
1405269.39,1403378.56,1698381540,8.255,8.256
1403513.27,1403652.85,1698381600,8.255,8.265
1403111.99,1403064.63,1698381660,8.264,8.256
1403352.74,1404058.76,1698381720,8.257,8.261
1404273.57,1405920.99,1698381780,8.26,8.25
1406044.08,1406188.58,1698381840,8.25,8.244
1407621.72,1407359.84,1698381900,8.244,8.27
1406697.09,1409217.97,1698381960,8.271,8.288
1411304.74,1412184.83,1698382020,8.287,8.302
1412590.72,1411775.25,1698382080,8.303,8.296
1411159.03,1412674.21,1698382140,8.296,8.314
1412915.13,1413062.56,1698382200,8.311,8.319
1412709.4,1413606.17,1698382260,8.318,8.316
1413565.19,1413565.19,1698382320,8.317,8.308
1414112.26,1414117.22,1698382380,8.308,8.31
1414285.14,1414933.97,1698382440,8.311,8.323
1414622.35,1415603.13,1698382500,8.324,8.329
1415859.64,1414954.25,1698382560,8.328,8.348
1417664.29,1420478.1,1698382620,8.349,8.356
1420699.48,1419437.83,1698382680,8.356,8.337
1419772,1421144.29,1698382740,8.337,8.355
1420382.15,1420552.16,1698382800,8.358,8.356
1423762.59,1426433.58,1698382860,8.355,8.369
1426234.78,1426217.59,1698382920,8.369,8.376
1426990.24,1428443.68,1698382980,8.376,8.381
1432447.86,1431398.71,1698383040,8.381,8.396
1431671.65,1433148.46,1698383100,8.395,8.379
1433352.06,1432990.88,1698383160,8.378,8.363
1433399.66,1433714.19,1698383220,8.363,8.354
1433842.95,1435905.6,1698383280,8.355,8.355
1435889.99,1435067.06,1698383340,8.354,8.353
1433266.8,1434632.5,1698383400,8.352,8.362
1434381.42,1434475.29,1698383460,8.361,8.385
1435372.77,1434735.11,1698383520,8.384,8.396
1442913.31,1443078.92,1698383580,8.397,8.391
1444088.37,1444127.71,1698383640,8.393,8.384
1447245.68,1447017.54,1698383700,8.384,8.399
1447453.69,1447460.71,1698383760,8.397,8.385
1448312.7,1448560.66,1698383820,8.385,8.385
1453510.44,1453662.32,1698383880,8.386,8.343
1453443.3,1453399.31,1698383940,8.343,8.346
1453094.29,1454874.95,1698384000,8.345,8.356
1464114.99,1466902.35,1698384060,8.358,8.38
1468085.86,1467549.65,1698384120,8.379,8.381
1468956.38,1470518.8,1698384180,8.381,8.385
1473315.62,1474641.32,1698384240,8.386,8.365
1473110.49,1476427.02,1698384300,8.365,8.402
1473948.92,1474425.21,1698384360,8.402,8.449
1475118.81,1480157.97,1698384420,8.449,8.447
1480533.75,1481663.82,1698384480,8.448,8.448
1482668.66,1477630.46,1698384540,8.447,8.397
1458520.84,1456019.71,1698384600,8.397,8.357
1456644.07,1456301.97,1698384660,8.356,8.334
1457474.43,1452975.58,1698384720,8.334,8.317
1452293.65,1453904.78,1698384780,8.317,8.366
1453385.74,1452528.11,1698384840,8.367,8.349
1452558.17,1454650.6,1698384900,8.35,8.361
1454078.42,1453736.33,1698384960,8.363,8.376
1452361.75,1451730.16,1698385020,8.376,8.364
1441399.26,1446417.14,1698385080,8.363,8.333
1446396.92,1447617.54,1698385140,8.334,8.345
1448210.89,1450339.91,1698385200,8.343,8.368
1451163.06,1449014.01,1698385260,8.368,8.357
1450897.79,1450100.9,1698385320,8.356,8.346
1444134.71,1444539.78,1698385380,8.348,8.382
1440125.98,1439487.99,1698385440,8.381,8.368
1437954.33,1438462.33,1698385500,8.368,8.359
1438170.44,1438613.01,1698385560,8.359,8.372
1438612.21,1438471.73,1698385620,8.371,8.348
1437722.41,1437193.49,1698385680,8.347,8.364
1437109.82,1438126.58,1698385740,8.365,8.377
1442102.38,1442322.46,1698385800,8.377,8.358
1441869,1441618.2,1698385860,8.353,8.354
1441388.41,1442196.34,1698385920,8.352,8.349
1441769.18,1443281.68,1698385980,8.348,8.332
1443097.75,1442112.13,1698386040,8.333,8.318
1440321.54,1439005.09,1698386100,8.318,8.309
1438796.43,1438796.43,1698386160,8.311,8.317
1439539.35,1439918.98,1698386220,8.316,8.316
1439110.38,1439110.38,1698386280,8.314,8.328
1440094.86,1440524.85,1698386340,8.327,8.322
1440020.17,1440525.96,1698386400,8.323,8.332
1446559.54,1447154.26,1698386460,8.331,8.339
1447135.97,1448047.5,1698386520,8.338,8.338
1452224.28,1451533.58,1698386580,8.338,8.327
1452113.61,1453028.43,1698386640,8.326,8.33
1452673.63,1455905.51,1698386700,8.331,8.34
1458196.59,1457614.02,1698386760,8.339,8.34
1459576.54,1461791.96,1698386820,8.34,8.35
1461303.61,1461679.86,1698386880,8.351,8.355
1462738.9,1464162.4,1698386940,8.355,8.365
1468050.15,1469290.87,1698387000,8.365,8.37
1468377.96,1470680.56,1698387060,8.37,8.358
1471008.05,1472374.9,1698387120,8.359,8.377
1473844.78,1473844.78,1698387180,8.377,8.381
1474144.66,1475104.56,1698387240,8.382,8.401
1476886.06,1479444.31,1698387300,8.401,8.379
1476387.93,1478711.82,1698387360,8.381,8.387
1477977.9,1480213.03,1698387420,8.386,8.395
1479774,1480157.9,1698387480,8.395,8.387
1479858.42,1486736.25,1698387540,8.388,8.429
1484206.06,1490851.12,1698387600,8.429,8.443
1490830.22,1493798.62,1698387660,8.443,8.435
1493842.6,1496911.21,1698387720,8.436,8.442
1497223.47,1498857.41,1698387780,8.441,8.435
1500324,1500750.96,1698387840,8.435,8.457
1504206.12,1505924.56,1698387900,8.456,8.481
1509405.36,1509436.47,1698387960,8.482,8.452
1509749.15,1511378.97,1698388020,8.452,8.449
1510430.32,1507433.31,1698388080,8.451,8.446
1507700.69,1505299.94,1698388140,8.447,8.448
1508524.26,1512260.04,1698388200,8.447,8.453
1512358.89,1511459.24,1698388260,8.454,8.429
1510095.44,1511471.7,1698388320,8.429,8.432
1511940.65,1513178.98,1698388380,8.433,8.439
1514135.78,1513944.84,1698388440,8.438,8.437
1514355.56,1516197.18,1698388500,8.436,8.458
1516932.78,1517875.42,1698388560,8.458,8.457
1517838.72,1519196.24,1698388620,8.458,8.456
1520821.2,1521301.41,1698388680,8.456,8.454
1525166.09,1527626.81,1698388740,8.451,8.459
1528019.81,1530545.72,1698388800,8.459,8.455
1530937.82,1533347.45,1698388860,8.454,8.476
1537883.32,1539413,1698388920,8.476,8.472
1540337.59,1544219.03,1698388980,8.473,8.484
1545301.96,1547932.78,1698389040,8.484,8.479
1549053.11,1551101.38,1698389100,8.48,8.471
1555163.66,1561994.79,1698389160,8.47,8.453
1561491.27,1571981.35,1698389220,8.453,8.473
1572401.87,1577077.82,1698389280,8.474,8.476
1579572.04,1582442.39,1698389340,8.475,8.481
1586557.71,1587983.32,1698389400,8.481,8.499
1591890.42,1596375.71,1698389460,8.498,8.528
1600146.42,1603769.05,1698389520,8.527,8.537
1608005.23,1608005.23,1698389580,8.533,8.521
1617969.95,1622386.08,1698389640,8.519,8.532
1628896.29,1638019.82,1698389700,8.532,8.547
1639806.75,1642083.8,1698389760,8.546,8.547
1643424.39,1647954.63,1698389820,8.546,8.563
1650692.09,1653801.83,1698389880,8.562,8.569
1660146.63,1660424.9,1698389940,8.569,8.552
1662989.58,1667511.46,1698390000,8.551,8.58
1671614.32,1679159.43,1698390060,8.581,8.574
1705750.33,1705750.33,1698390120,8.57,8.548
1712984.76,1714272.24,1698390180,8.55,8.569
1717320.8,1719591.84,1698390240,8.571,8.56
1721177.25,1727130.31,1698390300,8.557,8.541
1733861.38,1734738.43,1698390360,8.542,8.554
1737201.65,1742332.14,1698390420,8.551,8.561
1746311.03,1751548.95,1698390480,8.561,8.673
1747360.23,1756938.15,1698390540,8.676,8.649
1754878.83,1761957.62,1698390600,8.648,8.671
1774031.22,1788461.12,1698390660,8.665,8.656
1791113.66,1795726.02,1698390720,8.652,8.659
1802176.39,1813401.7,1698390780,8.654,8.653
1820803.36,1830861.5,1698390840,8.65,8.661
1835976.73,1844760.57,1698390900,8.662,8.662
1857069.25,1865198.21,1698390960,8.663,8.653
1863577.68,1862831.11,1698391020,8.649,8.621
1865245.27,1866912.28,1698391080,8.619,8.623
1866951.56,1867184.58,1698391140,8.623,8.634
1870232.67,1870784.94,1698391200,8.633,8.624
1872187.58,1881044.27,1698391260,8.624,8.648
1884596.23,1891382.12,1698391320,8.65,8.653
1893663.23,1895762.73,1698391380,8.654,8.576
1901904.67,1896972.28,1698391440,8.578,8.551
1885708.3,1890397.37,1698391500,8.55,8.573
1894938.3,1896372.72,1698391560,8.572,8.59
1900237.15,1904168.22,1698391620,8.59,8.591
1907324.51,1909639.7,1698391680,8.587,8.587
1912132.46,1914790.04,1698391740,8.589,8.577
1916442.31,1915299.52,1698391800,8.578,8.566
1917689.12,1921731.52,1698391860,8.563,8.566
1925161.98,1930120.85,1698391920,8.566,8.607
1931505.56,1931505.56,1698391980,8.602,8.57
1933802.05,1935173.78,1698392040,8.571,8.564
1932284.15,1932558.14,1698392100,8.563,8.568
1933758.38,1934228.4,1698392160,8.568,8.579
1935842.33,1935637.51,1698392220,8.579,8.556
1929846.4,1929160.64,1698392280,8.556,8.55
1927057.44,1922168.59,1698392340,8.551,8.533
1921691.01,1920286.79,1698392400,8.533,8.517
1919933.06,1894922.23,1698392460,8.517,8.52
1899169.46,1891957.57,1698392520,8.52,8.531
1886174.42,1886129.99,1698392580,8.532,8.526
1891897.56,1893722.69,1698392640,8.527,8.549
1892876.67,1904485.35,1698392700,8.548,8.557
1906066.2,1906081.86,1698392760,8.555,8.546
1907505.24,1907149.25,1698392820,8.546,8.54
1908847.33,1911395.21,1698392880,8.539,8.569
1903741.72,1901819.98,1698392940,8.569,8.552
1914287.06,1917246.72,1698393000,8.552,8.562
1918945.63,1921995.4,1698393060,8.56,8.564
1923269.16,1925476.66,1698393120,8.562,8.565
1925211.85,1926641.69,1698393180,8.562,8.554
1927702.77,1927019.41,1698393240,8.554,8.532
1927086.34,1926749,1698393300,8.531,8.547
1929745.22,1930776.18,1698393360,8.547,8.522
1930082.25,1930762.55,1698393420,8.521,8.521
1932177.41,1934677.62,1698393480,8.521,8.547
1936541.52,1938680.74,1698393540,8.546,8.55
1940815.09,1944293.04,1698393600,8.551,8.542
1944862.08,1945630.63,1698393660,8.542,8.544
1946794.4,1948872.55,1698393720,8.544,8.552
1951559.55,1952861.68,1698393780,8.553,8.543
1955198.75,1956346.9,1698393840,8.542,8.54
1957185.94,1955564.9,1698393900,8.537,8.513
1955592.2,1943478.23,1698393960,8.512,8.488
1943820.75,1943660,1698394020,8.488,8.486
1943809.78,1946668.35,1698394080,8.487,8.52
1949986.83,1952597.35,1698394140,8.521,8.544
1952567.92,1950616.29,1698394200,8.545,8.533
1951037.19,1951463.73,1698394260,8.533,8.527
1952617.98,1954791.66,1698394320,8.529,8.544
1956212.74,1959600.4,1698394380,8.542,8.578
1966001.95,1966855.11,1698394440,8.578,8.605
1977598.33,1981203.12,1698394500,8.605,8.601
1982041.83,1983832.39,1698394560,8.602,8.59
1987809.45,1989373.46,1698394620,8.59,8.614
1994550.58,2004297.22,1698394680,8.615,8.626
2012609.87,2014192.34,1698394740,8.626,8.622
2013950.9,2015605.17,1698394800,8.622,8.64
2020372.95,2027136.81,1698394860,8.64,8.648
2028567.92,2030871.18,1698394920,8.648,8.647
2032644.94,2035306.88,1698394980,8.643,8.636
2037369.37,2037361.2,1698395040,8.637,8.644
2041013.1,2047242.28,1698395100,8.645,8.649
2051379.43,2058126.12,1698395160,8.65,8.653
2058369.33,2058184.81,1698395220,8.654,8.653
2069761.18,2069818.38,1698395280,8.652,8.642
2071727.55,2072348.62,1698395340,8.639,8.661
2080337.89,2083654.98,1698395400,8.661,8.625
2085140.13,2090234.75,1698395460,8.625,8.64
2093410.49,2095218.8,1698395520,8.641,8.632
2098650.47,2101906.75,1698395580,8.632,8.641
2105101.17,2110656.98,1698395640,8.641,8.644
2112582.81,2116891.68,1698395700,8.646,8.66
2119226.54,2122324.17,1698395760,8.66,8.649
2123607.97,2136367.74,1698395820,8.649,8.646
2138644.11,2142297.93,1698395880,8.648,8.66
2146025.1,2152162.74,1698395940,8.66,8.668
2161481.85,2161194.72,1698396000,8.668,8.695
2160574.81,2172290.37,1698396060,8.694,8.709
2176320.39,2176519.58,1698396120,8.71,8.732
2188732.84,2185912.14,1698396180,8.731,8.806
2185967.25,2192786.02,1698396240,8.804,8.796
2183545.52,2185525.36,1698396300,8.794,8.78
2185465.4,2173649.97,1698396360,8.78,8.784
2175666.62,2184439.87,1698396420,8.784,8.8
2186787.73,2189837.49,1698396480,8.799,8.76
2186386.41,2189272.08,1698396540,8.761,8.782
2192883.62,2192034.07,1698396600,8.78,8.743
2192107.38,2192077.28,1698396660,8.743,8.785
2193376.84,2197715.42,1698396720,8.785,8.784
2200824.4,2203192.88,1698396780,8.784,8.821
2206147.95,2214134.83,1698396840,8.822,8.844
2218098.86,2220749.92,1698396900,8.843,8.824
2224653.86,2224702.21,1698396960,8.826,8.842
2228027.36,2229702.07,1698397020,8.842,8.821
2231983.12,2232401.54,1698397080,8.821,8.809
2230787.78,2231717.31,1698397140,8.81,8.806
2237203.04,2239337.59,1698397200,8.807,8.802
2240100.39,2242319.48,1698397260,8.8,8.808
2242435.81,2246466.77,1698397320,8.806,8.782
2247043.53,2249492.29,1698397380,8.782,8.795
2250677.36,2250781.69,1698397440,8.794,8.778
2249948.28,2252085.55,1698397500,8.776,8.79
2253205.86,2251405.69,1698397560,8.789,8.76
2248680.34,2249863.94,1698397620,8.76,8.765
2249514.55,2250527.53,1698397680,8.766,8.785
2253152.15,2255352.95,1698397740,8.786,8.77
2257927.57,2261499.69,1698397800,8.77,8.768
2263277.9,2259054.29,1698397860,8.767,8.766
2261307.23,2264282.54,1698397920,8.765,8.772
2265312.99,2267942.12,1698397980,8.771,8.752
2266934.79,2271084.62,1698398040,8.75,8.774
2272752.19,2276848.68,1698398100,8.775,8.789
2279488.6,2283085.67,1698398160,8.789,8.788
2291031.59,2292294.64,1698398220,8.789,8.805
2290841.84,2299300.65,1698398280,8.805,8.815
2300280.8,2303929.48,1698398340,8.815,8.823
2305637.07,2308311.21,1698398400,8.823,8.818
2314578.95,2316692.55,1698398460,8.818,8.809
2316974.91,2319180.87,1698398520,8.809,8.833
2330002.29,2332767.69,1698398580,8.834,8.823
2336768.6,2339331.62,1698398640,8.824,8.837
2339362.48,2339362.48,1698398700,8.838,8.852
2341088.57,2340235.54,1698398760,8.851,8.864
2343355.95,2344984.37,1698398820,8.864,8.854
2346430.37,2348245.89,1698398880,8.854,8.844
2359061.76,2366335.05,1698398940,8.845,8.88
2369734.84,2375067.75,1698399000,8.879,8.871
2379743.42,2382116.33,1698399060,8.874,8.872
2394248.45,2393008.12,1698399120,8.873,8.952
2394641.5,2391106.8,1698399180,8.951,8.971
2394603.33,2403297.36,1698399240,8.97,9.004
2415783.57,2441701.76,1698399300,9.004,9.027
2444124.84,2454613.22,1698399360,9.027,8.997
2454213.57,2477683.89,1698399420,8.996,9.038
2474456.49,2480824.75,1698399480,9.039,9.019
2487783.57,2481325.52,1698399540,9.016,8.994
2472633.6,2481797.43,1698399600,8.992,8.964
2482698.61,2501521.12,1698399660,8.962,8.995
2512032.69,2518346.9,1698399720,8.996,8.968
2521908.55,2525117.65,1698399780,8.968,8.978
2525377.16,2531278.58,1698399840,8.977,8.989
2532706.7,2536265.21,1698399900,8.987,8.959
2528869.33,2530010.72,1698399960,8.96,8.941
2539029.43,2538034.98,1698400020,8.939,8.937
2536220.39,2536775.35,1698400080,8.936,8.953
2540675.62,2546903.52,1698400140,8.954,8.948
2549784.45,2556371.87,1698400200,8.946,8.966
2561853.39,2562847.98,1698400260,8.965,8.975
2568157.98,2569113.21,1698400320,8.976,8.962
2570541,2573445.47,1698400380,8.962,8.952
2576693.44,2583896.63,1698400440,8.952,8.963
2584839.03,2588361.18,1698400500,8.963,8.956
2586889.11,2589718.15,1698400560,8.956,8.972
2593362.01,2591189.76,1698400620,8.972,9.033
2597081,2597251.37,1698400680,9.034,9.044
2600015.59,2598983.76,1698400740,9.044,9.026
2605606.71,2614549.74,1698400800,9.026,9.024
2611191.87,2611191.87,1698400860,9.023,8.986
2614649.95,2615956.07,1698400920,8.985,9.001
2624996.36,2626561.69,1698400980,9.002,9.023
2629694.67,2636450,1698401040,9.024,9.038
2643062.58,2644040.52,1698401100,9.04,9.047
2648433.25,2644318.08,1698401160,9.048,9.019
2645371.43,2651327.06,1698401220,9.018,9.03
2657036.94,2655479.94,1698401280,9.033,9.007
2650635.97,2648998.22,1698401340,9.006,8.976
2641028.79,2622802.27,1698401400,8.976,8.902
2599500.2,2590765.23,1698401460,8.901,8.87
2590738.98,2593045.66,1698401520,8.871,8.873
2598147.9,2581868.81,1698401580,8.874,8.847
2574838.85,2572816.03,1698401640,8.848,8.844
2571009,2575585.11,1698401700,8.845,8.866
2577558.8,2579785.57,1698401760,8.865,8.821
2570991.99,2572392.31,1698401820,8.823,8.826
2571553.47,2569970.78,1698401880,8.826,8.825
2570577.9,2572338.69,1698401940,8.825,8.811
2571414.96,2573970.7,1698402000,8.81,8.812
2574872.35,2576426.37,1698402060,8.812,8.821
2573490.35,2555257.18,1698402120,8.821,8.808
2555972.71,2557695.12,1698402180,8.807,8.829
2556134.16,2563008.7,1698402240,8.831,8.838
2562366.49,2562265.31,1698402300,8.839,8.824
2563386.92,2564196.59,1698402360,8.824,8.821
2563343.19,2563251.94,1698402420,8.822,8.818
2562056.97,2564362.57,1698402480,8.818,8.818
2564965.46,2565722.9,1698402540,8.819,8.83
2565521.02,2564823.49,1698402600,8.828,8.755
2546955.8,2549502.64,1698402660,8.755,8.775
2548041.78,2548246.16,1698402720,8.777,8.791
2552309.67,2552900.27,1698402780,8.791,8.778
2552679.46,2553934.81,1698402840,8.779,8.772
2543653.96,2538962.82,1698402900,8.772,8.747
2539119.19,2530997.04,1698402960,8.747,8.738
2530926.5,2528222.76,1698403020,8.739,8.745
2527631.24,2527526.46,1698403080,8.743,8.751
2528758.97,2527606.05,1698403140,8.751,8.758
2529519.06,2528087.7,1698403200,8.758,8.793
2521904.99,2522458.55,1698403260,8.794,8.759
2522615.83,2518686.37,1698403320,8.759,8.737
2519648.9,2520816.44,1698403380,8.738,8.745
2520214.22,2522535.67,1698403440,8.747,8.76
2522799.88,2523010.52,1698403500,8.761,8.773
2523346.41,2522685.69,1698403560,8.775,8.761
2528246.72,2529299.76,1698403620,8.76,8.763
2524696.93,2526204.42,1698403680,8.763,8.757
2528137.3,2530182.57,1698403740,8.756,8.754
2530158.99,2530032.79,1698403800,8.755,8.76
2531071.41,2527640.16,1698403860,8.758,8.727
2529646.86,2528979.32,1698403920,8.728,8.754
2532730.78,2532730.78,1698403980,8.755,8.743
2531746.66,2531342.68,1698404040,8.743,8.74
2531860.94,2529587.51,1698404100,8.74,8.737
2529300.91,2532777.37,1698404160,8.737,8.75
2532877.44,2532571.41,1698404220,8.749,8.763
2531266.46,2537218.53,1698404280,8.763,8.79
2537203.44,2537958.41,1698404340,8.79,8.787
2544550.97,2543849.62,1698404400,8.787,8.778
2544625.87,2546018.18,1698404460,8.777,8.79
2545910.3,2546562.31,1698404520,8.79,8.776
2550548.4,2548718.55,1698404580,8.776,8.819
2563087.06,2564666.01,1698404640,8.818,8.83
2565305.67,2570717.87,1698404700,8.83,8.838
2576763.16,2579982.93,1698404760,8.837,8.821
2577890.18,2576459.38,1698404820,8.821,8.801
2576060.29,2575875.35,1698404880,8.801,8.785
2573934.1,2574108.43,1698404940,8.784,8.807
2578142.18,2579311.75,1698405000,8.806,8.822
2581708.5,2587809.82,1698405060,8.822,8.827
2588275.26,2588079.39,1698405120,8.828,8.837
2589549.9,2590444.41,1698405180,8.835,8.833
2593887.09,2591406.27,1698405240,8.834,8.829
2592552.84,2588499.38,1698405300,8.828,8.859
2590870.58,2590895.32,1698405360,8.859,8.872
2586434.13,2588778.2,1698405420,8.872,8.875
2591374.87,2586919.24,1698405480,8.877,8.902
2589302.46,2595376.26,1698405540,8.903,8.916
2600629.35,2601335.16,1698405600,8.914,8.908
2602746.85,2591866.37,1698405660,8.908,8.868
2592116.34,2588588.44,1698405720,8.867,8.846
2586873.18,2586395.08,1698405780,8.845,8.838
2588704.94,2588122.58,1698405840,8.839,8.87
2588253.26,2593006.5,1698405900,8.871,8.909
2589083.57,2589448.52,1698405960,8.91,8.887
2590474.19,2607772.81,1698406020,8.886,8.884
2609071.18,2606371.92,1698406080,8.883,8.837
2601964.53,2602494.19,1698406140,8.836,8.816
2600127.61,2601312.52,1698406200,8.816,8.848
2601869.32,2601970.39,1698406260,8.847,8.825
2602421.27,2601971.2,1698406320,8.824,8.842
2601713.28,2600553.37,1698406380,8.842,8.838
2601376.56,2601072.8,1698406440,8.838,8.855
2601751.1,2603068.79,1698406500,8.854,8.844
2603526.55,2602220.3,1698406560,8.843,8.842
2601925.69,2601244.55,1698406620,8.841,8.818
2599053.42,2599379.96,1698406680,8.818,8.832
2598619.66,2598284.19,1698406740,8.833,8.831
2598381.88,2598594.67,1698406800,8.83,8.838
2598786.6,2598744.62,1698406860,8.837,8.844
2598950.21,2600289.48,1698406920,8.844,8.844
2600724.1,2600973.82,1698406980,8.843,8.822
2601535.74,2601194.38,1698407040,8.822,8.823
2601737.05,2601872.02,1698407100,8.823,8.835
2603508.18,2604412.95,1698407160,8.836,8.818
2603752.02,2596220.87,1698407220,8.818,8.796
2596977.03,2594946.17,1698407280,8.796,8.805
2594959.87,2595767.54,1698407340,8.805,8.81
2597319.93,2598514.42,1698407400,8.812,8.805
2598258.82,2598624.4,1698407460,8.805,8.872
2592421.18,2593445.49,1698407520,8.87,8.856
2595569.63,2598000.87,1698407580,8.855,8.858
2598002.27,2599779.98,1698407640,8.858,8.878
2602495.93,2603150.91,1698407700,8.878,8.876
2603394.13,2602719.02,1698407760,8.876,8.884
2612608.09,2612660.04,1698407820,8.885,8.877
2611436.06,2612965.79,1698407880,8.877,8.881
2614511.24,2616629.88,1698407940,8.881,8.876
2620544.77,2620913.29,1698408000,8.877,8.86
2621047.35,2621674.83,1698408060,8.861,8.866
2619685.83,2616757.75,1698408120,8.866,8.841
2618746.6,2618746.6,1698408180,8.841,8.843
2618763.61,2618591.25,1698408240,8.843,8.837
2619412.85,2617845.34,1698408300,8.838,8.876
2622091.78,2625578.82,1698408360,8.877,8.846
2626442.78,2628041.99,1698408420,8.845,8.866
2630613.93,2628012.33,1698408480,8.865,8.853
2628497.8,2628023.38,1698408540,8.853,8.831
2628280.66,2627849.06,1698408600,8.831,8.838
2628067.46,2625763.49,1698408660,8.839,8.896
2623621.86,2615998.68,1698408720,8.896,8.859
2617374.63,2618535.01,1698408780,8.857,8.84
2618978.73,2619092.98,1698408840,8.841,8.837
2617707.25,2619349.44,1698408900,8.837,8.824
2616167.04,2616604.34,1698408960,8.824,8.83
2617636.17,2618444.5,1698409020,8.829,8.829
2616585.13,2617014.68,1698409080,8.828,8.828
2614522.34,2616453.48,1698409140,8.827,8.83
2614896.58,2618474.23,1698409200,8.829,8.937
2619153.27,2618596.32,1698409260,8.937,8.913
2619755.97,2619234.63,1698409320,8.911,8.898
2623611.93,2623927.35,1698409380,8.897,8.895
2622670.74,2622082.36,1698409440,8.895,8.897
2625514.9,2626367.48,1698409500,8.897,8.875
2628474.33,2631208.1,1698409560,8.873,8.906
2632681.85,2631600.27,1698409620,8.907,8.881
2630564.5,2633448.81,1698409680,8.881,8.888
2632854.94,2632036.69,1698409740,8.888,8.904
2649037.42,2651625.34,1698409800,8.905,8.915
2658688.88,2662196.75,1698409860,8.916,8.925
2662684.44,2662510.1,1698409920,8.924,8.945
2666343.86,2670096.62,1698409980,8.944,8.928
2670625.82,2673522.43,1698410040,8.928,8.938
2673694.88,2671915.39,1698410100,8.938,8.898
2661650.42,2658914.72,1698410160,8.897,8.896
2657791.82,2653667.63,1698410220,8.896,8.88
2649504.77,2650043.1,1698410280,8.88,8.897
2640090,2640016.1,1698410340,8.897,8.912
2643394.25,2646074.47,1698410400,8.912,8.922
2649220.32,2649319.22,1698410460,8.922,8.917
2648544.85,2648970.35,1698410520,8.916,8.917
2647702.33,2647210.25,1698410580,8.918,8.934
2644410.78,2644395.51,1698410640,8.933,8.925
2643598.4,2645482.55,1698410700,8.925,8.931
2645297.8,2645125.99,1698410760,8.929,8.903
2635037.77,2633980.06,1698410820,8.904,8.896
2633155.23,2633155.23,1698410880,8.896,8.916
2635052.43,2637253.39,1698410940,8.916,8.919
2636418.53,2640648.47,1698411000,8.917,8.932
2640182.75,2639690.78,1698411060,8.931,8.925
2637581.87,2636273.42,1698411120,8.924,8.951
2643036.86,2643070.48,1698411180,8.951,8.943
2643659.91,2644263.86,1698411240,8.943,8.969
2647307.44,2645511.5,1698411300,8.97,8.961
2639905.71,2639582.74,1698411360,8.961,8.98
2638233.27,2651725.27,1698411420,8.98,9.031
2654817.2,2648218.37,1698411480,9.031,9.114
2651835.61,2651977.97,1698411540,9.113,9.103
2654091.28,2656071.78,1698411600,9.103,9.098
2656460.39,2665333.69,1698411660,9.097,9.082
2667625,2664856.42,1698411720,9.081,9.046
2659936.44,2663049.83,1698411780,9.045,9.07
2663664.28,2666181.33,1698411840,9.07,9.085
2664549.68,2668862.34,1698411900,9.086,9.046
2669676.26,2673622.97,1698411960,9.048,9.068
2677762.89,2697456.12,1698412020,9.069,9.158
2717178.43,2723328.42,1698412080,9.157,9.114
2729498.45,2729498.45,1698412140,9.114,9.123
2733032.91,2739995.97,1698412200,9.121,9.132
2743429.97,2748292.65,1698412260,9.132,9.164
2757072.84,2763944.54,1698412320,9.163,9.145
2779976.91,2784759.1,1698412380,9.145,9.145
2782909.97,2788483.88,1698412440,9.145,9.134
2789184.64,2788816.4,1698412500,9.135,9.107
2757646.66,2739412.45,1698412560,9.106,9.069
2736807.2,2733066.23,1698412620,9.069,9.062
2733122.76,2730636.99,1698412680,9.061,9.036
2721588.79,2713033.78,1698412740,9.036,9.05
2689325.43,2681763.37,1698412800,9.051,9.024
2677128.36,2673636.01,1698412860,9.025,9.029
2669301.43,2660677.79,1698412920,9.029,9.016
2659986.71,2662956.53,1698412980,9.015,9.02
2662517.81,2664434.86,1698413040,9.021,9.032
2665013.94,2665366.03,1698413100,9.034,9.025
2667694.67,2675154.41,1698413160,9.027,9.045
2675426.08,2674848.34,1698413220,9.045,9.047
2674973.87,2676098.07,1698413280,9.047,9.032
2676805.98,2675226.02,1698413340,9.032,9.031
2677477.9,2676913.12,1698413400,9.032,9.01
2675962.28,2676554.09,1698413460,9.01,9.026
2675343.48,2675883.99,1698413520,9.026,9.055
2675498.48,2676391.95,1698413580,9.054,9.035
2675804.97,2676062.02,1698413640,9.034,9.035
2675776.04,2675846.96,1698413700,9.033,9.028
2675443.75,2675388.39,1698413760,9.027,9.019
2675659.57,2674775.17,1698413820,9.018,9.047
2676558.38,2678702.85,1698413880,9.046,9.049
2683064.01,2685033.8,1698413940,9.05,9.033
2684169.48,2685414.27,1698414000,9.033,9.077
2691859.16,2692599.4,1698414060,9.077,9.095
2696167.84,2700951.66,1698414120,9.094,9.095
2702588,2710221.24,1698414180,9.095,9.063
2705772.28,2707102.14,1698414240,9.062,9.074
2709028.14,2709890.35,1698414300,9.075,9.084
2711513.07,2712823.33,1698414360,9.084,9.089
2714313.73,2716171.59,1698414420,9.089,9.065
2714450.12,2718097.06,1698414480,9.065,9.092
2719926.82,2723372.15,1698414540,9.092,9.069
2724488.6,2727176.59,1698414600,9.069,9.123
2733015.76,2739268.49,1698414660,9.123,9.167
2739881.77,2744133.29,1698414720,9.166,9.158
2745988.48,2750105.36,1698414780,9.157,9.128
2755275.96,2755069.04,1698414840,9.128,9.123
2751631.53,2751318.82,1698414900,9.122,9.108
2746424.94,2747933.88,1698414960,9.109,9.112
2743284.29,2743284.29,1698415020,9.113,9.09
2741411.87,2738041.13,1698415080,9.088,9.062
2738513.89,2739020.71,1698415140,9.063,9.059
2736732.54,2736719.63,1698415200,9.06,9.058
2737713.82,2736254.63,1698415260,9.057,9.096
2735873.7,2735388.17,1698415320,9.097,9.095
2737298.36,2738497.43,1698415380,9.096,9.116
2740186.78,2744761.43,1698415440,9.116,9.092
2753937.05,2753986.23,1698415500,9.092,9.083
2752548.25,2752466.24,1698415560,9.083,9.089
2756791.11,2753594.66,1698415620,9.09,9.018
2729071.12,2689400.05,1698415680,9.018,8.943
2687150.96,2687285.51,1698415740,8.947,8.98
2682047.61,2684026.08,1698415800,8.981,8.995
2680789.89,2686810.59,1698415860,8.996,8.969
2681239.02,2681051.24,1698415920,8.969,8.969
2681416.75,2690813.47,1698415980,8.969,8.995
2693425.49,2696308.06,1698416040,8.995,8.983
2697141.89,2686337.36,1698416100,8.983,8.977
2684268.06,2684464.79,1698416160,8.977,9.029
2694384.98,2699039.43,1698416220,9.028,9.029
2702290.82,2705644,1698416280,9.028,9.019
2705854.2,2699814.07,1698416340,9.019,9.017
2700238.18,2700177.31,1698416400,9.019,9.003
2690814.04,2674481.72,1698416460,9.002,8.983
2682867.5,2682867.5,1698416520,8.982,8.985
2683079.61,2686968.03,1698416580,8.985,9.005
2695864.63,2701434.09,1698416640,9.006,8.987
2699252.36,2697758.18,1698416700,8.988,8.994
2702628.3,2702604.23,1698416760,8.994,9.005
2701733.19,2701718.55,1698416820,9.005,8.993
2703624.85,2703363.47,1698416880,8.994,8.983
2704201.89,2703235.97,1698416940,8.983,8.969
2702489.12,2703832.57,1698417000,8.97,8.976
2705502.76,2693906.98,1698417060,8.975,8.939
2694437.79,2690435.99,1698417120,8.937,8.935
2690817.61,2657135.41,1698417180,8.935,8.829
2642122.58,2644061.87,1698417240,8.83,8.889
2642747.78,2643941.42,1698417300,8.89,8.902
2642937.61,2641307.3,1698417360,8.903,8.898
2642898.77,2645979.55,1698417420,8.898,8.901
2646193.94,2650882.77,1698417480,8.9,8.902
2650955.54,2650656.21,1698417540,8.902,8.886
2652841.07,2653961.88,1698417600,8.887,8.907
2651784.45,2650193.79,1698417660,8.906,8.933
2649950.99,2649799.77,1698417720,8.933,8.923
2651790.03,2656850.31,1698417780,8.924,8.932
2657514.1,2657514.1,1698417840,8.933,8.92
2656853.36,2657282.35,1698417900,8.922,8.917
2657321.16,2653373.55,1698417960,8.918,8.892
2647017.31,2647878.22,1698418020,8.89,8.91
2648918.88,2651296.35,1698418080,8.911,8.898
2658984.97,2659228.71,1698418140,8.897,8.886
2660450.07,2660982.31,1698418200,8.887,8.878
2656513.96,2657527.98,1698418260,8.879,8.893
2657686.91,2657686.91,1698418320,8.891,8.902
2662729.25,2663696.53,1698418380,8.904,8.883
2664323.35,2662799.15,1698418440,8.882,8.879
2661722.53,2659488.57,1698418500,8.879,8.883
2664161.72,2668292.31,1698418560,8.885,8.891
2669947.16,2670820.64,1698418620,8.89,8.879
2671961.55,2670096.57,1698418680,8.88,8.865
2671160.28,2670595,1698418740,8.866,8.888
2670919.4,2669908.18,1698418800,8.887,8.857
2672696.46,2673547.06,1698418860,8.856,8.88
2673366.56,2668934.72,1698418920,8.878,8.914
2672750.29,2676511.97,1698418980,8.914,8.919
2688374.86,2690572.25,1698419040,8.918,8.925
2681451.65,2682579.17,1698419100,8.925,8.912
2681991.62,2683744.31,1698419160,8.911,8.877
2679848.64,2679848.64,1698419220,8.878,8.93
2681870.68,2685212.15,1698419280,8.932,8.946
2684834.64,2683453,1698419340,8.944,8.815
2669497.2,2669068.23,1698419400,8.818,8.85
2673187,2672890.66,1698419460,8.849,8.856
2670208.15,2667815.85,1698419520,8.856,8.857
2667555.94,2666099.31,1698419580,8.86,8.875
2664293.1,2664133.83,1698419640,8.875,8.859
2664129.27,2665701.89,1698419700,8.86,8.837
2667030.07,2666624.78,1698419760,8.839,8.867
2665579.82,2661498.51,1698419820,8.869,8.897
2664688.37,2666780.1,1698419880,8.895,8.885
2669005.03,2675725.44,1698419940,8.885,8.873
2674826.18,2675651.28,1698420000,8.873,8.88
2675155.4,2675008.06,1698420060,8.88,8.888
2675661.74,2677794.28,1698420120,8.888,8.904
2680990.34,2682765.57,1698420180,8.903,8.901
2684392.07,2684947.69,1698420240,8.902,8.9
2685136.94,2686066.5,1698420300,8.904,8.898
2683191.79,2685784.48,1698420360,8.898,8.884
2685104.44,2682104.51,1698420420,8.883,8.892
2688918.35,2688735.47,1698420480,8.892,8.898
2688531.9,2688667.07,1698420540,8.898,8.897
2689330.94,2684796.93,1698420600,8.897,8.914
2685012.52,2684164.87,1698420660,8.914,8.915
2684025.44,2683054.27,1698420720,8.915,8.911
2680875.92,2682122.55,1698420780,8.911,8.919
2682572.15,2681105.08,1698420840,8.919,8.913
2681285.77,2681609.53,1698420900,8.913,8.916
2683184.11,2685555.96,1698420960,8.917,8.904
2684487.52,2682478.59,1698421020,8.905,8.917
2682059.56,2681537.27,1698421080,8.917,8.895
2681123.06,2678960.4,1698421140,8.896,8.886
2676226.75,2675732.83,1698421200,8.886,8.896
2677113.47,2676924.73,1698421260,8.896,8.895
2675390.12,2690649.94,1698421320,8.895,8.918
2691310.42,2690771.38,1698421380,8.918,8.92
2691737.4,2685724.93,1698421440,8.921,8.958
2681955.21,2677563.59,1698421500,8.957,8.94
2676385.65,2678030.3,1698421560,8.94,8.943
2680741.74,2680286.48,1698421620,8.943,8.93
2682602.36,2682273.05,1698421680,8.93,8.927
2680205.01,2667177.95,1698421740,8.927,8.882
2662985.29,2664291.23,1698421800,8.882,8.893
2660432.19,2659824.31,1698421860,8.894,8.886
2659729.88,2658788.55,1698421920,8.886,8.888
2658208.8,2658519.7,1698421980,8.888,8.876
2657716.08,2657694.01,1698422040,8.876,8.871
2656014.14,2652065.04,1698422100,8.869,8.876
2652039.56,2653736.55,1698422160,8.875,8.864
2653553.52,2652754.95,1698422220,8.865,8.851
2651324.22,2652140.32,1698422280,8.851,8.836
2653509.37,2657549.4,1698422340,8.837,8.84
2655066.5,2652834.56,1698422400,8.841,8.825
2658668.59,2658865.73,1698422460,8.825,8.864
2659559.02,2658631.9,1698422520,8.863,8.836
2657003.92,2659242.99,1698422580,8.837,8.843
2660339,2660317.47,1698422640,8.843,8.837
2658586.02,2658776.87,1698422700,8.836,8.872
2662018.66,2656919.33,1698422760,8.872,8.893
2655858.54,2647991.83,1698422820,8.895,8.881
2644157.67,2641723.73,1698422880,8.882,8.876
2641529.97,2637960.23,1698422940,8.876,8.862
2639302.44,2639102.64,1698423000,8.863,8.858
2638413.24,2638091.69,1698423060,8.856,8.875
2639532.29,2639133.25,1698423120,8.876,8.86
2639462.79,2637267.77,1698423180,8.86,8.851
2637535.49,2637566.36,1698423240,8.85,8.85
2638768.29,2637139.24,1698423300,8.851,8.861
2636183.56,2635197.2,1698423360,8.861,8.859
2634162.58,2634060.02,1698423420,8.858,8.847
2632446.46,2628122.99,1698423480,8.847,8.866
2627953.88,2632555.48,1698423540,8.867,8.886
2631278.15,2629632.64,1698423600,8.884,8.883
2629865.29,2629000.86,1698423660,8.882,8.878
2628927.32,2628946.17,1698423720,8.878,8.882
2628947.75,2628198.83,1698423780,8.883,8.893
2627906.52,2627377.11,1698423840,8.896,8.885
2627037.47,2628302.21,1698423900,8.885,8.896
2628018.61,2628333.84,1698423960,8.896,8.885
2628192.1,2628075.02,1698424020,8.887,8.876
2629081.24,2629206.33,1698424080,8.877,8.88
2628856.38,2629888.22,1698424140,8.881,8.888
2629268.1,2629005.05,1698424200,8.888,8.869
2627949.89,2627527.37,1698424260,8.869,8.872
2627560.91,2634665.5,1698424320,8.872,8.884
2632398.14,2635892.65,1698424380,8.883,8.886
2636011.77,2636392.14,1698424440,8.887,8.888
2644944.69,2648553.8,1698424500,8.889,8.889
2649155.49,2648055.2,1698424560,8.888,8.914
2641036.1,2641036.1,1698424620,8.915,8.895
2641740.62,2641560.43,1698424680,8.895,8.886
2641684.63,2633184.1,1698424740,8.888,8.862
2633057.42,2633109.95,1698424800,8.862,8.86
2631101.76,2630977.02,1698424860,8.859,8.853
2634441.42,2634174.09,1698424920,8.853,8.858
2633739.36,2632807.29,1698424980,8.859,8.857
2633202.75,2633865.12,1698425040,8.857,8.852
2633984.18,2632423.39,1698425100,8.853,8.874
2631894.76,2634829.34,1698425160,8.874,8.867
2634055.37,2633378.79,1698425220,8.867,8.808
2605854.54,2595505.16,1698425280,8.809,8.804
2593754.07,2595393.48,1698425340,8.806,8.815
2601203.42,2600734.13,1698425400,8.814,8.816
2596597.12,2596577.82,1698425460,8.816,8.819
2597127.16,2595553.98,1698425520,8.819,8.796
2593135.72,2591847.14,1698425580,8.799,8.798
2594450.5,2600079.7,1698425640,8.798,8.816
2599042.55,2599889.84,1698425700,8.815,8.793
2598909.45,2598479.59,1698425760,8.794,8.805
2598435.68,2594606.35,1698425820,8.804,8.795
2595197.76,2597518.23,1698425880,8.795,8.812
2597559.37,2597559.37,1698425940,8.812,8.823
2598245.22,2598037.77,1698426000,8.823,8.814
2597236.69,2597449.4,1698426060,8.814,8.79
2597165.78,2596713.92,1698426120,8.791,8.84
2600332.77,2601155.35,1698426180,8.84,8.819
2600353.95,2600993.15,1698426240,8.82,8.835
2602074.07,2600572.26,1698426300,8.835,8.809
2599090.33,2596650.67,1698426360,8.808,8.806
2596737.34,2559743.23,1698426420,8.806,8.758
2537744.98,2538078.64,1698426480,8.765,8.772
2529808.4,2530001.9,1698426540,8.752,8.766
2535903.93,2541990.79,1698426600,8.765,8.735
2543309.32,2545103.77,1698426660,8.734,8.779
2544130.07,2545342.13,1698426720,8.778,8.759
2544405.49,2548424.72,1698426780,8.758,8.8
2549714.19,2550448.39,1698426840,8.799,8.794
2549253.03,2551383.76,1698426900,8.794,8.795
2549986.45,2550450.01,1698426960,8.794,8.778
2550479.25,2550263.48,1698427020,8.778,8.79
2549593.6,2552110.2,1698427080,8.79,8.812
2551179.36,2553144.86,1698427140,8.811,8.808
2552848.68,2555271.53,1698427200,8.81,8.814
2555057.84,2554323.66,1698427260,8.813,8.8
2554227.32,2554227.32,1698427320,8.8,8.803
2554160.46,2556856.34,1698427380,8.802,8.798
2556822.21,2556822.21,1698427440,8.797,8.821
2558493.33,2558289.42,1698427500,8.82,8.84
2557409.94,2553353.7,1698427560,8.839,8.866
2550258.19,2552754.24,1698427620,8.866,8.863
2551362.12,2548370.98,1698427680,8.864,8.872
2563110.37,2564351.23,1698427740,8.871,8.872
2579554.83,2581318.28,1698427800,8.873,8.843
2580848.06,2579941.12,1698427860,8.843,8.848
2579073.59,2578617.1,1698427920,8.848,8.837
2576888.61,2576998.42,1698427980,8.838,8.846
2577282.12,2576903.67,1698428040,8.845,8.842
2577010.32,2576291.93,1698428100,8.842,8.847
2576074.39,2575885.3,1698428160,8.846,8.86
2575993.43,2576489.98,1698428220,8.86,8.856
2576022.31,2575859.24,1698428280,8.856,8.824
2574691.73,2575576.83,1698428340,8.824,8.815
2574163.22,2574764.99,1698428400,8.815,8.835
2576978.87,2577019.86,1698428460,8.836,8.838
2578478.53,2577789.16,1698428520,8.839,8.854
2578077.92,2580871.37,1698428580,8.854,8.835
2580151.76,2585335.3,1698428640,8.836,8.824
2584983.39,2586361.36,1698428700,8.824,8.833
2586661.97,2586375.22,1698428760,8.832,8.829
2587600.51,2587600.51,1698428820,8.83,8.839
2584481.74,2585894.7,1698428880,8.839,8.87
2585733.72,2588074.18,1698428940,8.87,8.867
2587863.9,2587177.96,1698429000,8.868,8.848
2586451.98,2587173.34,1698429060,8.846,8.855
2586439.09,2585772.48,1698429120,8.854,8.838
2586073.07,2587994.51,1698429180,8.838,8.83
2582940.17,2582613.95,1698429240,8.83,8.819
2583586,2585043.14,1698429300,8.818,8.823
2585500.65,2585673.2,1698429360,8.823,8.839
2585534.52,2585126.53,1698429420,8.838,8.813
2585833.25,2584767.22,1698429480,8.812,8.813
2585905.82,2587766.41,1698429540,8.813,8.814
2588099.19,2588744.75,1698429600,8.815,8.816
2589565.06,2587505.56,1698429660,8.815,8.794
2586790.74,2588335.41,1698429720,8.794,8.783
2586521.95,2584561.29,1698429780,8.784,8.785
2581641.66,2580834.04,1698429840,8.786,8.774
2577851.12,2577315.36,1698429900,8.775,8.768
2575273.87,2574343.39,1698429960,8.768,8.78
2573074.18,2573074.18,1698430020,8.781,8.789
2573588.46,2575430.6,1698430080,8.788,8.782
2575013.18,2575013.18,1698430140,8.781,8.756
2574935.94,2572857.01,1698430200,8.754,8.756
2573601.62,2572940.88,1698430260,8.757,8.766
2573335.61,2577882.72,1698430320,8.767,8.751
2578561.82,2576204.11,1698430380,8.753,8.756
2575320.3,2574658.17,1698430440,8.757,8.749
2573874.25,2577117.9,1698430500,8.75,8.749
2575046.01,2574054.79,1698430560,8.748,8.745
2575096.57,2572510.81,1698430620,8.745,8.748
2570348.86,2571139.57,1698430680,8.748,8.755
2575435.93,2575964.95,1698430740,8.755,8.745
2575486.11,2575550.15,1698430800,8.745,8.756
2576095.26,2573871.09,1698430860,8.755,8.747
2574009.41,2573643.93,1698430920,8.747,8.755
2574538.4,2574272.47,1698430980,8.755,8.737
2574804.1,2575064.6,1698431040,8.737,8.757
2576218.55,2576472.66,1698431100,8.757,8.753
2577171.94,2579236.31,1698431160,8.751,8.734
2580205.98,2577076.89,1698431220,8.734,8.715
2572960.78,2556154.85,1698431280,8.714,8.686
2548786.65,2545297.56,1698431340,8.688,8.667
2545267.57,2544806.45,1698431400,8.667,8.682
2546038.63,2553212.32,1698431460,8.682,8.682
2557656.31,2557656.31,1698431520,8.683,8.73
2558495.31,2558090.14,1698431580,8.732,8.718
2557866.42,2557279.42,1698431640,8.718,8.731
2555767.96,2555958.04,1698431700,8.732,8.758
2554793.56,2552033.71,1698431760,8.757,8.766
2552054.33,2553606.54,1698431820,8.766,8.783
2553607.07,2552938.02,1698431880,8.784,8.796
2550968.84,2551289.82,1698431940,8.796,8.792
2550493.83,2552250.65,1698432000,8.792,8.803
2551127.96,2552086.4,1698432060,8.804,8.821
2551756.71,2550981.84,1698432120,8.82,8.823
2551338.47,2551231.08,1698432180,8.824,8.817
2550788.01,2550342.81,1698432240,8.819,8.815
2552184.1,2551940.58,1698432300,8.816,8.805
2551994.74,2552707.86,1698432360,8.806,8.794
2553270.75,2552716.28,1698432420,8.795,8.787
2548998.15,2548588.08,1698432480,8.786,8.769
2549080.73,2548946.14,1698432540,8.768,8.779
2548840.23,2548950.81,1698432600,8.779,8.766
2548051.87,2547010.45,1698432660,8.767,8.76
2546276.15,2546834.17,1698432720,8.759,8.769
2546968.39,2546739.35,1698432780,8.768,8.765
2546251.76,2546643.14,1698432840,8.764,8.76
2547001.05,2545085.15,1698432900,8.759,8.783
2545625.99,2545625.99,1698432960,8.782,8.773
2545014.72,2545270.53,1698433020,8.773,8.789
2545340.67,2545340.67,1698433080,8.788,8.827
2544344.13,2545067.5,1698433140,8.828,8.804
2545876.8,2544813.79,1698433200,8.802,8.816
2545391.8,2544229.25,1698433260,8.819,8.825
2545475.49,2545782.55,1698433320,8.825,8.831
2545732.01,2545538.24,1698433380,8.83,8.835
2543509.37,2543145.31,1698433440,8.836,8.814
2543358.82,2544649.96,1698433500,8.813,8.824
2545603.26,2545641.48,1698433560,8.825,8.809
2545735.18,2546743.44,1698433620,8.808,8.82
2546520.55,2547235.21,1698433680,8.822,8.837
2546560.94,2547168.65,1698433740,8.837,8.823
2545765.15,2546136.97,1698433800,8.821,8.813
2544867.2,2544811.87,1698433860,8.812,8.818
2545687.97,2545475.73,1698433920,8.818,8.82
2545982.78,2546358.59,1698433980,8.821,8.816
2548225.43,2548152.45,1698434040,8.816,8.816
2547741.17,2547120.77,1698434100,8.816,8.813
2547135.05,2547902.54,1698434160,8.814,8.82
2548399.48,2548693.31,1698434220,8.82,8.825
2549597.35,2549578.56,1698434280,8.824,8.823
2550007.69,2550093.45,1698434340,8.824,8.812
2549713.64,2549904.42,1698434400,8.812,8.82
2550020.24,2549519.87,1698434460,8.821,8.829
2549569.54,2549650.1,1698434520,8.829,8.822
2549596.44,2549566.72,1698434580,8.822,8.814
2549612.92,2549378.06,1698434640,8.814,8.809
2548746.55,2548736.28,1698434700,8.81,8.812
2548718.85,2548773.78,1698434760,8.811,8.812
2548751.26,2548838.18,1698434820,8.811,8.826
2548977.34,2549008.86,1698434880,8.826,8.82
2549117.16,2549754.45,1698434940,8.819,8.828
2549915.31,2550428.24,1698435000,8.827,8.824
2550642.66,2549253.55,1698435060,8.824,8.81
2548515.2,2548432.38,1698435120,8.81,8.813
2548731.71,2548629.28,1698435180,8.812,8.814
2549399.92,2549224.09,1698435240,8.815,8.82
2549708.7,2550024.63,1698435300,8.823,8.82
2550005.38,2548955.9,1698435360,8.82,8.81
2548598.11,2549030.85,1698435420,8.808,8.809
2548851.4,2548961.34,1698435480,8.808,8.812
2549019.21,2544764.77,1698435540,8.811,8.802
2544543.07,2546498.59,1698435600,8.801,8.798
2546660.7,2546341.29,1698435660,8.798,8.831
2546107.3,2547788.44,1698435720,8.833,8.826
2547484.16,2545669.9,1698435780,8.827,8.822
2543749.3,2543749.3,1698435840,8.82,8.839
2544584.07,2544359.5,1698435900,8.838,8.834
2544019.35,2544364.51,1698435960,8.835,8.845
2544308.33,2544308.33,1698436020,8.847,8.849
2541957.93,2542412.99,1698436080,8.85,8.855
2542712.9,2543091.41,1698436140,8.858,8.852
2541288.23,2539944,1698436200,8.854,8.838
2540193.35,2539787.44,1698436260,8.836,8.843
2540017.61,2540434.94,1698436320,8.843,8.846
2540711.6,2540479.7,1698436380,8.845,8.847
2540977.19,2540743.09,1698436440,8.847,8.847
2540641.63,2540825.64,1698436500,8.847,8.846
2540619.02,2541103.55,1698436560,8.845,8.834
2540021.43,2540111.5,1698436620,8.834,8.841
2540036.05,2539936.69,1698436680,8.842,8.84
2539782.54,2539537.09,1698436740,8.841,8.853
2539242.95,2537123.82,1698436800,8.854,8.846
2536018.15,2535007.31,1698436860,8.847,8.846
2535549.45,2535208.22,1698436920,8.846,8.842
2534971.13,2534309.98,1698436980,8.844,8.855
2532617.27,2532027.61,1698437040,8.857,8.853
2533854.36,2536640.35,1698437100,8.853,8.859
2537094.41,2537228.66,1698437160,8.86,8.846
2536656.31,2536231.52,1698437220,8.846,8.847
2536637.94,2534911.05,1698437280,8.847,8.832
2534851.79,2534737.9,1698437340,8.833,8.831
2535005.17,2534492.26,1698437400,8.83,8.821
2533753.67,2533659.42,1698437460,8.82,8.824
2534362.35,2534246.24,1698437520,8.825,8.836
2533435.87,2533435.42,1698437580,8.835,8.838
2533590.09,2534719.46,1698437640,8.837,8.84
2534719.46,2534719.46,1698437700,8.84,8.84
