"timestamp","OI_open","OI_close","price_close"
1697885340,1751164,1751164,NA
1697885400,1751164,1751164,NA
1697885460,1751164,1751704,0.1464
1697885520,1751704,1751704,NA
1697885580,1754628,1752925,0.1464
1697885640,1752925,1757140,0.1464
1697885700,1757140,1758735,0.1463
1697885760,1758735,1757859,0.1464
1697885820,1757859,1757859,NA
1697885880,1757859,1757859,NA
1697885940,1757859,1757859,NA
1697886000,1757859,1757802,0.1463
1697886060,1757802,1757802,NA
1697886120,1757802,1757802,NA
1697886180,1757802,1757802,NA
1697886240,1757802,1757995,0.1464
1697886300,1757995,1757995,NA
1697886360,1757995,1757995,NA
1697886420,1757995,1757995,NA
1697886480,1757995,1757995,NA
1697886540,1757995,1757995,NA
1697886600,1757995,1755625,0.1466
1697886660,1755625,1757369,0.1462
1697886720,1757369,1757369,NA
1697886780,1757369,1757369,NA
1697886840,1757369,1757369,NA
1697886900,1757369,1755619,0.1465
1697886960,1755619,1755619,NA
1697887020,1755619,1755619,NA
1697887080,1755619,1757371,0.1466
1697887140,1757371,1756397,0.1466
1697887200,1756397,1756397,NA
1697887260,1756397,1756397,NA
1697887320,1756397,1756397,NA
1697887380,1756397,1756397,NA
1697887440,1756397,1756397,NA
1697887500,1756397,1756397,NA
1697887560,1756397,1756697,0.147
1697887620,1756697,1756620,0.1471
1697887680,1757303,1763211,0.1474
1697887740,1763211,1765582,0.1473
1697887800,1765582,1765583,0.1473
1697887860,1765646,1765646,NA
1697887920,1765646,1765646,0.1473
1697887980,1765646,1765646,NA
1697888040,1766341,1761759,0.1478
1697888100,1761759,1761957,0.148
1697888160,1761957,1761957,NA
1697888220,1761957,1758320,0.1473
1697888280,1758320,1758320,NA
1697888340,1758320,1758320,NA
1697888400,1758320,1758320,NA
1697888460,1758320,1758320,NA
1697888520,1758320,1755876,0.1472
1697888580,1755876,1755876,NA
1697888640,1755876,1755876,NA
1697888700,1755876,1755876,0.1474
1697888760,1755876,1755876,NA
1697888820,1755876,1755876,NA
1697888880,1755876,1755876,NA
1697888940,1755876,1755876,NA
1697889000,1755876,1755876,NA
1697889060,1755876,1755876,NA
1697889120,1755876,1755876,NA
1697889180,1755876,1755876,NA
1697889240,1755876,1755398,0.1476
1697889300,1755398,1755398,NA
1697889360,1755398,1755398,NA
1697889420,1755398,1755398,NA
1697889480,1755398,1755398,NA
1697889540,1755398,1755398,NA
1697889600,1755398,1790498,0.1487
1697889660,1790985,1823599,0.1485
1697889720,1823599,1823600,0.1484
1697889780,1823600,1823542,0.1482
1697889840,1823542,1823542,0.1483
1697889900,1823168,1823248,0.148
1697889960,1823248,1822876,0.1481
1697890020,1822876,1812962,0.1476
1697890080,1812962,1810991,0.1476
1697890140,1808504,1810058,0.148
1697890200,1810058,1810058,NA
1697890260,1810058,1810831,0.1479
1697890320,1810831,1810831,NA
1697890380,1810831,1810831,0.1479
1697890440,1810831,1810831,NA
1697890500,1810831,1810831,NA
1697890560,1810831,1810078,0.1479
1697890620,1810078,1797087,0.1471
1697890680,1797087,1784395,0.1471
1697890740,1784395,1784428,0.1471
1697890800,1784428,1784433,0.1471
1697890860,1784433,1784437,0.1471
1697890920,1784437,1788409,0.1474
1697890980,1788409,1788107,0.1477
1697891040,1788107,1783140,0.1475
1697891100,1783140,1783140,NA
1697891160,1783140,1783140,NA
1697891220,1783140,1785091,0.1477
1697891280,1785091,1785091,NA
1697891340,1785091,1785091,NA
1697891400,1785091,1785091,NA
1697891460,1785091,1785091,NA
1697891520,1785091,1785091,NA
1697891580,1785091,1785091,NA
1697891640,1785091,1785091,NA
1697891700,1785091,1786491,0.1478
1697891760,1786491,1784555,0.1472
1697891820,1784555,1784555,NA
1697891880,1784555,1784555,NA
1697891940,1784555,1786366,0.1473
1697892000,1786366,1786366,NA
1697892060,1786366,1779240,0.147
1697892120,1779240,1778787,0.147
1697892180,1778787,1778787,NA
1697892240,1778787,1778784,0.1469
1697892300,1778784,1778787,0.1471
1697892360,1778787,1778787,NA
1697892420,1778787,1778674,0.1471
1697892480,1778674,1778674,NA
1697892540,1778674,1778674,NA
1697892600,1778674,1778674,NA
1697892660,1778674,1778652,0.1472
1697892720,1778652,1778652,NA
1697892780,1778652,1778652,NA
1697892840,1778652,1778611,0.1472
1697892900,1778611,1778611,NA
1697892960,1778611,1778611,NA
1697893020,1778611,1778629,0.1473
1697893080,1778629,1778629,NA
1697893140,1778629,1775852,0.1466
1697893200,1775852,1769861,0.1466
1697893260,1769861,1769861,NA
1697893320,1769861,1769861,NA
1697893380,1769861,1769861,NA
1697893440,1769861,1769861,NA
1697893500,1769861,1769861,NA
1697893560,1769861,1769861,0.1468
1697893620,1769861,1769861,NA
1697893680,1769861,1769861,NA
1697893740,1769861,1770672,0.1465
1697893800,1770672,1770672,NA
1697893860,1770672,1770608,0.1466
1697893920,1770608,1771416,0.1467
1697893980,1771416,1769671,0.1467
1697894040,1769671,1768045,0.1466
1697894100,1768045,1768045,NA
1697894160,1768045,1768045,NA
1697894220,1768045,1768045,NA
1697894280,1768045,1768037,0.1465
1697894340,1768037,1768037,NA
1697894400,1768037,1768037,NA
1697894460,1768037,1768037,NA
1697894520,1768037,1768037,NA
1697894580,1768037,1770163,0.1471
1697894640,1770163,1770163,NA
1697894700,1770163,1770163,NA
1697894760,1770163,1770196,0.147
1697894820,1770196,1770196,NA
1697894880,1770196,1770252,0.147
1697894940,1770252,1770252,NA
1697895000,1770252,1772603,0.1468
1697895060,1772603,1772603,NA
1697895120,1772603,1772603,NA
1697895180,1772603,1772594,0.1471
1697895240,1772594,1772594,NA
1697895300,1772594,1767472,0.1468
1697895360,1767472,1769222,0.147
1697895420,1769222,1769222,NA
1697895480,1769222,1769223,0.1471
1697895540,1769223,1769223,0.1471
1697895600,1769223,1766548,0.147
1697895660,1766548,1766536,0.147
1697895720,1766536,1766536,0.147
1697895780,1766536,1766536,NA
1697895840,1766536,1766536,NA
1697895900,1766536,1767525,0.1472
1697895960,1767525,1773132,0.1467
1697896020,1773132,1773132,NA
1697896080,1773132,1774806,0.147
1697896140,1774806,1774806,NA
1697896200,1774806,1774806,NA
1697896260,1774806,1774806,NA
1697896320,1774806,1775472,0.1475
1697896380,1775472,1775459,0.1475
1697896440,1775459,1775459,NA
1697896500,1775459,1775459,0.1471
1697896560,1789882,1791639,0.1471
1697896620,1791639,1791639,NA
1697896680,1791639,1791639,NA
1697896740,1791639,1791639,NA
1697896800,1791639,1793469,0.1472
1697896860,1793469,1793526,0.1471
1697896920,1793526,1793526,NA
1697896980,1793526,1793526,NA
1697897040,1793526,1793526,NA
1697897100,1793526,1793526,NA
1697897160,1793526,1793526,NA
1697897220,1793526,1793526,NA
1697897280,1793526,1793526,NA
1697897340,1793526,1793526,NA
1697897400,1793526,1793526,NA
1697897460,1793526,1793526,NA
1697897520,1793526,1793526,NA
1697897580,1793526,1793526,NA
1697897640,1793526,1795466,0.1472
1697897700,1795466,1795466,NA
1697897760,1795466,1795574,0.1475
1697897820,1795574,1795574,NA
1697897880,1795574,1795574,NA
1697897940,1795574,1795574,NA
1697898000,1795574,1791947,0.1476
1697898060,1791947,1784799,0.1485
1697898120,1782570,1782570,0.1484
1697898180,1782570,1782570,0.1484
1697898240,1782570,1794802,0.1474
1697898300,1794802,1797957,0.1477
1697898360,1797957,1796640,0.1479
1697898480,1796640,1796640,NA
1697898540,1796640,1813690,0.1476
1697898600,1813690,1811285,0.1481
1697898660,1811285,1809450,0.1477
1697898720,1809450,1810587,0.1478
1697898780,1810587,1810580,0.1477
1697898840,1810580,1810580,NA
1697898900,1810580,1810580,NA
1697898960,1810580,1810957,0.1478
1697899020,1810957,1810957,NA
1697899080,1810957,1810957,NA
1697899140,1810957,1811024,0.1478
1697899200,1811024,1811024,NA
1697899260,1811024,1811024,0.1479
1697899320,1812049,1812049,NA
1697899380,1812049,1812049,NA
1697899440,1812049,1811242,0.148
1697899500,1811242,1811372,0.1481
1697899560,1811372,1812371,0.1483
1697899620,1812371,1809866,0.1489
1697899680,1809866,1810307,0.1485
1697899740,1810307,1810307,NA
1697899800,1810307,1810307,NA
1697899860,1810307,1810307,NA
1697899920,1810307,1810843,0.1486
1697899980,1810843,1818515,0.1488
1697900040,1818515,1818515,0.1488
1697900100,1818515,1818515,0.1488
1697900160,1818515,1818515,NA
1697900220,1818515,1818515,NA
1697900280,1818515,1818515,0.1486
1697900340,1818517,1816836,0.1481
1697900400,1816836,1840994,0.1481
1697900460,1840994,1840999,0.1482
1697900520,1840999,1840990,0.1484
1697900580,1840990,1839302,0.1483
1697900640,1839334,1841125,0.148
1697900700,1841125,1839164,0.1481
1697900760,1839164,1839164,0.1479
1697900820,1835835,1835464,0.148
1697900880,1835464,1835464,0.1481
1697900940,1835464,1836165,0.1476
1697901000,1836165,1836225,0.1476
1697901060,1836195,1837925.5,0.1479
1697901120,1836225,1839626,0.1476
1697901180,1839626,1840826,0.1477
1697901240,1840826,1839618,0.1475
1697901300,1839618,1840661,0.1473
1697901360,1840661,1839818,0.1476
1697901420,1839818,1839804,0.1477
1697901480,1839804,1839804,NA
1697901540,1839804,1839804,0.1476
1697901600,1839804,1826272,0.1484
1697901660,1826272,1824726,0.1486
1697901720,1824726,1824165,0.1483
1697901780,1824165,1824174,0.1482
1697901840,1824174,1824174,NA
1697901900,1824174,1824174,NA
1697901960,1824174,1824174,0.1479
1697902020,1827046,1827046,NA
1697902080,1827037,1828815,0.1482
1697902140,1828815,1828815,NA
1697902200,1829164,1829476,0.1487
1697902260,1829565,1829447,0.149
1697902320,1829447,1828444,0.1483
1697902380,1828444,1830501,0.1486
1697902440,1830501,1830601,0.1486
1697902500,1830601,1832119,0.1487
1697902560,1832119,1832119,NA
1697902620,1832119,1833119,0.1487
1697902680,1833119,1833119,NA
1697902740,1833119,1826009,0.1498
1697902800,1826009,1829751,0.1489
1697902860,1829751,1827352,0.1486
1697902920,1827352,1826155,0.1482
1697902980,1826155,1821494,0.1485
1697903040,1821494,1821494,NA
1697903100,1821494,1821494,NA
1697903160,1821494,1821398,0.1485
1697903220,1821398,1821398,NA
1697903280,1821398,1821368,0.1483
1697903340,1821367,1821017,0.1484
1697903400,1821017,1821085,0.1484
1697903460,1821085,1821085,NA
1697903520,1821085,1837546,0.1478
1697903580,1837546,1837546,0.1482
1697903640,1837546,1840662,0.1485
1697903700,1840662,1840662,NA
1697903760,1840662,1840662,NA
1697903820,1840662,1840662,NA
1697903880,1840662,1837364,0.1486
1697903940,1837364,1837364,NA
1697904000,1837364,1940785,0.1537
1697904060,1978532,2139683,0.1532
1697904120,2135642,2152998,0.154
1697904180,2175182,2222770,0.1569
1697904240,2226417,2254816,0.1583
1697904300,2261480,2286449,0.1602
1697904360,2287943,2339140,0.159
1697904420,2335807,2346592,0.1593
1697904480,2349261,2356032,0.159
1697904540,2353478,2367297,0.159
1697904600,2360252,2349762,0.1591
1697904660,2349762,2352407,0.1583
1697904720,2358409,2363375,0.1587
1697904780,2361374,2389128,0.1628
1697904840,2390266,2439085,0.1637
1697904900,2431226,2469100,0.1627
1697904960,2473191,2487130,0.1621
1697905020,2488634,2503524,0.1618
1697905080,2503537,2480110,0.162
1697905140,2476185,2524152,0.1636
1697905200,2524199,2555721,0.1644
1697905260,2556365,2636736,0.1642
1697905320,2640833,2683156,0.1641
1697905380,2682891,2602899,0.1657
1697905440,2602194,2617581,0.1648
1697905500,2614645,2594022,0.1634
1697905560,2594147,2585141,0.1636
1697905620,2585139,2592001,0.1641
1697905680,2591047,2616249,0.1639
1697905740,2615998,2641828,0.1633
1697905800,2645539,2610336,0.1613
1697905860,2610318,2613719,0.1628
1697905920,2628710,2608953,0.1629
1697905980,2608953,2611020,0.1631
1697906040,2619899,2621523,0.1626
1697906100,2621523,2631742,0.1618
1697906160,2631742,2618837,0.1629
1697906220,2618837,2623018,0.1627
1697906280,2623018,2654050,0.1614
1697906340,2654886,2621073,0.1608
1697906400,2625872,2619600,0.1611
1697906460,2619600,2617262,0.161
1697906520,2617191,2620326,0.1611
1697906580,2620326,2624064,0.1608
1697906640,2624064,2622954,0.1603
1697906700,2622954,2626266,0.1618
1697906760,2624651,2626921,0.162
1697906820,2626921,2631185,0.1618
1697906880,2631185,2632386,0.1617
1697906940,2632386,2633309,0.1617
1697907000,2633309,2642032,0.1616
1697907060,2642032,2642032,0.1615
1697907120,2642032,2642842,0.1616
1697907180,2648555,2652601,0.1613
1697907240,2652601,2649157,0.1609
1697907300,2649157,2657986,0.1617
1697907360,2660165,2666351,0.1617
1697907420,2666654,2666320,0.1617
1697907480,2666320,2666324,0.1616
1697907540,2666324,2667303,0.1615
1697907600,2675407,2686426,0.16
1697907660,2682860,2656545,0.1604
1697907720,2656542,2654135,0.1606
1697907780,2654135,2665483,0.1619
1697907840,2665483,2640475,0.1656
1697907900,2633651,2666519,0.165
1697907960,2666519,2679058,0.1665
1697908020,2679921,2700540,0.1669
1697908080,2701732,2726595,0.1678
1697908140,2726698,2804619,0.1691
1697908200,2803940,2765850,0.1674
1697908260,2765950,2765912,0.1668
1697908320,2755752,2749890,0.1671
1697908380,2749890,2754340,0.1674
1697908440,2754340,2760480,0.167
1697908500,2760480,2761207,0.167
1697908560,2769198,2750074,0.1673
1697908620,2750074,2750709,0.1669
1697908680,2750787,2735670,0.1651
1697908740,2722964,2723311,0.165
1697908800,2723311,2715460,0.1648
1697908860,2715195,2713245,0.1645
1697908920,2713245,2713372,0.1646
1697908980,2713372,2714733,0.1653
1697909040,2714858,2732020,0.1648
1697909100,2733049,2729722,0.1655
1697909160,2729815,2730833,0.1649
1697909220,2731401,2737782,0.1651
1697909280,2738069,2723704,0.1653
1697909340,2723704,2720880,0.1657
1697909400,2720029,2723193,0.1658
1697909460,2723596,2733159,0.1648
1697909520,2733159,2726943,0.1647
1697909580,2726943,2726203,0.1648
1697909640,2726203,2727253,0.1651
1697909700,2727253,2729540,0.1651
1697909760,2730439,2725137,0.1664
1697909820,2725137,2719889,0.1667
1697909880,2719889,2717540,0.1668
1697909940,2722783,2709288,0.1678
1697910000,2709714,2704414,0.1679
1697910060,2704414,2710054,0.1706
1697910120,2708433,2686498,0.1704
1697910180,2686498,2694454,0.1692
1697910240,2694483,2706704,0.1695
1697910300,2706704,2722083,0.17
1697910360,2721750,2738994,0.1698
1697910420,2738994,2748639,0.1695
1697910480,2756996,2832278,0.1678
1697910540,2828226,2796189,0.1685
1697910600,2795879,2792442,0.1682
1697910660,2792442,2785253,0.1686
1697910720,2785253,2783479,0.1679
1697910780,2783479,2789579,0.1684
1697910840,2795396,2794975,0.169
1697910900,2794975,2791437,0.1692
1697910960,2789794,2786723,0.169
1697911020,2786723,2789661,0.1687
1697911080,2789661,2790496,0.1686
1697911140,2790496,2792111,0.168
1697911200,2792111,2796704,0.169
1697911260,2796704,2795921,0.1692
1697911320,2796991,2791833,0.1684
1697911380,2791833,2788962,0.1688
1697911440,2789019,2786634,0.1683
1697911500,2790770,2807239,0.1674
1697911560,2807239,2801083,0.1674
1697911620,2801083,2832060,0.1682
1697911680,2832059,2841928,0.1678
1697911740,2841928,2845492,0.1677
1697911800,2845480,2852323,0.168
1697911860,2852323,2849257,0.1678
1697911920,2849257,2850193,0.1665
1697911980,2876765,2869993,0.1668
1697912040,2869994,2868570,0.1669
1697912100,2868570,2863674,0.1665
1697912160,2863674,2838500,0.1673
1697912220,2838500,2838481,0.1669
1697912280,2838481,2838357,0.1674
1697912340,2838357,2842707,0.1671
1697912400,2842707,2840894,0.1674
1697912460,2840894,2839536,0.168
1697912520,2859619,2866689,0.1683
1697912580,2866689,2875960,0.1687
1697912640,2875960,2875455,0.1685
1697912700,2875455,2888481,0.1681
1697912760,2888481,2885627,0.1681
1697912820,2885627,2885904,0.1684
1697912880,2885923,2886922,0.1684
1697912940,2886922,2913491,0.1692
1697913000,2913473,2913754,0.1685
1697913060,2913754,2913637,0.1686
1697913120,2913637,2922191,0.1683
1697913180,2922191,2921603,0.1682
1697913240,2921603,2890562,0.1672
1697913300,2890562,2900204,0.1666
1697913360,2900204,2889863,0.1674
1697913420,2889863,2888903,0.1671
1697913480,2888903,2888903,NA
1697913540,2888903,2904377,0.1677
1697913600,2904377,2904400,0.1676
1697913660,2904400,2904400,NA
1697913720,2904400,2904400,NA
1697913780,2904400,2904441,0.1675
1697913840,2904441,2899244,0.1668
1697913900,2899244,2896052,0.1668
1697913960,2892545,2888968,0.1663
1697914020,2888968,2839924,0.1648
1697914080,2839244,2822150,0.1645
1697914140,2822150,2813406,0.1648
1697914200,2817363,2817151,0.1654
1697914260,2817151,2808743,0.1658
1697914320,2808743,2807305,0.1658
1697914380,2807305,2807334,0.1658
1697914440,2807334,2806775,0.1653
1697914500,2806775,2802167,0.1656
1697914560,2802167,2802197,0.1656
1697914620,2802197,2802498,0.1656
1697914680,2802498,2802861,0.1656
1697914740,2802861,2802861,NA
1697914800,2802861,2801464,0.166
1697914860,2801464,2790496,0.1669
1697914920,2789912,2789896,0.1668
1697914980,2788677,2789935,0.167
1697915040,2789935,2786182,0.1661
1697915100,2786182,2789342,0.1658
1697915160,2789342,2789280,0.1658
1697915220,2789280,2791792,0.1655
1697915280,2791792,2796443,0.1652
1697915340,2795726,2796029,0.1644
1697915400,2796029,2792788,0.1651
1697915460,2792788,2794034,0.165
1697915520,2788729,2795754,0.1639
1697915580,2795754,2788368,0.1642
1697915640,2788398,2788393,0.1644
1697915700,2788393,2793211,0.1642
1697915760,2792672,2792999,0.1642
1697915820,2792999,2793377,0.1642
1697915880,2793377,2794307,0.1645
1697915940,2794307,2788582,0.1648
1697916000,2788582,2792501,0.1647
1697916060,2792501,2792503,0.1645
1697916120,2792503,2791771,0.1645
1697916180,2791771,2695047,0.1631
1697916240,2695047,2694594,0.163
1697916300,2694594,2694182,0.163
1697916360,2694182,2715912,0.1639
1697916420,2715912,2714044,0.1642
1697916480,2714044,2702168,0.1637
1697916540,2702168,2705227,0.1633
1697916600,2705227,2705092,0.1635
1697916660,2705092,2708750,0.1638
1697916720,2708750,2707621,0.1641
1697916780,2707621,2708291,0.164
1697916840,2708291,2708291,NA
1697916900,2708291,2701720,0.1649
1697916960,2701720,2706061,0.1653
1697917020,2706061,2706061,NA
1697917080,2706061,2706439,0.165
1697917140,2706439,2706439,NA
1697917200,2706439,2707771,0.1647
1697917260,2707771,2709205,0.165
1697917320,2709205,2709205,0.165
1697917380,2709206,2709206,0.1651
1697917440,2704983,2720998,0.1638
1697917500,2720998,2725797,0.165
1697917560,2725797,2725797,0.1647
1697917620,2725797,2726008,0.1647
1697917680,2726058,2726058,0.1645
1697917740,2726058,2726058,NA
1697917800,2726058,2726058,0.1648
1697917860,2726058,2728110,0.1644
1697917920,2728110,2740317,0.1644
1697917980,2741169,2741169,NA
1697918040,2741169,2740172,0.1646
1697918100,2740172,2740172,0.1647
1697918160,2740172,2740172,NA
1697918220,2740172,2746001,0.1645
1697918280,2746001,2743180,0.1644
1697918340,2743180,2743639,0.1644
1697918400,2743639,2743425,0.1642
1697918460,2743074,2743074,0.1642
1697918520,2743074,2730933,0.1639
1697918580,2730933,2730931,0.164
1697918640,2730931,2730931,NA
1697918700,2730931,2731797,0.1641
1697918760,2731796,2735838,0.1638
1697918820,2735838,2736145,0.1638
1697918880,2736145,2739163,0.1635
1697918940,2739163,2726044,0.1629
1697919000,2726044,2722744,0.1628
1697919060,2722744,2724444,0.163
1697919120,2724444,2722722,0.1629
1697919180,2722722,2721031,0.1635
1697919240,2721031,2721031,NA
1697919300,2721031,2723371,0.1632
1697919360,2723371,2723371,0.1632
1697919420,2723371,2723401,0.1632
1697919480,2723401,2731583,0.1633
1697919540,2731583,2731339,0.1626
1697919600,2717459,2715041,0.1627
1697919660,2715041,2714811,0.1627
1697919720,2714811,2718107,0.1623
1697919780,2718107,2722211,0.1623
1697919840,2722211,2708717,0.1617
1697919900,2708683,2702022,0.1621
1697919960,2702022,2680451,0.1629
1697920020,2680451,2680403,0.1628
1697920080,2680403,2679903,0.163
1697920140,2679603,2677630,0.1631
1697920200,2677630,2677612,0.163
1697920260,2677612,2675505,0.1633
1697920320,2675505,2674494,0.163
1697920380,2674494,2674855,0.1633
1697920440,2674855,2671145,0.1634
1697920500,2671145,2671149,0.1635
1697920560,2671149,2671149,0.1633
1697920620,2671149,2671378,0.1634
1697920680,2671378,2671301,0.1632
1697920740,2671301,2670988,0.1635
1697920800,2669608,2668278,0.163
1697920860,2668278,2668278,0.1629
1697920920,2670297,2673830,0.1628
1697920980,2673830,2673830,0.1628
1697921040,2675004,2675004,0.1627
1697921100,2674934,2674021,0.1627
1697921160,2674021,2674108,0.1626
1697921220,2674108,2673099,0.1626
1697921280,2673099,2673099,NA
1697921340,2671094,2670481,0.1624
1697921400,2670481,2668795,0.1625
1697921460,2668795,2669239,0.1625
1697921520,2669239,2669239,NA
1697921580,2669239,2667489,0.1626
1697921640,2667489,2669060,0.1627
1697921700,2669060,2669090,0.1627
1697921760,2669090,2669365,0.1626
1697921820,2669365,2669365,NA
1697921880,2669365,2666514,0.1628
1697921940,2666514,2667854,0.1627
1697922000,2667854,2667843,0.1629
1697922060,2667843,2667843,0.1626
1697922120,2667843,2665705,0.1624
1697922180,2665705,2666418,0.1628
1697922240,2667156,2667801,0.1629
1697922300,2667801,2668958,0.1624
1697922360,2668958,2668958,NA
1697922420,2668958,2668958,0.1624
1697922480,2668958,2669229,0.1626
1697922540,2669229,2670601,0.1629
1697922600,2670601,2670628,0.1629
1697922660,2670628,2673296,0.1633
1697922720,2673296,2665576,0.1628
1697922780,2665576,2665198,0.1625
1697922840,2665198,2659945,0.1623
1697922900,2659945,2659199,0.1624
1697922960,2659199,2661093,0.1626
1697923020,2661093,2661093,NA
1697923080,2661093,2661142,0.1624
1697923140,2661142,2660440,0.1622
1697923200,2660440,2660635,0.1625
1697923260,2660635,2634566,0.1637
1697923320,2634566,2635457,0.164
1697923380,2635457,2635100,0.1632
1697923440,2635100,2635022,0.1632
1697923500,2635022,2634671,0.1632
1697923560,2634671,2634610,0.1633
1697923620,2634610,2634610,NA
1697923680,2634610,2634610,NA
1697923740,2634610,2633870,0.1631
1697923800,2633870,2633870,NA
1697923860,2633870,2633870,NA
1697923920,2633870,2633870,NA
1697923980,2633870,2633327,0.1631
1697924040,2633327,2633327,NA
1697924100,2633327,2625699,0.1631
1697924160,2625699,2622767,0.1626
1697924220,2622767,2624074,0.1629
1697924280,2624074,2623996,0.1624
1697924340,2623996,2623137,0.162
1697924400,2623137,2620960,0.1616
1697924460,2620960,2620907,0.1626
1697924520,2620557,2620994,0.1626
1697924580,2620994,2624853,0.1622
1697924640,2624853,2628987,0.1622
1697924700,2628987,2628584,0.1624
1697924760,2628584,2629242,0.1627
1697924820,2629242,2633083,0.1624
1697924880,2633083,2633083,NA
1697924940,2633083,2633083,NA
1697925000,2633083,2633083,NA
1697925060,2633083,2633083,NA
1697925120,2633083,2633094,0.1624
1697925180,2633094,2633127,0.1623
1697925240,2633127,2633127,NA
1697925300,2633127,2628168,0.1618
1697925360,2628168,2623019,0.1618
1697925420,2623019,2623019,NA
1697925480,2623019,2621797,0.1618
1697925540,2621797,2622158,0.1618
1697925600,2622158,2622382,0.1619
1697925660,2622382,2621463,0.1619
1697925720,2621463,2621463,0.1618
1697925780,2621463,2621463,NA
1697925840,2621463,2621463,NA
1697925900,2621463,2621463,NA
1697925960,2621463,2625525,0.1618
1697926020,2625525,2625994,0.1614
1697926080,2625994,2627463,0.1615
1697926140,2627463,2631383,0.1612
1697926200,2631383,2642339,0.1612
1697926260,2642339,2642424,0.1611
1697926320,2642424,2642426,0.1613
1697926380,2642426,2642295,0.1617
1697926440,2642295,2642873,0.1618
1697926500,2642873,2642520,0.1619
1697926560,2642520,2642568,0.1615
1697926620,2642568,2642568,NA
1697926680,2642568,2642568,NA
1697926740,2642568,2642568,0.1615
1697926800,2642568,2633613,0.1617
1697926860,2633613,2633524,0.1616
1697926920,2633524,2633568,0.1611
1697926980,2633568,2612856,0.1608
1697927040,2612856,2612995,0.1607
1697927100,2612995,2612031,0.1608
1697927160,2612031,2613301,0.1612
1697927220,2613301,2613796,0.1612
1697927280,2613796,2612595,0.1614
1697927340,2612595,2612595,NA
1697927400,2612595,2615192,0.161
1697927460,2615192,2615026,0.1607
1697927520,2615026,2613939,0.1608
1697927580,2613939,2613724,0.1608
1697927640,2613724,2613588,0.1605
1697927700,2613588,2546245,0.1594
1697927760,2546381,2544120,0.1591
1697927820,2544120,2547655,0.1595
1697927880,2547655,2551952,0.1601
1697927940,2551952,2546465,0.1602
1697928000,2546465,2546838,0.1602
1697928060,2546838,2549056,0.1607
1697928120,2549056,2543943,0.1603
1697928180,2543943,2544437,0.1604
1697928240,2544437,2544437,NA
1697928300,2544437,2560468,0.161
1697928360,2560468,2558805,0.1612
1697928420,2558805,2558805,NA
1697928480,2558805,2558967,0.1614
1697928540,2561110,2558736,0.1611
1697928600,2558736,2558733,0.161
1697928660,2558733,2558733,NA
1697928720,2558733,2558732,0.1609
1697928780,2558732,2559732,0.1609
1697928840,2559732,2559732,NA
1697928900,2559732,2559763,0.161
1697928960,2559763,2559763,NA
1697929020,2559763,2559764,0.161
1697929080,2559764,2559764,NA
1697929140,2559764,2559794,0.161
1697929200,2558511,2555797,0.1616
1697929260,2561966,2562318,0.1615
1697929320,2562318,2562318,0.1615
1697929380,2562318,2560538,0.1612
1697929440,2560538,2560538,NA
1697929500,2560538,2560538,NA
1697929560,2560538,2559247,0.1605
1697929620,2559247,2559470,0.1597
1697929680,2559470,2560378,0.1594
1697929740,2561438,2561439,0.1598
1697929800,2561439,2561808,0.1599
1697929860,2561808,2561808,NA
1697929920,2561808,2560842,0.1598
1697929980,2560842,2561133,0.16
1697930040,2561133,2562899,0.16
1697930100,2562899,2561225,0.1596
1697930160,2561225,2561225,NA
1697930220,2561225,2567766,0.1603
1697930280,2567766,2573520,0.1608
1697930340,2573553,2573230,0.1608
1697930400,2573230,2582560,0.1606
1697930460,2582560,2582560,NA
1697930520,2582560,2576897,0.16
1697930580,2576897,2576897,NA
1697930640,2576897,2583384,0.1602
1697930700,2583384,2587754,0.1603
1697930760,2587754,2585626,0.1607
1697930820,2585626,2607640,0.1607
1697930880,2607640,2605628,0.1604
1697930940,2605628,2609162,0.1606
1697931000,2609162,2607433,0.1603
1697931060,2607433,2607433,0.1603
1697931120,2607433,2607153,0.1602
1697931180,2607153,2607153,NA
1697931240,2607153,2600438,0.1605
1697931300,2600438,2626119,0.1605
1697931360,2626119,2626119,0.1605
1697931420,2626119,2624377,0.161
1697931480,2624377,2624377,0.161
1697931540,2624377,2624459,0.161
1697931600,2624459,2619770,0.1613
1697931660,2620670,2621332,0.1612
1697931720,2621332,2657239,0.1622
1697931780,2657239,2631670,0.1616
1697931840,2631670,2629238,0.1619
1697931900,2629238,2629620,0.1623
1697931960,2633014,2633013,0.162
1697932020,2633013,2633260,0.162
1697932080,2633260,2633697,0.162
1697932140,2631097,2629593,0.1617
1697932200,2629593,2633688,0.1618
1697932260,2633688,2655968,0.1629
1697932320,2656484,2663120,0.1633
1697932380,2663120,2662820,0.1625
1697932440,2662820,2659431,0.1623
1697932500,2659431,2658761,0.1622
1697932560,2664342,2667227,0.1615
1697932620,2667227,2667195,0.1616
1697932680,2667195,2672610,0.161
1697932740,2672610,2672331,0.1608
1697932800,2672331,2674029,0.1614
1697932860,2674988,2675632,0.1614
1697932920,2675632,2675632,NA
1697932980,2675632,2679508,0.1612
1697933040,2679508,2675720,0.1607
1697933100,2675720,2675287,0.1611
1697933160,2675287,2676240,0.1609
1697933220,2676245,2677005,0.1606
1697933280,2677641,2677383,0.161
1697933340,2677383,2677560,0.1615
1697933400,2677560,2678873,0.1615
1697933460,2678873,2675998,0.1617
1697933520,2675998,2679794,0.1622
1697933580,2679815,2680343,0.162
1697933640,2680343,2682814,0.162
1697933700,2682814,2684977,0.1626
1697933760,2684395,2705451,0.162
1697933820,2705451,2705434,0.1621
1697933880,2705434,2715116,0.1636
1697933940,2715392,2720846,0.164
1697934000,2721454,2724251,0.1644
1697934060,2727815,2732544,0.1634
1697934120,2735412,2726770,0.1631
1697934180,2734737,2734466,0.163
1697934240,2734466,2734643,0.1633
1697934300,2735097,2737158,0.163
1697934360,2737158,2760191,0.164
1697934420,2760191,2755857,0.1648
1697934480,2755799,2721487,0.1645
1697934540,2720620,2734467,0.1641
1697934600,2734468,2732920,0.1639
1697934660,2733584,2756701,0.1653
1697934720,2756701,2774884,0.1643
1697934780,2805428,2807663,0.1652
1697934840,2808775,2828054,0.1656
1697934900,2828054,2829130,0.1667
1697934960,2827125,2831118,0.1668
1697935020,2831118,2831163,0.1668
1697935080,2831163,2836564,0.1672
1697935140,2836564,2841598,0.167
1697935200,2841698,2839101,0.1667
1697935260,2839101,2838929,0.1668
1697935320,2838929,2846294,0.1669
1697935380,2846949,2896426,0.1687
1697935440,2896424,2897051,0.1683
1697935500,2897051,2934286,0.169
1697935560,2934474,2950816,0.1695
1697935620,2950816,2967479,0.1691
1697935680,2967479,2974071,0.1691
1697935740,2976783,2977020,0.1699
1697935800,2981436,2979547,0.1699
1697935860,2979966,2985045,0.1705
1697935920,2990294,3005659,0.1699
1697935980,3004465,3009492,0.1694
1697936040,3009492,3003819,0.1688
1697936100,3003819,3000246,0.1678
1697936160,2999498,2992112,0.1682
1697936220,2992112,2993364,0.1683
1697936280,2993364,2989701,0.1681
1697936340,2988546,2976025,0.1689
1697936400,2976605,2980373,0.1691
1697936460,2980373,2977960,0.169
1697936520,2983632,2982725,0.1691
1697936580,2982725,2975262,0.1682
1697936640,2976463,2973837,0.1683
1697936700,2973837,2976490,0.1677
1697936760,2975367,2973278,0.1684
1697936820,2973816,2996692,0.1686
1697936880,3003458,3007283,0.1687
1697936940,3007283,2996258,0.1691
1697937000,3002089,2997917,0.1693
1697937060,2997917,3007713,0.1698
1697937120,3007714,3001104,0.1691
1697937180,3001104,3007029,0.1695
1697937240,3006699,3016153,0.1695
1697937300,3016153,3017787,0.1701
1697937360,3017787,3021471,0.1692
1697937420,3021471,3018286,0.1687
1697937480,3018286,3031675,0.1688
1697937540,3031675,3024611,0.1691
1697937600,3024805,2993058,0.169
1697937660,2993058,2988601,0.1695
1697937720,2988609,2991498,0.1697
1697937780,2991498,2982661,0.1701
1697937840,2983647,3030400,0.171
1697937900,3040551,3062574,0.1702
1697937960,3061651,3062501,0.1708
1697938020,3062501,3056363,0.1699
1697938080,3056685,3003168,0.1672
1697938140,2997213,2937894,0.1672
1697938200,2937375,2934775,0.1677
1697938260,2934775,2936485,0.1682
1697938320,2936485,2936288,0.1687
1697938380,2936288,2953679,0.1685
1697938440,2967886,2971804,0.1676
1697938500,2953940,2931712,0.167
1697938560,2929448,2926336,0.1666
1697938620,2926396,2914375,0.1679
1697938680,2914375,2928840,0.1684
1697938740,2928841,2942864,0.169
1697938800,2942864,2943613,0.169
1697938860,2943613,2933543,0.1683
1697938920,2933012,2933560,0.1683
1697938980,2933560,2938461,0.1685
1697939040,2938461,2945650,0.1691
1697939100,2945650,2944513,0.169
1697939160,2944513,2955813,0.1686
1697939220,2955813,2941678,0.168
1697939280,2941678,2940467,0.1687
1697939340,2942305,2942453,0.1687
1697939400,2942461,2943478,0.1686
1697939460,2943478,2943738,0.1683
1697939520,2943738,2943654,0.1682
1697939580,2942670,2943669,0.1683
1697939640,2943669,2935081,0.1673
1697939700,2935081,2936697,0.1673
1697939760,2936697,2934428,0.167
1697939820,2934428,2927775,0.1674
1697939880,2927775,2927533,0.1676
1697939940,2927533,2930391,0.1678
1697940000,2930391,2931051,0.1681
1697940060,2931051,2931080,0.1679
1697940120,2931080,2930372,0.1682
1697940180,2930372,2933811,0.1683
1697940240,2933811,2933569,0.1684
1697940300,2932855,2928262,0.1679
1697940360,2928239,2928401,0.1673
1697940420,2928419,2926252,0.1675
1697940480,2926259,2928282,0.1682
1697940540,2928282,2924873,0.1679
1697940600,2924873,2928714,0.1671
1697940660,2931080,2933205,0.1673
1697940720,2933205,2934223,0.168
1697940780,2933626,2934478,0.1681
1697940840,2934478,2938168,0.1685
1697940900,2937705,2940156,0.168
1697940960,2937594,2917963,0.1671
1697941020,2917963,2915803,0.1674
1697941080,2915803,2901138,0.1668
1697941140,2901136,2901730,0.1672
1697941200,2902828,2917765,0.1664
1697941260,2917765,2913408,0.1666
1697941320,2913408,2913169,0.1667
1697941380,2913169,2923979,0.1669
1697941440,2923979,2922120,0.1674
1697941500,2924033,2924219,0.1675
1697941560,2924219,2921451,0.1676
1697941620,2920819,2921185,0.1675
1697941680,2922087,2922390,0.1676
1697941740,2922390,2922070,0.1674
1697941800,2922070,2922563,0.1675
1697941860,2922563,2921279,0.1675
1697941920,2921279,2921310,0.1675
1697941980,2921310,2921315,0.1681
1697942040,2921464,2902308,0.1667
1697942100,2904068,2899477,0.1664
1697942160,2899422,2853095,0.1665
1697942220,2853095,2855587,0.166
1697942280,2855587,2853958,0.1664
1697942340,2853958,2853016,0.167
1697942400,2853725,2853741,0.1672
1697942460,2848593,2848772,0.1666
1697942520,2848818,2848818,0.1669
1697942580,2848818,2849053,0.1669
1697942640,2849053,2849225,0.1673
1697942700,2849225,2849543,0.1672
1697942760,2851052,2851155,0.1676
1697942820,2851155,2851165,0.1674
1697942880,2851165,2851259,0.1675
1697942940,2851259,2852129,0.1677
1697943000,2852129,2854412,0.1678
1697943060,2854412,2859070,0.1678
1697943120,2859070,2859466,0.1674
1697943180,2862136,2865929,0.1676
1697943240,2865929,2865754,0.1674
1697943300,2865754,2861452,0.1674
1697943360,2861452,2861452,NA
1697943420,2861452,2851755,0.1666
1697943480,2851755,2852907,0.1665
1697943540,2852907,2852860,0.1667
1697943600,2858034,2857909,0.167
1697943660,2857909,2857912,0.167
1697943720,2857915,2857913,0.1669
1697943780,2857913,2857913,NA
1697943840,2857913,2860231,0.1669
1697943900,2860231,2860519,0.1669
1697943960,2860519,2860519,0.1669
1697944020,2860519,2860886,0.1671
1697944080,2860886,2861447,0.1669
1697944140,2861452,2861812,0.1671
1697944200,2861812,2850652,0.1658
1697944260,2850652,2853571,0.1667
1697944320,2853571,2853836,0.1666
1697944380,2854297,2855321,0.1668
1697944440,2857554,2857958,0.1667
1697944500,2857958,2868811,0.1659
1697944560,2868210,2832518,0.1649
1697944620,2832518,2782776,0.165
1697944680,2780245,2773455,0.1648
1697944740,2773455,2771191,0.1646
1697944800,2771191,2767127,0.1642
1697944860,2767127,2775801,0.1642
1697944920,2775801,2775143,0.1638
1697944980,2775140,2762474,0.163
1697945040,2762516,2742562,0.1636
1697945100,2740058,2742346,0.1633
1697945160,2740812,2741076,0.164
1697945220,2741076,2731783,0.1634
1697945280,2731783,2730133,0.1633
1697945340,2730133,2730225,0.1635
1697945400,2730225,2722597,0.1639
1697945460,2722597,2720917,0.1637
1697945520,2720917,2720622,0.1635
1697945580,2720622,2716374,0.163
1697945640,2716374,2723862,0.1635
1697945700,2723862,2723862,0.1634
1697945760,2723862,2719520,0.1639
1697945820,2719520,2719697,0.164
1697945880,2719451,2728622,0.164
1697945940,2728622,2724026,0.1634
1697946000,2724026,2726364,0.164
1697946060,2726867,2726867,0.1639
1697946120,2726390,2726546,0.1642
1697946180,2726546,2730201,0.1642
1697946240,2730201,2730308,0.1642
1697946300,2730308,2730336,0.1642
1697946360,2730336,2728575,0.1629
1697946420,2728575,2726994,0.1624
1697946480,2726291,2720835,0.1627
1697946540,2720835,2720835,0.1624
1697946600,2720835,2720976,0.1628
1697946660,2720976,2720959,0.1631
1697946720,2720959,2721535,0.1633
1697946780,2721535,2723727,0.1636
1697946840,2723727,2723659,0.1637
1697946900,2723659,2723471,0.1636
1697946960,2723471,2723633,0.1637
1697947020,2723633,2716327,0.1645
1697947080,2716327,2716956,0.1642
1697947140,2716956,2715997,0.1641
1697947200,2715997,2715998,0.164
1697947260,2716002,2716029,0.1641
1697947320,2716029,2698060,0.1639
1697947380,2698060,2697119,0.1633
1697947440,2696886,2696885,0.1629
1697947500,2687049,2685985,0.1628
1697947560,2685985,2686014,0.1628
1697947620,2685684,2699824,0.1637
1697947680,2699824,2701140,0.1634
1697947740,2703362,2703599,0.1638
1697947800,2703599,2704453,0.1636
1697947860,2704453,2704915,0.1639
1697947920,2704915,2695446,0.164
1697947980,2695446,2694446,0.164
1697948040,2694446,2691057,0.1656
1697948100,2689817,2697476,0.1657
1697948160,2697476,2749051,0.1655
1697948220,2753124,2765186,0.1662
1697948280,2765186,2763020,0.1659
1697948340,2763020,2763020,NA
1697948400,2763020,2772570,0.1658
1697948460,2772570,2774445,0.1664
1697948520,2777166,2778163,0.1664
1697948580,2778163,2778624,0.1662
1697948640,2778624,2734409,0.1649
1697948700,2734409,2722107,0.1645
1697948760,2722107,2723602,0.1643
1697948820,2718834,2717807,0.1652
1697948880,2717630,2717781,0.1651
1697948940,2717781,2718919,0.1653
1697949000,2718919,2722248,0.1656
1697949060,2722260,2722192,0.1654
1697949120,2722192,2722192,NA
1697949180,2722192,2722780,0.1653
1697949240,2722780,2723816,0.1652
1697949300,2723816,2722405,0.1645
1697949360,2722447,2724287,0.1647
1697949420,2724287,2723451,0.1646
1697949480,2723451,2722944,0.1648
1697949540,2722944,2722935,0.165
1697949600,2722935,2722972,0.1649
1697949660,2722935,2721662,0.1654
1697949720,2720564,2721064,0.1654
1697949780,2721064,2720276,0.1662
1697949840,2721928,2745119,0.1668
1697949900,2745119,2745297,0.1668
1697949960,2745297,2750945,0.1666
1697950020,2750945,2752332,0.1664
1697950080,2752332,2767320,0.1664
1697950140,2767321,2762130,0.166
1697950200,2762130,2762172,0.166
1697950260,2762172,2762152,0.1662
1697950320,2762130,2762629,0.1665
1697950380,2762629,2764470,0.1663
1697950440,2764470,2768546,0.1661
1697950500,2768592,2754185,0.1656
1697950560,2754145,2754193,0.1654
1697950620,2754193,2754207,0.1654
1697950680,2754207,2745965,0.1663
1697950740,2745965,2751576,0.167
1697950800,2751576,2762773,0.1669
1697950860,2762773,2772773,0.1666
1697950920,2772773,2775434,0.1669
1697950980,2775434,2775152,0.1666
1697951040,2775152,2775473,0.1666
1697951100,2775473,2782960,0.167
1697951160,2784581,2788471,0.1663
1697951220,2788484,2788747,0.1665
1697951280,2788748,2786920,0.1666
1697951340,2786920,2787274,0.1664
1697951400,2787274,2775255,0.1666
1697951460,2775255,2775480,0.1665
1697951520,2775480,2775367,0.1668
1697951580,2775367,2780466,0.1665
1697951640,2780466,2780761,0.1662
1697951700,2780761,2780761,NA
1697951760,2780761,2780501,0.1665
1697951820,2780501,2779624,0.1665
1697951880,2779624,2779541,0.1665
1697951940,2779541,2779541,0.1665
1697952000,2779541,2779340,0.1667
1697952060,2779302,2779302,0.1666
1697952120,2779302,2779314,0.1665
1697952180,2779314,2777587,0.167
1697952240,2777587,2782243,0.1668
1697952300,2782244,2812258,0.167
1697952360,2812258,2812438,0.1668
1697952420,2812438,2812438,NA
1697952480,2812438,2812640,0.1669
1697952540,2812640,2812705,0.1669
1697952600,2812705,2818097,0.1668
1697952660,2818097,2818099,0.1668
1697952720,2818099,2819417,0.167
1697952780,2977639,3003364,0.167
1697952840,3004378,3061671,0.1696
1697952900,3061182,3033610,0.1696
1697952960,3031651,3016401,0.1694
1697953020,3018054,3022846,0.169
1697953080,3022846,3019155,0.1692
1697953140,3019155,3026030,0.1688
1697953200,3026030,3025326,0.1688
1697953260,3025326,3025326,0.1681
1697953320,3018540,2995433,0.1671
1697953380,2995437,2995640,0.1673
1697953440,2995640,2997580,0.1676
1697953500,2997580,2996564,0.168
1697953560,2996564,2993524,0.1676
1697953620,2992874,2992845,0.1677
1697953680,2992845,2994340,0.1682
1697953740,2994340,2992836,0.1679
1697953800,2993314,2992380,0.1682
1697953860,2992380,2990324,0.1676
1697953920,2986113,2987048,0.1684
1697953980,2987048,2986563,0.1682
1697954040,2987391,2987486,0.1686
1697954100,2987822,2987797,0.1691
1697954160,2991627,2990942,0.1696
1697954220,2990942,2990847,0.1691
1697954280,2990847,2990847,0.1687
1697954340,3001751,2999959,0.1682
1697954400,2994558,2977328,0.168
1697954460,2977328,2977328,0.1681
1697954520,2977328,2977331,0.1684
1697954580,2977331,2990316,0.1689
1697954640,2990316,2990026,0.1695
1697954700,2990026,2990432,0.1691
1697954760,2990432,3021539,0.1689
1697954820,3021539,3022574,0.1685
1697954880,3022575,3022575,NA
1697954940,3022575,3021032,0.1682
1697955000,3020006,2999358,0.1676
1697955060,2999358,2995440,0.1684
1697955120,2995440,2993150,0.1681
1697955180,2993150,2991095,0.1681
1697955240,2991095,2998862,0.1683
1697955300,2998862,3001446,0.1687
1697955360,3001446,3003538,0.169
1697955420,3003401,3008300,0.1691
1697955480,3008301,3004353,0.1684
1697955540,3004353,3003928,0.1688
1697955600,3003928,3004107,0.169
1697955660,3004107,3006973,0.169
1697955720,3006973,3004959,0.1685
1697955780,3004959,3004991,0.1688
1697955840,3004991,3006569,0.169
1697955900,3006569,3005503,0.1687
1697955960,3005503,3005503,NA
1697956020,3005503,3004218,0.1687
1697956080,3004218,3010725,0.1693
1697956140,3010725,3012182,0.1693
1697956200,3012182,3013555,0.1692
1697956260,3013626,3018407,0.1695
1697956320,3018407,2998911,0.1691
1697956380,2998911,2998901,0.1691
1697956440,2998901,3001853,0.169
1697956500,3001853,3005152,0.1689
1697956560,3005152,3006097,0.1687
1697956620,3006097,2998823,0.1682
1697956680,2998823,2996696,0.1685
1697956740,2996696,2993237,0.1684
1697956800,2993228,2993228,0.1686
1697956860,2993228,2992638,0.1687
1697956920,2992334,2982172,0.1685
1697956980,2980622,2980622,0.1689
1697957040,2980934,2999575,0.1698
1697957100,2997751,3064667,0.1703
1697957160,3065503,3069039,0.1699
1697957220,3069039,3069462,0.1697
1697957280,3069469,3070484,0.1698
1697957340,3070526,3092195,0.171
1697957400,3092195,3095611,0.1703
1697957460,3095611,3093148,0.1701
1697957520,3093149,3093487,0.1703
1697957580,3093487,3098246,0.1703
1697957640,3098246,3098842,0.1703
1697957700,3098842,3098842,0.1703
1697957760,3098799,3099192,0.1702
1697957820,3099192,3105310,0.1702
1697957880,3105310,3109479,0.1707
1697957940,3109479,3110384,0.1705
1697958000,3110384,3112387,0.1702
1697958060,3112387,3126246,0.1706
1697958120,3126246,3126541,0.17
1697958180,3126739,3126254,0.1695
1697958240,3089837,3089837,NA
1697958300,3089837,3088916,0.1698
1697958360,3088916,3088916,NA
1697958420,3088916,3090318,0.1694
1697958480,3090318,3088498,0.1696
1697958540,3088498,3087667,0.1702
1697958600,3087667,3087461,0.1704
1697958660,3087461,3088337,0.1705
1697958720,3088337,3131239,0.1714
1697958780,3131239,3157014,0.1815
1697958840,3113856,2917479,0.1775
1697958900,2920311,2909905,0.177
1697958960,2914722,2978293,0.1774
1697959020,2978321,2977556,0.1774
1697959080,2977979,2976068,0.176
1697959140,2976068,2971231,0.1756
1697959200,2949264,3007625,0.1805
1697959260,3018903,3164119,0.1812
1697959320,3164119,3147968,0.179
1697959380,3147688,3139291,0.1789
1697959440,3139603,3167831,0.1787
1697959500,3161080,3163315,0.1791
1697959560,3163313,3085662,0.177
1697959620,3085662,3082023,0.1768
1697959680,3081988,3145285,0.1807
1697959740,3166441,3193075,0.1804
1697959800,3200805,3120720,0.1781
1697959860,3120737,3122560,0.1783
1697959920,3122560,3123836,0.1772
1697959980,3129133,3197598,0.1801
1697960040,3220954,3242648,0.1793
1697960100,3242724,3242916,0.1791
1697960160,3244061,3345786,0.184
1697960220,3349502,3393104,0.1837
1697960280,3393725,3454475,0.1869
1697960340,3470237,3558365,0.1852
1697960400,3557923,3503347,0.1844
1697960460,3496942,3497231,0.1842
1697960520,3506215,3492107,0.1821
1697960580,3492182,3490862,0.1838
1697960640,3490862,3526443,0.1835
1697960700,3527443,3459607,0.1811
1697960760,3455871,3397884,0.185
1697960820,3457852,3405314,0.1822
1697960880,3403263,3448757,0.1821
1697960940,3448575,3455351,0.1815
1697961000,3455351,3456028,0.181
1697961060,3456029,3484659,0.1844
1697961120,3486220,3543593,0.1827
1697961180,3543593,3547161,0.1831
1697961240,3552098,3584959,0.1829
1697961300,3585357,3591589,0.1821
1697961360,3591595,3593022,0.1824
1697961420,3593233,3605226,0.182
1697961480,3605226,3593450,0.183
1697961540,3593450,3603469,0.1838
1697961600,3608817,3658062,0.1839
1697961660,3653860,3673519,0.1851
1697961720,3677517,3698699,0.1865
1697961780,3699036,3785939,0.1854
1697961840,3788151,3764235,0.1853
1697961900,3764735,3764307,0.1849
1697961960,3763166,3754299,0.1865
1697962020,3754299,3832643,0.186
1697962080,3834643,3857474,0.186
1697962140,3857474,3864087,0.1865
1697962200,3864087,3793570,0.1831
1697962260,3792297,3708131,0.1826
1697962320,3708131,3701024,0.1821
1697962380,3701024,3702735,0.1841
1697962440,3706440,3715269,0.1836
1697962500,3753118,3729126,0.1819
1697962560,3729126,3697407,0.1828
1697962620,3697407,3755278,0.1855
1697962680,3755075,3741409,0.1828
1697962740,3742623,3727386,0.1815
1697962800,3727386,3737479,0.1827
1697962860,3737479,3731630,0.1821
1697962920,3731660,3742646,0.182
1697962980,3743046,3619643,0.1807
1697963040,3619643,3607209,0.181
1697963100,3614800,3614231,0.1813
1697963160,3614363,3613848,0.1809
1697963220,3613848,3620634,0.183
1697963280,3620634,3614697,0.1836
1697963340,3663688,3687423,0.1825
1697963400,3687423,3698941,0.182
1697963460,3698941,3734703,0.1808
1697963520,3734706,3735232,0.1822
1697963580,3734559,3747165,0.183
1697963640,3747647,3767164,0.1813
1697963700,3767164,3754950,0.1825
1697963760,3754950,3760034,0.1814
1697963820,3759344,3770815,0.1814
1697963880,3770815,3770917,0.1816
1697963940,3770917,3770491,0.1819
1697964000,3770491,3762622,0.1835
1697964060,3766799,3763925.5,0.1827
1697964120,3763107,3765229,0.1828
1697964180,3765229,3768568,0.1839
1697964240,3768568,3772733,0.1839
1697964300,3772733,3788170,0.183
1697964360,3788170,3793053,0.1838
1697964420,3793053,3810928,0.1839
1697964480,3811222,3837819,0.1832
1697964540,3837819,3852631,0.1834
1697964600,3852631,3859572,0.1836
1697964660,3859572,3870441,0.1828
1697964720,3870441,3870199,0.1827
1697964780,3869699,3806422,0.1819
1697964840,3810629,3849217,0.1813
1697964900,3846874,3673898,0.1791
1697964960,3675688,3557546,0.1779
1697965020,3554738,3534521,0.1788
1697965080,3530645,3506364,0.1789
1697965140,3506364,3506784,0.1788
1697965200,3514559,3508271,0.1785
1697965260,3508271,3487946,0.1798
1697965320,3487487,3500830,0.1802
1697965380,3500830,3511057,0.18
1697965440,3511061,3512154,0.18
1697965500,3512182,3503194,0.179
1697965560,3502693,3495679,0.1783
1697965620,3495679,3490360,0.1794
1697965680,3490360,3490294,0.1809
1697965740,3498364,3482503,0.1795
1697965800,3482503,3482417,0.18
1697965860,3482417,3483032,0.1794
1697965920,3483032,3483872,0.1791
1697965980,3483872,3489985,0.1806
1697966040,3486162,3486123,0.1806
1697966100,3486076,3482675,0.1814
1697966160,3482573,3478426,0.1826
1697966220,3477363,3486196,0.1823
1697966280,3486196,3480823,0.182
1697966340,3482353,3487862,0.1818
1697966400,3487863,3486909,0.1817
1697966460,3486911,3476973,0.1807
1697966520,3476973,3477895,0.1811
1697966580,3477895,3477948,0.1813
1697966640,3477976,3484711,0.1816
1697966700,3484711,3486238,0.1807
1697966760,3486760,3487374,0.1804
1697966820,3487374,3464574,0.1799
1697966880,3464570,3471671,0.1812
1697966940,3471671,3471814,0.1814
1697967000,3471814,3472427,0.1816
1697967060,3472892,3482987,0.1813
1697967120,3482987,3489853,0.1814
1697967180,3489853,3500910,0.1819
1697967240,3500910,3503034,0.1822
1697967300,3503034,3505890,0.1813
1697967360,3505892,3506613,0.1813
1697967420,3506613,3489216,0.1793
1697967480,3489183,3515747,0.182
1697967540,3515747,3516039,0.1816
1697967600,3515286,3514402,0.1816
1697967660,3514402,3514384,0.1809
1697967720,3519384,3519566,0.1821
1697967780,3519566,3520234,0.1828
1697967840,3520235,3538795,0.182
1697967900,3538807,3538484,0.1824
1697967960,3538643,3541513,0.182
1697968020,3541513,3554287,0.1816
1697968080,3554287,3558205,0.1821
1697968140,3558205,3555095,0.1823
1697968200,3555095,3563542,0.1824
1697968260,3563542,3564471,0.1824
1697968320,3564471,3558262,0.1825
1697968380,3558399,3580734,0.1828
1697968440,3580734,3622482,0.1845
1697968500,3619169,3656903,0.1848
1697968560,3656903,3673815,0.1849
1697968620,3684566,3720241,0.1842
1697968680,3723551,3738360,0.1843
1697968740,3741424,3743496,0.1843
1697968800,3743496,3740534,0.1836
1697968860,3741140,3741621,0.1835
1697968920,3741621,3742500,0.1835
1697968980,3752121,3761362,0.1846
1697969040,3765588,3774175,0.1848
1697969100,3784385,3800011,0.1837
1697969160,3800283,3809172,0.1834
1697969220,3809183,3825927,0.1827
1697969280,3824830,3770712,0.1813
1697969340,3771286,3767144,0.1832
1697969400,3767144,3768811,0.1823
1697969460,3768811,3769223,0.1817
1697969520,3769223,3769190,0.1817
1697969580,3769190,3769235,0.1816
1697969640,3769235,3770987,0.1816
1697969700,3769569,3772381,0.1814
1697969760,3772381,3776833,0.1812
1697969820,3776780,3773627,0.1809
1697969880,3773627,3770960,0.1811
1697969940,3771500,3758385,0.1809
1697970000,3758385,3757166,0.1805
1697970060,3757166,3727200,0.1808
1697970120,3725961,3727028,0.18
1697970180,3724193,3692515,0.1787
1697970240,3692515,3647532,0.1788
1697970300,3647532,3630434,0.1795
1697970360,3630434,3615444,0.1784
1697970420,3615407,3608570,0.1783
1697970480,3608570,3605950,0.1783
1697970540,3606004,3569553,0.1802
1697970600,3569553,3561650,0.1798
1697970660,3561650,3566256,0.1787
1697970720,3566256,3566869,0.1792
1697970780,3566869,3557300,0.1801
1697970840,3558793,3570949,0.1803
1697970900,3575736,3567881,0.1794
1697970960,3567881,3576527,0.1796
1697971020,3576527,3576997,0.1792
1697971080,3576997,3566600,0.1798
1697971140,3566600,3564235,0.1807
1697971200,3564234,3564681,0.1802
1697971260,3564681,3564819,0.181
1697971320,3564819,3562915,0.1807
1697971380,3563013,3559308,0.1804
1697971440,3559309,3559164,0.1801
1697971500,3559164,3559323,0.1805
1697971560,3559323,3559323,NA
1697971620,3559323,3562874,0.1802
1697971680,3562874,3563142,0.1801
1697971740,3563142,3563262,0.1801
1697971800,3563262,3563400,0.1801
1697971860,3563400,3561887,0.1804
1697971920,3561887,3565131,0.1811
1697971980,3562431,3561437,0.1817
1697972040,3562139,3563422,0.1814
1697972100,3563422,3579085,0.1817
1697972160,3579085,3555035,0.1828
1697972220,3559582,3547815,0.1822
1697972280,3547823,3499885,0.1828
1697972340,3499885,3558162,0.1825
1697972400,3560662,3554405,0.182
1697972460,3554405,3556200,0.1825
1697972520,3570064,3570439,0.1824
1697972580,3570439,3568899,0.1816
1697972640,3568899,3568929,0.1816
1697972700,3568932,3568955,0.182
1697972760,3568955,3574920,0.1819
1697972820,3574920,3586755,0.1819
1697972880,3586756,3568971,0.1811
1697972940,3568201,3572969,0.1806
1697973000,3572987,3577691,0.1816
1697973060,3577691,3563049,0.1806
1697973120,3563049,3563033,0.1809
1697973180,3563033,3565987,0.1825
1697973240,3577635,3589968,0.1827
1697973300,3589968,3592115,0.1825
1697973360,3596192,3616206,0.1825
1697973420,3616266,3622261,0.1829
1697973480,3623080,3641213,0.183
1697973540,3641213,3641690,0.1827
1697973600,3641690,3645056,0.1827
1697973660,3646023,3646056,0.1827
1697973720,3646056,3669232,0.1827
1697973780,3669232,3702759,0.1833
1697973840,3703072,3732065,0.1841
1697973900,3731581,3806373,0.1848
1697973960,3806630,3792822,0.1858
1697974020,3850722,3862182,0.186
1697974080,3862268,3940450,0.1855
1697974140,3943287,3986764,0.186
1697974200,3989765,4016572,0.185
1697974260,4014942,4024472,0.1853
1697974320,4024474,4089970,0.1857
1697974380,4090042,4040983,0.1876
1697974440,4046555,4055761,0.188
1697974500,4059565,4107447,0.1872
1697974560,4107447,4139387,0.1882
1697974620,4139358,4204409,0.1929
1697974680,4210498,4216846,0.1962
1697974740,4254312,4291139,0.1944
1697974800,4300242,4296907,0.1931
1697974860,4294478,4276701,0.1936
1697974920,4277361,4329437,0.193
1697974980,4332474,4414497,0.193
1697975040,4414651,4430493,0.192
1697975100,4434059,4481176,0.1932
1697975160,4481391,4466438,0.1915
1697975220,4452736,4454324,0.1929
1697975280,4456324,4497754,0.1927
1697975340,4497410,4502401,0.1928
1697975400,4505474,4503280,0.1924
1697975460,4503323,4501066,0.1915
1697975520,4501044,4500999,0.192
1697975580,4496298,4511851,0.1909
1697975640,4512034,4530539,0.1915
1697975700,4531869,4522855,0.192
1697975760,4522595,4349808,0.1903
1697975820,4349818,4405604,0.1928
1697975880,4408269,4412951,0.1909
1697975940,4414724,4430165,0.1906
1697976000,4427702,4458274,0.1909
1697976060,4457950,4440321,0.1921
1697976120,4440321,4450493,0.1919
1697976180,4456096,4458057,0.1917
1697976240,4458891,4482414,0.1914
1697976300,4482360,4482401,0.192
1697976360,4481209,4488099,0.1918
1697976420,4488099,4491822,0.1912
1697976480,4491822,4492898,0.1917
1697976540,4492898,4513948,0.191
1697976600,4525876,4501935,0.1911
1697976660,4495361,4495213,0.1913
1697976720,4495213,4494262,0.1917
1697976780,4494262,4496770,0.1915
1697976840,4496770,4501359,0.1916
1697976900,4505020,4536738,0.1931
1697976960,4533420,4570137,0.1916
1697977020,4562499,4564858,0.1929
1697977080,4565635,4603179,0.1935
1697977140,4617659,4661136,0.1936
1697977200,4660592,4630552,0.1923
1697977260,4630552,4657879,0.193
1697977320,4663335,4664732,0.1933
1697977380,4664732,4685591,0.1918
1697977440,4685635,4691742,0.1921
1697977500,4691742,4689979,0.1919
1697977560,4693125,4700546,0.1928
1697977620,4701870,4706176,0.1928
1697977680,4706181,4710339,0.1926
1697977740,4710339,4599429,0.1885
1697977800,4578005,4485518,0.188
1697977860,4483839,4460890,0.1888
1697977920,4461139,4468116,0.19
1697977980,4453546,4462247,0.1904
1697978040,4462247,4455651,0.1889
1697978100,4455133,4445122,0.1903
1697978160,4445313,4441250,0.1882
1697978220,4425325,4403481,0.1897
1697978280,4403515,4402101,0.1888
1697978340,4402101,4388699,0.1904
1697978400,4392783,4439311,0.191
1697978460,4439311,4454564,0.1903
1697978520,4455166,4447493,0.191
1697978580,4447493,4433973,0.1914
1697978640,4433840,4471635,0.1917
1697978700,4471635,4463252,0.1913
1697978760,4461751,4454822,0.19
1697978820,4453982,4405058,0.189
1697978880,4404479,4419021,0.1902
1697978940,4419086,4435623,0.1909
1697979000,4422692,4419866,0.1893
1697979060,4418981,4402392,0.1896
1697979120,4401699,4407449,0.1901
1697979180,4407453,4419092,0.1893
1697979240,4419092,4432069,0.1894
1697979300,4431896,4270102,0.1877
1697979360,4270402,4249150,0.1881
1697979420,4249150,4247410,0.1879
1697979480,4247175,4236662,0.1887
1697979540,4236662,4229417,0.1882
1697979600,4229417,4230268,0.1882
1697979660,4230268,4239084,0.1884
1697979720,4239084,4238622,0.1882
1697979780,4238622,4247659,0.1892
1697979840,4256227,4231692,0.1884
1697979900,4231692,4227053,0.1881
1697979960,4227015,4224807,0.1879
1697980020,4220850,4226031,0.1876
1697980080,4226031,4211415,0.188
1697980140,4211415,4202291,0.1886
1697980200,4203163,4214834,0.1876
1697980260,4214834,4248422,0.1891
1697980320,4248422,4220869,0.1882
1697980380,4222537,4224841,0.1884
1697980440,4224841,4232074,0.1876
1697980500,4232074,4238549,0.1874
1697980560,4238549,4238550,0.1878
1697980620,4238550,4237751,0.1879
1697980680,4237751,4265643,0.1882
1697980740,4265643,4265647,0.1885
1697980800,4265647,4265549,0.1888
1697980860,4265463,4268403,0.1883
1697980920,4268403,4272520,0.1877
1697980980,4272520,4273085,0.1887
1697981040,4273085,4273335,0.1881
1697981100,4273335,4267939,0.1882
1697981160,4268798,4272345,0.1883
1697981220,4272345,4273407,0.1884
1697981280,4273465,4258606,0.1885
1697981340,4258606,4240763,0.1889
1697981400,4240760,4236555,0.1878
1697981460,4236620,4238250,0.1875
1697981520,4238250,4239776,0.1876
1697981580,4239776,4236317,0.188
1697981640,4240231,4239885,0.188
1697981700,4239885,4238619,0.1879
1697981760,4238338,4241471,0.1894
1697981820,4236826,4241001,0.1885
1697981880,4225667,4217956,0.189
1697981940,4217379,4227807,0.1881
1697982000,4227807,4224850,0.1882
1697982060,4224658,4223111,0.1886
1697982120,4223111,4214161,0.1884
1697982180,4214441,4213296,0.1882
1697982240,4213296,4212450,0.1879
1697982300,4212450,4212072,0.1884
1697982360,4212072,4199831,0.1876
1697982420,4192294,4174604,0.187
1697982480,4174604,4165841,0.1879
1697982540,4165841,4169291,0.1878
1697982600,4169291,4163027,0.1884
1697982660,4163027,4169151,0.1885
1697982720,4169151,4183233,0.1886
1697982780,4183233,4185167,0.1888
1697982840,4185167,4196408,0.189
1697982900,4216408,4224515,0.1892
1697982960,4224623,4271889,0.1908
1697983020,4271847,4312425,0.1918
1697983080,4313426,4379330,0.191
1697983140,4379421,4398419,0.1898
1697983200,4398419,4399506,0.1902
1697983260,4403403,4396806,0.1894
1697983320,4394840,4394032,0.19
1697983380,4394367,4396564,0.1901
1697983440,4396564,4396404,0.1897
1697983500,4396404,4398557,0.19
1697983560,4398557,4411335,0.1916
1697983620,4411335,4430839,0.1906
1697983680,4432278,4437014,0.1911
1697983740,4437014,4427904,0.1931
1697983800,4427609,4382564,0.1935
1697983860,4380115,4367459,0.1928
1697983920,4367459,4329858,0.1932
1697983980,4330858,4328942,0.1922
1697984040,4329900,4327127,0.1934
1697984100,4327429,4328478,0.1923
1697984160,4328508,4341805,0.1927
1697984220,4341862,4367548,0.192
1697984280,4367837,4390997,0.1914
1697984340,4390833,4395629,0.1926
1697984400,4396902,4417874,0.1927
1697984460,4421420,4417504,0.1922
1697984520,4418703,4419354,0.1926
1697984580,4419417,4430098,0.1925
1697984640,4430098,4438326,0.1921
1697984700,4441778,4442581,0.1922
1697984760,4442581,4432799,0.1916
1697984820,4432638,4436381,0.1917
1697984880,4436381,4449357,0.1932
1697984940,4448989,4496031,0.1932
1697985000,4492850,4514244,0.1929
1697985060,4514282,4465093,0.1915
1697985120,4465093,4482870,0.1921
1697985180,4482870,4487570,0.191
1697985240,4486514,4423424,0.1905
1697985300,4423413,4416972,0.1905
1697985360,4416934,4350882,0.1894
1697985420,4348426,4346444,0.19
1697985480,4346497,4348818,0.1896
1697985540,4348611,4362638,0.1901
1697985600,4362639,4368947,0.1901
1697985660,4368996,4374588,0.19
1697985720,4374634,4383023,0.1906
1697985780,4383023,4406614,0.1928
1697985840,4410124,4407185,0.1916
1697985900,4407217,4408283,0.1915
1697985960,4408370,4409928,0.1912
1697986020,4409928,4392703,0.1902
1697986080,4397668,4411078,0.1896
1697986140,4411078,4705105,0.1972
