"OI_open","OI_close","timestamp","price_open","price_close"
20853624.4,20856534,1698241680,1.3726,1.3718
20863134.1,20854368.6,1698241740,1.3716,1.3715
20855657.4,20854279.8,1698241800,1.3715,1.3725
20861654.3,20859645.6,1698241860,1.3724,1.3735
20859916.1,20863304.2,1698241920,1.3735,1.3739
20865364.8,20882730.1,1698241980,1.3739,1.3732
20886324.8,20885692.2,1698242040,1.3734,1.3764
20894777.6,20878311.3,1698242100,1.3764,1.3773
20907753.1,20912970.9,1698242160,1.3778,1.3783
20910538.2,20902370.7,1698242220,1.3784,1.3784
20898857.1,20890072.2,1698242280,1.3782,1.3789
20900424.7,20893925.1,1698242340,1.379,1.3785
20891116.4,20888605.1,1698242400,1.3785,1.3771
20891229.5,20898436.6,1698242460,1.3771,1.3782
20905328,20905341.3,1698242520,1.3781,1.3771
20906548.7,20989288,1698242580,1.3771,1.3764
20977281.3,20977281.3,1698242640,1.3765,1.3723
21109767.8,21109767.8,1698242700,1.3724,1.3734
21170489.9,21170489.9,1698242760,1.3734,1.3719
21157317.4,21166395.1,1698242820,1.3726,1.3724
21167340.7,21171951.3,1698242880,1.3723,1.3742
21174833.5,21173222,1698242940,1.3741,1.3739
21176726.9,21176726.9,1698243000,1.3754,1.377
21172735.4,21186115.1,1698243060,1.3771,1.3752
21192728.4,21204112.1,1698243120,1.3752,1.3761
21205795.3,21220931.5,1698243180,1.3761,1.3777
21207021.5,21213393.5,1698243240,1.3779,1.3765
21213089.6,21218527.6,1698243300,1.3763,1.3777
21211581.4,21186739.9,1698243360,1.3774,1.3759
21190233.6,21190181.1,1698243420,1.3759,1.3762
21193010.8,21180181,1698243480,1.3762,1.3756
21176702.6,21163464.7,1698243540,1.3755,1.3737
21159808,21162071.1,1698243600,1.3737,1.3774
21172194.4,21204599.5,1698243660,1.3775,1.3809
21199472.1,21200168.8,1698243720,1.381,1.3813
21188723.3,21193904.1,1698243780,1.3815,1.3808
21195646.8,21197164.6,1698243840,1.3808,1.381
21208442.9,21207651.7,1698243900,1.3811,1.3835
21201526.4,21212245.5,1698243960,1.3834,1.3834
21218168.7,21225889.6,1698244020,1.3832,1.3822
21278708.1,21277156.2,1698244080,1.3826,1.3832
21283932.1,21267455.1,1698244140,1.3833,1.3834
21378265.7,21370487.1,1698244200,1.3833,1.3842
21367950.3,21368107.4,1698244260,1.3839,1.3856
21351168.2,21333374.5,1698244320,1.3855,1.3854
21340132.3,21345256.4,1698244380,1.3853,1.3872
21345565.7,21320051.6,1698244440,1.3872,1.3873
21323448.4,21332320.4,1698244500,1.3872,1.3891
21327063.6,21303876.2,1698244560,1.3889,1.3837
21302745.1,21296990.3,1698244620,1.3837,1.3857
21291525.5,21299299.1,1698244680,1.3858,1.3861
21303130.4,21315402.1,1698244740,1.386,1.3879
21304048.7,21314951,1698244800,1.3882,1.39
21295562.6,21288623.1,1698244860,1.3898,1.3918
21283091.3,21343509.8,1698244920,1.3921,1.3913
21323070.8,21316979.8,1698244980,1.3913,1.3921
21309881.8,21306039.4,1698245040,1.3922,1.3907
21307424.8,21291961.1,1698245100,1.3904,1.3878
21296971.2,21298495.7,1698245160,1.3878,1.3915
21308026.4,21319927.6,1698245220,1.3917,1.3922
21328746.7,21327653.6,1698245280,1.3922,1.3942
21300223.5,21295927,1698245340,1.3941,1.3942
21294131.3,21294131.3,1698245400,1.3939,1.3924
21307928,21313030.9,1698245460,1.3924,1.3904
21310187.5,21303178.6,1698245520,1.3905,1.3919
21303389.1,21299981.9,1698245580,1.3919,1.3936
21301605.1,21305571,1698245640,1.3935,1.3928
21302492.8,21304197.1,1698245700,1.3927,1.3919
21305380.1,21305380.1,1698245760,1.3917,1.3927
21305558.6,21301846.8,1698245820,1.3927,1.3925
21312566.5,21309778.5,1698245880,1.3924,1.3937
21318456.7,21318456.7,1698245940,1.3936,1.3913
21321552.6,21310640.7,1698246000,1.3913,1.3917
21309293.8,21299067,1698246060,1.3916,1.3877
21345043.5,21380358.8,1698246120,1.3876,1.389
21376215.1,21380670.5,1698246180,1.3894,1.3917
21373564.7,21364269.8,1698246240,1.3916,1.3893
21356746.3,21352773.1,1698246300,1.3893,1.3931
21354284.9,21359689,1698246360,1.3932,1.3936
21372773.3,21389522.9,1698246420,1.3936,1.3946
21387432.2,21388565.9,1698246480,1.3946,1.3926
21401355.2,21373294.2,1698246540,1.3928,1.3928
21379240.4,21406703.9,1698246600,1.3929,1.3903
21392141.6,21386810.8,1698246660,1.3903,1.3886
21401850.5,21430029.8,1698246720,1.3889,1.3915
21421012.8,21479242.8,1698246780,1.3914,1.3882
21464099.5,21471116.3,1698246840,1.3883,1.3918
21479396,21464183.9,1698246900,1.3918,1.389
21470448.1,21470943.9,1698246960,1.389,1.3889
21471765.9,21460172.6,1698247020,1.3887,1.3881
21453677.1,21441611.6,1698247080,1.3882,1.3888
21429217.2,21432013.2,1698247140,1.3885,1.3908
21433653.1,21434480.4,1698247200,1.3909,1.3929
21436068.1,21448593.4,1698247260,1.3931,1.392
21455899.9,21456697.7,1698247320,1.392,1.3864
21445546,21443542.7,1698247380,1.3865,1.3887
21442554.5,21438120.8,1698247440,1.3888,1.3888
21436721.4,21440403,1698247500,1.3887,1.3888
21440875,21454124.3,1698247560,1.389,1.3894
21451622.2,21449039.2,1698247620,1.3893,1.3907
21451020.6,21451020.6,1698247680,1.3909,1.3933
21459349,21474393.5,1698247740,1.3934,1.394
21496242.5,21497138.6,1698247800,1.394,1.3968
21494934.4,21501163.3,1698247860,1.3967,1.3974
21509372.9,21521974.9,1698247920,1.3973,1.3987
21523392.3,21491506.8,1698247980,1.3989,1.4019
21484111.4,21502020.5,1698248040,1.402,1.4023
21514036.6,21530883.8,1698248100,1.4022,1.3996
21511876,21490943.8,1698248160,1.3995,1.3993
21479145.6,21485764.5,1698248220,1.3993,1.3971
21478006,21475637.2,1698248280,1.3972,1.3981
21471598.8,21457512.3,1698248340,1.3979,1.3965
21462783.8,21459188.6,1698248400,1.3964,1.3965
21475055.6,21467376.4,1698248460,1.3965,1.3958
21455128.8,21460726.8,1698248520,1.3937,1.3946
21428019.8,21431833.9,1698248580,1.3948,1.397
21441153.7,21448219.8,1698248640,1.3971,1.3982
21442930.6,21445021.2,1698248700,1.3981,1.4006
21431447.8,21436354.6,1698248760,1.4005,1.3991
21435708.2,21440066,1698248820,1.399,1.4012
21458672.2,21459008.8,1698248880,1.4011,1.4019
21454811.5,21453183.3,1698248940,1.4019,1.4018
21447669.3,21503923.3,1698249000,1.4017,1.403
21508827.2,21534077.7,1698249060,1.4031,1.4003
21538509.4,21540450.6,1698249120,1.4006,1.403
21550668.5,21559242.7,1698249180,1.403,1.4023
21578322.5,21578322.5,1698249240,1.4024,1.4028
21575548.9,21576287.5,1698249300,1.4026,1.4002
21550338.2,21543298.9,1698249360,1.4003,1.3988
21514683.7,21513653.3,1698249420,1.399,1.3994
21507152.3,21506966.3,1698249480,1.3993,1.3992
21518479.5,21549106.3,1698249540,1.3992,1.399
21536616.1,21536616.1,1698249600,1.3991,1.3964
21570652.6,21556564.7,1698249660,1.3962,1.4015
21556790.9,21561977.5,1698249720,1.4015,1.4015
21603598.9,21590336.6,1698249780,1.4015,1.4017
21597105.2,21602573.8,1698249840,1.4015,1.3972
21593333.8,21597393.7,1698249900,1.3969,1.4012
21584861.3,21613263.6,1698249960,1.4013,1.3977
21614618.5,21622866.9,1698250020,1.3977,1.4004
21675750.9,21657724.4,1698250080,1.4004,1.3975
21659878.5,21686982,1698250140,1.3975,1.4004
21695179.8,21695053.7,1698250200,1.4002,1.4029
21692162.9,21693308.2,1698250260,1.403,1.4027
21693583.9,21687972.8,1698250320,1.4024,1.403
21683833,21683248.1,1698250380,1.4029,1.405
21680031.1,21667556.7,1698250440,1.405,1.4065
21680626.9,21715135.7,1698250500,1.4065,1.4052
21720080.4,21751223.5,1698250560,1.4051,1.4084
21742114.3,21729025.9,1698250620,1.4085,1.4013
21683102.8,21623883.7,1698250680,1.4013,1.3958
21601192.2,21564934,1698250740,1.3957,1.3956
21531519.2,21531519.2,1698250800,1.3954,1.3978
21525411.4,21626744.8,1698250860,1.398,1.3959
21586345.5,21585985.3,1698250920,1.3958,1.3904
21565871.1,21561838.9,1698250980,1.3904,1.3933
21549578.3,21576636.9,1698251040,1.3932,1.3907
21585447.6,21630094.6,1698251100,1.391,1.391
21628142.4,21596398.1,1698251160,1.391,1.3877
21595692.6,21584109.9,1698251220,1.3873,1.3878
21583974.2,21576876.4,1698251280,1.3877,1.3864
21521205.4,21400421.8,1698251340,1.3864,1.3784
21395362.2,21693238.1,1698251400,1.3784,1.381
21660233.5,21622956.5,1698251460,1.381,1.3799
21620758.6,21641476.3,1698251520,1.3798,1.3835
21668904.8,21714745.1,1698251580,1.3836,1.3803
21704030.3,21700706.7,1698251640,1.3802,1.3832
21701984.4,21729892.1,1698251700,1.3829,1.3805
21717267.8,21718397.4,1698251760,1.3806,1.3835
21705406.6,21688302,1698251820,1.3837,1.3815
21685582.1,21701125.5,1698251880,1.3814,1.3834
21685566.9,21668938.8,1698251940,1.3835,1.3759
21660782.3,21652633.8,1698252000,1.3756,1.3739
21579347.2,21511415.1,1698252060,1.3737,1.3686
21484205.1,21488913.7,1698252120,1.3685,1.3697
21497814.6,21538706.3,1698252180,1.3698,1.3727
21540802.3,21539838.4,1698252240,1.3727,1.3759
21546990.2,21536016,1698252300,1.376,1.3764
21523236.6,21511254.1,1698252360,1.3763,1.3749
21513413.8,21514487.6,1698252420,1.3748,1.3767
21563764.1,21569481.1,1698252480,1.3769,1.377
21570096.3,21560024.1,1698252540,1.3771,1.3793
21530777.7,21515138.4,1698252600,1.3793,1.3768
21512988.6,21501347.2,1698252660,1.3766,1.3742
21515776.6,21489019.9,1698252720,1.3741,1.3739
21483916.9,21489128.2,1698252780,1.3738,1.3705
21492318.3,21478014.8,1698252840,1.3705,1.3712
21486798.7,21478646.7,1698252900,1.3711,1.3706
21490316.6,21476607.1,1698252960,1.3706,1.3706
21472026.5,21434678.1,1698253020,1.3706,1.3708
21438294.5,21425845.7,1698253080,1.371,1.3696
21429298.8,21388844.7,1698253140,1.3694,1.3662
21394081.5,21400243.9,1698253200,1.3661,1.3699
21403648.5,21441487.3,1698253260,1.3698,1.3634
21371140.2,21374102,1698253320,1.3635,1.3669
21376081.4,21350180.6,1698253380,1.3668,1.3694
21349535.8,21340587,1698253440,1.3695,1.3708
21336722.4,21309693.4,1698253500,1.3708,1.3717
21315660.2,21317048.6,1698253560,1.3717,1.3712
21307944.4,21322920.4,1698253620,1.3713,1.3729
21312736.3,21312736.3,1698253680,1.3729,1.3725
21312083.8,21312083.8,1698253740,1.3725,1.3742
21327390.8,21319429,1698253800,1.3743,1.3747
21336679.8,21340286,1698253860,1.3746,1.3754
21336192.5,21333942.7,1698253920,1.3754,1.3745
21340763,21342271.8,1698253980,1.3746,1.3755
21349620.8,21353399,1698254040,1.3755,1.3755
21350586.3,21343748.8,1698254100,1.3754,1.3772
21341535.6,21341657.4,1698254160,1.3771,1.3771
21340145.8,21334752.7,1698254220,1.377,1.3742
21297904,21324936.4,1698254280,1.3742,1.3751
21320081.2,21309350.3,1698254340,1.375,1.3744
21295620.2,21287773.4,1698254400,1.3743,1.3755
21284532.3,21283588.2,1698254460,1.3757,1.3756
21280144.1,21274204.9,1698254520,1.3754,1.3772
21277208.6,21285114.6,1698254580,1.3771,1.378
21280438.6,21280910.7,1698254640,1.3779,1.3799
21284111.1,21253243.4,1698254700,1.38,1.3793
21243462.3,21249685.7,1698254760,1.3793,1.3766
21246124.3,21257374,1698254820,1.3765,1.3772
21262210.4,21273111.5,1698254880,1.3771,1.3786
21174540.6,21168374.7,1698254940,1.3787,1.3797
21170498.4,21165134.6,1698255000,1.3797,1.3804
21163176,21151021.1,1698255060,1.3804,1.3809
21152362.4,21158531.3,1698255120,1.3807,1.381
21159978.6,21159299,1698255180,1.381,1.3819
21155253.1,21147082.1,1698255240,1.382,1.383
21143580,21097162.3,1698255300,1.3829,1.3805
21066317,21065187.7,1698255360,1.3804,1.3801
21062299.2,21334067.9,1698255420,1.3803,1.3729
21326809.7,21320968,1698255480,1.373,1.3734
21315331.7,21322279.6,1698255540,1.3735,1.3719
21312692.5,21296112.2,1698255600,1.3719,1.3697
21295769.7,21289049.6,1698255660,1.3695,1.3689
21278462.6,21275178.2,1698255720,1.369,1.3689
21273719.6,21276425.5,1698255780,1.3691,1.3696
21277499.5,21272572.2,1698255840,1.3697,1.3695
21272035.5,21274861,1698255900,1.3694,1.3717
21278916.6,21282525,1698255960,1.3717,1.37
21279440.7,21275416.3,1698256020,1.37,1.3719
21278324.3,21272707.5,1698256080,1.3723,1.3731
21271440.7,21271402,1698256140,1.3729,1.372
21268391.3,21257354.2,1698256200,1.372,1.3705
21255721.9,21253875.9,1698256260,1.3705,1.3703
21254354.9,21251011.4,1698256320,1.37,1.3681
21251299.2,21251299.2,1698256380,1.3681,1.3686
21235094.8,21229630.3,1698256440,1.3687,1.37
21227976.4,21226739.9,1698256500,1.3699,1.3704
21218886.2,21218592.7,1698256560,1.3704,1.37
21217572.5,21216443.6,1698256620,1.3698,1.3705
21238691.3,21241911.3,1698256680,1.3705,1.3712
21241310.7,21248365.6,1698256740,1.3714,1.3707
21251653.5,21261505.9,1698256800,1.3707,1.3715
21255285.7,21257074.6,1698256860,1.3715,1.3733
21256695,21246088.2,1698256920,1.3733,1.3716
21252102.7,21238475.5,1698256980,1.3715,1.3726
21235302.3,21236154.7,1698257040,1.3725,1.3726
21225355.6,21229138.9,1698257100,1.3725,1.3729
21228367.5,21224982.8,1698257160,1.3729,1.3713
21223182.3,21224883.5,1698257220,1.3713,1.3713
21221524.3,21214580,1698257280,1.3714,1.3698
21226676,21168481.6,1698257340,1.3697,1.3702
21173984.4,21171185.5,1698257400,1.3702,1.3706
21168344.5,21142773.5,1698257460,1.3705,1.3685
21135925.9,21135812.4,1698257520,1.3685,1.3665
21136481.9,21134830.8,1698257580,1.3664,1.3664
21130980,21126062.6,1698257640,1.3667,1.3693
21119074.3,21122998.2,1698257700,1.3691,1.3694
21140088.1,21128174.7,1698257760,1.3696,1.3685
21128087.9,21126724.7,1698257820,1.3683,1.3713
21137121.1,21126626.6,1698257880,1.3712,1.3722
21132527,21129506.8,1698257940,1.3723,1.3701
21154488.5,21160233.7,1698258000,1.37,1.3701
21160996.3,21157987.3,1698258060,1.3701,1.3704
21155405.1,21146704.1,1698258120,1.3702,1.3669
21144076.5,21141846.8,1698258180,1.3672,1.3688
21129390.6,21113363.9,1698258240,1.3688,1.3675
21110141,21116518.3,1698258300,1.3674,1.3697
21116303.7,21118304.9,1698258360,1.3698,1.367
21135922.5,21134173,1698258420,1.3668,1.3682
21131288.6,21131407,1698258480,1.368,1.3687
21127111.1,21120305.2,1698258540,1.3688,1.3668
21117749.2,21107447.1,1698258600,1.3668,1.3678
21117298.2,21132789.3,1698258660,1.3678,1.3652
21109511.3,21112218.2,1698258720,1.3677,1.3667
21114738.7,21116464.2,1698258780,1.3666,1.3692
21111298.7,21113376.1,1698258840,1.3694,1.3692
21102172.6,21099423,1698258900,1.3692,1.367
21115939.5,21120740.8,1698258960,1.367,1.3672
21121002,21125299.9,1698259020,1.3671,1.3672
21126113.3,21125752.3,1698259080,1.3675,1.3674
21122572.1,21127314.1,1698259140,1.3675,1.3664
21128310,21135895.4,1698259200,1.3665,1.3675
21128659.3,21128659.3,1698259260,1.3675,1.3681
21126392,21127249.6,1698259320,1.3682,1.3677
21128547.5,21129074.5,1698259380,1.3678,1.3676
21128762,21134398.6,1698259440,1.3677,1.3675
21134184.8,21135968.9,1698259500,1.3674,1.3687
21135358.6,21131903.5,1698259560,1.3687,1.3669
21126179.6,21122639.9,1698259620,1.367,1.369
21123641.9,21125609.5,1698259680,1.3689,1.3698
21124013.5,21117779.9,1698259740,1.3699,1.3696
21114224.7,21108690.8,1698259800,1.3696,1.3706
21108979.7,21105527.8,1698259860,1.3706,1.3711
21111818,21111818,1698259920,1.3712,1.373
21113188.1,21107761.6,1698259980,1.373,1.3742
21105017.4,21121508.9,1698260040,1.3742,1.3746
21121035.2,21093282.4,1698260100,1.3747,1.3753
21092462,21075429,1698260160,1.3754,1.3761
21074274.8,21074782.8,1698260220,1.3762,1.3759
21075866.4,21091566.6,1698260280,1.3758,1.3754
21102011.4,21105207.6,1698260340,1.3752,1.3745
21102299.1,21101562.3,1698260400,1.3747,1.3736
21101111.7,21100396.2,1698260460,1.3736,1.3738
21099204.5,21093927.4,1698260520,1.3739,1.3732
21094434.4,21096703.5,1698260580,1.3729,1.3717
21093180.4,21091917.1,1698260640,1.3716,1.3708
21094747.8,21099591.2,1698260700,1.3708,1.3713
21099019,21088186.9,1698260760,1.3714,1.3731
21088394.3,21082256.4,1698260820,1.373,1.371
21082732.3,21064140.6,1698260880,1.3708,1.3701
21062522.9,21056177.1,1698260940,1.3701,1.372
21045590.7,21045590.7,1698261000,1.3723,1.3723
21043994.8,21043907,1698261060,1.3725,1.372
21044701.7,21052380.8,1698261120,1.372,1.3723
21053602.4,21053602.4,1698261180,1.3724,1.3728
21060056.9,21062425.6,1698261240,1.3727,1.3713
21063815.5,21063732.4,1698261300,1.3712,1.3708
21062949.5,21067592.2,1698261360,1.3707,1.3692
21036042.7,21032307.7,1698261420,1.3689,1.3698
21035319.6,21043227.2,1698261480,1.3697,1.3677
21072433.9,21073390.2,1698261540,1.3677,1.3677
21070931.2,21068897.1,1698261600,1.3677,1.368
21070588.3,21072119.1,1698261660,1.3679,1.3682
21071864.1,21117718,1698261720,1.3682,1.3669
21113031.5,21118426.6,1698261780,1.367,1.3671
21116208.4,21107482.8,1698261840,1.3672,1.368
21107894.8,21107384.9,1698261900,1.3679,1.369
21106781.9,21106188.1,1698261960,1.3689,1.3667
21106196.1,21107739,1698262020,1.3668,1.369
21108304.9,21115933.3,1698262080,1.3692,1.3695
21118158.7,21127114.8,1698262140,1.3697,1.3708
21126930.1,21146019,1698262200,1.3708,1.3715
21146646,21150029.4,1698262260,1.3716,1.3716
21176535.2,21177667.1,1698262320,1.3714,1.3717
21177079.6,21164718.1,1698262380,1.3717,1.3741
21162608,21149873.4,1698262440,1.3741,1.374
21147100.4,21147100.4,1698262500,1.3742,1.3739
21118021,21120031.2,1698262560,1.3738,1.3744
21117900.6,21115494.5,1698262620,1.3745,1.3749
21117238.4,21119211.8,1698262680,1.3749,1.3761
21119087.3,21122049.2,1698262740,1.3761,1.3752
21123883.3,21202514,1698262800,1.3752,1.3746
21201941.5,21203093.6,1698262860,1.3747,1.3747
21204178.9,21204983.5,1698262920,1.3747,1.3734
21204852.1,21204920.2,1698262980,1.3734,1.3733
21210821,21212479.4,1698263040,1.3732,1.371
21254118.2,21254771.9,1698263100,1.3709,1.3709
21256168.9,21251529.3,1698263160,1.371,1.371
21242839,21242121.4,1698263220,1.371,1.3718
21243066.7,21243520.4,1698263280,1.3717,1.3733
21237631,21237922.7,1698263340,1.3734,1.373
21236584.6,21225034.7,1698263400,1.3732,1.3731
21238899.5,21242733.7,1698263460,1.3729,1.3722
21236040.1,21234213.9,1698263520,1.3723,1.3711
21229263.6,21233595.5,1698263580,1.3713,1.3735
21226004.2,21222798.4,1698263640,1.3734,1.3741
21222469.3,21221160.3,1698263700,1.3742,1.375
21215180.3,21208520.4,1698263760,1.3748,1.3748
21208982.4,21212580.1,1698263820,1.3749,1.3754
21211796.6,21205577.9,1698263880,1.3754,1.3755
21203057.4,21207850.4,1698263940,1.3754,1.3738
21212507.8,21212976.5,1698264000,1.3739,1.3731
21208971.7,21212594.8,1698264060,1.3731,1.3741
21211994.4,21206352.4,1698264120,1.374,1.3726
21196938.7,21196938.7,1698264180,1.3726,1.3723
21196515.6,21200836.3,1698264240,1.3723,1.3726
21201303.3,21198470.8,1698264300,1.3727,1.3718
21195880.2,21210491.4,1698264360,1.3717,1.3728
21205770.4,21206809.6,1698264420,1.3726,1.3744
21190229.3,21188461,1698264480,1.3743,1.376
21187804.4,21188686.1,1698264540,1.3759,1.3762
21199539.5,21198949.9,1698264600,1.3761,1.3773
21199202.7,21197184,1698264660,1.3773,1.3769
21192448.3,21190844.9,1698264720,1.3767,1.3778
21192593.8,21183262.7,1698264780,1.3779,1.3773
21180643.6,21176219.7,1698264840,1.3773,1.3781
21177696.5,21175258.6,1698264900,1.3781,1.3765
21181091.5,21174127.7,1698264960,1.3762,1.3749
21162904.1,21164077.9,1698265020,1.375,1.378
21169276.6,21168344.1,1698265080,1.3779,1.3768
21154561.2,21156358.8,1698265140,1.377,1.3766
21160846.7,21165227.5,1698265200,1.3766,1.3758
21163320.4,21156110.9,1698265260,1.3759,1.375
21154209.7,21162823,1698265320,1.3749,1.3747
21156001.7,21150629.2,1698265380,1.3748,1.3744
21150763.4,21149639.4,1698265440,1.3745,1.3752
21150817.2,21144268.5,1698265500,1.375,1.3744
21144268.5,21139456.1,1698265560,1.3745,1.3731
21149864,21163520.8,1698265620,1.3729,1.3747
21162538.1,21163606.4,1698265680,1.375,1.374
21167802.6,21170366,1698265740,1.3739,1.3734
21173533.3,21161300.6,1698265800,1.3734,1.373
21162241.3,21169162.1,1698265860,1.3732,1.3752
21181015.6,21180708.5,1698265920,1.3752,1.3749
21180875,21182484,1698265980,1.3751,1.3762
21185824.9,21176514.7,1698266040,1.3762,1.3745
21177972.3,21170348.2,1698266100,1.3743,1.3744
21191511.1,21193176.1,1698266160,1.3744,1.3737
21190489.7,21201366.5,1698266220,1.3738,1.3746
21210202.4,21214488.5,1698266280,1.3747,1.3738
21215331.8,21228277.4,1698266340,1.3738,1.3748
21225466.4,21228024.7,1698266400,1.3748,1.3748
21228832.1,21258153.3,1698266460,1.375,1.3751
21256802.9,21256338.9,1698266520,1.375,1.3755
21255142.2,21255908.5,1698266580,1.3754,1.3756
21258784.6,21259870.6,1698266640,1.3757,1.3767
21256901.2,21257046.2,1698266700,1.3766,1.3755
21261003.7,21274586.1,1698266760,1.3754,1.3753
21272267.6,21260359.7,1698266820,1.3751,1.3742
21260546.1,21259084.2,1698266880,1.374,1.3743
21258498.9,21255479,1698266940,1.3743,1.3727
21259685.3,21246763.7,1698267000,1.3726,1.3715
21250700.2,21250623.2,1698267060,1.3715,1.3727
21248641.7,21250446.4,1698267120,1.3725,1.3704
21242086.4,21235828.3,1698267180,1.3705,1.3689
21233778.1,21201064.3,1698267240,1.3689,1.3677
21200056.8,21199681.9,1698267300,1.3677,1.3673
21191853.4,21184074.8,1698267360,1.3674,1.3678
21180126.3,21171356.6,1698267420,1.368,1.3686
21166509.5,21167668.2,1698267480,1.3687,1.3676
21157490.9,21159622,1698267540,1.3676,1.3675
21158792.8,21160119,1698267600,1.3674,1.3662
21168789.5,21167488.9,1698267660,1.3661,1.3677
21157715.2,21161389.5,1698267720,1.3675,1.3673
21158996.1,21159381.3,1698267780,1.3675,1.3691
21162579.2,21165348.4,1698267840,1.3691,1.3688
21167568.5,21170434.9,1698267900,1.3685,1.37
21175309.7,21174172.3,1698267960,1.3699,1.3705
21175017.9,21174097.1,1698268020,1.3705,1.3698
21175116.4,21177060.8,1698268080,1.3698,1.3704
21177253.8,21176644.9,1698268140,1.3705,1.3712
21173134.7,21169721.3,1698268200,1.3713,1.3704
21171023.4,21169466.9,1698268260,1.3704,1.3706
21159230.6,21156644.3,1698268320,1.3705,1.3696
21156504.7,21155229.3,1698268380,1.3695,1.3694
21154434.7,21149221.3,1698268440,1.3693,1.3692
21145997.5,21144841.5,1698268500,1.3692,1.3689
21146872.7,21146333.6,1698268560,1.3689,1.3715
21144290.4,21150800.2,1698268620,1.3714,1.3722
21150900,21149298.3,1698268680,1.3722,1.3725
21150004.3,21147311,1698268740,1.3725,1.3726
21146909.3,21165040.9,1698268800,1.3727,1.3733
21166307.5,21166327.3,1698268860,1.3734,1.3732
21172237.7,21173493,1698268920,1.3733,1.3737
21176882.4,21171001.6,1698268980,1.3738,1.374
21172020.3,21172095.7,1698269040,1.3739,1.374
21172188.3,21167358.7,1698269100,1.3739,1.373
21168633.4,21169264.1,1698269160,1.3731,1.3739
21170862.4,21171839.6,1698269220,1.3739,1.3742
21171990.9,21176732.1,1698269280,1.3741,1.3745
21176467.6,21174657,1698269340,1.3745,1.3742
21170388.7,21170086.1,1698269400,1.3741,1.3725
21169742,21169117.4,1698269460,1.3725,1.3713
21164797.7,21171210.1,1698269520,1.3713,1.3722
21172161.7,21170414.5,1698269580,1.3721,1.3701
21167322,21155590.4,1698269640,1.3701,1.3663
21159225.9,21148273.7,1698269700,1.3663,1.3665
21140657.6,21142595.8,1698269760,1.3668,1.3676
21143640.2,21132018.6,1698269820,1.3676,1.3662
21131681.9,21128640.3,1698269880,1.3663,1.3656
21119167,21108010.3,1698269940,1.3657,1.3654
21109576.7,21099972.8,1698270000,1.3653,1.3644
21090469.1,21083834,1698270060,1.3643,1.3644
21079023.7,21064468.6,1698270120,1.3643,1.3649
21048096.7,21048021.5,1698270180,1.3648,1.3641
21050713,21046199.2,1698270240,1.3642,1.3642
21045901.1,21043266.3,1698270300,1.3642,1.364
21043188.1,21040551.6,1698270360,1.364,1.364
21039933.6,21040048.4,1698270420,1.364,1.3641
21030287.2,21031672.9,1698270480,1.3642,1.3642
21027222.3,20914461.5,1698270540,1.3641,1.3645
20914131.7,20914064.8,1698270600,1.3644,1.3643
20917741.7,20926123.8,1698270660,1.3644,1.3667
20926545.9,20924658.7,1698270720,1.3668,1.3665
20928977.5,20929789.4,1698270780,1.3665,1.3668
20934346.7,20921990.6,1698270840,1.3669,1.3683
20932927.7,20933665.5,1698270900,1.3684,1.3706
20938788.3,20933843.2,1698270960,1.3707,1.3705
20936632.6,20940732.3,1698271020,1.3705,1.3713
20946490.6,20952285.1,1698271080,1.3714,1.3724
20944805.2,20945697.7,1698271140,1.3725,1.3715
20945693.5,20936083.4,1698271200,1.3715,1.3713
20935163.1,20941545.3,1698271260,1.3712,1.3708
20945565,20952486.1,1698271320,1.371,1.3731
20955415.4,20967937.4,1698271380,1.373,1.3736
20969357.4,20958585.9,1698271440,1.3736,1.3723
20957436.6,20955503.5,1698271500,1.3724,1.3737
20956671.6,20956555.1,1698271560,1.3737,1.3732
20958318.6,20952561.3,1698271620,1.3731,1.3712
20952935.6,20964580.4,1698271680,1.3712,1.3724
20971192.6,20971441.3,1698271740,1.3724,1.3734
20970059,20973605.4,1698271800,1.3735,1.3738
20967819.9,20967755.6,1698271860,1.3738,1.3744
20977586.7,20971383.7,1698271920,1.3744,1.3745
20968902.6,20951818.9,1698271980,1.3745,1.3759
20955344.8,20959502.7,1698272040,1.3759,1.3768
20959824.2,20962326,1698272100,1.3769,1.3775
20957003.3,20966646.4,1698272160,1.3775,1.3782
20955837.2,20949996.3,1698272220,1.378,1.3744
20974104.5,20974502.6,1698272280,1.3743,1.3722
20969494.9,21016782.6,1698272340,1.3721,1.3741
21007484.9,21002152.8,1698272400,1.3739,1.3725
21004239.1,21008466.7,1698272460,1.3726,1.3731
21009238.3,21002979.1,1698272520,1.3731,1.373
20984072,20983727.5,1698272580,1.3728,1.3719
20978007.2,20980159,1698272640,1.3719,1.373
20974277.8,20971169.4,1698272700,1.373,1.3736
20976190.3,20968131.9,1698272760,1.3737,1.3739
20964524.3,20959733.6,1698272820,1.3738,1.3743
20958713.4,20957043.9,1698272880,1.3745,1.3747
20955408.1,20956502,1698272940,1.3746,1.3753
20953188.5,20957213.4,1698273000,1.3754,1.3761
20964513.6,20957815.4,1698273060,1.3762,1.3731
20958436.2,20961001.6,1698273120,1.3731,1.3724
20971536,20977129.1,1698273180,1.3725,1.3738
20974462.7,20980125.1,1698273240,1.3737,1.375
20977594.5,20982251.4,1698273300,1.3749,1.3765
20974518,20974900.7,1698273360,1.3766,1.3779
21042208,21127028.2,1698273420,1.3779,1.3773
21121391.2,21110296,1698273480,1.3776,1.3768
21114664.6,21119249.3,1698273540,1.3768,1.3771
21118229.1,21117830.1,1698273600,1.377,1.3771
21118807.6,21096364.2,1698273660,1.377,1.3752
21096252.8,21104890.5,1698273720,1.3753,1.3768
21110635.2,21106883.1,1698273780,1.3771,1.3776
21104484.7,21098604.4,1698273840,1.3775,1.3783
21097342,21097707.5,1698273900,1.3782,1.3782
21096384.8,21101917.6,1698273960,1.3782,1.3771
21103670.2,21107474.8,1698274020,1.3772,1.3757
21108581.9,21088652.1,1698274080,1.3754,1.3747
21087791.6,21095540.1,1698274140,1.3746,1.3757
21094314,21096117.8,1698274200,1.3756,1.3755
21090143.4,21097250.6,1698274260,1.3754,1.3747
21079691.3,21075959.6,1698274320,1.3748,1.375
21065164.2,21068385.7,1698274380,1.375,1.376
21071532,21063996.5,1698274440,1.376,1.3779
21060552.2,21062662.9,1698274500,1.378,1.3795
21057826,21057493.4,1698274560,1.3794,1.3799
21042578.2,21029210.6,1698274620,1.3799,1.3786
21021431.9,21022333.4,1698274680,1.3783,1.3783
21016404.1,20989746.9,1698274740,1.3782,1.3785
20986918.9,20981731.1,1698274800,1.3786,1.3759
20978562,20972123.4,1698274860,1.3758,1.3776
20977898.1,20974893.4,1698274920,1.3777,1.3752
20971618.5,20962796.9,1698274980,1.3751,1.3708
20967621.5,20927227,1698275040,1.3707,1.3696
20883555.8,20876299,1698275100,1.3697,1.3711
20877946.4,20868713.9,1698275160,1.3711,1.3697
20868049.1,20859745.2,1698275220,1.3699,1.3669
20854606.8,20853228,1698275280,1.367,1.3705
20852581.5,20846847.1,1698275340,1.3706,1.3705
20845993.1,20850475.9,1698275400,1.3706,1.3693
20849711.8,20850269.3,1698275460,1.3693,1.3713
20857504.8,20858093.4,1698275520,1.3714,1.3689
20861769.2,20860035.8,1698275580,1.3693,1.3685
20858758,20857484.3,1698275640,1.3684,1.3692
20865789.7,20863296.2,1698275700,1.3693,1.3709
20861741.8,20867464.1,1698275760,1.371,1.3732
20866714.1,20873227.6,1698275820,1.3735,1.3744
20872497.2,20868853.7,1698275880,1.3744,1.3739
20870837.9,20871526.7,1698275940,1.3739,1.3738
20875371.6,20878333.5,1698276000,1.3742,1.375
20876417.2,20878467.8,1698276060,1.3748,1.3751
20880950.4,20874390,1698276120,1.3752,1.3751
20876195.9,20880649.7,1698276180,1.3751,1.3758
20881357.9,20879923.2,1698276240,1.3758,1.3758
20879713.1,20876503.6,1698276300,1.3757,1.3759
20886634.8,20884778.4,1698276360,1.3758,1.3751
20881817.2,20889355.4,1698276420,1.3752,1.3758
20889211.4,20894984.4,1698276480,1.3759,1.3756
20896475.2,20890351.7,1698276540,1.3754,1.3752
20891199.1,20895254.4,1698276600,1.3754,1.3771
20895183.8,20894414.3,1698276660,1.3772,1.3767
20897487.4,20904200,1698276720,1.3766,1.3785
20908407.8,20909575.2,1698276780,1.3785,1.3779
20914542.8,20913589.9,1698276840,1.3779,1.378
20911252.7,20910029.6,1698276900,1.378,1.3771
20912811.7,20911911,1698276960,1.3771,1.3762
20903143.3,20906846,1698277020,1.3763,1.3749
20906117.2,20899132.9,1698277080,1.3751,1.3739
20900654.3,20897614.6,1698277140,1.3738,1.373
20897397.7,20897982.8,1698277200,1.373,1.3741
20902417.2,20902417.2,1698277260,1.374,1.3757
20903552.7,20911277,1698277320,1.3759,1.3756
20911087.3,20910882.1,1698277380,1.3757,1.3779
20956663.1,20965489.1,1698277440,1.3778,1.378
20966815.1,20985421.2,1698277500,1.3781,1.3787
20990381.6,20992596.4,1698277560,1.3788,1.3789
20992872.8,20992601.3,1698277620,1.3789,1.378
21001445.3,20998488,1698277680,1.378,1.3795
21004676.6,21015575.9,1698277740,1.3794,1.3794
21020350.7,21021282.2,1698277800,1.3795,1.3802
21055080.6,21057978.2,1698277860,1.3802,1.3806
21055592.4,21053186.9,1698277920,1.3806,1.3811
21059193.3,21150516.2,1698277980,1.381,1.3817
21166237.3,21175892.6,1698278040,1.3817,1.3827
21173927.4,21183107.3,1698278100,1.3826,1.3833
21194636.8,21194083.2,1698278160,1.3833,1.3834
21195335.4,21210761.4,1698278220,1.3834,1.3841
21229966.2,21232290.1,1698278280,1.3841,1.3846
21231161.7,21235076.1,1698278340,1.3846,1.3849
21234882.8,21230642.9,1698278400,1.3849,1.3841
21229762.6,21254045.5,1698278460,1.3841,1.3807
21248365.1,21252610.6,1698278520,1.3807,1.3832
21255616.5,21241563.8,1698278580,1.3832,1.3843
21244454.3,21243310.8,1698278640,1.3842,1.3843
21242158.4,21257068.1,1698278700,1.3845,1.3858
21240470.7,21239427.5,1698278760,1.3858,1.3849
21237090.9,21244455.8,1698278820,1.3849,1.3825
21225960.6,21230178.7,1698278880,1.3826,1.3871
21222070.9,21224377,1698278940,1.3868,1.3848
21221473.3,21227710.1,1698279000,1.3847,1.3816
21227497.2,21224636.1,1698279060,1.3816,1.3838
21224770.7,21227045.1,1698279120,1.3839,1.3857
21225568.4,21207601.4,1698279180,1.3857,1.3868
21242498.7,21256325.4,1698279240,1.3867,1.3864
21256309.7,21273445.2,1698279300,1.3866,1.3856
21287165.8,21290747.1,1698279360,1.3857,1.3882
21318040,21326115,1698279420,1.388,1.3886
21333705.7,21348443.4,1698279480,1.3889,1.3898
21364227.4,21381958.8,1698279540,1.3899,1.389
21360564,21358229.7,1698279600,1.389,1.3897
21336961,21344098.4,1698279660,1.3898,1.3894
21345710.5,21340871.8,1698279720,1.3891,1.3902
21378752.1,21460637.3,1698279780,1.3902,1.3917
21533887.6,21540545,1698279840,1.3917,1.3967
21640754.4,21623195.4,1698279900,1.3967,1.3994
21573011,21564077.1,1698279960,1.3993,1.4001
21601078.4,21602484.4,1698280020,1.4001,1.3992
21615073.8,21610707.8,1698280080,1.3991,1.4016
21623979.5,21622736.5,1698280140,1.4014,1.4021
21614855.7,21640276.6,1698280200,1.4018,1.4025
21649920.9,21665449.8,1698280260,1.4025,1.405
21705848,21972686.4,1698280320,1.405,1.4031
21985897.3,21992131.7,1698280380,1.403,1.4042
22083524.9,22070162.2,1698280440,1.4041,1.4062
22065104.9,22044146.4,1698280500,1.4063,1.4043
22047218.3,22062116.8,1698280560,1.4043,1.4026
22054526,22029879.8,1698280620,1.4025,1.3989
22022652.7,22019308.5,1698280680,1.3987,1.3986
22018790.1,22015367.8,1698280740,1.3986,1.4005
22012038,22013058.4,1698280800,1.4005,1.3977
22012403.7,22008353.7,1698280860,1.3977,1.3965
22004833.3,21994645.3,1698280920,1.3965,1.3943
21990949.4,21989706.4,1698280980,1.3944,1.396
22000754.1,21982963.5,1698281040,1.3961,1.3941
21970969.5,21964070.3,1698281100,1.3938,1.3916
21962468.3,21958987.2,1698281160,1.3914,1.3878
21970479.9,21921435.3,1698281220,1.3879,1.3859
21915716.9,21585464.8,1698281280,1.3859,1.3823
21588018,21588132.4,1698281340,1.3824,1.384
21582165.9,21547689.6,1698281400,1.3841,1.3859
21547982.1,21552858.1,1698281460,1.3859,1.3871
21553091.9,21550847.3,1698281520,1.3871,1.3899
21555589.6,21553614.4,1698281580,1.3897,1.3913
21561235.8,21536809.8,1698281640,1.3913,1.3942
21534508.1,21558297.8,1698281700,1.394,1.3952
21548906,21546883.1,1698281760,1.3952,1.3922
21541241.8,21539991.5,1698281820,1.3922,1.3973
21562276.6,21574273.5,1698281880,1.3973,1.3962
21581378.5,21582449.5,1698281940,1.3963,1.396
21579173.6,21585520.5,1698282000,1.396,1.3961
21601371.4,21601683.7,1698282060,1.3959,1.3986
21606673.5,21611583.8,1698282120,1.3987,1.3965
21606020.8,21630789.9,1698282180,1.3965,1.397
21630593.5,21692230.7,1698282240,1.3974,1.3944
21681754.5,21677778.3,1698282300,1.3942,1.3944
21634624.9,21632755.3,1698282360,1.3946,1.3966
21642153.9,21645705.7,1698282420,1.3965,1.3956
21643864,21654237.4,1698282480,1.3953,1.3951
21646780.1,21648432.8,1698282540,1.3952,1.3928
21635710.2,21624479.3,1698282600,1.3927,1.395
21624772.3,21627138.6,1698282660,1.3949,1.3937
21623919.8,21629204.1,1698282720,1.3934,1.3922
21628307.1,21632747.5,1698282780,1.3923,1.3919
21635172.8,21626659.7,1698282840,1.3919,1.3906
21627078.4,21615557.1,1698282900,1.3906,1.3908
21616525.6,21612154.8,1698282960,1.3909,1.3914
21616922,21616903.9,1698283020,1.3912,1.3924
21617021.4,21631128.1,1698283080,1.3927,1.3948
21677533.7,21676032.6,1698283140,1.3946,1.3913
21674739.2,21678966.1,1698283200,1.3912,1.3908
21683301.7,21690371.8,1698283260,1.3908,1.3905
21688786.4,21688415.8,1698283320,1.3908,1.3888
21696724.8,21697752.3,1698283380,1.3888,1.3912
21711681,21713241.5,1698283440,1.3912,1.3931
21713802.3,21715956.9,1698283500,1.3931,1.3944
21699923.1,21699219.8,1698283560,1.3943,1.3933
21701042,21697657.8,1698283620,1.3933,1.3948
21703126.4,21704742.5,1698283680,1.3946,1.3954
21684051,21682564.9,1698283740,1.3952,1.3956
21681651.9,21676330.6,1698283800,1.3958,1.3978
21681391.7,21687091.7,1698283860,1.3978,1.3975
21685877.8,21686264.2,1698283920,1.3977,1.3959
21679870.9,21674767,1698283980,1.396,1.3965
21683378.4,21680609.7,1698284040,1.3966,1.3955
21681384.9,21678840.8,1698284100,1.3953,1.3953
21678667.6,21677914,1698284160,1.3954,1.3954
21676058.4,21680593.1,1698284220,1.3953,1.3964
21638991.8,21592043.4,1698284280,1.3962,1.396
21594760.7,21597834.8,1698284340,1.3959,1.3937
21589989.4,21588392.9,1698284400,1.3937,1.3924
21582481.1,21580478.5,1698284460,1.3926,1.3891
21560041.7,21574896.9,1698284520,1.3891,1.3875
21568619.4,21570355.5,1698284580,1.3875,1.3875
21567159.1,21547529.1,1698284640,1.3874,1.3843
21577376.3,21561953.9,1698284700,1.3843,1.3827
21563405.1,21559431.9,1698284760,1.3826,1.3876
21560178.7,21573078.8,1698284820,1.3877,1.3843
21572870,21571829.6,1698284880,1.3844,1.3868
21576308.4,21567803,1698284940,1.387,1.3887
21572980.4,21579664.9,1698285000,1.3887,1.3895
21578968.6,21580704.6,1698285060,1.3896,1.3865
21583398.5,21581294.4,1698285120,1.3867,1.3858
21576821.6,21573444.1,1698285180,1.3861,1.3865
21567918.6,21574817.2,1698285240,1.3866,1.3876
21586428.4,21587025.7,1698285300,1.3877,1.3892
21590056.2,21591003.2,1698285360,1.3893,1.3894
21593904.3,21608426.8,1698285420,1.3893,1.3876
21607885.1,21609275.4,1698285480,1.3877,1.3881
21611862.5,21617506.8,1698285540,1.388,1.3883
21624116.6,21627174.8,1698285600,1.3883,1.3862
21614507.4,21586785.4,1698285660,1.3864,1.3863
21586816.2,21607232.4,1698285720,1.3865,1.3831
21621433.4,21608948.6,1698285780,1.3831,1.3843
21608836.4,21581701.9,1698285840,1.3842,1.3853
21582489.9,21599233.1,1698285900,1.3853,1.3866
21601559.3,21600190.6,1698285960,1.3865,1.3852
21602913.6,21608728,1698286020,1.3852,1.3826
21591765.7,21584836.1,1698286080,1.3827,1.3846
21581272.7,21578953.6,1698286140,1.385,1.3862
21578598.1,21586102.6,1698286200,1.3861,1.3855
21584844.7,21588448.3,1698286260,1.3854,1.3844
21590341.8,21587355.5,1698286320,1.3844,1.3835
21592821.7,21592655.6,1698286380,1.3833,1.3832
21584996.2,21585177.1,1698286440,1.3831,1.3822
21589209.5,21594994,1698286500,1.3822,1.3822
21591290.6,21586156.5,1698286560,1.3823,1.3837
21579632.6,21553046.4,1698286620,1.3834,1.3826
21532649.3,21540003.2,1698286680,1.3825,1.384
21538734.6,21566368.8,1698286740,1.384,1.3824
21570015.2,21565171.3,1698286800,1.3823,1.3819
21552001,21553807.2,1698286860,1.3819,1.3845
21556910.5,21557120.6,1698286920,1.3844,1.3835
21558265.5,21556868.7,1698286980,1.3834,1.3836
21557263.9,21556743.1,1698287040,1.3837,1.3853
21550229.4,21547563.5,1698287100,1.3853,1.3816
21545040,21542833.7,1698287160,1.3818,1.3827
21540409.2,21583902.8,1698287220,1.3827,1.3803
21570776.2,21575060.2,1698287280,1.3801,1.381
21571898.8,21586286.3,1698287340,1.381,1.3796
21572556.9,21576803.4,1698287400,1.3796,1.3815
21592016.5,21595768.4,1698287460,1.3815,1.3812
21591398.5,21595130.9,1698287520,1.3812,1.3819
21601654.2,21602946.9,1698287580,1.3819,1.3833
21608536.9,21616239.8,1698287640,1.3833,1.3838
21619296.6,21630157.4,1698287700,1.3837,1.3841
21628700.5,21639974.6,1698287760,1.3841,1.3837
21647797.3,21655772,1698287820,1.3836,1.3833
21685655.7,21686409.9,1698287880,1.3832,1.3849
21692860.5,21731688.1,1698287940,1.385,1.384
21732285.4,21736048.5,1698288000,1.3839,1.3845
21757752.9,21784560.5,1698288060,1.3846,1.383
21794466.9,21800851.1,1698288120,1.383,1.3831
21800896.2,21806642.3,1698288180,1.383,1.3828
21808280,21811981.3,1698288240,1.3828,1.3817
21816516.1,21840468.7,1698288300,1.3816,1.3819
21842312.5,21884854.5,1698288360,1.3819,1.3825
21881930.6,21883021.2,1698288420,1.3826,1.3829
21898475.3,21893607.3,1698288480,1.3829,1.3831
21899879.3,21843939,1698288540,1.383,1.3809
21838323.2,21837410.8,1698288600,1.381,1.381
21837294.1,21835221.9,1698288660,1.3811,1.381
21834243.7,21833517.3,1698288720,1.3811,1.3809
21830941.5,21829283.2,1698288780,1.381,1.3824
21819721.8,21817396,1698288840,1.3823,1.3836
21820773.4,21828116.9,1698288900,1.3838,1.3833
21835646.3,21835161.1,1698288960,1.3833,1.3823
21834618.3,21833292.3,1698289020,1.3824,1.3811
21833516,21835838.4,1698289080,1.3811,1.3807
21840493,21840577.6,1698289140,1.3807,1.3809
21841099,21840929.5,1698289200,1.3807,1.3795
21846203.3,21846203.3,1698289260,1.3796,1.3805
21851440.5,21861069.6,1698289320,1.3805,1.3808
21862700.5,21865980.4,1698289380,1.3808,1.3831
21868222.6,21859469.1,1698289440,1.3831,1.3841
21862988.4,21861397.4,1698289500,1.3842,1.3837
21862376.3,21863482,1698289560,1.3837,1.3846
21873733.3,21874241.5,1698289620,1.3846,1.3822
21880528.6,21861554.7,1698289680,1.3822,1.3832
21860768,21857449.9,1698289740,1.3831,1.3833
21855587.9,21855818.7,1698289800,1.3833,1.3833
21856690.6,21862405.5,1698289860,1.3833,1.3811
21866295.7,21858743,1698289920,1.3811,1.3839
21857692.2,21866768.4,1698289980,1.384,1.3834
21869264.2,21869654.8,1698290040,1.3834,1.3841
21867527,21865450.5,1698290100,1.3843,1.3862
21873347,21953386.1,1698290160,1.3863,1.3876
21959929.5,22009430,1698290220,1.3877,1.3921
22171392.9,22167005.1,1698290280,1.3921,1.3912
22159695.7,22159350.7,1698290340,1.3912,1.3917
22170769.6,22164957.6,1698290400,1.3917,1.394
22175149.1,22053755.9,1698290460,1.394,1.3931
22050920.2,22060945.2,1698290520,1.3931,1.3933
22062970.1,22075368.2,1698290580,1.3932,1.3941
22106438.4,22104008.1,1698290640,1.3941,1.3963
22164999.9,22311200.6,1698290700,1.3962,1.3989
22379708.1,22373953.5,1698290760,1.3988,1.4016
22382194,22419637.9,1698290820,1.4015,1.4042
22489572,22552802,1698290880,1.4041,1.4077
22624995,22680289.9,1698290940,1.4078,1.4071
22755360.3,22763429.4,1698291000,1.407,1.4102
22861871.7,22919045.6,1698291060,1.4102,1.414
23049240.8,23032891.2,1698291120,1.414,1.4119
23171357.9,23150255.8,1698291180,1.4118,1.4081
23142677.3,23127094.2,1698291240,1.4082,1.4092
23126954.5,23113046.7,1698291300,1.4092,1.4081
23099926,23089865.2,1698291360,1.4081,1.4136
23096067.6,23080404.4,1698291420,1.4134,1.4171
23158536.4,23166337.5,1698291480,1.417,1.4181
23172804.3,23170133.1,1698291540,1.418,1.4163
23266881.9,23380142.8,1698291600,1.4162,1.4208
23326733.3,23320168,1698291660,1.4208,1.4243
23379688.4,23327031.5,1698291720,1.4244,1.4331
23376857.9,23416076.7,1698291780,1.433,1.429
23397018.3,23390549.9,1698291840,1.429,1.4276
23388292.2,23481598.5,1698291900,1.4277,1.4335
23465010.1,23367343.4,1698291960,1.4335,1.4255
23333312.1,23377354.1,1698292020,1.4255,1.4287
23392671.7,23426740,1698292080,1.4287,1.4348
23609293.9,23563368.3,1698292140,1.4349,1.4392
23565673.1,23549140,1698292200,1.4392,1.4417
23532445.3,23521431.8,1698292260,1.4416,1.4356
23455604,23442840.3,1698292320,1.4355,1.4319
23478523.8,23494624.2,1698292380,1.4319,1.4364
23494576.8,23524743,1698292440,1.4364,1.4363
23425271.8,23404691.5,1698292500,1.4363,1.4333
23417244.1,23416638.1,1698292560,1.4331,1.4364
23426850.4,23468834.1,1698292620,1.4363,1.44
23471169.8,23504634.2,1698292680,1.4399,1.4416
23479370,23707393.4,1698292740,1.4415,1.4448
23736658.4,23684665.8,1698292800,1.4447,1.4447
23677817.9,23752386.4,1698292860,1.4446,1.4429
23729261.1,23778102.2,1698292920,1.443,1.4458
23789684.9,23713550.3,1698292980,1.4458,1.444
23705654.6,23693929.6,1698293040,1.444,1.4406
23664758.3,23643350.3,1698293100,1.4406,1.4414
23644808,23642912.8,1698293160,1.4416,1.4403
23644655.1,23601388.7,1698293220,1.4404,1.4373
23593419.8,23589829.3,1698293280,1.4373,1.4387
23591025.4,23569878.1,1698293340,1.4387,1.4398
23567887.5,23568044.1,1698293400,1.4398,1.4391
23475674.1,23508408.3,1698293460,1.439,1.4434
23522984.4,23551303.2,1698293520,1.4435,1.4423
23548025.7,23589529.6,1698293580,1.4422,1.4463
23558966.4,23559386,1698293640,1.4462,1.4398
23541187,23522375.7,1698293700,1.4399,1.4391
23523236.4,23585571.7,1698293760,1.4388,1.4419
23592372.7,23615308.9,1698293820,1.4419,1.4437
23615960.8,23678116.8,1698293880,1.4436,1.4428
23686842,23677694.7,1698293940,1.4427,1.4488
23665369.5,23689995.1,1698294000,1.4489,1.4529
23698685.8,23790196.9,1698294060,1.4529,1.45
23795915.3,23803043.9,1698294120,1.4504,1.4508
23802653.9,23840854,1698294180,1.4507,1.4513
23846746.1,23854008.2,1698294240,1.4512,1.4525
23822630.6,23805163.3,1698294300,1.4524,1.4512
23799530.6,23790671.9,1698294360,1.4512,1.4485
23776575.4,23768565.1,1698294420,1.4483,1.4472
23721412.6,23693342.3,1698294480,1.4471,1.4435
23648585.4,23639611.4,1698294540,1.4435,1.4438
23635269.1,23641692.1,1698294600,1.4437,1.4416
23670013.2,23675477.3,1698294660,1.4417,1.44
23658681.4,23618990.8,1698294720,1.4396,1.4378
23610207.3,23559996,1698294780,1.4379,1.4357
23510477.2,23505667.9,1698294840,1.4358,1.4383
23508546.3,23526266.6,1698294900,1.4381,1.439
23528381.9,23534459.6,1698294960,1.439,1.4387
23535579.2,23570995,1698295020,1.4387,1.4404
23569560.1,23561854.1,1698295080,1.4404,1.4405
23546227.9,23556232.1,1698295140,1.4406,1.4415
23580871,23626653.8,1698295200,1.4414,1.4398
23623705,23706803.6,1698295260,1.44,1.4477
23706206.8,23670418.9,1698295320,1.4477,1.446
23682319.7,23694298.3,1698295380,1.4459,1.4471
23702905.8,23713941.8,1698295440,1.4471,1.4456
23701241.3,23714067.9,1698295500,1.4455,1.4441
23711073.3,23711924.3,1698295560,1.4441,1.4439
23706641.7,23718414.4,1698295620,1.4437,1.4439
23727742.3,23730203.1,1698295680,1.444,1.4454
23730579.3,23761128.4,1698295740,1.4451,1.4477
23765505.5,23774075.5,1698295800,1.4474,1.4482
23771898.1,23788844.5,1698295860,1.4481,1.4481
23788099.7,23788099.7,1698295920,1.4481,1.4452
23796741.9,23795250.7,1698295980,1.4451,1.4459
23792350.7,23796023.2,1698296040,1.446,1.4482
23795623.5,23821509.9,1698296100,1.4484,1.4505
23840666.4,23879059.9,1698296160,1.4506,1.4496
23883131.9,23856425.2,1698296220,1.4499,1.4482
23863178.5,23884308,1698296280,1.4485,1.4481
23879146.7,23877319.4,1698296340,1.4481,1.4457
23877453.3,23891963.5,1698296400,1.4458,1.4417
23848042.3,23800584.7,1698296460,1.4416,1.4425
23793615.3,23786602.3,1698296520,1.4424,1.4441
23776464.6,23773416.9,1698296580,1.4439,1.4434
23770744.7,23767128.2,1698296640,1.4434,1.4417
23762529.7,23751874.3,1698296700,1.4416,1.4392
23749315.8,23740995.1,1698296760,1.4392,1.4406
23745296.1,23742635.3,1698296820,1.4405,1.4375
23745227,23737310.8,1698296880,1.4374,1.4373
23739746.2,23736248.6,1698296940,1.4373,1.4363
23722367.3,23709533.4,1698297000,1.4366,1.4372
23700295.7,23694047.9,1698297060,1.4372,1.4376
23687788.4,23664623.8,1698297120,1.4375,1.4362
23667513.1,23666148.3,1698297180,1.4362,1.4375
23672417.8,23659179.4,1698297240,1.4375,1.4394
23660097.2,23655725.8,1698297300,1.4393,1.4391
23654293.1,23663048.1,1698297360,1.4391,1.4395
23663269.6,23669488.9,1698297420,1.4396,1.4364
23676313.8,23675184,1698297480,1.4362,1.4334
23682489.1,23668598.5,1698297540,1.4334,1.4352
23697843.4,23695196.9,1698297600,1.4354,1.4339
23668171.7,23646426.1,1698297660,1.4339,1.4359
23650725.8,23636465.3,1698297720,1.4358,1.4347
23636073.3,23638093.4,1698297780,1.4348,1.4345
23635954.6,23635749.1,1698297840,1.4345,1.4337
23635509.9,23631073.1,1698297900,1.4337,1.4318
23615116.1,23604175.7,1698297960,1.4318,1.432
23601985.3,23605847.3,1698298020,1.4319,1.4331
23601498.2,23596220.5,1698298080,1.4332,1.4311
23531369.4,23487387.7,1698298140,1.4314,1.429
23520910,23513457.2,1698298200,1.4291,1.4303
23480209,23467318.3,1698298260,1.4303,1.4328
23457974.1,23448469.5,1698298320,1.4327,1.4306
23439776.2,23410218.8,1698298380,1.4306,1.4284
23412198.5,23368860.3,1698298440,1.4284,1.4265
23372998.2,23380322.2,1698298500,1.4266,1.4264
23372379.4,23375161.9,1698298560,1.4265,1.4268
23374157.8,23313951.7,1698298620,1.4268,1.4232
23225678.5,23102591.8,1698298680,1.4233,1.4245
23108826.9,23124093.7,1698298740,1.4246,1.4243
23122743.1,23074283.7,1698298800,1.4245,1.4222
23040861.1,23031633.7,1698298860,1.4222,1.4251
23026526.3,23033868.8,1698298920,1.4251,1.4235
23088167.2,23088942.3,1698298980,1.4235,1.4221
23098136.7,23101553.2,1698299040,1.4219,1.4231
23098275.9,23096682.7,1698299100,1.423,1.4225
23098378.4,23040443.2,1698299160,1.4225,1.4198
23006100.1,22995704,1698299220,1.4198,1.4193
22993787.1,22959710.3,1698299280,1.4193,1.4179
22952129.6,22943390.7,1698299340,1.4178,1.4169
22920487.6,22919614.8,1698299400,1.4169,1.4157
22898201,22895437.3,1698299460,1.4159,1.4134
22881905.2,22872525.3,1698299520,1.4135,1.4176
22883069.4,22889905.6,1698299580,1.4176,1.4114
22849751.6,22853735.2,1698299640,1.411,1.4145
22845885.4,22839565.6,1698299700,1.4144,1.4144
22837631.1,22831803.5,1698299760,1.414,1.4115
22858252.9,22852172.5,1698299820,1.4113,1.4084
22848922.2,22769529.8,1698299880,1.4086,1.4091
22770312.2,22767411.1,1698299940,1.4089,1.4095
22807596.5,22807211.6,1698300000,1.4096,1.4099
22809757.5,22820881.8,1698300060,1.4098,1.4075
22819071.8,22761223.5,1698300120,1.4078,1.4057
22733106.4,22740582.4,1698300180,1.406,1.4035
22725111,22682644.3,1698300240,1.4036,1.4012
22695285.3,22698970.5,1698300300,1.4012,1.4038
22695549.5,22663250.5,1698300360,1.4038,1.3983
22593558.5,22556847.9,1698300420,1.3981,1.3953
22537600.2,22531185.6,1698300480,1.3955,1.4003
22550978.6,22530339.3,1698300540,1.4002,1.4014
22537384.7,22513500.6,1698300600,1.4014,1.4005
22532638.4,22536567.4,1698300660,1.4005,1.4001
22556714.9,22549010.6,1698300720,1.4003,1.4027
22541151.2,22545294.2,1698300780,1.4027,1.4045
22500424.1,22509339.5,1698300840,1.4044,1.4072
22508331.9,22506093.8,1698300900,1.4072,1.4037
22508383.8,22514740.5,1698300960,1.4038,1.407
22514453.9,22509784.3,1698301020,1.407,1.408
22516867.1,22520425.6,1698301080,1.4081,1.4101
22519093.4,22523061.8,1698301140,1.41,1.41
22530530.3,22540799,1698301200,1.41,1.4111
22551121.5,22584036.9,1698301260,1.4112,1.4112
22586283.7,22594951.1,1698301320,1.4112,1.4112
22551179.3,22557776.7,1698301380,1.4112,1.413
22567256.2,22586097.3,1698301440,1.4128,1.414
22593561,22593182.1,1698301500,1.4139,1.4128
22618847.3,22710305.7,1698301560,1.4127,1.4122
22705162.2,22708972.1,1698301620,1.4122,1.4108
22713897.7,22718716,1698301680,1.4108,1.4122
22731832.7,22737436.1,1698301740,1.4124,1.4111
22738855.1,22735837.6,1698301800,1.4111,1.4115
22733712.7,22717865,1698301860,1.412,1.4149
22714759.8,22703782.7,1698301920,1.415,1.4155
22707497.9,22710057.5,1698301980,1.4155,1.4143
22702556.9,22701542.2,1698302040,1.4143,1.4147
22697425.7,22703022.5,1698302100,1.4147,1.4128
22702899.1,22708707.4,1698302160,1.4129,1.4142
22707335.7,22716997.9,1698302220,1.4143,1.4158
22721621.6,22720473.1,1698302280,1.4158,1.4169
22724656.3,22717009.4,1698302340,1.4168,1.4162
22718103.2,22717593.1,1698302400,1.4162,1.4165
22720940.3,22722785.6,1698302460,1.4166,1.4169
22703689.2,22711472.7,1698302520,1.4169,1.4168
22714962.7,22719437.2,1698302580,1.4168,1.4177
22737428,22755129.3,1698302640,1.4177,1.4175
22759776.1,22764595,1698302700,1.4174,1.4172
22764188.7,22764178.4,1698302760,1.4173,1.4181
22734625.3,22734449.6,1698302820,1.4181,1.4188
22753656.5,22780669.8,1698302880,1.4188,1.419
22780650.1,22786068.3,1698302940,1.419,1.4197
22787016.6,22797674.1,1698303000,1.4196,1.4207
22818385,22854313.7,1698303060,1.4208,1.4203
22875403.2,22846705.3,1698303120,1.4202,1.4209
22843942.8,22843240.3,1698303180,1.4208,1.4229
22840548.2,22848243,1698303240,1.4229,1.425
22858831.9,22860847.9,1698303300,1.425,1.4258
22854894.9,22869139,1698303360,1.4258,1.4254
22852315.5,22842882.1,1698303420,1.4253,1.4262
22838648.8,22840203.4,1698303480,1.4261,1.4258
22850108.9,22843431.3,1698303540,1.4257,1.4243
22844805.5,22837330,1698303600,1.4242,1.4226
22853772.2,22873684.1,1698303660,1.4226,1.4209
22875275,22865646.2,1698303720,1.4212,1.4209
22856035.1,22842718.3,1698303780,1.4209,1.4203
22822306.2,22818506.3,1698303840,1.4205,1.4181
22795247.1,22800247.6,1698303900,1.4181,1.4178
22758998.2,22756606.7,1698303960,1.4179,1.4219
22751179.9,22748459.7,1698304020,1.422,1.4223
22741454.6,22748342.4,1698304080,1.4223,1.4245
22743445.4,22760017,1698304140,1.4245,1.4234
22767132.2,22767132.2,1698304200,1.4235,1.4236
22769695.9,22801242.5,1698304260,1.4237,1.4274
22796566.1,22832412.9,1698304320,1.4274,1.4298
22854516.1,22863427.1,1698304380,1.4298,1.4341
22922308.2,22970284.8,1698304440,1.4341,1.4363
23026243.9,23032964.3,1698304500,1.4364,1.4383
22985046.7,23039240.4,1698304560,1.4382,1.4416
23050993.7,23060715.6,1698304620,1.4415,1.4423
23074450.7,23131411.4,1698304680,1.4424,1.4461
23292747.8,23269874.6,1698304740,1.4463,1.4429
23275403.5,23218242.8,1698304800,1.4428,1.4432
23255825.5,23245159.4,1698304860,1.4431,1.4441
23208136.9,23208991,1698304920,1.4441,1.4461
23219345.9,23306201.8,1698304980,1.446,1.4499
23286380.3,23274695.4,1698305040,1.4499,1.4477
23285847.3,23345325,1698305100,1.4478,1.4526
23403016.9,23431728.3,1698305160,1.4526,1.4534
23424605.3,23488776.8,1698305220,1.4534,1.4573
23483100.7,23489275.7,1698305280,1.4574,1.4576
23486917.2,23547487.8,1698305340,1.4576,1.4608
23546969.2,23505045.8,1698305400,1.4609,1.4557
23507973.6,23460988.5,1698305460,1.4558,1.4527
23399878.6,23418304.3,1698305520,1.4525,1.4526
23431208.8,23462989.6,1698305580,1.4526,1.452
23483652.2,23483652.2,1698305640,1.452,1.4507
23490669.8,23536488.7,1698305700,1.4505,1.4507
23515074.5,23493124.7,1698305760,1.4505,1.4528
23493869.7,23523730.9,1698305820,1.4529,1.4546
23523001.4,23543804.9,1698305880,1.4546,1.458
23551255.6,23552334,1698305940,1.4581,1.4637
23553782.9,23615010.4,1698306000,1.4636,1.4657
23586358.7,23622834,1698306060,1.4657,1.4707
23651850.2,23632862.7,1698306120,1.4707,1.475
23644688,23721448.8,1698306180,1.475,1.4717
23711224.5,23733409,1698306240,1.4718,1.4715
23742394.4,23458068.5,1698306300,1.4715,1.4644
23457035.5,23443037.3,1698306360,1.4644,1.4659
23434115.9,23430203,1698306420,1.4658,1.4689
23448609.7,23446758,1698306480,1.4688,1.4657
