"OI_open","OI_close","timestamp","price_open","price_close"
60784076,60763857,1698017520,0.1239,0.1237
60746151,60718306,1698017580,0.1238,0.1237
60705068,60691856,1698017640,0.1237,0.1238
60682429,60684491,1698017700,0.1238,0.1239
60707262,60648276,1698017760,0.1239,0.1238
60618554,60629842,1698017820,0.1238,0.1239
60619918,60605892,1698017880,0.124,0.1239
60672119,60672119,1698017940,0.124,0.124
60902898,60902898,1698018000,0.124,0.1247
60941421,60875893,1698018060,0.1246,0.1246
60882182,60939942,1698018120,0.1246,0.1245
60949012,60949012,1698018180,0.1244,0.1243
60951679,60958761,1698018240,0.1243,0.1246
60933111,60931382,1698018300,0.1246,0.1244
60914705,60877666,1698018360,0.1244,0.1243
60895743,60875099,1698018420,0.1243,0.1242
60873591,60726140,1698018480,0.1242,0.1243
60718151,60783728,1698018540,0.1244,0.1247
60763940,60780800,1698018600,0.1247,0.1249
60850415,60876615,1698018660,0.1249,0.1248
60859925,60829647,1698018720,0.1247,0.1246
60809215,60809408,1698018780,0.1245,0.1244
60772040,60765292,1698018840,0.1244,0.1244
60774115,60764334,1698018900,0.1244,0.1243
60767835,60772386,1698018960,0.1243,0.1244
60775425,60765936,1698019020,0.1244,0.1242
60781920,60849594,1698019080,0.1243,0.1244
60819783,60799894,1698019140,0.1244,0.1247
60816884,60795533,1698019200,0.1247,0.1246
60787956,60785610,1698019260,0.1245,0.1243
60748194,60806311,1698019320,0.1243,0.1242
60820556,60978221,1698019380,0.1241,0.1242
60978566,60936351,1698019440,0.1243,0.1243
60930351,60946935,1698019500,0.1243,0.1243
60944191,60944191,1698019560,0.1243,0.1242
60938541,60958185,1698019620,0.1243,0.1242
60972609,60878873,1698019680,0.1242,0.1238
60874772,60879229,1698019740,0.1238,0.124
60981390,60923588,1698019800,0.124,0.1243
60895787,60838059,1698019860,0.1244,0.1243
60899702,60926836,1698019920,0.1244,0.1243
60934999,60969164,1698019980,0.1243,0.1241
60913652,60910790,1698020040,0.1241,0.1243
60878587,60863392,1698020100,0.1243,0.1241
60808069,60797569,1698020160,0.1241,0.1239
60765029,60758837,1698020220,0.1238,0.1235
60749733,60806187,1698020280,0.1234,0.1237
60824151,60823494,1698020340,0.1237,0.1237
60814593,60837121,1698020400,0.1238,0.1237
60796097,60796097,1698020460,0.1237,0.1237
60790711,60749936,1698020520,0.1237,0.1233
60750886,60748805,1698020580,0.1234,0.1234
60737881,60605646,1698020640,0.1234,0.1232
60630828,60613944,1698020700,0.1231,0.1235
60722435,60714104,1698020760,0.1235,0.1236
60752318,60748973,1698020820,0.1237,0.1237
60818547,60812202,1698020880,0.1238,0.1237
60807701,60840252,1698020940,0.1238,0.1238
60815673,60788829,1698021000,0.1238,0.1239
60661725,60654411,1698021060,0.124,0.1243
60657023,60761439,1698021120,0.1242,0.1244
60768506,60769978,1698021180,0.1244,0.1242
60767742,60743160,1698021240,0.1243,0.1243
60761247,60771439,1698021300,0.1242,0.1242
60734958,60734958,1698021360,0.1242,0.1241
60716370,60813787,1698021420,0.1241,0.1243
60818563,60818563,1698021480,0.1244,0.1244
60844486,60838630,1698021540,0.1244,0.1246
60891213,60913513,1698021600,0.1247,0.1248
60923158,60921165,1698021660,0.1248,0.1249
60943122,60936721,1698021720,0.1249,0.1248
60975903,60960305,1698021780,0.1249,0.125
60981529,60987914,1698021840,0.125,0.125
60981807,60984673,1698021900,0.125,0.1251
60985932,61057785,1698021960,0.1252,0.1256
61132457,60991241,1698022020,0.1256,0.1253
60967734,60933420,1698022080,0.1253,0.1253
60979239,60974337,1698022140,0.1254,0.1253
60998813,60916497,1698022200,0.1252,0.1253
60913731,60909253,1698022260,0.1254,0.1251
60923453,61259136,1698022320,0.1252,0.1253
61220541,61220541,1698022380,0.1253,0.1255
61225740,61249304,1698022440,0.1255,0.1255
61255474,61298731,1698022500,0.1255,0.1257
61327422,61303790,1698022560,0.1257,0.1257
61360950,61335366,1698022620,0.1256,0.1258
61355506,61345287,1698022680,0.1258,0.1258
61333868,61351914,1698022740,0.1259,0.1258
61366917,61394596,1698022800,0.1258,0.1257
61276511,61332573,1698022860,0.1256,0.1256
61335146,61234611,1698022920,0.1255,0.1254
61257945,61257861,1698022980,0.1254,0.1252
61255555,61281020,1698023040,0.1253,0.1254
61274453,61260195,1698023100,0.1254,0.1256
61266285,61290462,1698023160,0.1257,0.1256
61300477,61300477,1698023220,0.1256,0.1257
61415631,61437289,1698023280,0.1258,0.126
61417073,61418284,1698023340,0.126,0.1259
61414520,61410967,1698023400,0.1258,0.1258
61488723,61485538,1698023460,0.1258,0.1256
61469566,61461752,1698023520,0.1257,0.1257
61459157,61459157,1698023580,0.1258,0.126
61473216,61475644,1698023640,0.126,0.1261
61496079,61466026,1698023700,0.1261,0.1264
61480307,61474814,1698023760,0.1264,0.1264
61453725,61432392,1698023820,0.1264,0.1261
61418703,61393266,1698023880,0.1262,0.1262
61404125,61445475,1698023940,0.1262,0.1262
61428088,61423219,1698024000,0.1262,0.1264
61395122,61352168,1698024060,0.1264,0.1261
61380898,61353729,1698024120,0.1261,0.1262
61354748,61363623,1698024180,0.1262,0.1262
61522263,61546529,1698024240,0.1262,0.1264
61533728,61524784,1698024300,0.1263,0.1265
61543511,61565990,1698024360,0.1266,0.1268
61803719,62041151,1698024420,0.1268,0.1274
62080554,61997963,1698024480,0.1274,0.1271
62180717,62166720,1698024540,0.127,0.127
62227305,62223736,1698024600,0.1271,0.1273
62248475,62327265,1698024660,0.1273,0.1278
62282546,62282546,1698024720,0.1277,0.1272
62194259,62110077,1698024780,0.1272,0.1266
62034557,62171053,1698024840,0.1266,0.1263
62197825,62366311,1698024900,0.1263,0.1264
62414358,62419263,1698024960,0.1264,0.1262
62444026,62491551,1698025020,0.1261,0.1264
62496924,62524178,1698025080,0.1265,0.1265
62502604,62506241,1698025140,0.1265,0.1267
62525717,62560302,1698025200,0.1267,0.1266
62568807,62532318,1698025260,0.1267,0.1264
62538964,62549550,1698025320,0.1264,0.1264
62540304,62533853,1698025380,0.1263,0.1264
62611816,62600416,1698025440,0.1264,0.1263
62562616,62543941,1698025500,0.1263,0.1263
62484332,62450124,1698025560,0.1263,0.1261
62411828,62555876,1698025620,0.1262,0.1261
62591922,62547672,1698025680,0.1262,0.1261
62543717,62594397,1698025740,0.1261,0.1265
62637808,62648815,1698025800,0.1264,0.1267
62627631,62757831,1698025860,0.1268,0.1265
62689001,62702630,1698025920,0.1265,0.1263
62745827,62775285,1698025980,0.1264,0.1265
62594016,62511630,1698026040,0.1266,0.1265
62471783,62628395,1698026100,0.1266,0.1266
62705837,62540443,1698026160,0.1267,0.1264
62595180,62595180,1698026220,0.1264,0.1268
62702013,62676419,1698026280,0.1267,0.1265
62678787,62594853,1698026340,0.1266,0.1264
62602329,62623057,1698026400,0.1265,0.1266
62619133,62619394,1698026460,0.1266,0.1267
62773516,62745554,1698026520,0.1268,0.1272
62749904,62749118,1698026580,0.1272,0.1271
62701474,62702560,1698026640,0.1271,0.1273
62726587,62771645,1698026700,0.1273,0.1274
62786756,62758160,1698026760,0.1274,0.127
62685188,62683072,1698026820,0.1271,0.1273
62680726,62664261,1698026880,0.1272,0.127
62657255,62729841,1698026940,0.1271,0.1272
62812885,62849548,1698027000,0.1272,0.1276
62833979,63108492,1698027060,0.1276,0.1276
63031198,62786638,1698027120,0.1276,0.1275
62675790,62675790,1698027180,0.1276,0.1276
62672155,63032598,1698027240,0.1276,0.1276
62994141,62994141,1698027300,0.1277,0.1276
63127008,63168603,1698027360,0.1277,0.1277
63172105,63074518,1698027420,0.1278,0.1277
62790461,62790461,1698027480,0.1277,0.1282
62894390,62952349,1698027540,0.1281,0.128
62767070,62792885,1698027600,0.1281,0.1277
62639358,62643147,1698027660,0.1276,0.128
62714186,62517688,1698027720,0.1281,0.1277
62404315,62560243,1698027780,0.1278,0.1282
62535124,62333837,1698027840,0.1281,0.1277
62311109,62318511,1698027900,0.1277,0.1278
62322306,62345116,1698027960,0.1278,0.1277
62350001,62436225,1698028020,0.1277,0.1273
62431722,62429773,1698028080,0.1274,0.1274
62388027,62361476,1698028140,0.1275,0.1273
62339667,62332436,1698028200,0.1273,0.1273
62267242,62269653,1698028260,0.1272,0.1271
62300143,62312511,1698028320,0.1271,0.1272
62313669,62301197,1698028380,0.1271,0.1273
62303827,62305235,1698028440,0.1273,0.1273
62302304,62267787,1698028500,0.1273,0.1273
62264335,62256840,1698028560,0.1272,0.1273
62278836,62449556,1698028620,0.1273,0.1269
62418219,62404815,1698028680,0.1269,0.1269
62428723,62423226,1698028740,0.1269,0.1269
62441990,62474719,1698028800,0.127,0.1271
62456447,62456675,1698028860,0.127,0.1268
62384627,62242113,1698028920,0.1267,0.1267
62211850,62211850,1698028980,0.1267,0.1265
62232426,62234954,1698029040,0.1265,0.1264
62168854,62164129,1698029100,0.1264,0.1264
62079296,62115018,1698029160,0.1264,0.1264
62114680,62075452,1698029220,0.1264,0.1265
62055067,62084722,1698029280,0.1266,0.1267
62084810,62092809,1698029340,0.1267,0.1267
62065513,62065779,1698029400,0.1266,0.1266
62055148,62063353,1698029460,0.1267,0.1268
62039195,62021255,1698029520,0.1268,0.1265
62026342,62118558,1698029580,0.1266,0.1263
61930053,61878908,1698029640,0.1263,0.1261
61936786,62062839,1698029700,0.1261,0.1265
61969179,61889615,1698029760,0.1266,0.1264
61920651,61918655,1698029820,0.1263,0.1264
61877319,61921673,1698029880,0.1264,0.1266
61929986,61929986,1698029940,0.1267,0.1267
61930516,61937281,1698030000,0.1266,0.1268
61923268,61948853,1698030060,0.1267,0.1267
61877697,61855151,1698030120,0.1267,0.1265
61881623,61783279,1698030180,0.1265,0.1262
61757217,61757217,1698030240,0.1262,0.126
61752838,61735419,1698030300,0.126,0.1262
61789828,61763165,1698030360,0.1262,0.1262
61764754,61762536,1698030420,0.1262,0.1262
61745394,61523934,1698030480,0.1261,0.1259
61391888,61384920,1698030540,0.1258,0.1258
61385982,61382031,1698030600,0.1259,0.1259
61382031,61391555,1698030660,0.1259,0.1258
61389382,61425973,1698030720,0.1259,0.1256
61392963,61394326,1698030780,0.1257,0.1256
61392590,61412715,1698030840,0.1257,0.1257
61413765,61412622,1698030900,0.1258,0.1257
61380902,61376141,1698030960,0.1257,0.1254
61321785,61339680,1698031020,0.1254,0.1257
61393994,61393994,1698031080,0.1257,0.1256
61382796,61380697,1698031140,0.1257,0.1258
61309157,61293263,1698031200,0.1259,0.1257
61365916,61365916,1698031260,0.1258,0.1261
61420085,61359177,1698031320,0.1262,0.1261
61361599,61344164,1698031380,0.1261,0.1259
61295242,61288026,1698031440,0.1259,0.1258
61282138,61248019,1698031500,0.1259,0.1257
61263847,61263847,1698031560,0.1257,0.1258
61245084,61245084,1698031620,0.1257,0.1258
61274836,61259869,1698031680,0.1258,0.126
61312495,61294942,1698031740,0.126,0.1261
61308795,61259479,1698031800,0.1261,0.1257
61292842,61295472,1698031860,0.1256,0.1257
61261108,61261108,1698031920,0.1256,0.1256
61267820,61246007,1698031980,0.1256,0.1254
61245711,61218354,1698032040,0.1255,0.1255
61181545,61187167,1698032100,0.1255,0.1254
61185808,61160049,1698032160,0.1254,0.1254
61162404,61170118,1698032220,0.1255,0.1257
61179740,61200455,1698032280,0.1257,0.1258
61193927,61171845,1698032340,0.1257,0.126
61170730,61156360,1698032400,0.126,0.1259
61154556,61143502,1698032460,0.1258,0.1258
61209946,61209005,1698032520,0.1258,0.1258
61294235,61361306,1698032580,0.1259,0.1259
60757769,60740331,1698032640,0.1259,0.1255
60906963,60906963,1698032700,0.1255,0.1255
60934244,60923496,1698032760,0.1254,0.1254
60972090,61107066,1698032820,0.1254,0.1247
61050721,61308814,1698032880,0.1247,0.1249
61233897,61304217,1698032940,0.125,0.1254
61724285,61657459,1698033000,0.1254,0.1254
61563029,61512171,1698033060,0.1254,0.1255
61560224,61544575,1698033120,0.1255,0.1257
61585905,61585972,1698033180,0.1256,0.1253
61603435,61695762,1698033240,0.1253,0.1255
61661241,61661976,1698033300,0.1254,0.1254
61637398,61622406,1698033360,0.1254,0.125
61652179,61644058,1698033420,0.125,0.1252
61666521,61783085,1698033480,0.1251,0.1252
61778957,61781200,1698033540,0.1253,0.1251
61843856,61882932,1698033600,0.125,0.1253
61902310,62112707,1698033660,0.1252,0.1251
62115035,62103300,1698033720,0.1251,0.1255
62019139,62027214,1698033780,0.1254,0.1259
61955126,61957034,1698033840,0.126,0.1258
61948547,61948547,1698033900,0.1258,0.1255
61884386,61946647,1698033960,0.1255,0.1253
61919400,61940871,1698034020,0.1253,0.1252
61938121,61983167,1698034080,0.1251,0.1252
61985448,61988154,1698034140,0.1252,0.1253
61897113,61912522,1698034200,0.1254,0.1253
61841023,61863638,1698034260,0.1253,0.1255
61837681,61854035,1698034320,0.1255,0.1257
61841165,61800945,1698034380,0.1256,0.1258
61882224,61881123,1698034440,0.1258,0.1258
61843278,61792980,1698034500,0.1258,0.1257
61784799,61906475,1698034560,0.1258,0.126
61924954,61955796,1698034620,0.126,0.1259
62019753,61990072,1698034680,0.1258,0.1258
62025389,61988080,1698034740,0.1258,0.126
61909634,61900398,1698034800,0.126,0.1261
61894851,61894561,1698034860,0.1261,0.1261
61854342,61837095,1698034920,0.1261,0.1259
61836957,61883203,1698034980,0.1258,0.1259
61884131,61884131,1698035040,0.1259,0.126
61873752,61826355,1698035100,0.1261,0.126
61790790,61796507,1698035160,0.1259,0.126
61788256,61744073,1698035220,0.1259,0.126
61774137,61778023,1698035280,0.1259,0.1262
61844108,61851594,1698035340,0.1262,0.1263
61855453,61910959,1698035400,0.1262,0.1262
61894268,61896088,1698035460,0.1262,0.1262
61895992,61906983,1698035520,0.1262,0.1262
61909692,61902046,1698035580,0.1262,0.1261
61898346,61898346,1698035640,0.1262,0.1262
61882334,61851447,1698035700,0.1261,0.1262
61828548,61836729,1698035760,0.1262,0.1262
61834183,61834183,1698035820,0.1263,0.1262
61858990,61858990,1698035880,0.1263,0.1264
61828344,61784075,1698035940,0.1264,0.1263
61772778,61788440,1698036000,0.1264,0.1264
61817395,61822626,1698036060,0.1264,0.1265
61784487,61839300,1698036120,0.1265,0.1265
61825499,61825261,1698036180,0.1265,0.1263
61555348,61555348,1698036240,0.1263,0.1263
61576839,61580744,1698036300,0.1264,0.1263
61574719,61574719,1698036360,0.1264,0.1265
61575152,61586016,1698036420,0.1264,0.1265
61577237,61429510,1698036480,0.1265,0.1267
61429449,61379495,1698036540,0.1268,0.1267
61362080,61372204,1698036600,0.1267,0.1266
61339254,61339254,1698036660,0.1266,0.1266
61228902,61322226,1698036720,0.1266,0.1266
61309852,61274962,1698036780,0.1267,0.1267
61324159,61310933,1698036840,0.1267,0.1272
61288552,61268446,1698036900,0.1272,0.1269
61303251,61314168,1698036960,0.127,0.127
61334608,61337666,1698037020,0.127,0.1272
61300480,61297390,1698037080,0.1272,0.1272
61295338,61308973,1698037140,0.1272,0.1273
61223323,61230172,1698037200,0.1272,0.1273
61128033,61070601,1698037260,0.1273,0.1272
61069001,61071110,1698037320,0.1272,0.1269
61409594,61463488,1698037380,0.1269,0.1271
61324950,61326783,1698037440,0.1272,0.1269
61326651,61319954,1698037500,0.1269,0.127
61329777,61389634,1698037560,0.127,0.1271
61391691,61391491,1698037620,0.1271,0.1271
61391524,61391524,1698037680,0.127,0.1271
61409093,61383775,1698037740,0.1271,0.1272
61430814,61430114,1698037800,0.1272,0.1273
61486897,61512187,1698037860,0.1272,0.1275
61521204,61478471,1698037920,0.1274,0.1273
61476281,61472408,1698037980,0.1273,0.1273
61472341,61447355,1698038040,0.1273,0.1274
61443508,61454581,1698038100,0.1274,0.1273
61455109,61563457,1698038160,0.1273,0.1274
61580961,61558761,1698038220,0.1273,0.1273
61566689,61583570,1698038280,0.1273,0.1272
61542737,61435413,1698038340,0.1272,0.1268
61478909,61508905,1698038400,0.1269,0.1266
61587325,61630999,1698038460,0.1267,0.1265
61522726,61387686,1698038520,0.1266,0.1263
61368678,61393582,1698038580,0.1264,0.1264
61547692,61490391,1698038640,0.1265,0.1263
61458154,61460684,1698038700,0.1263,0.1263
61445990,61445990,1698038760,0.1263,0.126
61506694,61500347,1698038820,0.1261,0.1262
61316512,61316407,1698038880,0.1261,0.1262
61329994,61371537,1698038940,0.1262,0.1265
61387064,61427305,1698039000,0.1266,0.1265
61431097,61485209,1698039060,0.1266,0.1265
61413326,61416937,1698039120,0.1266,0.1267
61448077,61481560,1698039180,0.1267,0.1279
61818160,61868734,1698039240,0.1279,0.1283
62103995,62168052,1698039300,0.1283,0.1283
62150424,62185214,1698039360,0.1283,0.1286
62150657,62153219,1698039420,0.1286,0.1284
62165939,62079031,1698039480,0.1283,0.1273
62137278,62110203,1698039540,0.1274,0.1273
62152826,62184152,1698039600,0.1272,0.1271
62237955,62490355,1698039660,0.1271,0.1274
62497793,62498531,1698039720,0.1274,0.1272
62496579,62484978,1698039780,0.1272,0.1271
62492657,62490821,1698039840,0.127,0.1269
62467822,62301871,1698039900,0.1269,0.1271
62310189,62336576,1698039960,0.1271,0.1274
62221052,62221052,1698040020,0.1273,0.1273
62240433,62246416,1698040080,0.1273,0.1273
62245759,62207706,1698040140,0.1273,0.1273
62215336,62192553,1698040200,0.1273,0.1274
62230097,62261795,1698040260,0.1274,0.1277
62263129,62272136,1698040320,0.1276,0.1276
62267417,62284061,1698040380,0.1276,0.1274
62320457,62320103,1698040440,0.1274,0.1274
62256977,62269239,1698040500,0.1274,0.1273
62275102,62273982,1698040560,0.1274,0.1273
62270654,62296912,1698040620,0.1272,0.1272
62319955,62308459,1698040680,0.1272,0.1274
62301093,62300681,1698040740,0.1275,0.1275
62252760,62260849,1698040800,0.1276,0.1273
62254002,62118794,1698040860,0.1274,0.1271
62015259,61976495,1698040920,0.1271,0.1269
61968436,61960751,1698040980,0.127,0.1271
61965263,61938340,1698041040,0.1271,0.1272
61929482,61929545,1698041100,0.1273,0.1272
62009396,61948182,1698041160,0.1273,0.1272
61923831,61888279,1698041220,0.1272,0.127
61929832,61999764,1698041280,0.1271,0.1273
62028405,62049352,1698041340,0.1274,0.1272
62028674,62011311,1698041400,0.1272,0.127
62032692,62032692,1698041460,0.127,0.1271
62026451,61968066,1698041520,0.1272,0.1273
61967622,61967622,1698041580,0.1273,0.1272
61972128,61947890,1698041640,0.1272,0.1271
61911399,61913507,1698041700,0.1271,0.1271
61910445,61910445,1698041760,0.1271,0.1271
61868769,61886741,1698041820,0.1271,0.1268
61867926,61850130,1698041880,0.1268,0.1266
61744507,61691227,1698041940,0.1266,0.1266
61677623,61670407,1698042000,0.1267,0.1266
61707325,61648481,1698042060,0.1266,0.1262
61521757,61403325,1698042120,0.1262,0.1259
61316152,61312861,1698042180,0.1259,0.1262
61342745,61335379,1698042240,0.1262,0.1262
61337214,61339136,1698042300,0.1263,0.1263
61395724,61388553,1698042360,0.1264,0.1263
61404135,61422776,1698042420,0.1262,0.1262
61378716,61380020,1698042480,0.1262,0.1262
61381570,61381570,1698042540,0.1263,0.1263
61415662,61368900,1698042600,0.1264,0.1263
61349751,61330411,1698042660,0.1263,0.1262
61361432,61318236,1698042720,0.1263,0.1262
61300301,61300301,1698042780,0.1261,0.1258
61316600,61320919,1698042840,0.1258,0.1259
61300828,61298962,1698042900,0.1259,0.1259
61282560,61302437,1698042960,0.1259,0.1258
61300313,61325020,1698043020,0.1258,0.1259
61328573,61328573,1698043080,0.126,0.1257
61377446,61369272,1698043140,0.1258,0.1257
61373104,61343771,1698043200,0.1257,0.1255
61347903,61318630,1698043260,0.1256,0.1256
61312795,61470448,1698043320,0.1257,0.1255
61469200,61529746,1698043380,0.1256,0.1258
61531938,61531756,1698043440,0.1257,0.1258
61532197,61541553,1698043500,0.1258,0.1258
61527423,61239657,1698043560,0.1259,0.1256
61252203,61135099,1698043620,0.1256,0.1254
61134214,61136705,1698043680,0.1255,0.1255
61163108,61256376,1698043740,0.1255,0.1253
61322817,61325033,1698043800,0.1254,0.1253
61306250,61306250,1698043860,0.1254,0.1254
61264612,61265044,1698043920,0.1254,0.1252
61127966,60931095,1698043980,0.1252,0.1249
60825928,61005608,1698044040,0.1249,0.1249
61045155,61053954,1698044100,0.125,0.1249
61059515,61028867,1698044160,0.1249,0.1248
61151399,61151399,1698044220,0.1249,0.1248
61177670,61177441,1698044280,0.1248,0.1249
61185951,61078225,1698044340,0.1248,0.1246
61020295,61038261,1698044400,0.1245,0.1247
60981461,60981906,1698044460,0.1248,0.1247
60989443,60979530,1698044520,0.1247,0.1248
60989531,60973418,1698044580,0.1248,0.1247
60968495,60914735,1698044640,0.1248,0.1247
60930587,60891533,1698044700,0.1247,0.1247
60843693,60764069,1698044760,0.1246,0.1243
60530843,60532431,1698044820,0.1244,0.1244
60537612,60527215,1698044880,0.1243,0.1244
60584027,60703198,1698044940,0.1244,0.1246
60724497,60706127,1698045000,0.1246,0.1248
60668129,60668129,1698045060,0.1248,0.1246
60610564,60591097,1698045120,0.1246,0.1241
60166755,59972908,1698045180,0.1241,0.1242
59816316,59789456,1698045240,0.1241,0.1242
59820554,59817296,1698045300,0.1241,0.1243
59823931,59845068,1698045360,0.1243,0.1244
59836473,59844528,1698045420,0.1244,0.1246
59876832,59894305,1698045480,0.1246,0.1247
59894605,59898152,1698045540,0.1247,0.1248
59896832,59869431,1698045600,0.1248,0.1248
59877076,59877163,1698045660,0.1248,0.1249
59909732,59912254,1698045720,0.1249,0.1251
59911580,59951743,1698045780,0.125,0.1251
59970666,59970666,1698045840,0.1252,0.1251
59974577,59975376,1698045900,0.1252,0.1251
59974824,59974706,1698045960,0.1252,0.1251
59975510,59935262,1698046020,0.1252,0.1251
59935703,59929682,1698046080,0.1252,0.1251
59933768,59933768,1698046140,0.1251,0.1253
59944108,59958658,1698046200,0.1253,0.1254
59973653,59977521,1698046260,0.1253,0.1254
59988694,59998236,1698046320,0.1255,0.1254
60002328,60001641,1698046380,0.1254,0.1255
60001370,60001370,1698046440,0.1255,0.1256
60006473,60012906,1698046500,0.1256,0.1257
60020324,60019946,1698046560,0.1257,0.1258
60021060,60032189,1698046620,0.1257,0.1258
60029957,59966042,1698046680,0.1257,0.1257
59960174,59960174,1698046740,0.1257,0.1256
59939003,59962030,1698046800,0.1256,0.1258
59949820,59951345,1698046860,0.1257,0.1257
59990921,59990347,1698046920,0.1258,0.1257
60013167,60032575,1698046980,0.1258,0.1258
59993877,59993877,1698047040,0.1259,0.1257
59997769,60020518,1698047100,0.1257,0.126
60016991,60017407,1698047160,0.126,0.126
60021978,60029366,1698047220,0.126,0.126
60028435,60028870,1698047280,0.1259,0.1259
60033294,60033373,1698047340,0.126,0.126
60032931,60110487,1698047400,0.1259,0.1258
60127984,60127984,1698047460,0.1258,0.1258
60121587,60072114,1698047520,0.1257,0.1254
60063592,60044916,1698047580,0.1253,0.1252
60075720,60081648,1698047640,0.1252,0.1244
60265978,60280638,1698047700,0.1244,0.1248
60339989,60339989,1698047760,0.1249,0.1251
60426409,60420168,1698047820,0.125,0.1251
60435414,60417324,1698047880,0.1251,0.1252
60423080,60448775,1698047940,0.1252,0.1254
60474908,60544466,1698048000,0.1254,0.1255
60527361,60469516,1698048060,0.1255,0.1254
60385716,60376025,1698048120,0.1254,0.1253
60386285,60372457,1698048180,0.1253,0.125
60372351,60345724,1698048240,0.1251,0.1252
60335776,60411459,1698048300,0.1253,0.1255
60471916,60455068,1698048360,0.1255,0.1255
60732176,60745262,1698048420,0.1255,0.1257
60722901,60805238,1698048480,0.1258,0.1259
60827269,60820252,1698048540,0.126,0.1261
60813131,60812450,1698048600,0.1261,0.126
60775920,60773631,1698048660,0.1259,0.1259
60776478,60777756,1698048720,0.1259,0.126
60782667,60786129,1698048780,0.126,0.1259
60782971,60786367,1698048840,0.1259,0.1259
60785406,60785406,1698048900,0.126,0.126
60802483,60782609,1698048960,0.126,0.126
60781741,60768084,1698049020,0.126,0.126
60749299,60769900,1698049080,0.1261,0.126
60769900,60769900,1698049140,0.126,0.126
60769289,60762522,1698049200,0.126,0.126
60764944,60763791,1698049260,0.1259,0.1259
60764337,60662270,1698049320,0.126,0.1256
60557792,60580484,1698049380,0.1257,0.1258
60922091,61021465,1698049440,0.1257,0.1261
60798659,60837731,1698049500,0.1262,0.1261
60656679,61021354,1698049560,0.1262,0.1262
61230386,61419702,1698049620,0.1262,0.1264
61384359,61411325,1698049680,0.1264,0.1265
61305156,61101176,1698049740,0.1265,0.1267
61133695,60953478,1698049800,0.1267,0.1269
61613509,61487790,1698049860,0.1268,0.1266
60876560,61138624,1698049920,0.1267,0.1267
61181370,60761084,1698049980,0.1266,0.1269
60712463,60712620,1698050040,0.1268,0.1269
60711420,60700924,1698050100,0.1268,0.1267
60708763,60734713,1698050160,0.1266,0.1268
60726580,60726580,1698050220,0.1267,0.1268
60706901,60711995,1698050280,0.1268,0.1268
60739432,60739432,1698050340,0.1267,0.1269
60747467,60747467,1698050400,0.1269,0.127
60747466,60754536,1698050460,0.1269,0.1268
60773433,60773433,1698050520,0.1269,0.1268
60773433,60735955,1698050580,0.1268,0.1267
60733875,60731619,1698050640,0.1267,0.1267
60731312,60731312,1698050700,0.1267,0.1266
60718800,60711324,1698050760,0.1267,0.1268
60720713,60724992,1698050820,0.1267,0.1267
60741396,60720186,1698050880,0.1267,0.1268
60729806,60771173,1698050940,0.1268,0.1268
60793183,60800536,1698051000,0.1269,0.1271
60988480,60989495,1698051060,0.1271,0.1273
60967087,60947455,1698051120,0.1273,0.1273
60894961,60875045,1698051180,0.1273,0.1273
60840091,60840091,1698051240,0.1272,0.1273
60840091,60832170,1698051300,0.1272,0.1272
60832091,60809670,1698051360,0.1272,0.1271
61189366,61186518,1698051420,0.1271,0.1275
61125724,61131389,1698051480,0.1275,0.1274
61114990,61079551,1698051540,0.1273,0.1273
61060321,61023038,1698051600,0.1272,0.127
61011386,61007201,1698051660,0.127,0.127
60970191,60970191,1698051720,0.127,0.1271
60986551,60965864,1698051780,0.1271,0.1272
60967329,60967329,1698051840,0.1271,0.127
60956401,60941141,1698051900,0.127,0.1268
60868284,60866473,1698051960,0.1268,0.1267
60866190,60814243,1698052020,0.1267,0.1267
60811010,60816759,1698052080,0.1267,0.1265
60799835,60855548,1698052140,0.1266,0.1266
60898148,60872822,1698052200,0.1266,0.1265
60846643,60840755,1698052260,0.1265,0.1263
60870504,60898597,1698052320,0.1263,0.1264
60902857,60825313,1698052380,0.1264,0.1262
60750843,60751948,1698052440,0.1262,0.1263
60751480,60783168,1698052500,0.1263,0.1263
60792644,60825548,1698052560,0.1262,0.1265
60829480,60831762,1698052620,0.1264,0.1265
60852040,60843438,1698052680,0.1264,0.1266
60837732,60897770,1698052740,0.1265,0.1265
60858889,60858889,1698052800,0.1264,0.1263
60812810,60748097,1698052860,0.1263,0.126
60756923,60756923,1698052920,0.126,0.126
60760900,60733258,1698052980,0.1261,0.1261
60733086,60733086,1698053040,0.1262,0.1262
60722240,60735023,1698053100,0.1261,0.1262
60738341,60738341,1698053160,0.1262,0.126
60772740,60848003,1698053220,0.126,0.126
60846401,60834298,1698053280,0.1259,0.1259
60847474,60780045,1698053340,0.1258,0.1257
60658429,60658429,1698053400,0.1257,0.1256
60734730,60782738,1698053460,0.1256,0.1248
60196826,60133289,1698053520,0.1249,0.1249
60166584,60254748,1698053580,0.1248,0.1246
60183269,60154867,1698053640,0.1246,0.1247
60111935,60122925,1698053700,0.1248,0.1248
60192593,60180454,1698053760,0.1249,0.1251
60171707,60153948,1698053820,0.125,0.125
60141344,60143257,1698053880,0.1251,0.125
60193539,60155718,1698053940,0.1251,0.125
60155378,60143827,1698054000,0.125,0.1252
60148037,60120738,1698054060,0.1251,0.1248
60154569,60137517,1698054120,0.1249,0.125
60004272,60004272,1698054180,0.1249,0.1249
60000080,60000080,1698054240,0.1248,0.1247
59979685,59964222,1698054300,0.1246,0.1245
59972666,59880818,1698054360,0.1245,0.1242
59839525,59852838,1698054420,0.1242,0.1237
59618753,59584071,1698054480,0.1238,0.1243
59538300,59538300,1698054540,0.1243,0.1242
59534137,59518979,1698054600,0.1243,0.1246
59565352,59549048,1698054660,0.1247,0.1248
59511611,59572633,1698054720,0.1248,0.1248
59553357,59557548,1698054780,0.1248,0.125
59603590,59582325,1698054840,0.125,0.125
59564673,59563007,1698054900,0.1251,0.1251
59565140,59561304,1698054960,0.1252,0.1252
59621861,59616986,1698055020,0.1252,0.1252
59608953,59627512,1698055080,0.1252,0.1252
59622887,59605235,1698055140,0.1252,0.1252
59626987,59615322,1698055200,0.1252,0.1251
59637887,59665000,1698055260,0.1252,0.1251
59664365,59627013,1698055320,0.125,0.1251
59626576,59630045,1698055380,0.1252,0.1252
59630339,59631415,1698055440,0.1251,0.1251
59632577,59636407,1698055500,0.1251,0.1252
59636453,59654288,1698055560,0.1252,0.1252
59654238,59658022,1698055620,0.1252,0.1253
59671995,59672763,1698055680,0.1253,0.1254
59673485,59671839,1698055740,0.1253,0.1254
59657903,59657903,1698055800,0.1255,0.1255
59651606,59651606,1698055860,0.1254,0.1254
59675775,59679273,1698055920,0.1255,0.1257
59708613,59703643,1698055980,0.1257,0.1256
59689591,59689591,1698056040,0.1257,0.1257
59666681,59675698,1698056100,0.1257,0.1258
59680734,59661469,1698056160,0.1258,0.1258
59662319,59666505,1698056220,0.1259,0.1258
59693510,59699659,1698056280,0.1259,0.1258
59703358,59705329,1698056340,0.1259,0.1259
59705329,59706158,1698056400,0.126,0.1259
59723209,59684161,1698056460,0.1259,0.1261
59716153,59700147,1698056520,0.1261,0.1262
59683654,59687631,1698056580,0.1261,0.1262
59714869,59716670,1698056640,0.1262,0.1262
59724283,59726952,1698056700,0.1263,0.1263
59772456,59772456,1698056760,0.1263,0.1263
59787727,59788123,1698056820,0.1263,0.1262
59881871,59916349,1698056880,0.1263,0.1266
59933339,59836144,1698056940,0.1266,0.1266
59833891,59836025,1698057000,0.1267,0.1266
59839912,59869356,1698057060,0.1265,0.1266
59865953,59863371,1698057120,0.1266,0.1266
59861801,59850324,1698057180,0.1266,0.1266
59876560,59853544,1698057240,0.1266,0.1266
59841518,59843818,1698057300,0.1266,0.1266
59834912,59857504,1698057360,0.1265,0.1264
59874575,59873345,1698057420,0.1265,0.1266
59872999,59879197,1698057480,0.1265,0.1264
59816320,59848765,1698057540,0.1265,0.1265
59900574,59913432,1698057600,0.1265,0.1265
59902170,59901885,1698057660,0.1265,0.1264
59914996,59964393,1698057720,0.1265,0.1264
59946857,59948921,1698057780,0.1265,0.1266
59946128,59946128,1698057840,0.1266,0.1267
59938519,59938238,1698057900,0.1266,0.1267
59974930,59981901,1698057960,0.1266,0.1266
59981901,59977901,1698058020,0.1266,0.1267
59972941,59991848,1698058080,0.1267,0.1268
59988971,59972553,1698058140,0.1267,0.1269
60032516,60007025,1698058200,0.1268,0.1268
60005245,60012551,1698058260,0.1267,0.1268
60064216,60060354,1698058320,0.1267,0.1267
60058291,60035469,1698058380,0.1267,0.1268
59982636,60024650,1698058440,0.1268,0.127
60226174,60238072,1698058500,0.1271,0.1271
60253531,60210318,1698058560,0.1271,0.1273
60159116,60134277,1698058620,0.1272,0.1271
60131149,60091275,1698058680,0.127,0.1271
60097827,60097827,1698058740,0.1272,0.1272
60061719,60077027,1698058800,0.1271,0.1273
60087524,60076789,1698058860,0.1272,0.1278
60103675,60157577,1698058920,0.1278,0.1277
60135190,60251016,1698058980,0.1277,0.128
60265644,60246731,1698059040,0.128,0.1281
60343193,60485108,1698059100,0.1281,0.1283
60465190,60528954,1698059160,0.1282,0.1281
60506741,60532612,1698059220,0.1281,0.1281
60529185,60529044,1698059280,0.1281,0.1281
60498478,60498478,1698059340,0.128,0.1281
60456594,60421792,1698059400,0.1282,0.1282
60402345,60383668,1698059460,0.1282,0.1281
60393887,60398546,1698059520,0.128,0.128
60402814,60393744,1698059580,0.128,0.1282
60390355,60385871,1698059640,0.1281,0.1281
60408098,60448345,1698059700,0.1281,0.1283
60538677,60506996,1698059760,0.1283,0.1283
60502968,60496147,1698059820,0.1282,0.1282
60472328,60485204,1698059880,0.1282,0.1281
60523131,60533993,1698059940,0.1281,0.1284
60497139,60497139,1698060000,0.1284,0.1285
60487861,60384799,1698060060,0.1286,0.1288
60360953,60406668,1698060120,0.1287,0.1294
60551884,60854557,1698060180,0.1294,0.1296
60848629,61257407,1698060240,0.1297,0.1296
61257367,61333584,1698060300,0.1296,0.1293
61349523,61327127,1698060360,0.1293,0.1294
61279080,61237655,1698060420,0.1294,0.1292
61209341,61269032,1698060480,0.1292,0.1293
61293887,61313111,1698060540,0.1293,0.1291
61225635,61222277,1698060600,0.129,0.129
61209444,61264131,1698060660,0.129,0.1291
61269955,61214015,1698060720,0.129,0.1293
61215282,61134335,1698060780,0.1292,0.1288
60976688,60995962,1698060840,0.1289,0.1289
60953538,60958382,1698060900,0.1289,0.1286
60916651,60894001,1698060960,0.1286,0.1284
60878581,60615741,1698061020,0.1284,0.1282
60596728,60596193,1698061080,0.1282,0.1284
60583616,60735652,1698061140,0.1284,0.1282
60720082,60787040,1698061200,0.1283,0.1281
60567124,60563307,1698061260,0.1281,0.128
60614631,60661078,1698061320,0.1281,0.128
60639095,60636987,1698061380,0.1281,0.128
60627086,60627086,1698061440,0.1279,0.1279
60624776,60767411,1698061500,0.1279,0.1274
60750294,60743409,1698061560,0.1275,0.1272
60733786,60809724,1698061620,0.1273,0.1273
60771847,60737475,1698061680,0.1274,0.1277
60745864,60759296,1698061740,0.1277,0.1277
60739927,60722095,1698061800,0.1276,0.1277
60712194,60900114,1698061860,0.1278,0.1282
60888300,61051173,1698061920,0.1282,0.128
61047719,61058305,1698061980,0.1281,0.1278
61024410,61039718,1698062040,0.1278,0.1274
61023286,60841533,1698062100,0.1275,0.1273
60824689,60800783,1698062160,0.1274,0.1275
60776400,60776618,1698062220,0.1275,0.1275
60748874,60747408,1698062280,0.1275,0.1273
60756295,60799450,1698062340,0.1273,0.1275
60860087,60860087,1698062400,0.1274,0.1275
60906911,60838415,1698062460,0.1275,0.1274
60832182,60849000,1698062520,0.1274,0.1276
60883759,60883759,1698062580,0.1276,0.1276
60995610,61019367,1698062640,0.1276,0.1278
61107516,61103338,1698062700,0.1278,0.1279
61114179,61088145,1698062760,0.1279,0.1284
61120377,61000095,1698062820,0.1283,0.1282
60970310,60934003,1698062880,0.1282,0.1282
60788712,60770784,1698062940,0.1281,0.1286
60775037,60709530,1698063000,0.1285,0.1286
60653100,60659054,1698063060,0.1287,0.1284
60663802,60639671,1698063120,0.1285,0.1284
60608707,60473054,1698063180,0.1284,0.1283
60431326,60501011,1698063240,0.1284,0.1288
60412256,60403940,1698063300,0.1288,0.1288
60474784,60523746,1698063360,0.1288,0.1291
60384031,60381079,1698063420,0.1291,0.129
60305001,60230837,1698063480,0.129,0.1286
60159857,60128224,1698063540,0.1286,0.1287
60152755,60114919,1698063600,0.1288,0.1287
60065180,60065180,1698063660,0.1288,0.1288
60055930,60020761,1698063720,0.1287,0.1288
60025451,60025451,1698063780,0.1288,0.1286
59890424,59846226,1698063840,0.1286,0.1285
59780242,59826417,1698063900,0.1285,0.1287
59866525,59889162,1698063960,0.1287,0.1286
59879167,59871428,1698064020,0.1286,0.1286
59872821,59918158,1698064080,0.1287,0.1284
59919037,59918008,1698064140,0.1285,0.1283
59860919,59831869,1698064200,0.1284,0.1285
59744552,59735147,1698064260,0.1285,0.1286
59750021,59826371,1698064320,0.1286,0.1285
59829044,59830456,1698064380,0.1284,0.1284
59822301,59762238,1698064440,0.1284,0.1284
59765278,59741824,1698064500,0.1284,0.1283
59730770,59706680,1698064560,0.1283,0.1282
59688253,59704780,1698064620,0.1282,0.1281
59693625,59609725,1698064680,0.1281,0.128
59575058,59575058,1698064740,0.128,0.1278
59465702,59466652,1698064800,0.1278,0.1277
59498918,59530766,1698064860,0.1278,0.128
59536522,59550345,1698064920,0.1281,0.128
59544901,59524373,1698064980,0.1279,0.1279
59529768,59529768,1698065040,0.1279,0.128
59529454,59554723,1698065100,0.128,0.1282
59563102,59571960,1698065160,0.1282,0.1281
59663787,59672749,1698065220,0.1281,0.128
59665303,59691661,1698065280,0.128,0.1281
59689754,59754712,1698065340,0.1282,0.1284
59750862,59889779,1698065400,0.1284,0.1285
59973707,59973707,1698065460,0.1286,0.1287
59978333,60037735,1698065520,0.1287,0.1289
60039596,60255625,1698065580,0.1289,0.1291
60254461,60310267,1698065640,0.1291,0.1291
60340702,60356134,1698065700,0.1292,0.129
60413896,60407373,1698065760,0.1291,0.129
60411110,60407051,1698065820,0.129,0.1292
60343392,60309147,1698065880,0.1291,0.1291
60307430,60305157,1698065940,0.1291,0.129
60316268,60462999,1698066000,0.129,0.1293
60566303,60510913,1698066060,0.1292,0.1289
60492119,60429663,1698066120,0.1289,0.1288
60340735,60340735,1698066180,0.1288,0.1287
60318243,60313910,1698066240,0.1287,0.1286
60318442,60311877,1698066300,0.1286,0.1286
60322678,60322678,1698066360,0.1286,0.1287
60333427,60424122,1698066420,0.1288,0.1292
60440438,60440438,1698066480,0.1291,0.1293
60526789,60557396,1698066540,0.1294,0.1297
60587864,60817491,1698066600,0.1296,0.1303
61074695,61133747,1698066660,0.1303,0.1299
61312355,61440858,1698066720,0.1299,0.13
61553896,61639925,1698066780,0.1301,0.1303
61614437,61643719,1698066840,0.1303,0.1304
61662913,61597405,1698066900,0.1304,0.1299
61588163,61587055,1698066960,0.13,0.1299
61510719,61323936,1698067020,0.1299,0.1295
61299539,61247612,1698067080,0.1295,0.1296
61250143,61261313,1698067140,0.1297,0.1297
61281555,61079523,1698067200,0.1296,0.1291
61467906,61456753,1698067260,0.1292,0.1294
61503945,61151376,1698067320,0.1294,0.129
61107377,60960446,1698067380,0.1291,0.1286
60830221,60802424,1698067440,0.1285,0.1285
60666474,60519828,1698067500,0.1284,0.128
60502819,60545836,1698067560,0.128,0.1282
60692797,60691946,1698067620,0.1283,0.1285
60687458,60687458,1698067680,0.1285,0.1284
60687071,60689018,1698067740,0.1284,0.1282
60671993,60707848,1698067800,0.1282,0.128
60623103,60637698,1698067860,0.1281,0.128
60671221,60671955,1698067920,0.1281,0.128
60522296,60502442,1698067980,0.128,0.128
60428086,60206112,1698068040,0.128,0.1275
60224751,60216003,1698068100,0.1275,0.1278
60242375,60215428,1698068160,0.1277,0.1272
60124496,60156565,1698068220,0.1273,0.1275
60119786,60192676,1698068280,0.1274,0.128
60451491,60546732,1698068340,0.1279,0.1282
60506882,60512877,1698068400,0.1281,0.1281
60588671,60730536,1698068460,0.1281,0.1287
60762984,60787376,1698068520,0.1287,0.1285
60790120,60772273,1698068580,0.1285,0.1285
60790210,60853215,1698068640,0.1285,0.1283
60839443,60817449,1698068700,0.1283,0.1284
60761146,60763692,1698068760,0.1284,0.1283
60801379,60801379,1698068820,0.1283,0.1283
60874955,60914948,1698068880,0.1283,0.1284
60876931,60820201,1698068940,0.1284,0.1287
60903759,60903759,1698069000,0.1286,0.1284
60873720,60873720,1698069060,0.1284,0.1284
60876471,60928164,1698069120,0.1283,0.1285
60985706,60987686,1698069180,0.1285,0.1285
61001025,61022645,1698069240,0.1284,0.1285
60980824,60975055,1698069300,0.1284,0.1287
60977312,60977312,1698069360,0.1287,0.1289
60960829,60948468,1698069420,0.1288,0.1292
61028362,61055992,1698069480,0.1291,0.1289
61043840,60989467,1698069540,0.1289,0.1289
60975983,60979546,1698069600,0.1288,0.1286
61047656,61030648,1698069660,0.1287,0.1289
61022209,61004625,1698069720,0.1289,0.1288
61014298,61028873,1698069780,0.1287,0.1295
61697375,61801667,1698069840,0.1295,0.1296
61832022,61831089,1698069900,0.1296,0.1296
61876913,61910711,1698069960,0.1297,0.1299
61994139,62043874,1698070020,0.1299,0.1297
61974871,61996980,1698070080,0.1297,0.1294
61988035,62006613,1698070140,0.1294,0.1295
62024999,61968379,1698070200,0.1295,0.1297
61955598,61975191,1698070260,0.1297,0.1293
61960493,61958740,1698070320,0.1294,0.1294
61949796,61913483,1698070380,0.1295,0.1294
61920178,61903401,1698070440,0.1295,0.1293
61872177,61884616,1698070500,0.1294,0.129
61929557,61916671,1698070560,0.1291,0.129
61889182,61834077,1698070620,0.129,0.129
61871185,61812479,1698070680,0.1291,0.1292
61844984,61852885,1698070740,0.1293,0.1292
61813517,61813517,1698070800,0.1291,0.129
61818976,61800239,1698070860,0.129,0.1288
61736210,61701145,1698070920,0.1287,0.1288
61696781,61696781,1698070980,0.1288,0.1288
61697320,61696020,1698071040,0.1288,0.1287
61696175,61688350,1698071100,0.1288,0.1291
61698790,61694849,1698071160,0.1292,0.1291
61681398,61724190,1698071220,0.1291,0.129
61669251,61668492,1698071280,0.1291,0.1291
61669492,61509149,1698071340,0.1291,0.1288
61474040,61458738,1698071400,0.1289,0.1287
61468393,61462036,1698071460,0.1287,0.1287
61448510,61442801,1698071520,0.1286,0.1285
61425989,61445209,1698071580,0.1285,0.1283
61420123,61382541,1698071640,0.1282,0.1283
61378591,61361243,1698071700,0.1282,0.1283
61358685,61339227,1698071760,0.1282,0.1282
61325849,61227545,1698071820,0.1281,0.1281
61225622,61178595,1698071880,0.128,0.1281
61173050,61191244,1698071940,0.128,0.128
61176673,61238309,1698072000,0.1279,0.1282
61229902,61276303,1698072060,0.1281,0.1282
61252528,61196047,1698072120,0.1282,0.1282
61211076,61211279,1698072180,0.1281,0.1281
61204008,61212149,1698072240,0.1281,0.1281
61257319,61241626,1698072300,0.128,0.128
61218123,61210879,1698072360,0.1279,0.1279
61224721,61224721,1698072420,0.1278,0.1281
61263775,61261008,1698072480,0.128,0.1276
61270089,61250456,1698072540,0.1276,0.1276
61182451,61239572,1698072600,0.1276,0.1281
61192987,61217558,1698072660,0.128,0.1281
61284952,61253719,1698072720,0.128,0.1283
61255007,61263464,1698072780,0.1282,0.1283
61274373,61253765,1698072840,0.1282,0.1282
61228547,61203646,1698072900,0.1281,0.1281
61204036,61203007,1698072960,0.128,0.1281
61196685,61108679,1698073020,0.128,0.128
61099592,61106645,1698073080,0.1279,0.128
61105923,61075277,1698073140,0.1279,0.1278
61092509,61059103,1698073200,0.1278,0.1277
61063632,61044577,1698073260,0.1276,0.1276
61012163,61001510,1698073320,0.1277,0.1277
61039832,61040264,1698073380,0.1278,0.1278
60947792,60947792,1698073440,0.1277,0.1276
60946939,60978574,1698073500,0.1275,0.1277
61008244,61008244,1698073560,0.1276,0.1272
61055611,61053656,1698073620,0.1273,0.1275
61032399,61032251,1698073680,0.1275,0.1276
61035554,61019903,1698073740,0.1276,0.1274
61000107,61024259,1698073800,0.1274,0.1276
61020841,61081622,1698073860,0.1277,0.1278
61091765,61092535,1698073920,0.1277,0.1279
61094507,61094597,1698073980,0.1278,0.1278
61083440,61146493,1698074040,0.1278,0.1279
61127459,61158477,1698074100,0.1278,0.1279
61120287,61045766,1698074160,0.1279,0.1275
61036731,61006514,1698074220,0.1274,0.1274
60972376,60973102,1698074280,0.1274,0.1274
60988297,60966683,1698074340,0.1273,0.1275
60942888,60924467,1698074400,0.1274,0.1273
60895645,60887537,1698074460,0.1273,0.1273
60882520,60909705,1698074520,0.1273,0.1275
60992186,60996771,1698074580,0.1276,0.1278
61010125,61009777,1698074640,0.1277,0.1278
61003708,61004353,1698074700,0.1277,0.1277
61009992,60981610,1698074760,0.1276,0.1275
60963217,60966196,1698074820,0.1276,0.1276
60986350,60937327,1698074880,0.1275,0.1276
60946645,60946645,1698074940,0.1275,0.1277
60787263,60775921,1698075000,0.1276,0.1274
60690796,60639966,1698075060,0.1274,0.1274
60571314,60501977,1698075120,0.1273,0.1264
60382038,60005586,1698075180,0.1264,0.1264
60060253,60049742,1698075240,0.1263,0.1266
59995813,60078860,1698075300,0.1266,0.1268
60134430,60075550,1698075360,0.1267,0.1264
60040460,60012605,1698075420,0.1265,0.1265
59974993,59948907,1698075480,0.1264,0.1265
59909228,59932109,1698075540,0.1264,0.1265
59838724,59824753,1698075600,0.1264,0.1267
59822486,59809368,1698075660,0.1266,0.1268
59796161,59838389,1698075720,0.1268,0.1268
59831745,59843626,1698075780,0.1267,0.1269
59859979,59859979,1698075840,0.1269,0.1268
59869866,59810738,1698075900,0.1267,0.127
59821715,59859394,1698075960,0.127,0.1273
59800952,59781221,1698076020,0.1272,0.1274
59767617,59939429,1698076080,0.1274,0.1276
59946518,59957951,1698076140,0.1275,0.1278
59934778,59997675,1698076200,0.1278,0.1279
59974100,59962062,1698076260,0.1279,0.1281
59906117,59860077,1698076320,0.128,0.1279
59886134,59853019,1698076380,0.1279,0.1276
59762076,59776925,1698076440,0.1275,0.1275
59814919,59781626,1698076500,0.1275,0.1273
59725169,59680048,1698076560,0.1273,0.1277
59668149,59668138,1698076620,0.1277,0.1275
59674415,59717215,1698076680,0.1274,0.1271
59713926,59715196,1698076740,0.1271,0.1273
59722660,59757680,1698076800,0.1272,0.1273
59755720,59901765,1698076860,0.1274,0.1277
59770162,59774554,1698076920,0.1277,0.1276
59780042,59760985,1698076980,0.1275,0.1275
59738146,59787182,1698077040,0.1275,0.1275
59884316,59884316,1698077100,0.1275,0.1278
59989649,59989649,1698077160,0.1278,0.1279
59988905,59988905,1698077220,0.1278,0.1288
61768465,61883787,1698077280,0.1288,0.1288
61868039,62096168,1698077340,0.1289,0.1291
62085809,62130335,1698077400,0.129,0.1287
62142278,62123086,1698077460,0.1287,0.1286
62106565,61997211,1698077520,0.1286,0.1285
61956579,61860661,1698077580,0.1285,0.1285
61800313,61806131,1698077640,0.1284,0.1284
61792936,61798369,1698077700,0.1284,0.1284
61789056,61796500,1698077760,0.1285,0.1282
61792626,61783226,1698077820,0.1282,0.1284
61808344,61848860,1698077880,0.1283,0.1286
61899267,62034220,1698077940,0.1286,0.129
62052747,62058799,1698078000,0.129,0.1289
62066333,62009079,1698078060,0.1288,0.1286
62010351,62010351,1698078120,0.1286,0.1285
62001467,62004338,1698078180,0.1285,0.1283
61939198,61505241,1698078240,0.1283,0.1283
61523859,61493488,1698078300,0.1282,0.1281
61508231,61543959,1698078360,0.128,0.1278
61513241,61541065,1698078420,0.1279,0.1282
61502152,61502152,1698078480,0.1282,0.1282
61535865,61473656,1698078540,0.1282,0.1278
61434267,61453248,1698078600,0.1279,0.1283
61467174,61483977,1698078660,0.1283,0.1279
61463947,61220662,1698078720,0.1278,0.1275
61172857,61214622,1698078780,0.1275,0.1279
61170512,61171999,1698078840,0.1278,0.128
61182397,61241244,1698078900,0.1279,0.1283
61257904,61216152,1698078960,0.1282,0.1286
61172376,61172376,1698079020,0.1285,0.1288
61191263,61217869,1698079080,0.1288,0.1291
61157412,61121158,1698079140,0.1291,0.1291
61017416,61013541,1698079200,0.1291,0.1288
61035655,61066436,1698079260,0.1287,0.1287
61064149,61089978,1698079320,0.1286,0.1288
61060193,61060193,1698079380,0.1288,0.1289
61020710,61022343,1698079440,0.1288,0.1288
61011982,61018752,1698079500,0.1287,0.1286
61032319,60987738,1698079560,0.1285,0.1289
60977609,61028434,1698079620,0.1288,0.129
60950446,60894651,1698079680,0.129,0.129
60923677,60903986,1698079740,0.129,0.1291
60893222,60918809,1698079800,0.1291,0.1291
60864475,60727850,1698079860,0.1291,0.1294
60720433,60715171,1698079920,0.1294,0.1292
60522269,60520564,1698079980,0.1291,0.1293
60533086,60489808,1698080040,0.1293,0.1296
60516697,60544237,1698080100,0.1296,0.1302
60530911,60389216,1698080160,0.1302,0.13
60376356,60378186,1698080220,0.1299,0.1298
60381435,60324352,1698080280,0.1297,0.1297
60273975,60273975,1698080340,0.1298,0.1298
60255741,60074790,1698080400,0.1298,0.1296
60017707,60076425,1698080460,0.1296,0.1291
60107763,60092650,1698080520,0.1291,0.1293
60119107,60095633,1698080580,0.1293,0.1293
60057813,60057813,1698080640,0.1292,0.1295
60108672,60097459,1698080700,0.1295,0.13
60086198,60097165,1698080760,0.13,0.1297
60087934,60086813,1698080820,0.1297,0.13
60136764,60076261,1698080880,0.13,0.1299
60084813,60081417,1698080940,0.1299,0.13
60082786,60089948,1698081000,0.1299,0.1302
60083264,60110534,1698081060,0.1302,0.1303
60055009,60060427,1698081120,0.1303,0.1304
60108968,60104961,1698081180,0.1304,0.1306
60135496,60167255,1698081240,0.1306,0.1308
60158540,60174375,1698081300,0.1308,0.1305
60201277,60179922,1698081360,0.1305,0.1301
60095923,60095274,1698081420,0.13,0.1303
60086944,60088074,1698081480,0.1303,0.1307
60124877,60176569,1698081540,0.1307,0.1303
60193000,60140887,1698081600,0.1303,0.1304
60072034,60078479,1698081660,0.1303,0.1301
60011835,59950823,1698081720,0.1301,0.1301
59902315,59980930,1698081780,0.1301,0.13
59972888,59964926,1698081840,0.1299,0.1301
59964776,60087276,1698081900,0.1301,0.1297
60032261,60032261,1698081960,0.1298,0.1296
59972150,59938012,1698082020,0.1296,0.1297
59926531,59919802,1698082080,0.1296,0.1294
59877674,59877674,1698082140,0.1294,0.1293
59734159,59706671,1698082200,0.1294,0.1291
59665416,59691416,1698082260,0.129,0.1294
59706273,59687628,1698082320,0.1294,0.1297
59751067,59758853,1698082380,0.1297,0.1299
59721180,59639487,1698082440,0.1298,0.1298
59608979,59703429,1698082500,0.1298,0.1301
59715651,59753637,1698082560,0.1301,0.1301
59787016,59787255,1698082620,0.13,0.1301
59730767,59707309,1698082680,0.13,0.1301
59683747,59738201,1698082740,0.1302,0.13
59720678,59736811,1698082800,0.1299,0.1301
59707332,59703481,1698082860,0.1301,0.1303
59721519,59714836,1698082920,0.1303,0.1303
59713824,59710321,1698082980,0.1302,0.1303
59719533,59717597,1698083040,0.1304,0.1305
59803080,59804487,1698083100,0.1306,0.1305
60131064,60384925,1698083160,0.1306,0.1307
60452591,60505552,1698083220,0.1308,0.1309
60535210,60535210,1698083280,0.1309,0.1309
60747690,60810889,1698083340,0.131,0.1312
60814795,60814795,1698083400,0.1311,0.1308
60786370,60775294,1698083460,0.1307,0.1306
60816090,60812585,1698083520,0.1306,0.1307
60802481,60806172,1698083580,0.1307,0.1306
60801399,60781613,1698083640,0.1307,0.1306
60803957,60784088,1698083700,0.1307,0.1307
60696656,60690037,1698083760,0.1307,0.1307
60689118,60659822,1698083820,0.1307,0.1305
60617038,60699361,1698083880,0.1306,0.1303
60689763,60696981,1698083940,0.1304,0.1302
60729025,60718127,1698084000,0.1302,0.1303
60700206,60686834,1698084060,0.1303,0.1307
60677548,60687517,1698084120,0.1307,0.1306
60696209,60722762,1698084180,0.1306,0.1309
60773704,60802604,1698084240,0.1309,0.1309
60790424,60797584,1698084300,0.1309,0.1309
60809255,60802604,1698084360,0.1309,0.1308
60789750,60779371,1698084420,0.1308,0.1308
60779601,60780132,1698084480,0.1308,0.1308
60783519,60791814,1698084540,0.1309,0.1307
60778082,60778082,1698084600,0.1308,0.1309
60747840,60699922,1698084660,0.131,0.1311
60836258,60866196,1698084720,0.1311,0.1312
60894024,60957850,1698084780,0.1313,0.131
60946990,61066681,1698084840,0.1311,0.1308
61036253,61037969,1698084900,0.1308,0.1309
60964945,60938232,1698084960,0.1308,0.1307
60916603,60937660,1698085020,0.1307,0.1307
60956266,60963511,1698085080,0.1308,0.1305
60959721,61148483,1698085140,0.1306,0.1306
61123415,61101995,1698085200,0.1307,0.1308
61101727,61080719,1698085260,0.1308,0.1309
61095327,61095870,1698085320,0.1309,0.1307
61132194,61113508,1698085380,0.1307,0.1306
61127083,61114062,1698085440,0.1307,0.1307
61088265,61088265,1698085500,0.1307,0.1306
61093414,61085645,1698085560,0.1306,0.1305
61103166,61237451,1698085620,0.1305,0.1309
61277254,61263871,1698085680,0.131,0.1309
61223370,61225646,1698085740,0.1309,0.131
61268218,61272610,1698085800,0.131,0.1312
61258538,61252836,1698085860,0.1312,0.1313
61328847,61306629,1698085920,0.1312,0.1313
61354801,61405216,1698085980,0.1313,0.1313
61358445,61392102,1698086040,0.1313,0.1314
61311341,61299414,1698086100,0.1313,0.1313
61320352,61335953,1698086160,0.1313,0.1312
61365289,61325086,1698086220,0.1312,0.1313
61316841,61306498,1698086280,0.1313,0.1311
61301296,61353754,1698086340,0.1312,0.1313
61309566,61291062,1698086400,0.1313,0.1309
61307263,61310345,1698086460,0.1309,0.1309
61319366,61319366,1698086520,0.131,0.1308
61288128,61293684,1698086580,0.1308,0.1307
61267634,61268374,1698086640,0.1308,0.1305
61364637,61228167,1698086700,0.1304,0.1304
61239772,61224303,1698086760,0.1303,0.1303
61171775,61217123,1698086820,0.1304,0.1306
61247104,61268650,1698086880,0.1306,0.1308
61271369,61199660,1698086940,0.1308,0.1308
61271502,61219048,1698087000,0.1308,0.1309
61210248,61209335,1698087060,0.1309,0.1308
61181979,61220259,1698087120,0.1308,0.1307
61208012,61236731,1698087180,0.1306,0.1309
61241162,61258156,1698087240,0.1308,0.1309
61123165,61120945,1698087300,0.1308,0.1308
61126577,61176250,1698087360,0.1308,0.1306
61178442,61178442,1698087420,0.1306,0.1307
61150490,61172587,1698087480,0.1307,0.1305
61209108,61209108,1698087540,0.1306,0.1307
61206088,61192462,1698087600,0.1306,0.1307
61064485,61151449,1698087660,0.1306,0.1308
61104128,61079289,1698087720,0.1308,0.1308
61081478,61190998,1698087780,0.1308,0.1308
61202829,61217527,1698087840,0.1308,0.1309
61201734,61207414,1698087900,0.1309,0.1307
61183590,61201959,1698087960,0.1307,0.1308
61168932,61115912,1698088020,0.1307,0.1308
61080620,61109285,1698088080,0.1308,0.1306
61096398,61097800,1698088140,0.1307,0.1304
61093639,61090023,1698088200,0.1305,0.1308
61179321,61235957,1698088260,0.1308,0.1309
61239515,61198208,1698088320,0.1309,0.1312
61462377,61464294,1698088380,0.1312,0.1312
61466888,61469193,1698088440,0.1313,0.1314
61474443,61388380,1698088500,0.1314,0.1312
61381312,61378109,1698088560,0.1312,0.1313
61377143,61367178,1698088620,0.1313,0.1311
61327267,61337654,1698088680,0.1312,0.1309
61386011,61392466,1698088740,0.1309,0.1307
61375299,61397772,1698088800,0.1307,0.131
61438455,61443802,1698088860,0.1309,0.1309
61442308,61439257,1698088920,0.131,0.1309
61380704,61380704,1698088980,0.1309,0.1307
61371131,61369605,1698089040,0.1307,0.1305
61378277,61380200,1698089100,0.1305,0.1307
61377246,61375407,1698089160,0.1307,0.1306
61378886,61378886,1698089220,0.1307,0.1306
61372706,61419516,1698089280,0.1307,0.1308
61419635,61419308,1698089340,0.1308,0.1307
61404441,61404441,1698089400,0.1307,0.1306
61436532,61466341,1698089460,0.1306,0.1305
61628726,61605252,1698089520,0.1305,0.1306
61577469,61570327,1698089580,0.1307,0.1307
61493834,61436271,1698089640,0.1307,0.1307
61352872,61356990,1698089700,0.1306,0.1307
61320980,61321255,1698089760,0.1307,0.1306
61309966,61301466,1698089820,0.1306,0.1306
61275538,61288194,1698089880,0.1307,0.1308
61284467,61287489,1698089940,0.1308,0.1309
61318523,61312578,1698090000,0.1308,0.1307
61285292,61285292,1698090060,0.1306,0.1308
61287601,61287561,1698090120,0.1308,0.1308
61287561,61286359,1698090180,0.1308,0.1307
61290528,61249842,1698090240,0.1307,0.1307
61218094,61218094,1698090300,0.1308,0.1309
61196433,61177357,1698090360,0.1309,0.1308
61133335,61203267,1698090420,0.1308,0.1308
61216060,61148421,1698090480,0.1308,0.1306
61084737,61054585,1698090540,0.1307,0.1306
60949798,61015862,1698090600,0.1306,0.1305
61009650,61007690,1698090660,0.1304,0.1306
60925320,60886072,1698090720,0.1307,0.1307
60818199,60808109,1698090780,0.1307,0.1307
60864734,60848941,1698090840,0.1307,0.1307
60855456,60871201,1698090900,0.1308,0.1308
60888508,60885922,1698090960,0.1308,0.1309
60894378,60894542,1698091020,0.1309,0.131
60937734,60946814,1698091080,0.1309,0.1309
60930422,60931571,1698091140,0.131,0.131
60939226,60930760,1698091200,0.131,0.131
60938262,60938262,1698091260,0.131,0.1308
60912794,60940732,1698091320,0.1307,0.131
60939395,60889246,1698091380,0.131,0.1308
60885193,60885193,1698091440,0.1307,0.1304
60881463,60900749,1698091500,0.1305,0.1303
60929432,60941651,1698091560,0.1303,0.1304
60907471,60863073,1698091620,0.1304,0.1302
60850304,60790342,1698091680,0.1302,0.1303
60781490,60782349,1698091740,0.1303,0.1302
60813702,60615653,1698091800,0.1303,0.1302
60670659,60747362,1698091860,0.1303,0.1302
60734956,60734533,1698091920,0.1302,0.1303
60726397,60702777,1698091980,0.1302,0.1303
60763230,60736675,1698092040,0.1303,0.1304
60733544,60706631,1698092100,0.1303,0.1305
60708898,60700291,1698092160,0.1305,0.1305
60709240,60722469,1698092220,0.1304,0.1306
60712967,60725481,1698092280,0.1305,0.1307
60761400,60760146,1698092340,0.1306,0.1308
60739035,60740621,1698092400,0.1308,0.1308
60745059,60745059,1698092460,0.1307,0.1306
60743373,60765376,1698092520,0.1306,0.1308
60762490,60801298,1698092580,0.1307,0.1308
60831476,60772392,1698092640,0.1308,0.1313
60842778,60827428,1698092700,0.1313,0.1314
60812187,60806344,1698092760,0.1314,0.1314
60818687,60815291,1698092820,0.1312,0.1313
60795758,60780898,1698092880,0.1313,0.1315
60797392,60733608,1698092940,0.1314,0.1312
60734948,60739180,1698093000,0.1313,0.1317
60820122,60773012,1698093060,0.1317,0.1315
60733442,60753214,1698093120,0.1316,0.1316
60721007,60712995,1698093180,0.1316,0.1319
60714830,60694856,1698093240,0.1319,0.1319
60699942,60703487,1698093300,0.1319,0.1318
60690378,60695620,1698093360,0.1318,0.1316
60696076,60715662,1698093420,0.1316,0.1318
60728706,60732087,1698093480,0.1318,0.1316
60741820,60747659,1698093540,0.1317,0.1317
60749280,60760472,1698093600,0.1318,0.1317
60787364,60778393,1698093660,0.1317,0.1318
60805470,60779548,1698093720,0.1318,0.1317
60812557,60812557,1698093780,0.1317,0.1313
60783370,60766620,1698093840,0.1313,0.1315
60787305,60836688,1698093900,0.1315,0.1313
60784424,60755362,1698093960,0.1313,0.1313
60779716,60645689,1698094020,0.1313,0.1313
60638995,60619920,1698094080,0.1313,0.131
60601791,60582938,1698094140,0.131,0.1309
60609463,60589553,1698094200,0.1309,0.131
60682400,60695222,1698094260,0.1309,0.1308
60719337,60723083,1698094320,0.1308,0.1306
60710257,60651690,1698094380,0.1306,0.1304
60637330,60634467,1698094440,0.1303,0.1305
60741001,60700083,1698094500,0.1305,0.1303
60681372,60660254,1698094560,0.1304,0.1303
60669950,60677918,1698094620,0.1303,0.1302
60645351,60653265,1698094680,0.1302,0.1302
60639091,60713943,1698094740,0.1301,0.1303
60717276,60679251,1698094800,0.1303,0.1303
60667875,60660036,1698094860,0.1302,0.1303
60730813,60744725,1698094920,0.1302,0.1303
60784402,60787654,1698094980,0.1303,0.1304
60776404,60780008,1698095040,0.1303,0.1304
60778300,60780278,1698095100,0.1303,0.1303
60762804,60767650,1698095160,0.1302,0.1302
60749411,60749411,1698095220,0.1302,0.1303
60747929,60714771,1698095280,0.1303,0.1301
60669167,60612602,1698095340,0.13,0.1301
60604510,60490054,1698095400,0.13,0.13
60523557,60466150,1698095460,0.13,0.1298
60484062,60478355,1698095520,0.1298,0.1298
60520127,60518994,1698095580,0.1298,0.1298
60518290,60505135,1698095640,0.1297,0.13
60508423,60508099,1698095700,0.1299,0.1298
60513131,60544630,1698095760,0.1298,0.1297
60552945,60419461,1698095820,0.1296,0.1297
60485621,60547440,1698095880,0.1297,0.1298
60551827,60556558,1698095940,0.1298,0.1299
60587244,60592546,1698096000,0.1298,0.13
60635638,60640153,1698096060,0.13,0.13
60594484,60600411,1698096120,0.1299,0.1299
60635530,60669179,1698096180,0.1299,0.13
60671067,60671067,1698096240,0.13,0.1302
60680961,60680961,1698096300,0.1301,0.1304
60718607,60723085,1698096360,0.1303,0.1303
60645489,60643033,1698096420,0.1302,0.1303
60639711,60643612,1698096480,0.1303,0.1304
60632535,60632535,1698096540,0.1303,0.1303
60631984,60630407,1698096600,0.1303,0.1305
60643236,60657248,1698096660,0.1304,0.1306
60667136,60672296,1698096720,0.1306,0.1306
60673161,60675308,1698096780,0.1306,0.1306
60707749,60762564,1698096840,0.1305,0.1309
60730210,60722035,1698096900,0.1309,0.1311
60758370,60747407,1698096960,0.131,0.131
60742083,60741579,1698097020,0.131,0.1311
60749537,60733428,1698097080,0.1311,0.1311
60738353,60750901,1698097140,0.1311,0.1312
60739707,60750283,1698097200,0.1311,0.1308
60746417,60746222,1698097260,0.1308,0.131
60745998,60728763,1698097320,0.131,0.1309
60729678,60751300,1698097380,0.1309,0.1307
60757602,60758242,1698097440,0.1308,0.1308
60764503,60796603,1698097500,0.1308,0.1309
60814956,60812342,1698097560,0.1309,0.131
60817550,60815536,1698097620,0.131,0.131
60808644,60808644,1698097680,0.131,0.1309
60808338,60801087,1698097740,0.1309,0.1309
60799502,60797343,1698097800,0.1309,0.1309
60779459,60781605,1698097860,0.1309,0.1307
60781593,60764674,1698097920,0.1308,0.1308
60764938,60763380,1698097980,0.1308,0.1308
60760472,60757497,1698098040,0.1308,0.1306
60760430,60819972,1698098100,0.1307,0.1308
60830396,60825515,1698098160,0.1308,0.1308
60831733,60809565,1698098220,0.1309,0.1309
60807227,60804112,1698098280,0.1309,0.1309
60805231,60805095,1698098340,0.131,0.131
60767040,60794301,1698098400,0.131,0.131
60795552,60803592,1698098460,0.1309,0.131
60798858,60795766,1698098520,0.131,0.1309
60608448,60599494,1698098580,0.1309,0.1309
60612603,60609574,1698098640,0.1309,0.1308
60604604,60588192,1698098700,0.1308,0.1306
60580750,60599398,1698098760,0.1307,0.1307
60641441,60650439,1698098820,0.1307,0.1307
60640305,60640305,1698098880,0.1308,0.1308
60623293,60623293,1698098940,0.1307,0.1308
60631504,60634452,1698099000,0.1309,0.1309
60637530,60637606,1698099060,0.1309,0.1309
60673965,60685795,1698099120,0.131,0.1309
60642165,60655814,1698099180,0.131,0.1309
60691687,60660066,1698099240,0.1309,0.131
60641123,60603316,1698099300,0.1309,0.1309
60603316,60566831,1698099360,0.1309,0.1309
60612125,60647438,1698099420,0.1309,0.1311
60639598,60575481,1698099480,0.1312,0.1312
60575481,60579622,1698099540,0.1312,0.1312
60553996,60553516,1698099600,0.1311,0.1311
60481088,60446782,1698099660,0.1311,0.1305
60503409,60409217,1698099720,0.1305,0.1306
60466424,60482882,1698099780,0.1306,0.1306
60454334,60452262,1698099840,0.1305,0.1308
60427462,60439545,1698099900,0.1307,0.1306
60481372,60484128,1698099960,0.1307,0.1309
60486173,60486221,1698100020,0.1309,0.1308
60510432,60656134,1698100080,0.1309,0.1308
60722821,60717991,1698100140,0.1308,0.1311
60809127,60793067,1698100200,0.1312,0.1312
60741847,60744453,1698100260,0.1312,0.1313
60766729,60774154,1698100320,0.1314,0.1314
60763207,60749759,1698100380,0.1314,0.1314
60751243,60731848,1698100440,0.1314,0.1313
60712451,60708258,1698100500,0.1313,0.1313
60701119,60698979,1698100560,0.1314,0.1315
60682507,60682507,1698100620,0.1315,0.1316
60669217,60640277,1698100680,0.1315,0.1318
60659683,60692275,1698100740,0.1318,0.132
60635236,60625834,1698100800,0.1321,0.1325
60509495,60422083,1698100860,0.1324,0.1339
60440702,60456179,1698100920,0.1339,0.1338
60263954,60373373,1698100980,0.1338,0.1343
60317438,60238444,1698101040,0.1341,0.1335
60298435,60320474,1698101100,0.1335,0.1331
60263464,60230333,1698101160,0.1331,0.1328
60286885,60238574,1698101220,0.1328,0.1326
60102414,60064546,1698101280,0.1326,0.1328
60079634,60057765,1698101340,0.1329,0.1332
60058880,60071298,1698101400,0.1332,0.1328
60014044,60015821,1698101460,0.1328,0.1331
60003044,60037016,1698101520,0.1331,0.133
60012394,60044564,1698101580,0.1331,0.1333
59954178,59939820,1698101640,0.1332,0.133
59915948,59920870,1698101700,0.1331,0.1337
59923017,59973626,1698101760,0.1337,0.1338
59918108,59895980,1698101820,0.1339,0.1341
59956615,59939570,1698101880,0.1342,0.1344
59899548,59899548,1698101940,0.1344,0.1344
59898949,59836992,1698102000,0.1344,0.1349
59839445,59887670,1698102060,0.1349,0.1344
59835306,59835306,1698102120,0.1344,0.1342
59822389,59832863,1698102180,0.1342,0.1338
59798691,59732443,1698102240,0.1339,0.134
59796984,59827898,1698102300,0.134,0.1338
59813997,59849080,1698102360,0.1339,0.134
59846288,59816869,1698102420,0.134,0.1339
59813953,59826365,1698102480,0.1339,0.1339
59834917,59787436,1698102540,0.1339,0.1337
59766653,59724254,1698102600,0.1338,0.1327
59515462,59464530,1698102660,0.1327,0.1326
59469954,59481744,1698102720,0.1326,0.1327
59450383,59473074,1698102780,0.1328,0.1333
59476673,59470876,1698102840,0.1332,0.1333
59457048,59445132,1698102900,0.1333,0.1331
59672999,59603875,1698102960,0.1332,0.1336
59578210,59582127,1698103020,0.1337,0.1338
59596566,59574699,1698103080,0.1338,0.1338
59574779,59569490,1698103140,0.1339,0.1341
59567262,59541915,1698103200,0.1341,0.1338
59515143,59502720,1698103260,0.1338,0.1339
59483776,59487686,1698103320,0.1338,0.134
59475130,59477210,1698103380,0.1341,0.1342
59463419,59463419,1698103440,0.1343,0.1339
59446451,59529117,1698103500,0.1339,0.1339
59548558,59541703,1698103560,0.1339,0.1341
59501685,59466235,1698103620,0.1341,0.1341
59430757,59461568,1698103680,0.1341,0.1341
59427907,59438185,1698103740,0.1341,0.1344
59426134,59394255,1698103800,0.1344,0.1344
59414390,59414020,1698103860,0.1343,0.1345
59496256,59703551,1698103920,0.1346,0.1345
59673696,59616601,1698103980,0.1344,0.1347
59653361,59666077,1698104040,0.1346,0.1344
59588042,59503957,1698104100,0.1343,0.1338
59545672,59548991,1698104160,0.1338,0.134
59526848,59519819,1698104220,0.134,0.1337
59437473,59413148,1698104280,0.1337,0.1335
59434737,59414581,1698104340,0.1336,0.1335
59387248,59400466,1698104400,0.1334,0.1331
59440774,59430459,1698104460,0.1331,0.1333
59433814,59435177,1698104520,0.1333,0.1335
59441423,59468815,1698104580,0.1335,0.1333
59466613,59609520,1698104640,0.1334,0.1326
59697840,59736883,1698104700,0.1327,0.1329
59697225,59683434,1698104760,0.1329,0.1328
59742778,59771481,1698104820,0.1329,0.133
59787678,59787678,1698104880,0.1331,0.1332
59789089,59817242,1698104940,0.1332,0.1332
59824572,59786416,1698105000,0.1331,0.1329
59801463,59791254,1698105060,0.133,0.1331
59808242,59792273,1698105120,0.1332,0.1331
59798327,59825705,1698105180,0.1332,0.1332
59822435,59833507,1698105240,0.1333,0.1331
59830364,59814016,1698105300,0.1332,0.1332
59794688,59812531,1698105360,0.1331,0.1332
59835627,59826054,1698105420,0.1332,0.1334
59850514,59850875,1698105480,0.1334,0.1335
59874304,59860357,1698105540,0.1335,0.1336
59870240,59800589,1698105600,0.1336,0.1338
59817171,59738620,1698105660,0.1337,0.1336
59746359,59794463,1698105720,0.1337,0.1334
59799782,59820839,1698105780,0.1334,0.1338
59801981,59823187,1698105840,0.1338,0.1334
59738414,59738414,1698105900,0.1333,0.1326
59721735,59612586,1698105960,0.1326,0.1322
59597974,59571628,1698106020,0.1323,0.1325
59592037,59549886,1698106080,0.1325,0.1323
59469750,59471904,1698106140,0.1323,0.1322
59432862,59497304,1698106200,0.1321,0.1319
59435515,59249037,1698106260,0.1318,0.1317
59284437,59252907,1698106320,0.1317,0.1318
59066543,59050582,1698106380,0.1317,0.1316
59065047,59138252,1698106440,0.1316,0.1314
59192233,59163568,1698106500,0.1314,0.1317
59203917,59114820,1698106560,0.1317,0.1317
59106519,59098971,1698106620,0.1317,0.132
59123678,59126706,1698106680,0.132,0.1318
59115895,59135763,1698106740,0.1319,0.1324
59114048,59139976,1698106800,0.1323,0.1325
59029601,59042319,1698106860,0.1325,0.1326
59040320,59022433,1698106920,0.1327,0.1327
58994284,59030788,1698106980,0.1327,0.1329
58969768,59012942,1698107040,0.1329,0.1328
59065248,59064238,1698107100,0.1327,0.1325
59081929,59059448,1698107160,0.1325,0.1328
59087211,59089088,1698107220,0.1328,0.1327
59110190,59110190,1698107280,0.1328,0.1328
59124689,59143643,1698107340,0.1329,0.1333
59058120,59055719,1698107400,0.1333,0.1332
59067077,59024432,1698107460,0.1332,0.1337
59104545,59166964,1698107520,0.1337,0.1344
59096987,58993531,1698107580,0.1344,0.1344
58984614,58990158,1698107640,0.1344,0.1347
58968205,59020851,1698107700,0.1348,0.1346
58994036,59009645,1698107760,0.1346,0.1347
58986191,58965371,1698107820,0.1347,0.1345
59017197,59055917,1698107880,0.1346,0.1346
59071186,59253936,1698107940,0.1347,0.1348
59297009,59272913,1698108000,0.1349,0.1349
59175206,59300829,1698108060,0.1349,0.1354
59214419,59242645,1698108120,0.1353,0.1351
59226452,59197615,1698108180,0.1351,0.1349
59232548,59295449,1698108240,0.1349,0.1349
59351364,59327330,1698108300,0.135,0.1347
59361132,59388469,1698108360,0.1348,0.135
59388905,59388905,1698108420,0.135,0.1353
59561806,59569546,1698108480,0.1352,0.1353
59580632,59573196,1698108540,0.1353,0.1353
59586365,59601572,1698108600,0.1353,0.1353
59468628,59465657,1698108660,0.1353,0.1352
59448614,59484105,1698108720,0.1353,0.1353
59490701,59497658,1698108780,0.1353,0.1353
59500207,59489134,1698108840,0.1353,0.1354
59457017,59459345,1698108900,0.1354,0.1355
59475323,59495569,1698108960,0.1355,0.1356
59490028,59386705,1698109020,0.1356,0.135
59300851,59284401,1698109080,0.1351,0.135
59266944,59227792,1698109140,0.1351,0.1347
59242260,59252530,1698109200,0.1348,0.1347
59244787,59228294,1698109260,0.1347,0.1344
58945256,58973210,1698109320,0.1345,0.1341
58953933,58953933,1698109380,0.1342,0.1345
58948161,58983963,1698109440,0.1346,0.1347
58965753,58965753,1698109500,0.1348,0.1346
58967776,58951131,1698109560,0.1346,0.1345
59000409,59000409,1698109620,0.1346,0.1346
59001575,59071634,1698109680,0.1346,0.1347
59046501,59010158,1698109740,0.1347,0.1346
59052571,59063228,1698109800,0.1345,0.1348
59084636,59092451,1698109860,0.1348,0.1348
59086303,59023860,1698109920,0.1348,0.1344
59029669,59025018,1698109980,0.1343,0.1343
58953941,58923617,1698110040,0.1342,0.1341
58899822,58921109,1698110100,0.134,0.1337
58873856,58848644,1698110160,0.1338,0.1337
58791870,58783833,1698110220,0.1338,0.1339
58791249,58771632,1698110280,0.1339,0.134
58784949,58857773,1698110340,0.134,0.1342
58852056,58865216,1698110400,0.1341,0.134
58869859,58934252,1698110460,0.134,0.1336
58890971,58854922,1698110520,0.1336,0.1338
58736554,58751603,1698110580,0.1337,0.1337
58752658,58797513,1698110640,0.1337,0.1334
58781256,58766733,1698110700,0.1334,0.1334
58836330,58808317,1698110760,0.1335,0.1332
58811903,58749376,1698110820,0.1333,0.1329
58752945,58752945,1698110880,0.133,0.1327
58750578,58762848,1698110940,0.1328,0.1332
58682455,58669150,1698111000,0.1332,0.1332
58666628,58591424,1698111060,0.1331,0.1329
58582860,58582860,1698111120,0.1329,0.1329
58633295,58625496,1698111180,0.1328,0.1327
58622528,58432684,1698111240,0.1327,0.1325
58491835,58490061,1698111300,0.1325,0.1324
58248159,58324837,1698111360,0.1325,0.1316
58323561,58337692,1698111420,0.1317,0.132
58411656,58400006,1698111480,0.132,0.1323
58398584,58442670,1698111540,0.1323,0.1322
58468445,58469305,1698111600,0.1323,0.1324
58493533,58443218,1698111660,0.1325,0.1323
58475466,58532952,1698111720,0.1322,0.1323
58550600,58545568,1698111780,0.1323,0.1323
58541720,58546240,1698111840,0.1322,0.1322
58523094,58525833,1698111900,0.1322,0.1327
58467123,58448608,1698111960,0.1327,0.1325
58425929,58442555,1698112020,0.1324,0.1326
58477741,58480264,1698112080,0.1326,0.1327
58477685,58477685,1698112140,0.1327,0.1327
58485811,58468371,1698112200,0.1327,0.1325
58453430,58431420,1698112260,0.1325,0.1326
58455674,58452176,1698112320,0.1326,0.1326
58452251,58489180,1698112380,0.1327,0.1325
58484944,58515983,1698112440,0.1325,0.1323
58551536,58548021,1698112500,0.1324,0.1324
58554002,58566287,1698112560,0.1324,0.1321
58634280,58758845,1698112620,0.132,0.1322
58801516,58872838,1698112680,0.1322,0.1325
58878231,58874096,1698112740,0.1325,0.1325
58891559,58785396,1698112800,0.1325,0.1328
58781210,58759966,1698112860,0.1329,0.1329
58764489,58756905,1698112920,0.1329,0.1329
58764458,58761904,1698112980,0.1329,0.1331
58757017,58746351,1698113040,0.1332,0.1333
58731844,58732184,1698113100,0.1334,0.1329
58728146,58687040,1698113160,0.1328,0.1327
58710023,58666041,1698113220,0.1327,0.133
58678633,58645211,1698113280,0.133,0.1332
58577435,58543940,1698113340,0.1332,0.1332
58580970,58630908,1698113400,0.1333,0.1327
58609435,58609435,1698113460,0.1327,0.1331
58565638,58633672,1698113520,0.133,0.1332
58663760,58663760,1698113580,0.1332,0.1332
58700170,58700078,1698113640,0.1332,0.1333
58691773,58691767,1698113700,0.1333,0.1337
58728438,58766091,1698113760,0.1337,0.1338
58719152,58691055,1698113820,0.1338,0.1339
58684794,58674810,1698113880,0.1339,0.1338
58674507,58669445,1698113940,0.1338,0.134
58651218,58619615,1698114000,0.134,0.1342
58592962,58587248,1698114060,0.1342,0.1344
58561408,58566336,1698114120,0.1345,0.1345
58512618,58518542,1698114180,0.1346,0.1344
58515496,58488218,1698114240,0.1344,0.1348
58463384,58451513,1698114300,0.1348,0.1349
58481875,58449134,1698114360,0.1349,0.1352
58384802,58201626,1698114420,0.1353,0.135
58226935,58226711,1698114480,0.135,0.1348
58154711,58127125,1698114540,0.1348,0.1343
58181703,58168427,1698114600,0.1343,0.1343
58075734,58056431,1698114660,0.1343,0.1344
58082914,58197558,1698114720,0.1344,0.1345
58192087,58220556,1698114780,0.1345,0.1346
58217973,58244836,1698114840,0.1347,0.1348
58229614,58209487,1698114900,0.1349,0.1348
58220534,58205909,1698114960,0.1349,0.1346
58163839,58176759,1698115020,0.1346,0.1346
58189989,58188101,1698115080,0.1347,0.1348
58258024,58258024,1698115140,0.1348,0.1352
58222365,58166676,1698115200,0.1352,0.1352
58173652,58134909,1698115260,0.1352,0.1356
58146873,58148702,1698115320,0.1356,0.1359
58124262,58154299,1698115380,0.1358,0.1361
58139585,58025603,1698115440,0.1361,0.1364
58020302,58015864,1698115500,0.1363,0.1364
57974437,57980174,1698115560,0.1365,0.1366
58027017,57982653,1698115620,0.1367,0.1368
57995272,58005465,1698115680,0.1367,0.137
58306788,58198790,1698115740,0.137,0.1371
58216169,58164869,1698115800,0.1371,0.1368
58086959,58093132,1698115860,0.1367,0.1366
58087501,58072465,1698115920,0.1366,0.1366
58052357,58022603,1698115980,0.1366,0.1363
58006980,58023011,1698116040,0.1363,0.1364
58014717,58039495,1698116100,0.1365,0.1367
58084960,58106165,1698116160,0.1368,0.137
58101459,58153200,1698116220,0.137,0.137
58120288,58060264,1698116280,0.137,0.1368
58121932,58103523,1698116340,0.1367,0.1366
58051509,58057615,1698116400,0.1366,0.1367
57999203,57999203,1698116460,0.1367,0.1363
57987363,57994040,1698116520,0.1363,0.1368
58031205,58037256,1698116580,0.1368,0.1366
58038199,58030757,1698116640,0.1367,0.1365
58034650,58028217,1698116700,0.1365,0.1367
58024520,57989684,1698116760,0.1366,0.1367
57979659,58046666,1698116820,0.1367,0.1367
58057025,58018847,1698116880,0.1367,0.1367
58018382,58056585,1698116940,0.1367,0.1365
58056413,58079408,1698117000,0.1364,0.1361
58074984,58070775,1698117060,0.1361,0.1369
58166168,58094636,1698117120,0.1369,0.1374
58151286,58208125,1698117180,0.1374,0.1379
58223918,58203998,1698117240,0.1378,0.1376
58120613,58058262,1698117300,0.1377,0.1372
58043491,58001653,1698117360,0.1372,0.1375
57982101,57974893,1698117420,0.1374,0.137
57894601,57878921,1698117480,0.1369,0.137
57875743,57876362,1698117540,0.1371,0.1368
57837663,57823081,1698117600,0.1368,0.1366
57818429,57819571,1698117660,0.1365,0.1368
57828296,57859457,1698117720,0.1368,0.1367
57856709,57829935,1698117780,0.1368,0.1364
57732487,57753949,1698117840,0.1365,0.1363
57767672,57724049,1698117900,0.1363,0.1366
57735574,57673026,1698117960,0.1366,0.1364
57674283,57654474,1698118020,0.1364,0.1362
57655837,57660591,1698118080,0.1362,0.1363
57648030,57616647,1698118140,0.1362,0.1361
57596574,57596574,1698118200,0.1362,0.1364
57611962,57609209,1698118260,0.1363,0.1361
57602671,57602671,1698118320,0.136,0.1356
57537179,57539689,1698118380,0.1356,0.1357
57520187,57506194,1698118440,0.1358,0.1354
57501267,57411224,1698118500,0.1354,0.1348
57336812,57355055,1698118560,0.1348,0.1351
57370267,57353864,1698118620,0.1351,0.1352
57336480,57338071,1698118680,0.1351,0.1351
57306924,57296062,1698118740,0.1351,0.1352
57332539,57324953,1698118800,0.1353,0.1351
57331998,57331998,1698118860,0.1351,0.135
57307093,57280907,1698118920,0.135,0.1353
57272358,57277504,1698118980,0.1352,0.135
57269340,57356850,1698119040,0.135,0.1349
57364155,57301861,1698119100,0.1348,0.1347
57273557,57304240,1698119160,0.1348,0.1352
57260570,57241975,1698119220,0.1352,0.1347
57368960,57435903,1698119280,0.1348,0.1351
57487314,57489896,1698119340,0.1351,0.1348
57443935,57441535,1698119400,0.1348,0.1351
57438905,57356151,1698119460,0.1352,0.1346
57304077,57296492,1698119520,0.1346,0.1346
57284850,57284850,1698119580,0.1346,0.1348
57306628,57267943,1698119640,0.1348,0.1343
57280900,57280900,1698119700,0.1343,0.1346
57298810,57311510,1698119760,0.1347,0.1342
57300914,57272186,1698119820,0.1343,0.1339
57034769,57034769,1698119880,0.134,0.1339
57034769,57034769,1698017220,0.124,0.1242
57034769,57034769,1698017280,0.1242,0.1242
57034769,57034769,1698017340,0.1242,0.1239
57034769,57034769,1698017400,0.1239,0.1241
57034769,57034769,1698017460,0.124,0.1238
