"OI_open","OI_close","timestamp","price_open","price_close"
298902880.5,298735254.1,1698190080,0.5588,0.5592
298735365,298712794.7,1698190140,0.5591,0.5589
298702718.3,298700311.3,1698190200,0.559,0.558
298686265.9,298790043.4,1698190260,0.558,0.5584
298866650.5,298866650.5,1698190320,0.5584,0.5579
298863105.6,298905799.7,1698190380,0.5579,0.5579
298557101.3,298535865.1,1698190440,0.5578,0.5575
298553345.9,298553345.9,1698190500,0.5575,0.5578
298136407.4,298138237.1,1698190560,0.5578,0.5571
297971916.8,298113687.9,1698190620,0.557,0.5572
298123554.9,297919430.3,1698190680,0.5572,0.5567
297961719.2,298152797.6,1698190740,0.5566,0.5572
298161988.8,298211317.4,1698190800,0.5572,0.5577
298323214,298279113.4,1698190860,0.5577,0.5571
298252936.2,298190418.5,1698190920,0.5571,0.5567
298132514.1,298261746.9,1698190980,0.5566,0.557
298260583.6,298289272.7,1698191040,0.557,0.5575
298388302.9,298291204,1698191100,0.5575,0.5577
298225500,298228044,1698191160,0.5577,0.5578
298351142.2,298409113.2,1698191220,0.5578,0.5577
298387065.2,298348866.5,1698191280,0.5578,0.5576
298304556.4,298357366.3,1698191340,0.5577,0.558
298464100.1,298439882.7,1698191400,0.558,0.558
298406103.3,298583781.5,1698191460,0.5581,0.5582
298595975.9,298595188.3,1698191520,0.5583,0.5578
298590157.1,298594124.5,1698191580,0.5578,0.5578
298593669.2,298638831.5,1698191640,0.5578,0.558
298678129.9,298658062.3,1698191700,0.5579,0.5583
298688338.5,298706455.3,1698191760,0.5583,0.5582
298700199.3,298707422.3,1698191820,0.5582,0.5588
298759132.8,298753231.5,1698191880,0.5589,0.5587
298865893.3,298879557.7,1698191940,0.5588,0.5586
298831957.4,298481893.9,1698192000,0.5585,0.5583
298260483,298137959.9,1698192060,0.5584,0.5571
298137512.7,298152604.5,1698192120,0.5572,0.5566
298054106.3,297858365.7,1698192180,0.5567,0.5572
297932247.6,298013750.8,1698192240,0.5572,0.5573
297981062.3,297814394.2,1698192300,0.5574,0.5565
297812435.8,297884186.4,1698192360,0.5566,0.5565
297885338.2,297811600,1698192420,0.5565,0.5563
297773558.2,297771153.2,1698192480,0.5563,0.5563
298057565,298103592.6,1698192540,0.5563,0.5549
298189090.9,298166312.4,1698192600,0.555,0.5556
298043828.3,298019347.2,1698192660,0.5556,0.5557
297975719.9,297887992,1698192720,0.5557,0.5553
297906691.6,297815198.4,1698192780,0.5554,0.555
297968748.6,297967342.7,1698192840,0.555,0.555
298016271.7,298130951.4,1698192900,0.5549,0.5557
298284004.4,298243191.5,1698192960,0.5556,0.5561
298260989.9,298230549,1698193020,0.5562,0.5556
298193757.6,298129801.1,1698193080,0.5556,0.5553
298114984.6,298064070.6,1698193140,0.5554,0.5553
298145504.6,298133767.7,1698193200,0.5553,0.555
298166349.8,298084979.6,1698193260,0.555,0.5541
297983238.5,298094839.6,1698193320,0.5541,0.5544
298157976.6,298175177.7,1698193380,0.5545,0.5553
298169294.6,298135179.1,1698193440,0.5553,0.5554
298092827.7,298133072.2,1698193500,0.5555,0.5549
298132892.3,298126369.1,1698193560,0.5549,0.5546
298204154.6,298197709.3,1698193620,0.5546,0.5547
298240072.8,298188894.2,1698193680,0.5547,0.5543
298084841.6,298303857.1,1698193740,0.5543,0.5536
298481377.7,298385400.4,1698193800,0.5536,0.5539
298387359,298440966.3,1698193860,0.5539,0.5538
298430522.4,298382683.2,1698193920,0.5538,0.5532
298277892.3,298274095,1698193980,0.5532,0.5534
298223093.9,297712459.2,1698194040,0.5533,0.5532
297692944.1,297684229.8,1698194100,0.5532,0.5521
297749755,297826081.3,1698194160,0.5521,0.5526
297837768.1,298120285.9,1698194220,0.5526,0.5529
298191251.5,298200531.9,1698194280,0.5529,0.5532
298246333.4,298301608.5,1698194340,0.5533,0.5533
298458399.5,298404406.5,1698194400,0.5533,0.5534
298827650.3,298809306.6,1698194460,0.5534,0.5524
298832471.6,298892295,1698194520,0.5524,0.5537
298869024.5,299081643.8,1698194580,0.5537,0.554
299138370.7,299207273.7,1698194640,0.554,0.5541
299151530.9,299157884.1,1698194700,0.5541,0.5544
299149022.8,298996404.3,1698194760,0.5543,0.5549
298921425,298995421.9,1698194820,0.5548,0.5552
299002614.4,298989371.5,1698194880,0.5553,0.5552
298989217.1,298963763.2,1698194940,0.5551,0.556
299052742.3,299214540.8,1698195000,0.5559,0.5562
299005927.7,298979996.5,1698195060,0.5563,0.5563
298966796.4,298536321.4,1698195120,0.5563,0.5565
298557261,298528676.8,1698195180,0.5565,0.5562
298801063.9,298757554.6,1698195240,0.5563,0.5565
298788365.1,298840185.8,1698195300,0.5566,0.5567
298886939.5,298745074.4,1698195360,0.5567,0.5572
298586265.3,298520075.2,1698195420,0.5572,0.5572
298501529.7,298403289.1,1698195480,0.5572,0.557
298475520.3,298473065.9,1698195540,0.557,0.5569
298410854.3,298373724.4,1698195600,0.5568,0.5568
298397985.3,298364792.2,1698195660,0.5569,0.5573
297529075.2,297416491.6,1698195720,0.5573,0.5573
297436809.2,297400266.6,1698195780,0.5572,0.5577
297543599.1,297495193.7,1698195840,0.5577,0.5575
297144448.9,297063061.7,1698195900,0.5574,0.5577
297213465.6,297157560,1698195960,0.5578,0.5575
297154032.7,297148277.2,1698196020,0.5576,0.5577
297119016.2,297135873,1698196080,0.5578,0.5581
297150630.2,297163686.3,1698196140,0.558,0.558
297168153.2,297343557.5,1698196200,0.558,0.5581
297331980.7,297415868.1,1698196260,0.558,0.5584
297597624.9,297578797,1698196320,0.5584,0.5582
297594646.7,297606834.4,1698196380,0.5582,0.5587
297630732.9,297660758.4,1698196440,0.5586,0.5587
297685220.6,297857880.2,1698196500,0.5587,0.5578
297892305.7,297991726.8,1698196560,0.5579,0.5578
298154400.7,298182924.5,1698196620,0.5578,0.5574
298232283.9,298023835.9,1698196680,0.5574,0.5572
298066559.7,298166885.7,1698196740,0.5572,0.5574
298163636.4,298190324.5,1698196800,0.5575,0.5577
298209366.7,298086532.8,1698196860,0.5577,0.5575
298156140.4,298193723.6,1698196920,0.5574,0.5581
298222213.4,298296875.4,1698196980,0.5581,0.5578
298068838.3,297979496.6,1698197040,0.5578,0.5575
297970599.9,298034178.2,1698197100,0.5576,0.5581
298071058.6,298088997.8,1698197160,0.5582,0.5585
298120610.7,298217091.4,1698197220,0.5585,0.5589
298437260.6,298571982.9,1698197280,0.5589,0.559
298598496.6,298281197.3,1698197340,0.5589,0.5593
298293814,298423422.2,1698197400,0.5594,0.5596
298369908.2,298568020.5,1698197460,0.5596,0.5597
298546298.6,298677436.2,1698197520,0.5596,0.5595
298707710.1,298740476.3,1698197580,0.5594,0.5598
298715721,298839570.5,1698197640,0.5598,0.5603
298865230.2,298781053.2,1698197700,0.5603,0.5603
298820751.3,298948430.6,1698197760,0.5604,0.5607
299007084.9,299037213.2,1698197820,0.5607,0.5607
299100788.9,299152381.3,1698197880,0.5608,0.5607
299255711.3,299273813,1698197940,0.5608,0.5607
299254216,299217340.1,1698198000,0.5607,0.5603
299359290,299412334.8,1698198060,0.5603,0.5604
299550799.1,299486809.8,1698198120,0.5603,0.5609
299499956.6,299428542.9,1698198180,0.5609,0.5605
299541641.8,299541641.8,1698198240,0.5604,0.5608
299538381.3,299239607,1698198300,0.5607,0.5602
299171532.1,299297463,1698198360,0.5603,0.5602
299319536.9,299132754.3,1698198420,0.5602,0.5602
299577083,299548954.9,1698198480,0.5603,0.5593
299518757.5,299491120.3,1698198540,0.5594,0.5596
299461876,299444593.9,1698198600,0.5597,0.5591
299415325.3,299305370.8,1698198660,0.5592,0.5589
299273046.8,299261695.6,1698198720,0.559,0.5586
299296693,299306759.1,1698198780,0.5587,0.5586
299243074.1,299289774.5,1698198840,0.5587,0.5588
299325129.4,299364984.8,1698198900,0.5588,0.5592
299340038,299355950.2,1698198960,0.5591,0.5595
299356137.6,299392471.4,1698199020,0.5594,0.5592
299345324.8,299345518.7,1698199080,0.5592,0.5599
299371350.1,299631047.6,1698199140,0.5598,0.5599
299492966.5,299428248.5,1698199200,0.5599,0.56
299462709.3,299614324.5,1698199260,0.56,0.5595
299439850.9,299372906.3,1698199320,0.5594,0.5585
299386621.3,299222367.8,1698199380,0.5585,0.5581
299200460,299166794.1,1698199440,0.558,0.558
299223339.8,299209845.7,1698199500,0.5579,0.5574
299168151.6,299086247.7,1698199560,0.5575,0.5576
299065780.1,299112166.6,1698199620,0.5576,0.5575
299102110.9,299102532.6,1698199680,0.5574,0.5573
299089389.5,299050297.2,1698199740,0.5573,0.5575
299137308.1,299682642.2,1698199800,0.5575,0.5571
299525056.4,299482906.6,1698199860,0.5571,0.5573
299388615.9,299159829.7,1698199920,0.5572,0.5573
298998074.8,299043787.6,1698199980,0.5573,0.5582
299023259.5,299146128.1,1698200040,0.5581,0.5582
299119087,299080781.9,1698200100,0.5581,0.5584
299059270.2,299091253.8,1698200160,0.5585,0.5583
299091363,299051990.3,1698200220,0.5582,0.5579
299041431.1,299083508.1,1698200280,0.5578,0.558
299182863.6,299169103.1,1698200340,0.558,0.5576
299159048.2,299080192.8,1698200400,0.5575,0.5574
299328940.9,299204645.2,1698200460,0.5573,0.5574
299153022.6,298992071.1,1698200520,0.5574,0.556
298869355,298820253.5,1698200580,0.5559,0.5559
298800119.9,298795116.8,1698200640,0.5559,0.556
298770131.3,298710539.8,1698200700,0.5559,0.556
298665654.9,298614696,1698200760,0.556,0.5555
298512057.1,298603377.9,1698200820,0.5556,0.5549
298657494.3,298658047.9,1698200880,0.5548,0.5541
298541345.9,298296452.5,1698200940,0.554,0.554
298278987.5,298223782.6,1698201000,0.5539,0.555
298190963.1,298181904.4,1698201060,0.555,0.5557
298164383.1,298163120,1698201120,0.5557,0.556
298193130.3,298195373.2,1698201180,0.556,0.5566
298299047.1,298060246.4,1698201240,0.5565,0.556
298004815.8,298040085,1698201300,0.556,0.5554
297980106.3,298161314.5,1698201360,0.5555,0.5548
298154867.3,298280377.2,1698201420,0.5548,0.5551
298311740.1,298383351.4,1698201480,0.5551,0.5551
298388580.1,298470723.6,1698201540,0.555,0.555
298459773.1,298502971.5,1698201600,0.5549,0.5551
298501504,298584418.3,1698201660,0.5551,0.5546
298577628.1,298610433.6,1698201720,0.5545,0.5549
298596705.2,298712649.2,1698201780,0.5548,0.5546
298710389.4,298726830.5,1698201840,0.5545,0.5543
298577669.7,298594670.4,1698201900,0.5542,0.5548
298608365.9,298600136.4,1698201960,0.5548,0.5552
298606029.3,298763445.4,1698202020,0.5552,0.5548
298777115.1,298840283.7,1698202080,0.5547,0.5553
298854010.9,298855076.3,1698202140,0.5553,0.5553
298915605,298880118.6,1698202200,0.5554,0.5551
299233791.3,299257288.4,1698202260,0.5551,0.5558
299136298.8,299155276.5,1698202320,0.5558,0.5557
299168769,299210475.1,1698202380,0.5558,0.5558
299212678.5,299227146.9,1698202440,0.5559,0.5557
299324391,299292713.3,1698202500,0.5558,0.5557
299319898.8,299319265.4,1698202560,0.5558,0.5556
299288185.1,299254443.4,1698202620,0.5556,0.5556
299261321.5,299245530.9,1698202680,0.5557,0.5557
299219386.3,299223855.3,1698202740,0.5557,0.5553
298850341.1,298841477.5,1698202800,0.5553,0.5553
298754980.7,298624484,1698202860,0.5553,0.5551
298703049.9,298534543.1,1698202920,0.555,0.5542
298490086.4,297790773.9,1698202980,0.5541,0.5531
297798312.2,297824543.9,1698203040,0.5531,0.5528
297828266.6,297932972.7,1698203100,0.5527,0.553
297909092.7,297938848.8,1698203160,0.5531,0.5533
298033614.9,297984138.6,1698203220,0.5533,0.5535
297948307.8,298177134.5,1698203280,0.5535,0.5538
298140218.5,298108512.7,1698203340,0.5537,0.5534
297610952,297449992.7,1698203400,0.5534,0.5529
297440109.2,297500243.7,1698203460,0.5529,0.553
297482142.6,297681423.1,1698203520,0.5531,0.5529
297746550.6,297781272.7,1698203580,0.5529,0.5529
297658975.8,297665331.4,1698203640,0.553,0.5536
297604449.6,297602017.4,1698203700,0.5535,0.5541
297644072.5,297648443.2,1698203760,0.5541,0.5543
297532854.2,297545183.1,1698203820,0.5542,0.5535
297703270.3,297676079,1698203880,0.5536,0.5531
297874152,297868779,1698203940,0.553,0.553
297908503.2,297845603.4,1698204000,0.553,0.5526
297907398.2,297867676.5,1698204060,0.5525,0.5526
297834734.5,297851019.6,1698204120,0.5527,0.5527
297861469.9,297855783.5,1698204180,0.5526,0.5523
298069475.8,298071405.1,1698204240,0.5523,0.5518
297821422.6,297699867.1,1698204300,0.5518,0.552
297624383.5,297791650.9,1698204360,0.5521,0.5512
297814634.7,297982794.7,1698204420,0.5512,0.5513
298006645.1,298023090,1698204480,0.5513,0.5519
298022993.5,298055910.2,1698204540,0.5519,0.5521
298048732.1,298193384.7,1698204600,0.552,0.5522
298222866.9,298222866.9,1698204660,0.5522,0.5535
301147480.4,301105483.6,1698204720,0.5534,0.5534
301098377.7,301007018.8,1698204780,0.5534,0.5536
301020583.4,300960107.9,1698204840,0.5537,0.5538
300970636.6,300922347.3,1698204900,0.5538,0.5535
300941144.6,300804520.8,1698204960,0.5535,0.5531
300807447.8,300795807.8,1698205020,0.5531,0.5533
300738522.2,300724895,1698205080,0.5533,0.5531
300686161.6,300927711.2,1698205140,0.5531,0.5529
300947282.3,300885710.3,1698205200,0.5529,0.5537
301019786,301043078.5,1698205260,0.5536,0.5537
301058119.1,301068446.3,1698205320,0.5537,0.5537
301065317.8,301061116.7,1698205380,0.5537,0.5538
301059692.8,301312778.9,1698205440,0.5538,0.5537
301431666,301423128.1,1698205500,0.5537,0.5541
301432193.6,301426747.7,1698205560,0.5541,0.5536
301406160.4,302774146.2,1698205620,0.5536,0.5527
302524834.8,302512710.2,1698205680,0.5528,0.5529
302546643.5,302536221,1698205740,0.5528,0.5533
302552810.1,302558770.2,1698205800,0.5532,0.5531
302605497.4,302625971.9,1698205860,0.5531,0.5529
302677969.7,302663993.7,1698205920,0.5528,0.5522
302543145.1,302437811.3,1698205980,0.5523,0.5518
302423020.9,302412457.3,1698206040,0.5519,0.5525
302455276.1,302390236.8,1698206100,0.5525,0.5528
302372012.2,302425026.7,1698206160,0.5527,0.5529
302400478.1,302483525,1698206220,0.5529,0.5533
302664741.5,302659676.2,1698206280,0.5533,0.553
302649148.8,302590186.5,1698206340,0.553,0.5532
302570437.3,302778779.3,1698206400,0.5532,0.5538
302824069.1,302936172.1,1698206460,0.5538,0.5544
302822458.1,302846793.7,1698206520,0.5544,0.5543
302798941.7,302867426.2,1698206580,0.5543,0.554
302869211.2,302609982.3,1698206640,0.5541,0.5533
302537015.4,302510385,1698206700,0.5534,0.553
302477201.2,302453528.9,1698206760,0.5529,0.5526
302332136.8,302300462.5,1698206820,0.5526,0.5523
302220987.3,302344706.8,1698206880,0.5523,0.5527
302361709.3,302489552.3,1698206940,0.5527,0.5534
302503745.7,302479972,1698207000,0.5534,0.5537
302485246,302540624.2,1698207060,0.5537,0.554
302542878.4,302652904.3,1698207120,0.554,0.5539
302632951,302617105.4,1698207180,0.5539,0.5538
302660341.5,302679858.3,1698207240,0.5538,0.5538
302748222,302866364.7,1698207300,0.5537,0.5536
302808148.1,302795141.4,1698207360,0.5535,0.5537
302835702.3,302780303.6,1698207420,0.5538,0.5534
302725818.6,302695172.1,1698207480,0.5534,0.5535
302700728.5,302677027.5,1698207540,0.5535,0.5534
302664380.9,302673983.1,1698207600,0.5535,0.5532
302664416.7,302677078.9,1698207660,0.5532,0.553
302729425.8,302815870.6,1698207720,0.553,0.5542
302995424.2,303211567.9,1698207780,0.5542,0.5544
303053892.4,302982056.8,1698207840,0.5545,0.5545
302890874.8,302797889.1,1698207900,0.5545,0.554
302831203.6,302822188.1,1698207960,0.554,0.5541
302816927.4,302926476,1698208020,0.5541,0.5545
302942859.1,302755161.9,1698208080,0.5544,0.5548
302653578.6,302517348.8,1698208140,0.5548,0.5549
302507827.4,302494079.4,1698208200,0.5549,0.5549
302473592.9,302370188.8,1698208260,0.5549,0.5548
302379907.6,302338234.9,1698208320,0.5547,0.5547
302314262.6,302254512.3,1698208380,0.5547,0.5548
302248343.7,302195926.7,1698208440,0.5547,0.5551
302202537.1,302224579.3,1698208500,0.5551,0.5552
302165322.7,302183453.5,1698208560,0.5551,0.5552
302146300.1,302153678,1698208620,0.5552,0.5551
302194256.6,302148764,1698208680,0.555,0.5551
302165872.9,302225719.2,1698208740,0.5551,0.5554
302257105.3,302412223,1698208800,0.5554,0.5551
302385116,302355551,1698208860,0.555,0.5551
302354875,302349802.3,1698208920,0.555,0.5548
302331020.6,302332642.3,1698208980,0.5548,0.5547
302357793.9,302357432.1,1698209040,0.5548,0.5542
302327729.5,302385390.8,1698209100,0.5543,0.5548
302320923.7,302265049.1,1698209160,0.5549,0.5552
302272436.4,302411399.3,1698209220,0.5553,0.5553
302400334.3,302367979.8,1698209280,0.5553,0.5557
302405646.1,302449387.6,1698209340,0.5558,0.5558
302438107.7,302520378.5,1698209400,0.5557,0.5556
302524681.4,302728629.7,1698209460,0.5555,0.556
302798976.2,302800895.3,1698209520,0.556,0.5564
302781552.4,303088152.5,1698209580,0.5564,0.5565
303156553.9,303000885.4,1698209640,0.5566,0.5562
302939524.5,302947952.8,1698209700,0.5562,0.5567
302953843.6,302927827,1698209760,0.5568,0.5567
302861110.5,302724255.5,1698209820,0.5566,0.5569
302750939.6,302816804.8,1698209880,0.5569,0.5569
302860139.9,302899470.5,1698209940,0.557,0.557
302905688,302959330.7,1698210000,0.557,0.5567
302957509,305297071.2,1698210060,0.5567,0.5545
305017594.1,305040995,1698210120,0.5544,0.555
305264240,305414626.6,1698210180,0.555,0.5547
305524401.7,305479348.2,1698210240,0.5547,0.5544
305424578.7,305617921.4,1698210300,0.5545,0.5538
305462691.8,305430315.7,1698210360,0.5539,0.5542
305399699.8,305546906.8,1698210420,0.5542,0.5547
305603002.5,305578358.1,1698210480,0.5547,0.5544
305610057.9,305692409.1,1698210540,0.5545,0.5546
305686483.6,305673224.1,1698210600,0.5547,0.555
305550699.6,305755296.3,1698210660,0.5549,0.5547
305781056.7,305817194.5,1698210720,0.5547,0.5552
305843147.5,305880858.2,1698210780,0.5552,0.5552
305937448.3,305974834.2,1698210840,0.5552,0.5553
306052093.6,306030480.7,1698210900,0.5554,0.5551
306040892.9,305962255.1,1698210960,0.555,0.5532
306878202.3,306976569.8,1698211020,0.5531,0.5538
306942954,306799597.3,1698211080,0.5539,0.5537
306773671.6,306754682.2,1698211140,0.5537,0.553
306918500.1,306723926.3,1698211200,0.553,0.5523
306546154.2,306670632.9,1698211260,0.5523,0.553
306662350.8,306651149.3,1698211320,0.5529,0.5524
306655577.5,306681475.3,1698211380,0.5523,0.5526
306614878.8,306685879.4,1698211440,0.5526,0.5524
306633242.7,306642135.9,1698211500,0.5524,0.5521
306632432.4,306667217.7,1698211560,0.5522,0.5528
306679350.4,306680790.7,1698211620,0.5528,0.5523
306676637.9,306840044.4,1698211680,0.5522,0.5525
306825194.4,306903935.8,1698211740,0.5525,0.5524
306996612.2,307037840.8,1698211800,0.5524,0.5525
307233950.5,307518052,1698211860,0.5525,0.5527
307491855.2,307510882.3,1698211920,0.5527,0.552
307591996.2,307566962.9,1698211980,0.552,0.5526
307613093.9,307632608.8,1698212040,0.5526,0.5525
307788401,307863730.5,1698212100,0.5524,0.5527
307816391.9,307833651.8,1698212160,0.5527,0.5529
307805449.8,307874470.2,1698212220,0.5529,0.5525
307868810.7,307911855.8,1698212280,0.5524,0.5523
307850641.7,307741933.8,1698212340,0.5522,0.5522
307766597.1,307748537.1,1698212400,0.5521,0.5519
307846960.7,307810065.1,1698212460,0.5519,0.5514
307837780.8,307880216.9,1698212520,0.5513,0.551
307762950.6,307582097.2,1698212580,0.5509,0.5509
307994767.4,308159735,1698212640,0.551,0.5502
308348746.5,308314128.4,1698212700,0.5502,0.5505
308176166.1,308308050.6,1698212760,0.5506,0.5498
308189769.6,308229321.6,1698212820,0.5498,0.5491
308227342.6,308120887.1,1698212880,0.5491,0.5489
308195758.6,308293989.1,1698212940,0.5488,0.5494
308369884.2,308410964.3,1698213000,0.5494,0.5497
308259814.6,308302998.3,1698213060,0.5497,0.5499
308314328.1,308432835.6,1698213120,0.5498,0.5501
308486729.9,308594604.8,1698213180,0.5501,0.5503
308629020.2,308669913.9,1698213240,0.5502,0.55
308752755.9,308730566.9,1698213300,0.5499,0.55
308796042.9,308856517.7,1698213360,0.5499,0.5497
308845946.1,308878429.1,1698213420,0.5497,0.5495
308905376.1,308951493.4,1698213480,0.5495,0.5495
308914877,308905981.7,1698213540,0.5496,0.5492
308935038.7,308920876.8,1698213600,0.5493,0.5492
308859636.9,308840718.9,1698213660,0.5492,0.5498
308783290.9,308754401.7,1698213720,0.5498,0.5495
308733931.2,308952068.8,1698213780,0.5494,0.5496
309109880.9,309267490.1,1698213840,0.5496,0.5496
309302644,309319612.1,1698213900,0.5497,0.5503
309376161.8,309410807.3,1698213960,0.5502,0.5507
309351030.1,309161385.1,1698214020,0.5507,0.5506
309287860.4,309018496.3,1698214080,0.5506,0.5501
308997588.7,309002413.4,1698214140,0.5501,0.55
309002722.3,309072628,1698214200,0.5499,0.5505
309112961.1,308875979.3,1698214260,0.5504,0.5508
308621505.2,308336596.4,1698214320,0.5508,0.5507
308322573.6,308122566.4,1698214380,0.5507,0.5513
308116201.7,308010361.8,1698214440,0.5513,0.5513
308165942.8,308130110.2,1698214500,0.5513,0.5519
308266629.8,308577133.8,1698214560,0.5518,0.5521
308588075.3,308521057.3,1698214620,0.5521,0.5514
308594950.8,308702868.4,1698214680,0.5514,0.5517
308834027.4,308847846.3,1698214740,0.5516,0.5515
308912413.8,308966201.7,1698214800,0.5515,0.5512
308972951.7,308972700.3,1698214860,0.5512,0.5513
309081023.6,309157092.5,1698214920,0.5512,0.5515
309163127,309181586.4,1698214980,0.5516,0.5513
309102371.6,309061895.7,1698215040,0.5513,0.5512
309063360,309058088.5,1698215100,0.5513,0.5517
309060471.7,309069615.7,1698215160,0.5517,0.5518
309003258.6,309040065.8,1698215220,0.5518,0.5521
309006623,308969583.4,1698215280,0.5521,0.5523
308988541.1,308955940.4,1698215340,0.5523,0.5519
308925547.4,308915655.4,1698215400,0.5519,0.5517
308960750.5,308817112.8,1698215460,0.5517,0.551
308840243.7,308868920.9,1698215520,0.551,0.5508
308938704.6,309085089.3,1698215580,0.5508,0.5509
309012241.9,309172531.8,1698215640,0.5508,0.5507
309156982.6,309224199.1,1698215700,0.5507,0.5508
309214552.6,309237753.6,1698215760,0.5507,0.5508
309265065.8,309224603.4,1698215820,0.5508,0.5514
309192589.5,309195521.5,1698215880,0.5514,0.5511
309179415.5,309249686.6,1698215940,0.5511,0.5512
309268790.1,309215154,1698216000,0.5512,0.5516
309358681.3,309398064.1,1698216060,0.5517,0.5513
309468403.5,309565277.9,1698216120,0.5512,0.5507
309642581.7,309686620.1,1698216180,0.5507,0.5506
309708128.5,309697303.2,1698216240,0.5505,0.5508
309698091.9,309443745.3,1698216300,0.5508,0.5515
309464806.1,309477697.8,1698216360,0.5516,0.5511
309561106.1,309556056.2,1698216420,0.5512,0.5507
309563781,309521672.9,1698216480,0.5508,0.5511
309467481.9,309546763.5,1698216540,0.5511,0.5513
309528488.9,309370906.5,1698216600,0.5514,0.5509
309346864,309415488.7,1698216660,0.5508,0.5504
309473963.1,309482032.9,1698216720,0.5504,0.5501
309316155.7,309493941.5,1698216780,0.5502,0.55
309520872.7,309415437.2,1698216840,0.5499,0.5499
309424166.2,309374385.1,1698216900,0.5499,0.5502
309372819.9,309407844.3,1698216960,0.5502,0.55
309430757.9,309418759.9,1698217020,0.55,0.5504
309334350,309346103.9,1698217080,0.5505,0.5501
309289610.5,309270695.1,1698217140,0.5501,0.5503
309280995.8,309233281.4,1698217200,0.5502,0.5505
309269542.5,309293906.8,1698217260,0.5506,0.5504
309291721.6,309266585.8,1698217320,0.5505,0.5509
309336416.5,309274405.8,1698217380,0.5508,0.5517
309213662.3,309256802.5,1698217440,0.5516,0.551
309291009.4,309270737.7,1698217500,0.551,0.5511
308993370.4,308990545.1,1698217560,0.551,0.5516
309005984.8,309057886.5,1698217620,0.5516,0.5518
309018608.9,309112447.9,1698217680,0.5518,0.5518
309035595.6,309113795.3,1698217740,0.5519,0.552
309144554.4,309142769.7,1698217800,0.5519,0.5517
309119285.2,309101788.7,1698217860,0.5518,0.5514
309049700,309022780.1,1698217920,0.5514,0.5509
309250237.7,309178288.2,1698217980,0.5509,0.5503
309162242.6,309143474.7,1698218040,0.5503,0.5504
309169689.8,309204138.5,1698218100,0.5503,0.5502
309270611.1,309442458.5,1698218160,0.5501,0.5501
309412507,309362541.9,1698218220,0.5501,0.55
309324494.3,309311285,1698218280,0.5501,0.5514
309330807.8,309325790.3,1698218340,0.5514,0.5512
309290398.9,309343402.3,1698218400,0.5511,0.5502
309324970.8,309280090,1698218460,0.5502,0.5498
309384142.3,308935339,1698218520,0.5497,0.5482
308961817,308720181.7,1698218580,0.5481,0.5484
308797007.7,308752986,1698218640,0.5484,0.5488
308776127,308901698.5,1698218700,0.5488,0.5485
308917767.3,308664591.2,1698218760,0.5485,0.5476
308199293.7,308054007.1,1698218820,0.5477,0.5466
307196056.3,307466268.7,1698218880,0.5467,0.5466
307458057,307473250,1698218940,0.5467,0.5453
307921611.5,307962954.6,1698219000,0.5453,0.5468
307817625.3,307759212.1,1698219060,0.5468,0.5464
307861353.1,307835846.4,1698219120,0.5464,0.5469
307834978.3,307795562.3,1698219180,0.5469,0.5465
307798123.7,307421178.2,1698219240,0.5465,0.546
307354865.8,307151653.2,1698219300,0.5459,0.5454
307133873.3,307091164.3,1698219360,0.5454,0.5457
307258874.4,307259238.5,1698219420,0.5458,0.5456
307413870.9,307117391.8,1698219480,0.5456,0.5446
306955970.7,306942997.5,1698219540,0.5447,0.5448
307041615.3,307093707.8,1698219600,0.5447,0.5458
307124944.4,307008826,1698219660,0.5459,0.5452
306938283.3,306952294.2,1698219720,0.5452,0.5448
306944284,307030180.7,1698219780,0.5449,0.5441
306939033.6,307167876.9,1698219840,0.544,0.5442
306985735.4,306989134.9,1698219900,0.5442,0.5436
306890528.5,306887475.2,1698219960,0.5436,0.5407
306414102,306260705.7,1698220020,0.5407,0.5407
306316923.5,306314737,1698220080,0.5407,0.5407
306294968.7,306262192.3,1698220140,0.5407,0.5426
306184196.8,306362542.2,1698220200,0.5426,0.5426
306230268.1,306164850.2,1698220260,0.5427,0.5425
306183357.4,306108617.7,1698220320,0.5426,0.5429
306085952.7,305986535.2,1698220380,0.543,0.5439
305756616.4,305816269.2,1698220440,0.5439,0.5438
305804434.4,306184551.7,1698220500,0.5438,0.5441
306173133.9,306139041.8,1698220560,0.544,0.5439
306153519.8,306182670,1698220620,0.5438,0.5439
306305062.5,306308767.4,1698220680,0.5438,0.544
306336070.1,306430045.3,1698220740,0.5439,0.5439
306209231.3,306238129.2,1698220800,0.544,0.5445
306302307.1,306344602.2,1698220860,0.5445,0.5442
306400991.8,306356909.9,1698220920,0.5443,0.5435
306177772.3,306269146.7,1698220980,0.5436,0.5423
306270740.1,306211743.2,1698221040,0.5424,0.5424
306237527.4,306318400.6,1698221100,0.5425,0.5422
306539073,306579469.8,1698221160,0.5422,0.5417
306638529.4,306611468.8,1698221220,0.5417,0.5412
306442853.2,306454261.9,1698221280,0.5411,0.5416
306671400,306643659.3,1698221340,0.5415,0.5418
307138775.6,307202147.6,1698221400,0.5417,0.5423
307216373.4,307239976.9,1698221460,0.5422,0.5423
307274087.1,307429871.1,1698221520,0.5423,0.5431
307473171.1,307491712.6,1698221580,0.543,0.5419
307818780.9,307821786.2,1698221640,0.5418,0.5437
307402664.8,306743111.7,1698221700,0.5438,0.5446
307040106.7,307014605.6,1698221760,0.5447,0.5445
307084741.1,307004030.4,1698221820,0.5446,0.5444
306855369.9,306617840.4,1698221880,0.5445,0.5446
306600714.8,306543695.1,1698221940,0.5446,0.5451
306460160.3,306578038,1698222000,0.545,0.5447
306551042.2,306394637.4,1698222060,0.5448,0.5447
306157315,306101706.8,1698222120,0.5448,0.5445
306084785.8,306073862.2,1698222180,0.5445,0.545
306128415.1,306075605.2,1698222240,0.5451,0.5448
306116638.4,305888614.6,1698222300,0.5448,0.545
305915732.7,305834641,1698222360,0.545,0.5447
305753180.7,305716473.3,1698222420,0.5447,0.5446
305709614.3,305683188,1698222480,0.5446,0.5451
305677910,305682024.4,1698222540,0.545,0.5453
305664654.9,305675543.8,1698222600,0.5453,0.5456
305689655.1,305766618.7,1698222660,0.5456,0.5453
305778569.2,305738579.6,1698222720,0.5454,0.5458
305719888.1,305595186.2,1698222780,0.5458,0.5457
305600304.6,305655454.6,1698222840,0.5457,0.5462
305667145.1,305835917.4,1698222900,0.5461,0.5464
305822970.6,306082873.6,1698222960,0.5463,0.5464
306182087.3,306213142.3,1698223020,0.5464,0.5465
306178576,306082257,1698223080,0.5465,0.5468
306169095.3,306174400,1698223140,0.5467,0.5465
306164746.9,306203785.2,1698223200,0.5464,0.5461
306268441.4,306219794.3,1698223260,0.5462,0.5465
306250826.1,306282157.7,1698223320,0.5465,0.5468
306249036.2,306244145.7,1698223380,0.5468,0.5469
306307130.3,306307941.1,1698223440,0.5468,0.5468
306350995.1,306272095.4,1698223500,0.5467,0.5463
306260869.1,306245394.9,1698223560,0.5463,0.5468
306205935.6,306379804.3,1698223620,0.5468,0.5464
306367270,306484618.5,1698223680,0.5463,0.547
306527818.7,306626771,1698223740,0.547,0.5468
306604061.2,306594117.5,1698223800,0.5469,0.5469
306590941.4,306617104.4,1698223860,0.547,0.5463
306627939,306641440.3,1698223920,0.5464,0.5463
307168204.2,307073380.2,1698223980,0.5464,0.5456
307078599.1,306951137.4,1698224040,0.5456,0.5454
306709728.8,306737734.3,1698224100,0.5454,0.546
306744048.7,306784833.7,1698224160,0.546,0.5463
306834967.6,306865505.1,1698224220,0.5462,0.5459
306883865.3,306879293.5,1698224280,0.5458,0.5463
306882197.3,306884001,1698224340,0.5464,0.5466
306472616.1,306418352,1698224400,0.5465,0.5457
306376825.1,306349426.6,1698224460,0.5457,0.5462
306405350.4,306673663.1,1698224520,0.5461,0.5461
306671671.6,306705599.4,1698224580,0.5461,0.5465
306756193.8,306877617.4,1698224640,0.5464,0.5467
306826465.9,306610032.9,1698224700,0.5466,0.5464
306534432.3,306586407.8,1698224760,0.5465,0.5468
306530671.3,306598468.6,1698224820,0.5468,0.547
306595038.7,306564056.9,1698224880,0.5471,0.5474
306543958.7,306596943.6,1698224940,0.5475,0.5476
306580680.9,306558557.5,1698225000,0.5476,0.5477
306581381.8,306471632.5,1698225060,0.5477,0.548
306512182.1,306656625.6,1698225120,0.548,0.5478
306951842.7,307532412.3,1698225180,0.5477,0.548
307430890.9,307430890.9,1698225240,0.5481,0.5482
307433302.7,307423228.5,1698225300,0.5482,0.549
307291173,307564553.6,1698225360,0.5491,0.549
307463381.7,307653113.8,1698225420,0.549,0.5484
307739659.6,307590896.6,1698225480,0.5485,0.5483
307642650.7,307642650.7,1698225540,0.5484,0.5483
307607122.1,307640090.9,1698225600,0.5483,0.548
307696602.4,307672015.6,1698225660,0.548,0.5478
307687118.8,307587709.2,1698225720,0.5478,0.5478
307579531.5,307710375.2,1698225780,0.5479,0.5479
307707239.1,307880172.9,1698225840,0.5478,0.548
307974951.2,307955430.3,1698225900,0.5479,0.5486
307968395.2,308005990,1698225960,0.5486,0.5489
308053976.7,308153564.9,1698226020,0.5488,0.5489
308146641.5,308161227.8,1698226080,0.549,0.5493
307993889,307638309.4,1698226140,0.5493,0.5499
307629999.3,307809109.5,1698226200,0.5499,0.5494
307790891.7,307371766.1,1698226260,0.5494,0.5505
307316421.7,307360232.5,1698226320,0.5504,0.5502
307578752.7,307599006.5,1698226380,0.5503,0.5505
307678830.6,307580524.3,1698226440,0.5505,0.5502
307601309.7,307663068.1,1698226500,0.5501,0.5506
307694354.2,307689170,1698226560,0.5507,0.5508
307713591.7,307764663.5,1698226620,0.5508,0.5504
307782612.6,307735425.5,1698226680,0.5504,0.5504
307759891.4,307868487,1698226740,0.5504,0.55
307772123.4,307882927.3,1698226800,0.5499,0.5501
307818718.5,307674744.6,1698226860,0.55,0.5498
307680550.8,307649647.1,1698226920,0.5497,0.5499
307625311.1,307613716.6,1698226980,0.5498,0.5499
307574612.3,307690518.6,1698227040,0.55,0.5502
307684913,307647177.4,1698227100,0.5501,0.5495
307663562,307767173.3,1698227160,0.5495,0.5494
307753225.5,307847570.6,1698227220,0.5493,0.5496
307889248.4,307985768.4,1698227280,0.5496,0.5496
308162129.3,308050437.2,1698227340,0.5495,0.5491
308037701.7,307985553.2,1698227400,0.549,0.5494
308022110.6,308192744,1698227460,0.5493,0.5491
308189089.2,308157290.8,1698227520,0.5492,0.5491
308177643.3,308133203.8,1698227580,0.549,0.5491
308127780.5,308063086,1698227640,0.5491,0.5489
308142509.8,308158695.2,1698227700,0.549,0.5488
308155998.1,308116938.3,1698227760,0.5488,0.5484
307709626.7,307811069.3,1698227820,0.5485,0.5484
307794741.5,307805531.1,1698227880,0.5485,0.5483
307919317.7,308001409.4,1698227940,0.5483,0.5485
308026005.5,308007088.3,1698228000,0.5485,0.5484
307966407.2,307999703.7,1698228060,0.5484,0.5483
308030477.5,308068754.6,1698228120,0.5484,0.5481
308053980.4,307917785.6,1698228180,0.5482,0.5481
307862646.6,307851715.1,1698228240,0.5481,0.5484
307926257.1,307941371.5,1698228300,0.5483,0.5483
308003501.3,308006968.3,1698228360,0.5483,0.5482
308020301.9,307972018.1,1698228420,0.5482,0.5481
307969706.4,307956139,1698228480,0.5481,0.5489
308033640.2,307942536,1698228540,0.5489,0.5486
307843678.2,307860351.4,1698228600,0.5487,0.5487
308002296.5,308166318.3,1698228660,0.5487,0.5496
308170805.2,308182490.8,1698228720,0.5496,0.5495
308126162.8,308202672.4,1698228780,0.5495,0.5495
308258447.4,308273015.8,1698228840,0.5496,0.5497
308297417.8,308328661.4,1698228900,0.5498,0.5497
308354964.1,308347987,1698228960,0.5497,0.55
308307107.7,308272946.4,1698229020,0.5499,0.5499
308259018.3,308360563.7,1698229080,0.5499,0.5497
308334739.1,308321056.9,1698229140,0.5496,0.55
308490461.7,308427993.9,1698229200,0.55,0.5501
308414919.9,308394050.7,1698229260,0.5502,0.5502
308414256.8,308551189.1,1698229320,0.5501,0.5498
308474402.4,308570239.4,1698229380,0.5499,0.5496
308751277.6,308727271,1698229440,0.5496,0.5501
308712244.1,308676878,1698229500,0.5501,0.5502
308706311,308719800,1698229560,0.5502,0.5503
308853262.1,308855022.7,1698229620,0.5504,0.5503
308860439.2,308922226.8,1698229680,0.5503,0.5502
308856701.8,308841090.2,1698229740,0.5502,0.5507
308795458.2,308765771.7,1698229800,0.5507,0.5509
308848396.5,308960198,1698229860,0.5509,0.5508
308867615.5,308822414.9,1698229920,0.5508,0.551
308744741,308785510.1,1698229980,0.551,0.5514
308691957.8,308698078.3,1698230040,0.5515,0.5512
308710268.2,308744565,1698230100,0.5512,0.5513
308762721.7,308791332.8,1698230160,0.5512,0.5515
308825485.5,308862935.1,1698230220,0.5516,0.5515
308957319.6,308958450.5,1698230280,0.5515,0.5517
308953465.5,309046757,1698230340,0.5516,0.5516
309061221.1,309016884,1698230400,0.5516,0.5517
309017321.5,309050317.3,1698230460,0.5516,0.5519
309050867,308989434.4,1698230520,0.5519,0.5518
308989434.4,308935862,1698230580,0.5519,0.5522
308960550.2,309089907.4,1698230640,0.5522,0.5523
309182089,309180973.8,1698230700,0.5523,0.5525
309294417.8,309359976.5,1698230760,0.5525,0.5522
309350130.8,309258397.8,1698230820,0.5523,0.5525
309323721.4,309310781.4,1698230880,0.5524,0.5526
309278248.9,309276096.7,1698230940,0.5526,0.5529
309252929,309286976.9,1698231000,0.5529,0.5527
309309275.3,309284921.1,1698231060,0.5527,0.5528
309331387.2,309353126.5,1698231120,0.5528,0.5528
309363652.9,309408070.9,1698231180,0.5528,0.5528
309411761.9,309394443.4,1698231240,0.5527,0.5529
309389744.2,309258462.5,1698231300,0.5528,0.5533
309287168.8,309101112.5,1698231360,0.5534,0.5538
309064263.4,309093239.8,1698231420,0.5538,0.5538
309128505.8,308813244.3,1698231480,0.5539,0.5527
308644042.6,308680335.1,1698231540,0.5527,0.5531
308604125.2,308544277.5,1698231600,0.5532,0.5529
308551958.3,308470485.2,1698231660,0.5529,0.5521
308209682.2,307966171.7,1698231720,0.5521,0.5526
307980229,308114113.2,1698231780,0.5526,0.552
308072276.8,308150646.5,1698231840,0.552,0.5523
308180145.2,308132329.2,1698231900,0.5524,0.552
308201549.3,308160135.6,1698231960,0.552,0.5526
308121570.6,308082642.7,1698232020,0.5525,0.5526
308038326.4,308028107.6,1698232080,0.5526,0.5529
308191930.4,308429548.1,1698232140,0.5529,0.5535
308435516.2,308422473.8,1698232200,0.5535,0.5527
308409440.3,308324780.9,1698232260,0.5526,0.5524
308306483.9,308171038.4,1698232320,0.5524,0.5528
308162732.3,308234951.4,1698232380,0.5528,0.5529
308227979.2,308160140.6,1698232440,0.5529,0.5528
308136486.8,308296233,1698232500,0.5528,0.5528
308198098.7,308154694.4,1698232560,0.5528,0.5531
308191135.2,308221421.6,1698232620,0.553,0.5537
308231060.5,308107398.4,1698232680,0.5537,0.5526
308053597.2,307929258.2,1698232740,0.5525,0.5519
307964931.9,307845631.4,1698232800,0.552,0.5519
307892730.3,308036435.1,1698232860,0.5518,0.5525
308102637.1,308064299.5,1698232920,0.5526,0.5528
308091859,308030894.7,1698232980,0.5528,0.5522
308051120,308006589.3,1698233040,0.5521,0.5523
307990514,307979626.8,1698233100,0.5523,0.5527
308000433.2,308034539.5,1698233160,0.5526,0.553
308024890.5,307992993.4,1698233220,0.5529,0.5527
307987612.5,308002818.7,1698233280,0.5527,0.5522
307975213.1,307940695.4,1698233340,0.5522,0.5521
307904545,307923185.4,1698233400,0.5521,0.5515
307905336.9,307851527.9,1698233460,0.5515,0.5517
307790408.3,307828605.3,1698233520,0.5516,0.552
307735549.6,307668466.1,1698233580,0.5519,0.5516
307737865.5,307745918,1698233640,0.5515,0.5514
307819239.3,307651183.9,1698233700,0.5514,0.5514
307732476.3,307856389.3,1698233760,0.5514,0.5521
307693791.7,307707124.7,1698233820,0.5522,0.5514
307737438.7,307717467.7,1698233880,0.5514,0.5515
307696904,307694289.6,1698233940,0.5514,0.5513
307692339,306974866,1698234000,0.5514,0.5508
306636109,308308959.1,1698234060,0.5508,0.5506
308147698.8,308077954.5,1698234120,0.5506,0.551
308083115.1,308025325.7,1698234180,0.551,0.5508
307776984.3,307771741.7,1698234240,0.5507,0.5508
307637127.2,308335687.3,1698234300,0.5508,0.5501
308238625.8,308200172,1698234360,0.5501,0.5506
308229634.7,308278184.2,1698234420,0.5505,0.5508
308494053.5,308462636.4,1698234480,0.5507,0.5506
308519862.2,308525325.7,1698234540,0.5506,0.5505
308552635.2,308614128.4,1698234600,0.5504,0.5504
308618566.4,308737627.5,1698234660,0.5503,0.5506
308754276.9,308799390.9,1698234720,0.5506,0.5507
308808616,308830053.6,1698234780,0.5506,0.5514
308859601,308928294,1698234840,0.5513,0.551
308907569.9,308993605,1698234900,0.551,0.5512
308981975.5,308989749.6,1698234960,0.5513,0.5514
309112255.1,309278855.3,1698235020,0.5515,0.5514
309360243.7,309328618.9,1698235080,0.5515,0.5517
309347078.2,309259977.3,1698235140,0.5516,0.5518
309368956.2,309368956.2,1698235200,0.5518,0.5526
309496157.7,309481739.8,1698235260,0.5524,0.5528
309533385.5,309554519.4,1698235320,0.5527,0.5523
309519348.8,309200027.9,1698235380,0.5523,0.5528
309421906.2,309489336.7,1698235440,0.5527,0.5532
309402925.5,309476418.7,1698235500,0.5531,0.5525
309157815.1,309159357.9,1698235560,0.5526,0.5528
309207617.9,309200441.4,1698235620,0.5528,0.5531
309254635.7,309255391.7,1698235680,0.553,0.5526
309362971,309497139.2,1698235740,0.5526,0.5523
309484295,309491717.5,1698235800,0.5523,0.552
309526824,309476738.7,1698235860,0.552,0.552
309455128.6,309489379.4,1698235920,0.552,0.5522
309514565.1,309521988.1,1698235980,0.5522,0.5524
309661106.5,309675351.5,1698236040,0.5524,0.5532
309635001.6,309776297.1,1698236100,0.5532,0.5535
309758544.5,309780966.3,1698236160,0.5535,0.5533
309809398.7,309660145.1,1698236220,0.5532,0.5526
309573358.9,309574086.3,1698236280,0.5526,0.552
309095244.8,309093405.3,1698236340,0.552,0.5524
309116352.8,309101342.6,1698236400,0.5524,0.5521
309052077.6,309152221,1698236460,0.5521,0.5521
309241401,309167497.7,1698236520,0.552,0.5524
309131047.4,309071298.9,1698236580,0.5524,0.5522
309093688.4,308981321.7,1698236640,0.5522,0.5526
309017385.2,309064666.4,1698236700,0.5525,0.5527
308899907,308843644.9,1698236760,0.5527,0.5528
309045343.2,309046944.4,1698236820,0.5529,0.5524
309067718.4,309050720.6,1698236880,0.5524,0.552
309444572.7,309425810,1698236940,0.552,0.5522
309315328,309344525.1,1698237000,0.5523,0.5528
309427735.2,309405489.9,1698237060,0.5528,0.5533
309337585,309488970.8,1698237120,0.5533,0.5527
309575103.5,309570493.3,1698237180,0.5528,0.5524
309470334,309488052.3,1698237240,0.5525,0.5525
309454713.6,309435833.3,1698237300,0.5524,0.5522
309504762.2,309445866.4,1698237360,0.5522,0.5517
309454735.2,309428919.2,1698237420,0.5517,0.552
309428808.9,309409131.1,1698237480,0.5519,0.5519
309410345.6,309289660.8,1698237540,0.5519,0.552
309297344.1,309174526.4,1698237600,0.552,0.5515
309101172.4,309091681.1,1698237660,0.5515,0.5518
309060487.5,309109341.6,1698237720,0.5518,0.5519
309095218.6,309158499.9,1698237780,0.5519,0.5518
309138035.6,309185723.8,1698237840,0.5518,0.5516
309185022.1,309182553.8,1698237900,0.5515,0.5514
309010990.2,309348052,1698237960,0.5514,0.5515
309318848.3,309336905.6,1698238020,0.5515,0.5516
309330656.7,309363304.6,1698238080,0.5516,0.5516
309445396.1,309603822.4,1698238140,0.5517,0.5517
309674986.2,309630704,1698238200,0.5517,0.5514
309652466.8,309677559.3,1698238260,0.5514,0.552
309650690.5,309712222.1,1698238320,0.5519,0.552
309687000.1,309692445.4,1698238380,0.5519,0.5528
309763016.8,309854379.3,1698238440,0.5529,0.553
309850233,309803420.9,1698238500,0.5531,0.5532
309817655.6,309847318.4,1698238560,0.5533,0.5536
309856059.7,309793888.5,1698238620,0.5537,0.5534
309773560.7,309795395.3,1698238680,0.5535,0.5536
309758191.8,309733771.9,1698238740,0.5535,0.5533
309739605.6,309826891.3,1698238800,0.5533,0.5535
309359574.9,309368041.1,1698238860,0.5535,0.5532
309355337.4,309355337.4,1698238920,0.5531,0.553
309325469.7,309303164.4,1698238980,0.5529,0.5527
309292446.9,309242744.3,1698239040,0.5527,0.5522
309089978.5,309082787.9,1698239100,0.5522,0.5524
309097695.5,309232225.4,1698239160,0.5523,0.5523
309264792.3,309154165.2,1698239220,0.5524,0.5523
309142119.7,309087166.8,1698239280,0.5523,0.5524
308980097.8,308499638.7,1698239340,0.5532,0.5531
308490848.2,308532574.4,1698239400,0.553,0.553
308589067.8,308554453.6,1698239460,0.553,0.5527
308594717.9,308603989.5,1698239520,0.5528,0.5535
308630670,308774340.2,1698239580,0.5535,0.5536
308802086.4,309205589.9,1698239640,0.5538,0.5539
309412813,309163664.2,1698239700,0.554,0.5536
309780419.9,309749967.4,1698239760,0.5536,0.5533
309778884.6,309763829,1698239820,0.5534,0.5531
309638537.4,309732491.4,1698239880,0.553,0.5538
309738459.5,309774412.6,1698239940,0.5538,0.5538
309753591.3,309749387.9,1698240000,0.5538,0.5538
309789929.9,309838835.4,1698240060,0.554,0.5538
309718380.3,309783671,1698240120,0.5538,0.554
309942954,309789184.2,1698240180,0.5539,0.5547
309995515.6,310005365.9,1698240240,0.5547,0.5541
309922053.1,309922053.1,1698240300,0.5542,0.5542
309424791.8,309420586.9,1698240360,0.5543,0.5541
309402566,309402566,1698240420,0.5541,0.5539
309656042.2,309561469.8,1698240780,0.5531,0.5529
309495017.2,309430619.8,1698240840,0.5529,0.5529
309373891.5,309373428.9,1698240900,0.5529,0.5523
309413207,309523168.4,1698240960,0.5523,0.5522
309562263,309581776.1,1698241020,0.5521,0.5523
309648055.7,309686266.7,1698241080,0.5522,0.5526
309707995.9,309852941.8,1698241140,0.5526,0.5527
309909740.7,309903326.6,1698241200,0.5526,0.552
309801117.9,309472494.7,1698241260,0.5521,0.5509
308994292,309128597.9,1698241320,0.5509,0.5512
309112145.7,309078342.4,1698241380,0.5512,0.5511
309013745,308893402.3,1698241440,0.551,0.5508
309306608.9,309211483.6,1698241500,0.5507,0.5514
309217039,309267358.1,1698241560,0.5514,0.5519
309387144.8,309419627.2,1698241620,0.5518,0.552
309406103.6,309407008.8,1698241680,0.552,0.5518
309373395.3,308982458.8,1698241740,0.5518,0.5514
308872249.2,308890846.3,1698241800,0.5515,0.5515
308697895,308564339.5,1698241860,0.5516,0.5517
308804284.7,308918081.2,1698241920,0.5518,0.5518
308800047.3,308801706.7,1698241980,0.5518,0.5518
308742221.5,309070311.2,1698242040,0.5518,0.5518
309100064.6,309081107.5,1698242100,0.5518,0.553
309413733.9,309446199.8,1698242160,0.553,0.5532
309461592.7,309602782.2,1698242220,0.5531,0.5529
309594302.9,309594302.9,1698242280,0.5529,0.5531
309537160.3,309499063.5,1698242340,0.5532,0.5532
309525901.9,309385912.1,1698242400,0.5531,0.5528
309379093.4,309468441,1698242460,0.5528,0.5529
309623463.5,309596928.8,1698242520,0.553,0.5532
309624417.6,310401965.4,1698242580,0.5532,0.5531
310392446.3,310392446.3,1698242640,0.5531,0.5537
310402259.3,310452019.5,1698242700,0.5537,0.5535
310445513.5,310462487.8,1698242760,0.5534,0.5532
310897043.9,310897043.9,1698242820,0.5532,0.5532
310257380.3,310328556.4,1698242880,0.5532,0.5534
310324463.3,310202388.8,1698242940,0.5535,0.5533
310087920.9,310126694.1,1698243000,0.554,0.5538
310158688.6,310175146,1698243060,0.5538,0.5532
310167641.8,310053221.4,1698243120,0.5531,0.5528
310086525.4,310199238.7,1698243180,0.5529,0.5533
310154117.6,310237853.7,1698243240,0.5534,0.5536
310331805.8,310375019.5,1698243300,0.5535,0.5537
309982416.7,309474880.5,1698243360,0.5537,0.5529
309528162.9,309578497,1698243420,0.5529,0.553
309590073.2,309528921.4,1698243480,0.5531,0.5528
309639736.4,309629872.5,1698243540,0.5528,0.5525
309518870,309403420.4,1698243600,0.5526,0.5533
309409585.6,309085458.9,1698243660,0.5533,0.554
309073626.4,309278890.9,1698243720,0.554,0.554
309378548.1,309404595.1,1698243780,0.5541,0.5539
309362653.3,309168490.7,1698243840,0.5539,0.5537
309880418.6,310482676.3,1698243900,0.5537,0.5542
310518091.7,310491717.1,1698243960,0.5541,0.5541
310457944.2,310460639.3,1698244020,0.5541,0.5541
310410409,310418213.7,1698244080,0.554,0.554
310470182.6,310473192,1698244140,0.554,0.5542
310443543.5,310378944.8,1698244200,0.5542,0.5542
310391161.5,310296037,1698244260,0.5541,0.5543
310313832.8,310378976.9,1698244320,0.5544,0.5547
310376497.7,310237219,1698244380,0.5547,0.5553
310291524.1,309649659.7,1698244440,0.5553,0.5556
309656718.5,309639523.3,1698244500,0.5557,0.5564
309740355.7,309678872,1698244560,0.5563,0.5551
309531511.8,309716854.2,1698244620,0.5551,0.5552
309402516,309380268.4,1698244680,0.5553,0.555
309301421.6,309228395.7,1698244740,0.5549,0.5555
309475880,309469254.5,1698244800,0.5554,0.5556
309499788.2,309497690.8,1698244860,0.5556,0.5563
309577203.8,309587450.2,1698244920,0.5562,0.5561
309613167.4,309634671,1698244980,0.556,0.5563
309686814.9,309709256.1,1698245040,0.5563,0.5558
309752354.1,309688645.8,1698245100,0.5558,0.5556
309681580.6,309666076.1,1698245160,0.5556,0.5563
309638350,309683827.2,1698245220,0.5562,0.5563
309724322.6,309846428.4,1698245280,0.5563,0.5567
309863397.4,309934422.8,1698245340,0.5567,0.5566
309936871.8,309937583.1,1698245400,0.5566,0.5562
309922941.3,310295199,1698245460,0.5563,0.5557
310329500.3,310309101.4,1698245520,0.5557,0.5559
310315344.9,310284083.5,1698245580,0.5559,0.5566
310268282.1,310608723.5,1698245640,0.5566,0.5568
310680619.2,310629231.8,1698245700,0.5567,0.5571
310805458.8,310953990.8,1698245760,0.557,0.5573
310901297.7,310883985.8,1698245820,0.5573,0.5573
310999084.7,311005956.7,1698245880,0.5573,0.5582
310979469.1,310979469.1,1698245940,0.5582,0.5581
311065953.8,311330954.5,1698246000,0.5581,0.5585
311347825.6,310892663.5,1698246060,0.5585,0.5569
310559592.8,310517030.6,1698246120,0.5569,0.5576
310607730.2,310751303.6,1698246180,0.5575,0.5579
310887289.2,310874341.7,1698246240,0.5579,0.5576
310802874.1,310787652.3,1698246300,0.5575,0.5575
310559825.2,310594191.9,1698246360,0.5575,0.5582
310620165.5,310695928.5,1698246420,0.5582,0.5584
311052061.2,311008250.3,1698246480,0.5584,0.5578
311006160.5,310926873.8,1698246540,0.5579,0.5581
311017000.7,311129187.5,1698246600,0.5582,0.5575
311076359.8,310743276.6,1698246660,0.5575,0.5565
310403669.5,310417625.4,1698246720,0.5566,0.5567
310509624,310482816.7,1698246780,0.5567,0.5559
310348532.4,310320713.8,1698246840,0.5558,0.5565
310351424.6,311384433.9,1698246900,0.5565,0.5555
311395310.7,311244891.2,1698246960,0.5556,0.5558
311408915.7,311510475,1698247020,0.5559,0.5557
311387131.6,311387416.3,1698247080,0.5558,0.5558
311377594.5,311353326.2,1698247140,0.5557,0.5563
311350712,311350712,1698247200,0.5562,0.5569
311323705.6,311445119.7,1698247260,0.5569,0.5566
311611000.4,311454945,1698247320,0.5566,0.5553
311504998.5,311433008,1698247380,0.5554,0.5555
311376176.4,311527499.8,1698247440,0.5555,0.5562
311537215.8,311626865.1,1698247500,0.5562,0.5562
311591848.7,311631831.6,1698247560,0.5563,0.5565
311664577.6,311698093.4,1698247620,0.5564,0.5567
311638460.3,311603865.6,1698247680,0.5568,0.5571
311573010.6,311516554,1698247740,0.5571,0.5572
311478348.2,311503825.1,1698247800,0.5572,0.5579
311631779.6,311707255.6,1698247860,0.5578,0.5584
311779408.9,311769596.2,1698247920,0.5583,0.5584
311821027.6,311907521.4,1698247980,0.5585,0.5598
311872705.8,311786752.7,1698248040,0.5598,0.5596
311673125.9,311613251.6,1698248100,0.5596,0.5589
311601312.6,311397762.2,1698248160,0.5589,0.5591
311389275.7,311453437.9,1698248220,0.5592,0.5589
311493899.4,311060391.7,1698248280,0.5589,0.559
311060391.7,311001633.7,1698248340,0.559,0.5592
311086814.8,311043380.6,1698248400,0.5591,0.5589
310931618.9,310838482.3,1698248460,0.5589,0.5579
310860232.4,310526667.9,1698248520,0.5579,0.5579
310593468.6,310674192.9,1698248580,0.5578,0.5581
311108653.5,311007466.2,1698248640,0.5581,0.5587
311087264.2,310964182.3,1698248700,0.5587,0.5595
311029562.1,311371302.3,1698248760,0.5595,0.5594
311530960.8,311544294.4,1698248820,0.5593,0.5599
311547521.4,311680277.4,1698248880,0.5599,0.5602
311773261.9,311862587.2,1698248940,0.5602,0.5608
312005598.8,312640458.7,1698249000,0.5608,0.5605
312575862,312787809.6,1698249060,0.5606,0.5599
312698597,312843169.1,1698249120,0.5599,0.5606
312849333.8,312845322.3,1698249180,0.5607,0.5603
312930668,312863538.3,1698249240,0.5602,0.5604
312901838.3,312879410.6,1698249300,0.5603,0.5598
312830899.6,312443268,1698249360,0.5598,0.5589
312346313.2,312346313.2,1698249420,0.5589,0.5589
312469143.6,312476470.6,1698249480,0.559,0.5593
312505706,312615654.6,1698249540,0.5593,0.5585
312492610.4,312492610.4,1698249600,0.5585,0.5579
312308484.6,312394573.1,1698249660,0.558,0.5592
312675450.5,312766317.3,1698249720,0.5593,0.5589
312800640.4,312884170.7,1698249780,0.5589,0.5589
312685234.2,312687943.3,1698249840,0.5589,0.5587
312681317.4,312842629.5,1698249900,0.5587,0.5588
312804808.1,312718450.2,1698249960,0.5588,0.5581
312629516.1,312446587.8,1698250020,0.5581,0.5581
312379231.6,312437086,1698250080,0.5581,0.5578
312302291.8,312267461.6,1698250140,0.5579,0.5587
312238079.4,312251990.7,1698250200,0.5587,0.5595
312263579,312299701.7,1698250260,0.5595,0.5593
312269040.1,312284247.4,1698250320,0.5593,0.5593
312311998.8,312222104.2,1698250380,0.5592,0.5598
312429558.8,312382686.9,1698250440,0.5597,0.5604
312306700.3,312182068.4,1698250500,0.5604,0.5602
312180643.4,312234429.6,1698250560,0.5603,0.5609
312618172.4,312747657.1,1698250620,0.5609,0.5593
312437156.7,312069743.3,1698250680,0.5593,0.5577
312027166.6,311774372.5,1698250740,0.5577,0.5573
311672772.5,311383611.9,1698250800,0.5573,0.558
311490224,311408786.7,1698250860,0.558,0.5571
311149767,311031286.1,1698250920,0.5571,0.5559
311092248.6,310759573.3,1698250980,0.5558,0.556
310772737.5,310512606.7,1698251040,0.556,0.5559
310438662.3,310354104.1,1698251100,0.5559,0.556
310218720.9,310043223.7,1698251160,0.556,0.5548
309667617.7,309596941.2,1698251220,0.5548,0.5546
309578721,309548975.6,1698251280,0.5547,0.5538
309493191.8,309240445.7,1698251340,0.5539,0.553
308836487.7,308535931.5,1698251400,0.553,0.5542
308429044.1,308717721.9,1698251460,0.5542,0.5548
308835701,308953075.9,1698251520,0.5548,0.5551
309130126.8,308646958,1698251580,0.5552,0.5542
308760494.3,308716789.6,1698251640,0.5542,0.5549
308772707.4,308882460.7,1698251700,0.555,0.5539
308821292.4,308821292.4,1698251760,0.554,0.5549
308905360.8,309006880.4,1698251820,0.555,0.5545
308890707.9,308695457.7,1698251880,0.5545,0.5548
308442245.6,308393534.9,1698251940,0.5548,0.5531
307437512.4,307433694.2,1698252000,0.5532,0.5523
307342366.2,306720130.5,1698252060,0.5522,0.5509
306689172.5,307007423,1698252120,0.5508,0.5514
306994500.5,306977121.6,1698252180,0.5515,0.5522
306968604.6,306967436,1698252240,0.5523,0.553
306954276.6,307151736.1,1698252300,0.553,0.5531
307293685.7,307617600.5,1698252360,0.5531,0.5527
307532828.1,307598190.2,1698252420,0.5527,0.5534
307589840.7,307532929,1698252480,0.5533,0.5534
308034321.8,308032279,1698252540,0.5534,0.5536
308036953.2,307993501.3,1698252600,0.5535,0.5531
308116155.1,308008415,1698252660,0.5531,0.5528
307922852,307994618.3,1698252720,0.5527,0.5526
307980884.7,308049318.7,1698252780,0.5527,0.5518
307996309.2,307996309.2,1698252840,0.5518,0.5522
308043158,308047441.4,1698252900,0.5523,0.552
308043372.9,308073800.5,1698252960,0.552,0.5519
308092452.9,308080736.1,1698253020,0.552,0.5519
308062914.1,308073575.6,1698253080,0.5519,0.5519
308063906.5,308035436.1,1698253140,0.5519,0.5507
306605337.1,306605337.1,1698253200,0.5507,0.5521
306707733.2,306573310.1,1698253260,0.5521,0.5506
307170024.8,307118002,1698253320,0.5506,0.5511
307096810.4,306962012.5,1698253380,0.551,0.5516
306954180.2,307027387.7,1698253440,0.5515,0.5523
307093078,307229886.9,1698253500,0.5522,0.5527
307217204.6,307225316.4,1698253560,0.5528,0.5527
307196015.5,307162893.4,1698253620,0.5528,0.5532
307110767.8,307191368.7,1698253680,0.5532,0.556
306047620.4,305305468.8,1698253740,0.556,0.5557
304941891.3,304856673.3,1698253800,0.5558,0.5558
304962282.1,304994178,1698253860,0.5558,0.5564
305137590.3,304998878.2,1698253920,0.5564,0.5562
304978877.7,304488181.5,1698253980,0.5561,0.5571
304691275.3,304896881.5,1698254040,0.5571,0.5569
304819227.9,304878679.7,1698254100,0.5569,0.5577
304772137.7,304566256.4,1698254160,0.5578,0.5573
304683571.2,304558043.5,1698254220,0.5573,0.5555
304471652.7,304566077,1698254280,0.5554,0.5559
304449410.2,304429806.2,1698254340,0.5559,0.5557
304343297,304358684,1698254400,0.5557,0.557
304496394.7,304525362.1,1698254460,0.557,0.5574
304604200.9,304634502.4,1698254520,0.5574,0.5583
304843361.4,305132183.2,1698254580,0.5583,0.5587
304988519.2,304917224.4,1698254640,0.5587,0.5595
304919987.9,304600958.5,1698254700,0.5595,0.5597
304810092.4,305466136.7,1698254760,0.5598,0.5589
305563740.5,305699785.5,1698254820,0.5589,0.5599
306329898.3,306329898.3,1698254880,0.5599,0.5604
306361615.6,307192054,1698254940,0.5605,0.5623
307258009.8,307377953.5,1698255000,0.5624,0.56
307157121.7,307375604.3,1698255060,0.56,0.5628
307688884.9,307393249,1698255120,0.5627,0.5617
307273255.6,307128040.5,1698255180,0.5616,0.562
307531864.5,307897365,1698255240,0.5621,0.5623
307876095.2,308483870,1698255300,0.5622,0.5621
308645163.7,308681619.9,1698255360,0.5622,0.5617
308612395.5,308798550.3,1698255420,0.5616,0.5613
308643427.4,308740013.5,1698255480,0.5612,0.561
308725126.8,307784392.3,1698255540,0.5609,0.5597
307590265.2,307735354.8,1698255600,0.5596,0.56
307752624.8,307213708.9,1698255660,0.5601,0.5583
307159093.3,307478453.5,1698255720,0.5584,0.5585
307442234.7,307000214.7,1698255780,0.5584,0.5582
306972672.8,306463978.5,1698255840,0.5581,0.558
306434399.5,306436689,1698255900,0.5581,0.5576
306449549.7,306532952,1698255960,0.5577,0.5565
306271587.2,306357172.5,1698256020,0.5564,0.5584
306333801.8,306697209,1698256080,0.5585,0.5597
306713093.2,306947947.4,1698256140,0.5597,0.5598
306961738.9,307224414.7,1698256200,0.5599,0.5594
307217287.5,307123552.8,1698256260,0.5593,0.5588
307175463.3,306891616,1698256320,0.5588,0.5588
306826719,306793364.5,1698256380,0.5588,0.5592
306619827.6,306671418.4,1698256440,0.5592,0.5596
306654775.8,306677818,1698256500,0.5596,0.5599
306651038.4,306657975.9,1698256560,0.5599,0.5599
306617103.7,306701160.3,1698256620,0.5598,0.5593
306693370.9,306638564,1698256680,0.5593,0.56
306735955,306778757.4,1698256740,0.56,0.5593
306722207,306710505.8,1698256800,0.5593,0.5601
306715028.2,306826297,1698256860,0.5601,0.56
306897044.1,306802738.6,1698256920,0.5601,0.5592
306794405.5,306750947.1,1698256980,0.5592,0.5596
306783902.1,306767223.3,1698257040,0.5596,0.5601
306767837.2,306827076,1698257100,0.5602,0.5603
306836106.6,306997471.4,1698257160,0.5604,0.5596
306994889,306963519.8,1698257220,0.5596,0.5588
306874317.2,306628984.3,1698257280,0.5588,0.5581
306563989.9,306618751.1,1698257340,0.5582,0.5587
306613970.6,306659330.1,1698257400,0.5586,0.5585
306705431.9,306637212.8,1698257460,0.5585,0.5579
306488527.7,306469581.1,1698257520,0.5579,0.5573
306567909.8,306369636.6,1698257580,0.5573,0.5572
306449549.5,306439450,1698257640,0.5573,0.5578
306465178.7,306506816,1698257700,0.5577,0.5582
306611515,306587176.5,1698257760,0.5582,0.5577
306644263.5,306645215.9,1698257820,0.5577,0.5582
306655390.3,306710363.4,1698257880,0.5582,0.5587
306642207,306688084,1698257940,0.5587,0.5575
306663118.1,306601949.5,1698258000,0.5575,0.5575
306678184.5,306713114,1698258060,0.5575,0.5574
306707173,306180163.1,1698258120,0.5575,0.5567
306168683.1,306090335.2,1698258180,0.5567,0.5574
306104066.8,306030436,1698258240,0.5574,0.5567
305935010.3,305996925.3,1698258300,0.5567,0.5574
305742737,305684741,1698258360,0.5574,0.557
305723755.4,305762364,1698258420,0.557,0.5581
305754690.2,305738232.5,1698258480,0.558,0.5588
305762418.9,305727844.8,1698258540,0.5588,0.5582
305659728.1,305658577.2,1698258600,0.5583,0.5582
305612692.1,305634151,1698258660,0.5583,0.5573
305524813.5,305518536.9,1698258720,0.5573,0.5581
305531459.1,305514093.8,1698258780,0.5581,0.5587
305434949.2,305463582.3,1698258840,0.5587,0.5589
305470582.1,305436901,1698258900,0.5589,0.5587
305437473.9,305363612.9,1698258960,0.5588,0.5589
305345028,305239892.3,1698259020,0.5589,0.5588
305235119.5,305245623.7,1698259080,0.5588,0.5593
305285080.5,305290451.1,1698259140,0.5594,0.5595
305342649.3,305911021.3,1698259200,0.5595,0.5589
306113193.9,306031910.9,1698259260,0.5589,0.5588
306153252.5,306232704,1698259320,0.5588,0.5587
306221675.7,306202497.3,1698259380,0.5588,0.5584
306179494.5,306171875.9,1698259440,0.5583,0.5581
306073669.2,305970639.4,1698259500,0.5581,0.5585
305960502.4,306132222,1698259560,0.5584,0.5583
306115070.5,306175277,1698259620,0.5582,0.5589
306226543.4,306847139.3,1698259680,0.5589,0.5594
306826518.7,306953846.6,1698259740,0.5593,0.5595
306929873.1,306799276.7,1698259800,0.5595,0.5597
306774793.6,307028439.4,1698259860,0.5596,0.5598
307068354,306966517.1,1698259920,0.5598,0.5604
306834563.3,306741825.8,1698259980,0.5604,0.5603
306741575.7,306749021.6,1698260040,0.5602,0.5603
306828302.7,306802477.6,1698260100,0.5603,0.5598
306803250.7,306757069.4,1698260160,0.5598,0.5602
306790743.4,306800924.7,1698260220,0.5602,0.5601
306838108.1,306724451.2,1698260280,0.5601,0.56
306730249,306611979.1,1698260340,0.5601,0.5596
306592770.6,306594863.6,1698260400,0.5596,0.5595
306555076.5,306583316.6,1698260460,0.5595,0.5593
306593937.4,306598577.3,1698260520,0.5594,0.5589
306605059.4,306583901.5,1698260580,0.5589,0.5585
306562104.3,306536709.1,1698260640,0.5586,0.5585
306516527.8,306455455.4,1698260700,0.5585,0.5586
306468331.8,306483251.7,1698260760,0.5586,0.5591
306589850.5,306633277.4,1698260820,0.559,0.5551
306655515.4,306750469.3,1698260880,0.5552,0.5562
306774578,306774578,1698260940,0.5561,0.5565
306918839.6,306728902.3,1698261000,0.5565,0.5569
306773668.6,306685884.2,1698261060,0.5569,0.5565
306696769.9,306689860.2,1698261120,0.5566,0.5567
306643883.5,306502541.6,1698261180,0.5567,0.5569
306480121.9,306422367.5,1698261240,0.5568,0.5565
306377964.2,306388712.4,1698261300,0.5565,0.556
306129144.5,306122244.7,1698261360,0.556,0.5553
306088817.6,306065821.5,1698261420,0.5554,0.5559
306179270.5,306151170.6,1698261480,0.5558,0.5554
306101373,306027473.1,1698261540,0.5553,0.5556
306007433.5,306026858.9,1698261600,0.5556,0.5553
305917262,305681012.6,1698261660,0.5553,0.5552
305726986.4,305753353.4,1698261720,0.5553,0.5546
305686069.8,305697220.8,1698261780,0.5546,0.5545
305592694.6,305697277,1698261840,0.5545,0.5546
305271194,305225294.3,1698261900,0.5546,0.5551
305242129.1,305186636.9,1698261960,0.5551,0.5547
305104642.7,305156499.6,1698262020,0.5548,0.5549
305107899.1,305149063.4,1698262080,0.5549,0.5551
305199610.1,305248186.3,1698262140,0.555,0.5554
305266827.5,305255591.5,1698262200,0.5555,0.5554
305279594.8,305247876.5,1698262260,0.5555,0.5549
305187291.1,305248166,1698262320,0.5549,0.5548
305266384.2,305243118.6,1698262380,0.5548,0.5552
305248706,305397420,1698262440,0.5552,0.5553
305411009.4,305409315.5,1698262500,0.5553,0.5552
305362120,305354604.8,1698262560,0.5552,0.5553
305379222.5,305379222.5,1698262620,0.5552,0.5558
305380683.4,305425416.4,1698262680,0.5558,0.5561
305476096.5,305438965.3,1698262740,0.5561,0.556
305415649.4,305415649.4,1698262800,0.556,0.5557
305410168.3,305441430.9,1698262860,0.5557,0.5558
305454951,305467691.3,1698262920,0.5558,0.5553
305327460.6,305575793.5,1698262980,0.5553,0.5551
305565902.8,305568548.5,1698263040,0.555,0.5547
305620532,305589448,1698263100,0.5546,0.5546
305589633.1,305584953.9,1698263160,0.5546,0.5548
305676517.2,305707176.1,1698263220,0.5548,0.5554
305705156.4,305737511.6,1698263280,0.5555,0.5559
305630291.8,305649326.8,1698263340,0.5559,0.5555
305660739.4,305699244.2,1698263400,0.5556,0.5556
305698913.5,305685876,1698263460,0.5555,0.5553
305646342.6,305584512,1698263520,0.5553,0.5552
305569151.7,305559767.6,1698263580,0.5552,0.5557
305603340.3,305589109.2,1698263640,0.5558,0.556
305596850.4,305538214.1,1698263700,0.556,0.5564
305513494.6,305523329.1,1698263760,0.5563,0.5566
305493750.1,305484861.2,1698263820,0.5566,0.5567
305401481.6,305184201.5,1698263880,0.5567,0.5567
305363613.4,305328084.5,1698263940,0.5567,0.5561
305166180.4,305112212.2,1698264000,0.5561,0.5562
305133766.6,305129929.3,1698264060,0.5563,0.5563
305191091.9,305174106.9,1698264120,0.5562,0.5558
305180614.4,305073104.9,1698264180,0.5559,0.5556
305084795.4,305050578.1,1698264240,0.5557,0.5555
305077665.9,304921561.9,1698264300,0.5556,0.5553
304921834.9,304957285.1,1698264360,0.5553,0.5555
305045735.6,304962082.8,1698264420,0.5554,0.5558
304941944.2,304895085.7,1698264480,0.5558,0.5562
304921073.3,305058384.5,1698264540,0.5563,0.5561
305112759.3,305085923,1698264600,0.556,0.5561
305057393.6,304981180.7,1698264660,0.5561,0.5563
304947565.8,304957423.6,1698264720,0.5563,0.557
304977714.4,304991563.6,1698264780,0.5569,0.5569
304960911.2,304827326.4,1698264840,0.5568,0.5568
304828046.4,304928827.1,1698264900,0.5568,0.5566
305019340.1,305058527.4,1698264960,0.5565,0.5554
305018051.8,305056555,1698265020,0.5554,0.5566
305083719.6,305149857.3,1698265080,0.5565,0.556
304968423.8,304945686.6,1698265140,0.556,0.5563
304970115.2,305038432,1698265200,0.5563,0.5565
305251503.3,305238971.3,1698265260,0.5566,0.5564
305240555.7,305232162.6,1698265320,0.5563,0.5564
305232511.6,305219997.5,1698265380,0.5563,0.5563
305210929.1,305194012.1,1698265440,0.5563,0.5567
305133736.1,305066378.8,1698265500,0.5567,0.5567
305068580.6,305049548.9,1698265560,0.5567,0.5555
304973318.7,304969344,1698265620,0.5555,0.5562
304970759.6,304755588.7,1698265680,0.5563,0.5559
304771874.5,304820037.8,1698265740,0.5559,0.5554
304792743.6,304820771.2,1698265800,0.5555,0.5555
304756224.2,304723273.4,1698265860,0.5556,0.5559
304750799.9,304732135.8,1698265920,0.556,0.556
304656558.5,304671523.9,1698265980,0.5561,0.5562
304672245,304829589.9,1698266040,0.5562,0.5556
304917412.7,304939790.1,1698266100,0.5556,0.5557
304906310.5,304899410.7,1698266160,0.5558,0.5559
304929842.9,304925865.9,1698266220,0.5558,0.5558
304930815.1,304870481.7,1698266280,0.5558,0.5553
304899314,304843707.4,1698266340,0.5553,0.5558
304867273.3,305031481.5,1698266400,0.5557,0.5555
305048767.8,305210832.9,1698266460,0.5556,0.5562
305203913.1,305200634.7,1698266520,0.5561,0.5563
305168539.3,305167132.6,1698266580,0.5563,0.5564
305097341.7,304994309.8,1698266640,0.5565,0.5565
305018002.8,305101446.6,1698266700,0.5565,0.5564
305107425.5,305122995.5,1698266760,0.5565,0.5564
305066557.3,305085818.8,1698266820,0.5563,0.5557
305077724.3,305025231.4,1698266880,0.5557,0.5556
304990941,305003249.1,1698266940,0.5556,0.5553
305066692.2,304892474.7,1698267000,0.5553,0.5551
304906726.8,304916154.2,1698267060,0.5552,0.5555
304906239.1,304949991.1,1698267120,0.5555,0.5551
304916022,304188232,1698267180,0.5551,0.5541
304177657.9,303602344.1,1698267240,0.5542,0.5537
303539380.6,303390815.7,1698267300,0.5537,0.5534
304142900.8,304079126.1,1698267360,0.5535,0.5532
303950720.2,303882530.4,1698267420,0.5533,0.5536
303894504,303785064.3,1698267480,0.5536,0.5533
303697050.2,303552829,1698267540,0.5533,0.5531
303474366.2,303550720.6,1698267600,0.5532,0.553
303578373.4,303534548,1698267660,0.553,0.5532
303765249.8,303704456,1698267720,0.5533,0.5538
303620718.7,303728715.7,1698267780,0.5539,0.5541
303802182.6,303787393.4,1698267840,0.5541,0.554
303798255.9,303789923.8,1698267900,0.5539,0.5545
303492271.7,303457753.5,1698267960,0.5544,0.5546
303220278.1,303176624.6,1698268020,0.5546,0.5542
303152805.3,303106840.6,1698268080,0.5542,0.5539
303108665.6,303134976.7,1698268140,0.554,0.5542
303108199.1,303187898.1,1698268200,0.5542,0.5541
303219092.9,303208146.5,1698268260,0.5542,0.5544
303208102.9,303129169,1698268320,0.5544,0.5542
303210411.9,303162516.2,1698268380,0.5542,0.5547
303281270.2,303236326,1698268440,0.5548,0.555
303187257.1,303177623.1,1698268500,0.5549,0.5545
303054395.3,303076663.7,1698268560,0.5545,0.5553
303027401.4,302242688.6,1698268620,0.5552,0.5557
302265428.3,302285911.5,1698268680,0.5558,0.5556
302225840.4,302194422.2,1698268740,0.5556,0.5553
302193115.3,302262229.9,1698268800,0.5553,0.5558
302218086.4,302303904.4,1698268860,0.5559,0.5554
302261425.8,302234867.9,1698268920,0.5554,0.5555
302245259.5,302248840.7,1698268980,0.5556,0.5555
302301549.4,302340708.8,1698269040,0.5555,0.5556
302316221.8,302315292.4,1698269100,0.5556,0.5556
302314904.6,302319343.2,1698269160,0.5556,0.5558
302318894.6,302390559.8,1698269220,0.5558,0.5559
302408506.1,302412427.1,1698269280,0.5559,0.5562
302410090,302412538.9,1698269340,0.5562,0.5561
302455781.6,302388523.5,1698269400,0.556,0.5552
302491381.5,302483233.8,1698269460,0.5552,0.5552
302515167.1,302499676.9,1698269520,0.5553,0.5553
302490322.3,302352933.9,1698269580,0.5553,0.5543
302305521.9,302138346.9,1698269640,0.5544,0.5535
301547024.5,301485204.1,1698269700,0.5534,0.5533
301453702,301448157.2,1698269760,0.5533,0.5537
301456412.8,301265533.4,1698269820,0.5537,0.553
301253475.7,301202243.7,1698269880,0.5529,0.5531
301144766.4,300842930.4,1698269940,0.5532,0.5525
300982028.4,300850332.6,1698270000,0.5525,0.5522
300814210.5,300287555.4,1698270060,0.5522,0.5517
300341312.8,300460136.2,1698270120,0.5516,0.5529
300631868.8,300649787,1698270180,0.5529,0.5529
300666115.1,300721263.5,1698270240,0.553,0.5531
300713968.4,300731989.9,1698270300,0.5531,0.5531
300738284.8,300707334.2,1698270360,0.5531,0.5526
300637008.3,300543461.8,1698270420,0.5526,0.5523
300510768,300501999.4,1698270480,0.5522,0.552
300530587.2,300538731.3,1698270540,0.552,0.5526
300538473.5,300540475.7,1698270600,0.5525,0.5527
300551392.9,300284264,1698270660,0.5527,0.5531
300293480.6,300295757.6,1698270720,0.5532,0.5531
300119988.1,300053486.7,1698270780,0.5532,0.5526
300038740.4,300049828.8,1698270840,0.5526,0.5527
300033041.4,300021862,1698270900,0.5527,0.5531
300061849,300084863,1698270960,0.5532,0.5537
300077702.2,300094814.5,1698271020,0.5537,0.5538
300100138.3,300097787.8,1698271080,0.5538,0.554
300131289.4,300211527.3,1698271140,0.554,0.5537
300227589.6,300213818.2,1698271200,0.5537,0.5534
300217012.3,300457118.4,1698271260,0.5534,0.5537
300629964.3,300751328.7,1698271320,0.5537,0.5542
300817376.9,300896442.1,1698271380,0.5543,0.5542
300924696.2,300935862.3,1698271440,0.5542,0.5538
300938470.4,300980118.8,1698271500,0.5538,0.554
300980581.6,300974381.5,1698271560,0.5539,0.554
300977013.1,301077275.5,1698271620,0.554,0.5537
301124102.1,301210281.7,1698271680,0.5536,0.5541
301207902.6,301218843.8,1698271740,0.554,0.5542
301213862.6,301207493.6,1698271800,0.5542,0.5542
301239253.5,301266797.4,1698271860,0.5543,0.5545
301262320.7,301089075.4,1698271920,0.5544,0.5547
301005756.4,300994814.6,1698271980,0.5547,0.5549
301008313.7,300884465.2,1698272040,0.5548,0.5552
300966721.7,300979827.3,1698272100,0.5553,0.5555
300985524.8,301133246.8,1698272160,0.5554,0.5556
301141874.1,301057448.2,1698272220,0.5555,0.5551
301115561.2,301120989.7,1698272280,0.5551,0.5548
301149640.1,301176022.9,1698272340,0.5547,0.5548
301204478.2,301179649.4,1698272400,0.5548,0.5545
301173196.8,301172367.9,1698272460,0.5545,0.555
301217246.2,301276543.1,1698272520,0.5551,0.5551
301321198.5,301374723.6,1698272580,0.5551,0.5553
301360431.5,301373027.5,1698272640,0.5553,0.5553
301369058.8,301375792.4,1698272700,0.5552,0.5557
301434423.8,301435253.7,1698272760,0.5556,0.5552
301503509.7,301481247.2,1698272820,0.5553,0.5553
301457305.5,301470364.8,1698272880,0.5553,0.5553
301465714.2,301420099.5,1698272940,0.5552,0.5551
301459620.1,301483576.2,1698273000,0.5552,0.5555
301495068.5,301511391.4,1698273060,0.5554,0.5547
301524255.5,301490785.3,1698273120,0.5547,0.5544
301201865.4,301203824.2,1698273180,0.5544,0.5547
301273040.1,301233617.8,1698273240,0.5547,0.5546
301258396.7,301289973.4,1698273300,0.5547,0.5549
301287435.6,301236595.3,1698273360,0.5549,0.5548
301242829.9,301278064.4,1698273420,0.5547,0.5547
301266717.5,301127983.9,1698273480,0.5547,0.5545
301133595.9,301122102,1698273540,0.5544,0.5546
301160498,301154659.3,1698273600,0.5546,0.5546
301192098.9,301484620.5,1698273660,0.5546,0.5545
301532734.7,301513997.3,1698273720,0.5546,0.5547
301551462.9,301607134.8,1698273780,0.5547,0.5551
301589137.7,301589116.9,1698273840,0.555,0.5548
301488124,301491164.5,1698273900,0.5548,0.5546
301500654.7,301426866.2,1698273960,0.5546,0.5538
301362671.9,301343758.5,1698274020,0.5538,0.5537
301343495.6,301276184.4,1698274080,0.5536,0.5532
301288407.8,301398109.5,1698274140,0.5532,0.5539
301385989.5,301305290.2,1698274200,0.5539,0.5537
301271876.2,301290675.6,1698274260,0.5537,0.5539
301266414.8,301254719.5,1698274320,0.5539,0.5539
301329567.4,301003921.8,1698274380,0.5539,0.554
301011932.6,301002378.8,1698274440,0.5539,0.5544
300996367.3,300983949.5,1698274500,0.5545,0.5546
300994664,301006328.9,1698274560,0.5546,0.5549
301069090.2,301078782.6,1698274620,0.5549,0.5543
301088900.2,301221027.9,1698274680,0.5542,0.5544
301231848.1,301200772.4,1698274740,0.5544,0.5546
301229932.8,301238699.6,1698274800,0.5545,0.5536
301222184.4,301216244.9,1698274860,0.5537,0.5539
301177931,301205093.6,1698274920,0.5539,0.5534
301351000.9,301490387.3,1698274980,0.5534,0.5525
301856133.7,301907899.6,1698275040,0.5525,0.5527
301928565.5,301927028.5,1698275100,0.5527,0.5527
301999990.4,302038873.9,1698275160,0.5528,0.553
301995742.6,302005053.3,1698275220,0.553,0.552
301908668.1,301910248.2,1698275280,0.5521,0.5524
301936079.3,301997724.9,1698275340,0.5524,0.5525
302003594.6,301973301.2,1698275400,0.5525,0.5522
302066412.1,302098157.5,1698275460,0.5523,0.5528
302209668.2,302181620.8,1698275520,0.5527,0.5523
302116649.1,302082380.7,1698275580,0.5524,0.5519
302011276.1,302039363.5,1698275640,0.5519,0.5525
302080767.4,302068498,1698275700,0.5525,0.5528
302009164.8,302000532.6,1698275760,0.5529,0.5531
301979754.9,301889933.3,1698275820,0.553,0.5533
301917725.6,302001138.9,1698275880,0.5533,0.5535
302002851.5,301988331.2,1698275940,0.5536,0.5536
301971666.7,301949038,1698276000,0.5535,0.5534
301870691.6,301945182.2,1698276060,0.5535,0.5536
301887379.8,301887377.3,1698276120,0.5535,0.5538
301862095.7,301883687.3,1698276180,0.5538,0.5536
301841216.8,302129696.5,1698276240,0.5536,0.5539
302131221.5,302107662.6,1698276300,0.5538,0.5537
302096585.9,302093197.3,1698276360,0.5538,0.5535
302093944.6,302102375.4,1698276420,0.5536,0.5536
302063855.9,302100542.8,1698276480,0.5536,0.5537
302079727.9,302125743.9,1698276540,0.5536,0.5536
302137553,302136217.9,1698276600,0.5537,0.5539
302153195,302159191.3,1698276660,0.5538,0.554
302196844.7,302158759.1,1698276720,0.554,0.5544
302290307.2,302300515.9,1698276780,0.5544,0.5541
302312839.5,302305114.7,1698276840,0.5541,0.5544
302330190.9,302376909.5,1698276900,0.5544,0.5543
302353851.6,302367707.8,1698276960,0.5544,0.5543
302360090.3,302201127.1,1698277020,0.5542,0.5535
302067273.3,302145630.1,1698277080,0.5536,0.5533
302168463.7,302165953.9,1698277140,0.5533,0.5537
302139327.4,302234350.1,1698277200,0.5537,0.554
302236693.3,302239651.4,1698277260,0.5541,0.5542
302275069.3,302273145.3,1698277320,0.5543,0.5543
302237823.2,302209096.9,1698277380,0.5543,0.5544
302197992.5,302198721.3,1698277440,0.5544,0.5545
302230760.8,302228108.9,1698277500,0.5545,0.5547
302323722.3,302164259,1698277560,0.5547,0.5546
302122795,302122858.8,1698277620,0.5547,0.5545
302110282.2,302112867,1698277680,0.5545,0.5548
302051041.5,302010442.7,1698277740,0.5548,0.5544
301995989.6,302000787.5,1698277800,0.5543,0.5544
302599914.5,302584759.7,1698277860,0.5545,0.5549
302586407.3,302668156.8,1698277920,0.5549,0.555
302960477.1,303005921.1,1698277980,0.555,0.5549
302969018.3,302940408.3,1698278040,0.555,0.5549
302908176.5,303261778.4,1698278100,0.5549,0.5552
303157557.7,303461219.5,1698278160,0.5552,0.5553
303480359.3,303474871.4,1698278220,0.5553,0.5552
303480629.8,303548816.6,1698278280,0.5552,0.5554
303564658.9,303564658.9,1698278340,0.5553,0.5551
303559955.4,303524559,1698278400,0.5552,0.5545
303424048,303365235.1,1698278460,0.5544,0.5539
303332466.8,303287290.8,1698278520,0.5539,0.5543
303357855.9,303320451.7,1698278580,0.5543,0.5543
303447952.6,303421239.8,1698278640,0.5543,0.5538
303629495.6,303602066.7,1698278700,0.5538,0.5546
303605718.4,304338360.5,1698278760,0.5546,0.5548
304379930.7,304591915.5,1698278820,0.5547,0.5543
304515987.9,304489030.6,1698278880,0.5542,0.5553
304468118.1,304463403.6,1698278940,0.5552,0.5552
304484641.4,304425584.4,1698279000,0.5551,0.5546
304403257.9,304382901.5,1698279060,0.5546,0.5549
304391497.1,304382437.7,1698279120,0.5549,0.555
304412459.9,304378653.4,1698279180,0.5551,0.5551
304362786.4,304355872.1,1698279240,0.5551,0.5551
304396361.4,304362686.5,1698279300,0.5551,0.5548
304359760.3,304414913.2,1698279360,0.5547,0.5551
304514681.2,304556385.3,1698279420,0.5551,0.5547
304564458,304450367.9,1698279480,0.5546,0.5549
304522485,304661583.5,1698279540,0.5549,0.5544
304600404.7,304574676.1,1698279600,0.5544,0.5547
304509219.8,304552568.6,1698279660,0.5547,0.5548
304584396.5,304620301,1698279720,0.5547,0.5551
304662849.2,304684895.5,1698279780,0.5551,0.5551
304730155.2,304862764.1,1698279840,0.5551,0.5556
304876410.3,304866071.4,1698279900,0.5556,0.5557
304796591.4,304786922.3,1698279960,0.5557,0.5558
304806453.3,304802498.6,1698280020,0.5557,0.5557
304942544.5,304980485,1698280080,0.5556,0.556
304947447.2,305259365.5,1698280140,0.5559,0.5562
305239865.6,305261267,1698280200,0.5562,0.5565
305191507.3,305135744.2,1698280260,0.5565,0.5567
305127432.7,304993090.1,1698280320,0.5567,0.5566
304994053.6,304903497.8,1698280380,0.5565,0.5566
304900433.2,304992370.8,1698280440,0.5566,0.5564
304946488.1,304927841.6,1698280500,0.5564,0.5564
305035209.3,304909948.9,1698280560,0.5563,0.5563
304873937.5,304840891.2,1698280620,0.5563,0.5561
304863817.8,304872504.8,1698280680,0.5562,0.5563
304816264.1,304816606,1698280740,0.5562,0.5567
304931186.4,304879244.7,1698280800,0.5567,0.5569
304683214.2,304687683.6,1698280860,0.5568,0.5569
304664944.4,304669886.6,1698280920,0.5569,0.5566
304576029.8,304440263.1,1698280980,0.5567,0.5565
304437877.3,304418469.5,1698281040,0.5564,0.5564
304434531.9,304439283.3,1698281100,0.5565,0.5559
304358111.2,304100911.8,1698281160,0.5558,0.5551
304059890.9,304292273.1,1698281220,0.5552,0.5549
304212026.3,303946288.5,1698281280,0.5549,0.554
304000049.8,304115463.9,1698281340,0.554,0.5544
304111547.8,304213573.4,1698281400,0.5543,0.5543
304193917.3,304212061.2,1698281460,0.5544,0.5546
304129921.5,304137594.1,1698281520,0.5546,0.5551
304199290.5,304174239.7,1698281580,0.5551,0.5557
304262041.1,304361307.6,1698281640,0.5557,0.5564
304405760.3,304382224.2,1698281700,0.5564,0.5563
304270548.1,304309674.5,1698281760,0.5563,0.556
304385176.5,304374732.8,1698281820,0.5559,0.5562
304452353.2,304574193.8,1698281880,0.5561,0.5562
304688254.2,304746901.9,1698281940,0.5562,0.5558
304711628.5,304726705.5,1698282000,0.5557,0.5553
304696370.7,304606838,1698282060,0.5552,0.5563
304493402.3,304558563.3,1698282120,0.5563,0.5559
304480178,304455306.8,1698282180,0.5559,0.556
304443536.9,304403389.9,1698282240,0.556,0.5559
304437526.2,304391304.5,1698282300,0.5559,0.5553
304395210.7,304369873.1,1698282360,0.5553,0.5551
304406075.3,304153623.3,1698282420,0.5551,0.5546
304153912.6,304197954,1698282480,0.5546,0.5549
304135280.3,304018400.9,1698282540,0.5548,0.5543
303857559.1,303782220.3,1698282600,0.5542,0.5544
303840111.9,303872731.6,1698282660,0.5544,0.5542
303881300.3,303946036.1,1698282720,0.5543,0.5544
304022729.1,304044397,1698282780,0.5545,0.5546
304029937.6,303996663.2,1698282840,0.5545,0.5541
304206419.3,304213486.8,1698282900,0.5541,0.5541
304256910.3,304233213.9,1698282960,0.5541,0.554
304157939.6,304174041,1698283020,0.554,0.5538
304140941.3,304195636.8,1698283080,0.5538,0.5541
304212528.7,304213390.3,1698283140,0.5541,0.5537
304222770.3,304236208.5,1698283200,0.5536,0.554
304271462.1,304156624.3,1698283260,0.5539,0.5542
304186203,304217814.4,1698283320,0.5543,0.5539
304171914.5,304148733.6,1698283380,0.5539,0.5542
304154297,304137050.6,1698283440,0.5541,0.5543
304194917.4,304110862.8,1698283500,0.5543,0.5546
304132735.7,304178531.9,1698283560,0.5546,0.5544
304280157.8,304290061.2,1698283620,0.5543,0.5543
304371736.8,304360845.6,1698283680,0.5543,0.5545
304380752.2,304419219.9,1698283740,0.5546,0.5545
304325734.1,304353907.8,1698283800,0.5545,0.5545
304399757.3,304402286.6,1698283860,0.5546,0.5546
304386853.1,304418374.9,1698283920,0.5546,0.5546
304498919,304612491.1,1698283980,0.5545,0.555
304600214.2,304599459.7,1698284040,0.555,0.5547
304591113.5,304628411,1698284100,0.5547,0.5548
304645129.7,304645742.4,1698284160,0.5547,0.5551
304647701.3,304592501.4,1698284220,0.555,0.5551
304577992,304507028.6,1698284280,0.555,0.5552
304549715.1,304583464.6,1698284340,0.5553,0.5549
304569495.2,304519307.6,1698284400,0.555,0.5551
304523463.4,304544556.5,1698284460,0.5551,0.5545
304534369.8,304604686.9,1698284520,0.5545,0.5543
304561825.8,304657497.7,1698284580,0.5542,0.5544
304700405.8,304700405.8,1698284640,0.5543,0.5535
304576898.6,304024294.1,1698284700,0.5535,0.5527
303865235.4,303787241,1698284760,0.5527,0.5536
303803636.6,303848041.6,1698284820,0.5536,0.5534
303842725.9,303794506.8,1698284880,0.5534,0.554
303776961.6,303823265,1698284940,0.5541,0.5542
303824568.6,303802730,1698285000,0.5542,0.554
303805888.1,303784938.5,1698285060,0.554,0.5536
303877741.7,303877779.6,1698285120,0.5536,0.5536
303867092.2,303856885.6,1698285180,0.5536,0.5537
303811365.9,303780180.5,1698285240,0.5537,0.5536
303790439,303800984.3,1698285300,0.5536,0.5537
303687219,303695335.7,1698285360,0.5538,0.5538
303703957.6,303677303.4,1698285420,0.5538,0.5534
303671096.4,303618231.4,1698285480,0.5533,0.554
303633166.3,303671824.3,1698285540,0.5539,0.5543
303690025,303711167.3,1698285600,0.5544,0.5542
303743395.3,303718277.5,1698285660,0.5543,0.5536
303681209.1,303670527.1,1698285720,0.5537,0.5529
303623536.8,303627452.1,1698285780,0.553,0.553
303415607.2,303447215,1698285840,0.553,0.5535
303443233.1,303405925.1,1698285900,0.5536,0.5538
303402872.9,303386815.6,1698285960,0.5537,0.5535
303445887.2,303533889.5,1698286020,0.5534,0.5529
303484451.5,303476386.5,1698286080,0.5529,0.553
303473716.2,303334475.8,1698286140,0.5531,0.5533
303337379.1,303342176.9,1698286200,0.5533,0.5535
303372009.3,303315241.8,1698286260,0.5534,0.5533
303311428.2,303400054,1698286320,0.5533,0.553
303373920,303392386.4,1698286380,0.553,0.5529
303199043,303189771.5,1698286440,0.5529,0.5523
303447547.8,303447547.8,1698286500,0.5523,0.5528
303532290.3,303538041.3,1698286560,0.5528,0.5528
303572723.9,303575178.8,1698286620,0.5528,0.5529
303520702.5,303521937.5,1698286680,0.5529,0.5529
303511867.4,303533761.2,1698286740,0.5528,0.5525
303526979.6,303573558.3,1698286800,0.5526,0.5528
303615417.8,303657797.6,1698286860,0.5528,0.5532
303688220.1,303613803.2,1698286920,0.5531,0.553
303612644.5,303617452.2,1698286980,0.5529,0.5529
303608066.3,303564970.1,1698287040,0.5528,0.5532
303562172.1,303548836,1698287100,0.5532,0.5529
303535700.1,303500265.6,1698287160,0.5528,0.5531
303484202.3,303482329.6,1698287220,0.553,0.5527
303434629.6,303446602.2,1698287280,0.5526,0.5525
303408055.6,303364805.5,1698287340,0.5526,0.5526
303430999.6,303441630.1,1698287400,0.5525,0.5529
303419737.8,303425056.6,1698287460,0.5529,0.5529
303423817,303493916.7,1698287520,0.5529,0.553
303507958.8,303421447.4,1698287580,0.5531,0.5532
303469697.8,303477134.9,1698287640,0.5533,0.5534
303485703.4,303478454.5,1698287700,0.5534,0.5533
303492764.4,303484345.6,1698287760,0.5533,0.5534
303508192.9,303527778.1,1698287820,0.5533,0.5535
303623885.7,303647544.2,1698287880,0.5535,0.5537
303661118.5,303685213.4,1698287940,0.5537,0.5535
303713546,303683328.1,1698288000,0.5536,0.5537
303693911.4,303678828.1,1698288060,0.5537,0.554
303681350.9,303697166.6,1698288120,0.554,0.5538
303697166.6,303747301.9,1698288180,0.5539,0.5537
303774400.5,303865078.2,1698288240,0.5538,0.554
303881079.8,303834127.8,1698288300,0.554,0.5536
303838098,303950739.9,1698288360,0.5537,0.5536
303953287.5,303953120.1,1698288420,0.5536,0.5536
303960204.3,303969213.2,1698288480,0.5535,0.5531
303983452.7,304028964.4,1698288540,0.5531,0.5529
304015814.5,303994956.9,1698288600,0.5529,0.553
304005496.2,304012878.8,1698288660,0.5531,0.5532
304058096.9,304081491.3,1698288720,0.5532,0.5527
303946310.7,303936998.8,1698288780,0.5528,0.5529
303924623.5,303938182.1,1698288840,0.5529,0.5532
303959320.2,304011198.7,1698288900,0.5532,0.5532
304000487.1,304036294.7,1698288960,0.5533,0.5532
304043244.3,304043463.3,1698289020,0.5532,0.5535
304024906.2,304035725,1698289080,0.5536,0.5536
304124188.6,304021636.9,1698289140,0.5536,0.554
304032975.3,303853941.6,1698289200,0.5541,0.5543
303858190.1,303793225.1,1698289260,0.5542,0.5544
303779702.8,303732901.6,1698289320,0.5544,0.5538
303918341.7,303975436.5,1698289380,0.5538,0.554
303990778,304012889.8,1698289440,0.5539,0.5544
304003025.1,304091119.3,1698289500,0.5543,0.5547
304725960,304457059.4,1698289560,0.5547,0.555
304447947.2,303716432.1,1698289620,0.555,0.5547
303753515.4,303840712.8,1698289680,0.5547,0.5547
303834358.9,303882256,1698289740,0.5547,0.5549
303917617.8,303899966.8,1698289800,0.5549,0.555
304118457,303908365.4,1698289860,0.5551,0.5549
304288869.1,304271382,1698289920,0.5548,0.5553
304343950.3,304402565.6,1698289980,0.5554,0.555
304402664.3,304374316.6,1698290040,0.555,0.5554
304366639.1,304294314.3,1698290100,0.5555,0.5555
304349823.2,304315327.8,1698290160,0.5555,0.5554
304293523.5,304241996.3,1698290220,0.5554,0.5553
304237173.1,304217232.9,1698290280,0.5554,0.5555
304216486.2,304360014.5,1698290340,0.5555,0.5556
304343606.4,304365982.5,1698290400,0.5557,0.5559
304407791.8,304407791.8,1698290460,0.5559,0.5559
304485132.2,304482769.6,1698290520,0.5559,0.5561
304984348.1,306007033.8,1698290580,0.5561,0.5565
306156617.9,306170662.6,1698290640,0.5565,0.5563
306127136.9,305998063.9,1698290700,0.5563,0.5568
306049796.5,306194215,1698290760,0.5568,0.5569
306173542.4,306250093.4,1698290820,0.5569,0.5569
306376551.2,306360845.7,1698290880,0.5568,0.5569
306414221.7,306968964.4,1698290940,0.5569,0.557
306963698.2,306977013.5,1698291000,0.557,0.5565
306952209.6,307190693.3,1698291060,0.5566,0.5572
307489085,307556261.7,1698291120,0.5571,0.5573
307555148.9,307592232.5,1698291180,0.5572,0.5569
307687087.2,307721030.9,1698291240,0.5568,0.5574
307713205.3,307770885.4,1698291300,0.5575,0.5579
307625942.6,307682048.1,1698291360,0.558,0.5582
307634237.4,307648936.2,1698291420,0.5581,0.5581
307663075.8,307673756.7,1698291480,0.5582,0.5582
307684567.7,307695533.2,1698291540,0.5582,0.5582
307582318.4,307532849.7,1698291600,0.5582,0.5577
307454830.1,307512767.7,1698291660,0.5577,0.5575
307584188.7,307716624.3,1698291720,0.5576,0.5578
307722349.9,307769976,1698291780,0.5577,0.5575
307820169.6,307936817.5,1698291840,0.5575,0.5574
307961617.4,307945631.5,1698291900,0.5574,0.5569
308095921.5,308110669.5,1698291960,0.5569,0.5568
308124236,308143679.3,1698292020,0.5569,0.557
308185643.6,308168037.9,1698292080,0.557,0.5565
308104611.6,308260193.7,1698292140,0.5566,0.5569
308267490.1,308274111.5,1698292200,0.5568,0.5568
308261354.5,308359589.2,1698292260,0.5569,0.5565
308331780.9,308321479.6,1698292320,0.5566,0.5559
308281511.6,308197087,1698292380,0.5559,0.5559
308290994,308369120.4,1698292440,0.5558,0.556
308472453.5,308503060.6,1698292500,0.556,0.5562
308514138.8,308563194.8,1698292560,0.5561,0.5562
307908425.2,307945709,1698292620,0.5562,0.5566
307952256.9,307962545.3,1698292680,0.5565,0.5568
308007116.3,308009005.1,1698292740,0.5568,0.5569
308032109.4,308093961.9,1698292800,0.5569,0.557
308103505.8,308091044.7,1698292860,0.5569,0.5568
308166812.4,308166812.4,1698292920,0.5568,0.5563
308174958.7,308206017.1,1698292980,0.5563,0.5564
308193499.4,308256101.4,1698293040,0.5564,0.5561
308273399.3,308277214.1,1698293100,0.5561,0.5561
308293524.4,308385996.5,1698293160,0.556,0.556
308408605.2,308378867.9,1698293220,0.556,0.5559
308512225.6,308526019,1698293280,0.556,0.5561
308509132.3,308482196.7,1698293340,0.5562,0.5557
308359732.9,308369986.2,1698293400,0.5557,0.556
308369457.9,308391604.3,1698293460,0.556,0.5559
308422150.6,308416067.5,1698293520,0.556,0.5559
308425703.3,308514477.1,1698293580,0.556,0.5558
308505871.3,308500738.7,1698293640,0.5559,0.5559
308475804.4,308520865,1698293700,0.556,0.5559
308521250.9,308520187.3,1698293760,0.5559,0.5563
308540297.6,308595784.2,1698293820,0.5563,0.5557
308562809,308588560.8,1698293880,0.5557,0.5552
308556198,308542635.7,1698293940,0.5552,0.5559
308536029.7,308559848,1698294000,0.5559,0.556
308551495.5,308576747.2,1698294060,0.5559,0.5553
308604852.8,308708369.9,1698294120,0.5553,0.5556
308742431.6,308783741.1,1698294180,0.5556,0.5554
308751211.4,308854907.4,1698294240,0.5555,0.5558
308832633.1,308925645,1698294300,0.5558,0.5562
309001882.5,309071332.1,1698294360,0.5561,0.556
309071037.2,309058217.7,1698294420,0.556,0.556
309061762.3,309058761,1698294480,0.556,0.5555
308499837.3,308645058,1698294540,0.5556,0.5552
308620778.1,309923569.3,1698294600,0.5552,0.5537
310001750.6,310088213.7,1698294660,0.5536,0.5535
310136739.2,310201879.5,1698294720,0.5535,0.5537
310206791.1,310201998.7,1698294780,0.5537,0.5538
310269215.7,310134098.9,1698294840,0.5538,0.5539
310140512.7,310069614.1,1698294900,0.5539,0.5542
309999562.4,310009999.2,1698294960,0.5542,0.554
309943748.8,309935103.9,1698295020,0.5541,0.5542
309925611.3,309937059.7,1698295080,0.5541,0.5544
309932438.6,309931592.3,1698295140,0.5544,0.5544
309862885.8,309841219.4,1698295200,0.5545,0.5539
309879975.5,309852824,1698295260,0.5539,0.5542
309880519.2,309893516.1,1698295320,0.5542,0.5543
309892910.8,309849466.1,1698295380,0.5542,0.5544
309848878,309741290.4,1698295440,0.5544,0.554
309672154.8,309650625.6,1698295500,0.554,0.5539
309669565.5,309671486,1698295560,0.5539,0.5542
309708617.2,309736656.4,1698295620,0.5543,0.5543
309746837.7,309729247.1,1698295680,0.5543,0.5543
309727142.1,309687463.7,1698295740,0.5543,0.5542
309764215.7,309782126.9,1698295800,0.5542,0.5544
309766129.5,309752049.5,1698295860,0.5544,0.5542
309733358.3,309788604,1698295920,0.5542,0.5541
309741142.6,309724825.2,1698295980,0.5541,0.5544
309672838.6,309591181.6,1698296040,0.5544,0.5546
309586289.6,309515140,1698296100,0.5547,0.5548
309522284.2,309538714.3,1698296160,0.5547,0.5547
309553444.2,309515935.4,1698296220,0.5547,0.5543
309496428.1,309484927.9,1698296280,0.5543,0.5545
309468671.8,309453389.3,1698296340,0.5546,0.5546
309477187.7,309505038.7,1698296400,0.5546,0.5542
309518932.8,309538498,1698296460,0.5543,0.5543
309540695.5,309540695.5,1698296520,0.5544,0.5545
309582244.3,309679288.6,1698296580,0.5544,0.5549
309612518.5,309676263.3,1698296640,0.5548,0.5547
309878080.4,309671516,1698296700,0.5546,0.5542
310065645.5,310059274.1,1698296760,0.5542,0.5545
310094837.5,310074671.3,1698296820,0.5545,0.5543
310061648.5,310063874.6,1698296880,0.5542,0.554
309999486,310036519.8,1698296940,0.5541,0.5541
310046989.4,309979832.1,1698297000,0.5542,0.5542
309964642.7,310049634.9,1698297060,0.5542,0.5546
310061432.8,310094763.3,1698297120,0.5546,0.5546
310107712.5,310084505.7,1698297180,0.5546,0.5547
310096803,310098447.3,1698297240,0.5547,0.5546
310131470,310147876.6,1698297300,0.5546,0.5548
310199218.8,310226492.3,1698297360,0.5548,0.555
310309688.6,310313387.8,1698297420,0.555,0.5545
310381643.6,310371366,1698297480,0.5545,0.5541
310433858.2,310446148,1698297540,0.5541,0.554
310476634.3,310655189.4,1698297600,0.5539,0.5539
310635727.7,310645896,1698297660,0.5539,0.5539
310673900.5,310675187.5,1698297720,0.5539,0.554
310665757.1,310673812.9,1698297780,0.5541,0.5542
310657904.1,310677456.1,1698297840,0.5541,0.554
310655494.8,310638800.1,1698297900,0.5539,0.5538
310574634.4,310607939.1,1698297960,0.5538,0.5538
310632913.8,310613904.1,1698298020,0.5538,0.5537
310597313.2,310602036.9,1698298080,0.5536,0.5536
310469632.7,310538083.3,1698298140,0.5535,0.5534
310500852.8,310563887.3,1698298200,0.5535,0.5536
310583877.2,310609860.6,1698298260,0.5536,0.554
310486181.4,310470805.4,1698298320,0.5539,0.5537
310450147.5,310510860.8,1698298380,0.5537,0.5537
310590933.4,310732870.5,1698298440,0.5536,0.5533
310741924.2,311157107.4,1698298500,0.5534,0.5526
311394469.1,311429837.7,1698298560,0.5527,0.5526
310586851.2,310586851.2,1698298620,0.5526,0.5522
310556437,310621126.5,1698298680,0.5523,0.5525
310681469.9,310643430.1,1698298740,0.5524,0.552
310697778.8,310463893.6,1698298800,0.5521,0.5519
310497096.1,309366389.4,1698298860,0.5519,0.5525
309419024,309410340.3,1698298920,0.5524,0.5523
309379582.4,309508383.6,1698298980,0.5523,0.5522
309630715.5,309721032.5,1698299040,0.5523,0.5526
309757773.8,309727489.9,1698299100,0.5526,0.5524
309739181.2,309821558,1698299160,0.5523,0.5523
309735774.9,310436419.6,1698299220,0.5522,0.5531
310463194.6,312597166.7,1698299280,0.5531,0.5527
312576248.7,312415040.3,1698299340,0.5527,0.5521
312461929.2,312577098.5,1698299400,0.5521,0.5519
312767968.3,312748279.1,1698299460,0.5519,0.5513
312760013.4,312323985.4,1698299520,0.5514,0.5519
312287042,311877127.9,1698299580,0.5518,0.5515
311495127.2,311543192.5,1698299640,0.5515,0.5517
311413667,310682124.2,1698299700,0.5516,0.5519
310614904.2,310544372.7,1698299760,0.5519,0.5512
310529273,310529273,1698299820,0.5513,0.5511
310529273,310529273,1698189000,0.5614,0.5621
310529273,310529273,1698189060,0.562,0.5622
310529273,310529273,1698189120,0.5622,0.5624
310529273,310529273,1698189180,0.5624,0.5619
310529273,310529273,1698189240,0.5618,0.5617
310529273,310529273,1698189300,0.5616,0.561
310529273,310529273,1698189360,0.561,0.5615
310529273,310529273,1698189420,0.5615,0.5616
310529273,310529273,1698189480,0.5615,0.5605
310529273,310529273,1698189540,0.5605,0.5605
310529273,310529273,1698189600,0.5606,0.5606
310529273,310529273,1698189660,0.5606,0.5598
310529273,310529273,1698189720,0.5597,0.5594
310529273,310529273,1698189780,0.5594,0.5592
310529273,310529273,1698189840,0.5593,0.5591
310529273,310529273,1698189900,0.5591,0.5587
310529273,310529273,1698189960,0.5587,0.5586
310529273,310529273,1698190020,0.5586,0.5587
