"OI_open","OI_close","timestamp","price_open","price_close"
17735024,17739732,1698069660,0.4171,0.4172
17745109,17759397,1698069720,0.417,0.4172
17758814,17758203,1698069780,0.4169,0.4173
17763026,17765012,1698069840,0.4174,0.4181
17761657,17771799,1698069900,0.4182,0.4183
17786636,17789042,1698069960,0.4183,0.418
17792195,17804079,1698070020,0.4181,0.4184
17795430,17795430,1698070080,0.4185,0.4192
17805653,17822660,1698070140,0.4192,0.4192
17836563,17841672,1698070200,0.4192,0.4192
17853493,17862431,1698070260,0.4192,0.4187
17864138,17873816,1698070320,0.4187,0.4188
17878492,17878492,1698070380,0.419,0.4191
17882096,17880665,1698070440,0.419,0.4194
17892644,17894417,1698070500,0.4194,0.4194
17867704,17847782,1698070560,0.4195,0.42
17851677,17875458,1698070620,0.4199,0.4198
17876085,17884804,1698070680,0.4199,0.4205
17887761,17890723,1698070740,0.4204,0.4204
17897628,17893205,1698070800,0.4205,0.4201
17887371,17889372,1698070860,0.4201,0.4196
17889199,17894141,1698070920,0.4195,0.4199
17897593,17908684,1698070980,0.42,0.4202
17909437,17916908,1698071040,0.4202,0.4208
18119231,18151809,1698071100,0.4208,0.4223
18173825,18199520,1698071160,0.4223,0.4228
18199807,18136100,1698071220,0.4228,0.4215
18109920,18126427,1698071280,0.4214,0.4209
18125446,18123612,1698071340,0.4209,0.421
18100318,18081595,1698071400,0.421,0.4204
18089510,18090755,1698071460,0.4204,0.4206
18092585,18092585,1698071520,0.4205,0.421
18109003,18104691,1698071580,0.421,0.42
18125165,18125165,1698071640,0.4201,0.4208
18137424,18159976,1698071700,0.4208,0.4212
18190291,18202110,1698071760,0.4211,0.4212
18210378,18221391,1698071820,0.4212,0.4215
18243609,18251924,1698071880,0.4214,0.4219
18255687,18257025,1698071940,0.4219,0.4224
18277146,18288517,1698072000,0.4225,0.4225
18286581,18292110,1698072060,0.4225,0.4222
18300604,18302092,1698072120,0.4223,0.4218
18299688,18304772,1698072180,0.4216,0.4218
18315160,18345696,1698072240,0.4219,0.4221
18353856,18401720,1698072300,0.4221,0.4218
18419233,18426309,1698072360,0.4218,0.4224
18457854,18463284,1698072420,0.4224,0.4222
18503678,18492453,1698072480,0.4222,0.4219
18490169,18493407,1698072540,0.4219,0.4216
18489598,18499189,1698072600,0.4217,0.4226
18510598,18511574,1698072660,0.4225,0.4226
18513620,18513620,1698072720,0.4225,0.4227
18515225,18520109,1698072780,0.4228,0.4227
18528781,18523787,1698072840,0.4227,0.4226
18524979,18525867,1698072900,0.4225,0.4227
18528385,18534456,1698072960,0.4228,0.4226
18536628,18521851,1698073020,0.4225,0.422
18494763,18498747,1698073080,0.422,0.4225
18487031,18491515,1698073140,0.4225,0.4227
18497647,18480290,1698073200,0.4226,0.4221
18474873,18478085,1698073260,0.422,0.4222
18474953,18504058,1698073320,0.4222,0.4232
18508592,18518105,1698073380,0.4231,0.4235
18520896,18520896,1698073440,0.4235,0.4229
18549016,18573499,1698073500,0.4228,0.4224
18584480,18526111,1698073560,0.4225,0.4203
18460657,18452171,1698073620,0.4204,0.4216
18438660,18442435,1698073680,0.4215,0.4205
18464852,18463202,1698073740,0.4204,0.421
18461772,18460184,1698073800,0.421,0.4217
18456161,18443314,1698073860,0.4217,0.4215
18429405,18429405,1698073920,0.4216,0.4224
18429619,18466695,1698073980,0.4223,0.4233
18473809,18495592,1698074040,0.4232,0.4237
18501938,18493569,1698074100,0.4237,0.4237
18494099,18507072,1698074160,0.4238,0.4224
18516220,18521152,1698074220,0.4226,0.4223
18508559,18516438,1698074280,0.4224,0.4232
18539319,18547280,1698074340,0.4232,0.4234
18550752,18554337,1698074400,0.4233,0.4226
18556092,18568313,1698074460,0.4227,0.4232
18574415,18595396,1698074520,0.4232,0.4238
18605531,18603090,1698074580,0.4238,0.4247
18609557,18626494,1698074640,0.4247,0.4255
18672373,18696748,1698074700,0.4256,0.4273
18685567,18688252,1698074760,0.4274,0.4265
18676595,18725660,1698074820,0.4265,0.4272
18684946,18702423,1698074880,0.4272,0.4277
18738069,18738069,1698074940,0.4276,0.428
18770295,18840836,1698075000,0.428,0.429
18859897,18880340,1698075060,0.429,0.4297
18954538,18978329,1698075120,0.4298,0.429
19005753,19022098,1698075180,0.429,0.4277
19012416,18989316,1698075240,0.4277,0.4282
18992947,18994287,1698075300,0.4282,0.4285
19003534,19025402,1698075360,0.4285,0.4275
19043400,19030687,1698075420,0.4275,0.4268
19060104,19064736,1698075480,0.4269,0.428
19067028,19064491,1698075540,0.428,0.4272
19068012,19102391,1698075600,0.4273,0.428
19104235,19095547,1698075660,0.428,0.4278
19084823,19072625,1698075720,0.4278,0.4269
19065521,19064512,1698075780,0.4269,0.427
19071980,19071403,1698075840,0.4271,0.4269
19070452,19073289,1698075900,0.4269,0.4268
19073011,19072369,1698075960,0.4268,0.4268
19077082,19077865,1698076020,0.4268,0.4273
19087897,19100162,1698076080,0.4274,0.428
19125637,19132474,1698076140,0.428,0.4283
19134256,19133720,1698076200,0.4282,0.4278
19137801,19141748,1698076260,0.4279,0.4285
19141377,19141377,1698076320,0.4285,0.4286
19145511,19161918,1698076380,0.4286,0.4294
19161630,19191339,1698076440,0.4294,0.4289
19189942,19248970,1698076500,0.4291,0.4286
19212342,19205547,1698076560,0.4285,0.4308
19244966,19237429,1698076620,0.4308,0.4313
19257117,19252699,1698076680,0.4314,0.4308
19264064,19259253,1698076740,0.4309,0.4303
19273282,19274768,1698076800,0.4304,0.4305
19267933,19275426,1698076860,0.4305,0.4312
19285438,19280329,1698076920,0.4312,0.4297
19276089,19270595,1698076980,0.4297,0.4288
19257392,19265919,1698077040,0.4287,0.4294
19290384,19295729,1698077100,0.4295,0.4304
19308916,19308508,1698077160,0.4304,0.43
19320646,19285572,1698077220,0.4298,0.4296
19266895,19232718,1698077280,0.4297,0.4283
19233909,19235031,1698077340,0.4283,0.429
19241194,19239867,1698077400,0.4291,0.4296
19241522,19244875,1698077460,0.4297,0.4291
19244132,19252093,1698077520,0.4291,0.4306
19254001,19278195,1698077580,0.4306,0.4317
19324016,19335625,1698077640,0.4318,0.4361
19371114,19371114,1698077700,0.4361,0.4403
19320076,19332657,1698077760,0.4399,0.4463
19341618,19316031,1698077820,0.4463,0.4459
19397254,19510932,1698077880,0.4458,0.4521
19601766,19592878,1698077940,0.4523,0.4528
19630787,19666614,1698078000,0.4526,0.4521
19728807,19734001,1698078060,0.4521,0.4492
19779258,19967700,1698078120,0.4492,0.4466
20038586,20099420,1698078180,0.4466,0.4503
20438601,20569913,1698078240,0.4505,0.4543
20624198,20655238,1698078300,0.4542,0.4566
20829112,20805844,1698078360,0.4565,0.4533
20752378,20834186,1698078420,0.4534,0.451
20883169,20909870,1698078480,0.4511,0.4534
21043971,21086836,1698078540,0.4533,0.4531
21273547,21334753,1698078600,0.453,0.4488
21231647,21335725,1698078660,0.4487,0.4482
21361129,21364679,1698078720,0.448,0.4476
21427745,21427745,1698078780,0.4476,0.4484
21443934,21476795,1698078840,0.4485,0.4486
21502720,21554666,1698078900,0.4487,0.4502
21685451,21699993,1698078960,0.4503,0.451
21688699,21714406,1698079020,0.451,0.4505
21713675,21693028,1698079080,0.4504,0.4511
21682134,21696323,1698079140,0.4511,0.4535
21757009,21834787,1698079200,0.4535,0.4551
21783319,21852707,1698079260,0.4551,0.4593
21969759,21952228,1698079320,0.4593,0.457
21944286,22132888,1698079380,0.4571,0.4567
22162768,22134261,1698079440,0.4568,0.4572
22165683,22187382,1698079500,0.4571,0.4561
22196852,22186456,1698079560,0.456,0.4597
22215152,22150616,1698079620,0.4596,0.4594
22107489,22107727,1698079680,0.4593,0.4587
22116620,22125781,1698079740,0.4587,0.4578
22150341,22153328,1698079800,0.4578,0.4585
22159009,22021530,1698079860,0.4585,0.4558
22036559,22015190,1698079920,0.4559,0.4567
22035679,22015262,1698079980,0.4567,0.4566
22008856,22029589,1698080040,0.4564,0.4584
22014034,22006747,1698080100,0.4585,0.4601
21978541,21998797,1698080160,0.46,0.4595
22000590,22002175,1698080220,0.4593,0.4609
22041277,22022798,1698080280,0.4609,0.4593
22024823,22017693,1698080340,0.4594,0.4621
22084042,22084042,1698080400,0.462,0.4618
22063487,21943806,1698080460,0.46,0.4563
21948493,21941707,1698080520,0.4563,0.457
21938062,21960122,1698080580,0.4568,0.455
21954486,21939415,1698080640,0.455,0.4548
21957165,21967006,1698080700,0.4547,0.4572
21956496,22004595,1698080760,0.4572,0.455
22020627,22005700,1698080820,0.4549,0.4551
22006187,21937073,1698080880,0.455,0.454
21936585,21943562,1698080940,0.4541,0.4558
21957733,21965874,1698081000,0.4558,0.4555
21960172,21943508,1698081060,0.4555,0.4548
21949847,21994824,1698081120,0.4547,0.4565
21990621,21989276,1698081180,0.4565,0.4582
22065875,22074056,1698081240,0.4581,0.4581
22081887,22078280,1698081300,0.458,0.4565
22109341,22062647,1698081360,0.4565,0.4551
22058828,22067297,1698081420,0.455,0.4544
22134087,22135818,1698081480,0.4545,0.4543
22148461,22144558,1698081540,0.4544,0.4535
22134211,22189978,1698081600,0.4535,0.454
22193065,22193065,1698081660,0.4542,0.4536
22186376,22190368,1698081720,0.4535,0.453
22192731,22138199,1698081780,0.4531,0.4521
22134829,22086752,1698081840,0.4521,0.4501
22015973,21985916,1698081900,0.4502,0.4493
22000617,21964130,1698081960,0.4492,0.4492
21949194,21953079,1698082020,0.4492,0.4492
21955819,21688263,1698082080,0.4491,0.447
21523599,21488152,1698082140,0.4469,0.4458
21518233,21531580,1698082200,0.4457,0.4442
21577929,21635315,1698082260,0.4441,0.4448
21634111,21633683,1698082320,0.4449,0.4459
21618518,21623870,1698082380,0.4457,0.4471
21660075,21648318,1698082440,0.447,0.4475
21601764,21575694,1698082500,0.4474,0.448
21586275,21544151,1698082560,0.4481,0.4502
21548481,21548938,1698082620,0.4502,0.45
21537316,21553263,1698082680,0.45,0.4502
21547356,21585520,1698082740,0.4502,0.4489
21608378,21608378,1698082800,0.449,0.4512
21616029,21619016,1698082860,0.4513,0.4514
21623966,21623966,1698082920,0.4512,0.45
21608649,21575830,1698082980,0.4501,0.4513
21577266,21581701,1698083040,0.4513,0.4512
21585799,21583974,1698083100,0.4512,0.4512
21588088,21531195,1698083160,0.4513,0.4499
21532213,21536424,1698083220,0.4498,0.4502
21540266,21541996,1698083280,0.4501,0.4503
21546599,21561113,1698083340,0.4503,0.451
21563030,21552869,1698083400,0.451,0.4505
21558431,21554463,1698083460,0.4506,0.4515
21550832,21552551,1698083520,0.4514,0.4499
21552012,21554821,1698083580,0.4499,0.4503
21548010,21547847,1698083640,0.4502,0.4507
21539630,21539630,1698083700,0.4508,0.4517
21540461,21540461,1698083760,0.4517,0.4497
21573555,21579817,1698083820,0.4497,0.4499
21599873,21599873,1698083880,0.45,0.45
21608500,21612214,1698083940,0.4499,0.4495
21598632,21594906,1698084000,0.4496,0.4493
21600736,21600785,1698084060,0.4495,0.4497
21597763,21577352,1698084120,0.4498,0.4508
21580678,21577741,1698084180,0.4507,0.4509
21587699,21593998,1698084240,0.4508,0.4507
21599545,21605417,1698084300,0.4508,0.4507
21618398,21633053,1698084360,0.4507,0.4506
21635711,21635711,1698084420,0.4506,0.45
21625508,21621031,1698084480,0.4499,0.4498
21629667,21633428,1698084540,0.4498,0.4511
21645942,21634606,1698084600,0.451,0.4531
21627335,21640311,1698084660,0.4531,0.4537
21700508,21706540,1698084720,0.4538,0.4531
21701746,21698699,1698084780,0.4532,0.4541
21701581,21762891,1698084840,0.454,0.4543
21777383,21774269,1698084900,0.4543,0.4538
21774282,21768910,1698084960,0.4539,0.453
21750957,21718883,1698085020,0.453,0.4532
21661049,21589700,1698085080,0.4531,0.4523
21585506,21591507,1698085140,0.4522,0.4529
21583594,21583820,1698085200,0.4531,0.4543
21570937,21569858,1698085260,0.4544,0.4547
21585680,21594005,1698085320,0.4547,0.455
21587509,21587509,1698085380,0.455,0.4555
21606609,21635478,1698085440,0.4556,0.4577
21642259,21685560,1698085500,0.4576,0.4568
21689262,21691736,1698085560,0.4568,0.4595
21777968,21809860,1698085620,0.4596,0.4598
21848771,21859324,1698085680,0.4598,0.4584
21850666,21870469,1698085740,0.4584,0.4589
21863854,21880816,1698085800,0.4588,0.4579
21871940,21878976,1698085860,0.458,0.4578
21861844,21862961,1698085920,0.4578,0.4584
21880214,21885985,1698085980,0.4584,0.4577
21898422,21862837,1698086040,0.4577,0.4577
21864497,21883471,1698086100,0.4577,0.4574
21884165,21904956,1698086160,0.4575,0.4577
21922812,21929392,1698086220,0.4577,0.4572
21934559,21942360,1698086280,0.4571,0.4586
21966377,21992198,1698086340,0.4586,0.4595
22034988,22070004,1698086400,0.4594,0.4599
22090672,22090672,1698086460,0.4598,0.4607
22129394,22180168,1698086520,0.4608,0.4606
22275592,22290525,1698086580,0.4606,0.4595
22285282,22311649,1698086640,0.4595,0.4579
22264244,22238490,1698086700,0.4579,0.4578
22298011,22298040,1698086760,0.4579,0.4592
22317306,22369844,1698086820,0.4592,0.4598
22388879,22402495,1698086880,0.4598,0.4594
22312652,22283424,1698086940,0.4595,0.4587
22275074,22282101,1698087000,0.4585,0.46
22297265,22315853,1698087060,0.4598,0.4589
22329059,22312391,1698087120,0.4588,0.4588
22311602,22314252,1698087180,0.4589,0.4598
22320490,22299786,1698087240,0.4598,0.4597
22296698,22307937,1698087300,0.4596,0.4599
22314724,22353732,1698087360,0.4599,0.4599
22351055,22354282,1698087420,0.4599,0.4619
22360205,22317901,1698087480,0.4618,0.4612
22307223,22344851,1698087540,0.4612,0.4625
22354270,22379948,1698087600,0.4624,0.4608
22384407,22370893,1698087660,0.4609,0.4634
22348256,22348256,1698087720,0.4634,0.464
22242149,22294672,1698087780,0.4642,0.4657
22312395,22363763,1698087840,0.4657,0.4657
22316501,22346339,1698087900,0.4657,0.4651
22442819,22390638,1698087960,0.4652,0.4628
22378003,22376755,1698088020,0.4627,0.4626
22378217,22389349,1698088080,0.4625,0.4613
22332860,22325516,1698088140,0.4613,0.4605
22240840,22240221,1698088200,0.4605,0.4616
22250550,22313180,1698088260,0.4616,0.4632
22328063,22334565,1698088320,0.4633,0.4628
22334787,22331392,1698088380,0.4629,0.4629
22351258,22347213,1698088440,0.4629,0.463
22352133,22321265,1698088500,0.4629,0.4619
22296039,22270820,1698088560,0.462,0.4607
22194014,22217547,1698088620,0.4607,0.4588
22207913,22130558,1698088680,0.4587,0.4577
22120578,22118073,1698088740,0.4578,0.4573
22115115,22113139,1698088800,0.4573,0.4584
22105953,22142837,1698088860,0.4584,0.4581
22138341,22138341,1698088920,0.4582,0.458
22140952,22142870,1698088980,0.458,0.4579
22149851,22155761,1698089040,0.458,0.457
22122559,22115332,1698089100,0.4571,0.4585
22120965,22123213,1698089160,0.4585,0.4576
22126768,22120665,1698089220,0.4576,0.4586
22137958,22140231,1698089280,0.4586,0.4581
22166204,22173946,1698089340,0.4583,0.4579
22176323,22190060,1698089400,0.4579,0.458
22185310,22178903,1698089460,0.458,0.459
22181511,22206186,1698089520,0.4591,0.4586
22236054,22239390,1698089580,0.4587,0.4595
22252400,22284581,1698089640,0.4596,0.4591
22274572,22276605,1698089700,0.4592,0.46
22285525,22312368,1698089760,0.46,0.4592
22314614,22318824,1698089820,0.4593,0.459
22318117,22348338,1698089880,0.459,0.4606
22362718,22400923,1698089940,0.4608,0.4612
22426591,22452571,1698090000,0.4613,0.4617
22465716,22487794,1698090060,0.4619,0.4616
22504287,22512500,1698090120,0.4614,0.4612
22498747,22498747,1698090180,0.4611,0.4607
22503872,22501065,1698090240,0.4607,0.4607
22504252,22507540,1698090300,0.4606,0.4611
22504451,22496400,1698090360,0.4611,0.4618
22505108,22515455,1698090420,0.4617,0.4617
22520499,22537324,1698090480,0.4617,0.4622
22545616,22573819,1698090540,0.4623,0.4631
22579070,22604152,1698090600,0.4631,0.4619
22610815,22620194,1698090660,0.4619,0.4622
22608719,22608840,1698090720,0.4622,0.4632
22611455,22631292,1698090780,0.4633,0.4632
22616191,22601112,1698090840,0.4632,0.4624
22604351,22591940,1698090900,0.4625,0.4629
22557418,22571588,1698090960,0.463,0.4638
22576767,22571314,1698091020,0.4638,0.4636
22571130,22574454,1698091080,0.4635,0.4633
22625737,22628850,1698091140,0.4633,0.463
22623218,22623218,1698091200,0.4629,0.4636
22629450,22677364,1698091260,0.4636,0.4635
22728348,22728348,1698091320,0.4635,0.4649
22765410,22772582,1698091380,0.465,0.4644
22767502,22758453,1698091440,0.4645,0.4641
22758169,22759015,1698091500,0.4641,0.4641
22763606,22769750,1698091560,0.4643,0.465
22796271,22809513,1698091620,0.465,0.4635
22789618,22759237,1698091680,0.4635,0.4621
22741789,22752048,1698091740,0.4621,0.4624
22759681,22761977,1698091800,0.4622,0.4623
22787170,22787597,1698091860,0.4625,0.4632
22794908,22795686,1698091920,0.4631,0.4632
22803738,22807715,1698091980,0.4632,0.4627
22802169,22804521,1698092040,0.4627,0.4624
22792522,22800215,1698092100,0.4623,0.462
22805712,22777109,1698092160,0.462,0.4626
22785381,22790730,1698092220,0.4627,0.4628
22766546,22758042,1698092280,0.463,0.463
22787921,22794242,1698092340,0.463,0.4645
22775126,22771818,1698092400,0.4643,0.4635
22773206,22774465,1698092460,0.4636,0.463
22779174,22779174,1698092520,0.463,0.4648
22778394,22790859,1698092580,0.4649,0.4669
22869148,22835330,1698092640,0.4668,0.4678
22876902,22901333,1698092700,0.4678,0.4682
22865371,22889547,1698092760,0.4681,0.4661
22883411,22965447,1698092820,0.466,0.4692
22995455,22982885,1698092880,0.4692,0.4691
23042955,23124312,1698092940,0.4692,0.4701
23204544,23310917,1698093000,0.4702,0.47
23336999,23317065,1698093060,0.47,0.4707
23299019,23277869,1698093120,0.4706,0.4707
23301669,23336915,1698093180,0.4708,0.4715
23355372,23327413,1698093240,0.4716,0.4693
23243006,23060893,1698093300,0.4693,0.4679
23057527,23045371,1698093360,0.468,0.4685
23029375,23048277,1698093420,0.4685,0.4698
23043091,23091463,1698093480,0.4698,0.4684
23059560,23050553,1698093540,0.4685,0.4683
23041705,23034603,1698093600,0.4684,0.4689
23027118,23037096,1698093660,0.4689,0.4698
23035856,23035856,1698093720,0.4697,0.4692
23087303,23085683,1698093780,0.4691,0.4677
23094232,23031052,1698093840,0.4677,0.4677
22967352,22972150,1698093900,0.4676,0.465
22940951,22918312,1698093960,0.4651,0.4643
22950380,22952678,1698094020,0.4641,0.4635
22893314,22835736,1698094080,0.4635,0.4617
22780663,22734630,1698094140,0.4618,0.4593
22775365,22814233,1698094200,0.4595,0.4578
22846141,22821122,1698094260,0.4578,0.4591
22854715,22856254,1698094320,0.459,0.4573
22891209,22878285,1698094380,0.4573,0.4564
22881866,22884795,1698094440,0.4565,0.4566
22885838,22876783,1698094500,0.4567,0.4573
22867946,22884196,1698094560,0.4573,0.4573
22883193,22889653,1698094620,0.4573,0.4564
22885980,22896796,1698094680,0.4564,0.4555
22919035,22896469,1698094740,0.4554,0.4564
22915352,22905705,1698094800,0.4564,0.4563
22920278,22916412,1698094860,0.4561,0.4565
22871310,22889570,1698094920,0.4566,0.4577
22901703,22885115,1698094980,0.4577,0.4586
22912436,22923399,1698095040,0.4586,0.4593
22913367,22918609,1698095100,0.4593,0.4581
22914308,22914308,1698095160,0.4581,0.4579
22909347,22922166,1698095220,0.4578,0.4575
22897582,22906724,1698095280,0.4575,0.4573
22913354,22920276,1698095340,0.4573,0.4578
22913851,22917614,1698095400,0.4578,0.4581
22977393,23014822,1698095460,0.4581,0.457
23000495,22987609,1698095520,0.457,0.4565
22976137,22995767,1698095580,0.4564,0.4551
23011588,23015725,1698095640,0.4552,0.4566
23008306,23017194,1698095700,0.4566,0.4549
23003310,22899948,1698095760,0.4549,0.4535
22898529,22874679,1698095820,0.4535,0.4542
22855308,22854149,1698095880,0.4542,0.4548
22845883,22851446,1698095940,0.4548,0.4545
22835263,22821145,1698096000,0.4543,0.454
22819799,22815444,1698096060,0.454,0.4543
22817236,22787578,1698096120,0.4543,0.4562
22784865,22777923,1698096180,0.4561,0.4537
22789074,22787859,1698096240,0.4538,0.4542
22783377,22783377,1698096300,0.4541,0.4544
22794220,22804001,1698096360,0.4544,0.455
22795290,22803058,1698096420,0.455,0.4548
22810248,22810248,1698096480,0.4549,0.4558
22802686,22807723,1698096540,0.4559,0.4553
22863039,22912188,1698096600,0.4553,0.4546
22934062,22941982,1698096660,0.4546,0.4544
22943070,22946259,1698096720,0.4544,0.4539
22946563,22954726,1698096780,0.4538,0.455
22954119,22967257,1698096840,0.455,0.456
22963694,22951391,1698096900,0.4561,0.456
22962101,22979902,1698096960,0.456,0.4558
22980916,22982136,1698097020,0.4557,0.4559
22974651,22968324,1698097080,0.456,0.4557
22964848,22964512,1698097140,0.4557,0.4565
22965485,22959842,1698097200,0.4564,0.4554
22966116,22968837,1698097260,0.4554,0.4557
22968453,22975756,1698097320,0.4556,0.4568
22977937,22981164,1698097380,0.4567,0.4565
22975397,22983752,1698097440,0.4565,0.4561
22986371,22984855,1698097500,0.456,0.4555
22986784,22979282,1698097560,0.4555,0.4552
22980988,22973324,1698097620,0.4551,0.4554
22967646,22967381,1698097680,0.4554,0.4563
22969923,22975936,1698097740,0.4564,0.4565
22985402,23002584,1698097800,0.4566,0.4566
22997243,22997243,1698097860,0.4565,0.4568
23001194,23001688,1698097920,0.4568,0.4571
23005303,23010798,1698097980,0.4571,0.4583
22941578,22940438,1698098040,0.4583,0.4585
22943757,22961763,1698098100,0.4585,0.4585
22967416,22973646,1698098160,0.4584,0.4576
22980420,22983377,1698098220,0.4575,0.4586
22994666,22983178,1698098280,0.4587,0.4587
22983291,22987036,1698098340,0.4586,0.4587
22991538,22981302,1698098400,0.4587,0.458
22982273,22982143,1698098460,0.458,0.4579
23008546,23003249,1698098520,0.4579,0.4583
23011314,23002423,1698098580,0.4582,0.4575
22980723,22994155,1698098640,0.4575,0.457
22986812,22993975,1698098700,0.4569,0.4566
22993286,23027186,1698098760,0.4565,0.4567
23031867,23023079,1698098820,0.4567,0.4571
23034786,23039766,1698098880,0.4571,0.457
23041480,23041374,1698098940,0.457,0.4566
23046249,23046249,1698099000,0.4565,0.4564
23047481,23073686,1698099060,0.4564,0.4574
23075372,23073700,1698099120,0.4573,0.4573
23080635,23086567,1698099180,0.4575,0.4575
23087794,23087960,1698099240,0.4575,0.4584
23089849,23095187,1698099300,0.4583,0.4583
23106426,23108866,1698099360,0.4584,0.4589
23110190,23120333,1698099420,0.4591,0.4589
23065845,23065578,1698099480,0.4589,0.4591
23066712,23069208,1698099540,0.4591,0.4592
23066197,23068843,1698099600,0.4592,0.4581
23070090,23070134,1698099660,0.4582,0.4578
23072846,23074000,1698099720,0.4579,0.4588
23073598,23067886,1698099780,0.4589,0.4585
23070304,23071849,1698099840,0.4585,0.4594
23073735,23055060,1698099900,0.4594,0.4594
23051086,23053937,1698099960,0.4595,0.4598
23051514,23081592,1698100020,0.4599,0.4597
23053403,23060180,1698100080,0.4596,0.4602
23061906,23073965,1698100140,0.4601,0.4609
23003346,22999747,1698100200,0.4611,0.4601
23000897,23006627,1698100260,0.46,0.46
22991691,22991354,1698100320,0.46,0.4597
22991757,22990991,1698100380,0.4598,0.4602
22977727,22977727,1698100440,0.4602,0.4597
22984735,22956262,1698100500,0.4596,0.4596
22958218,22960604,1698100560,0.4595,0.4599
22965556,22987785,1698100620,0.46,0.4605
22999946,23009042,1698100680,0.4606,0.4615
23010265,23031117,1698100740,0.4616,0.4628
23025509,23027672,1698100800,0.4627,0.4638
23005277,22936841,1698100860,0.4639,0.4688
22848672,22712694,1698100920,0.4702,0.47
22659732,22655415,1698100980,0.4704,0.4687
22634569,22621040,1698101040,0.4688,0.4667
22651423,22586600,1698101100,0.4667,0.4634
22545496,22526277,1698101160,0.4635,0.4634
22571692,22566220,1698101220,0.4635,0.4625
22562700,22587392,1698101280,0.4625,0.4647
22589381,22606744,1698101340,0.4647,0.4662
22610379,22610379,1698101400,0.4663,0.4653
22640026,22607489,1698101460,0.4652,0.4648
22605000,22598484,1698101520,0.465,0.4647
22594740,22596692,1698101580,0.4646,0.4645
22587643,22565457,1698101640,0.4643,0.4634
22570501,22564266,1698101700,0.4632,0.4647
22562549,22561325,1698101760,0.4647,0.4647
22575704,22581012,1698101820,0.4647,0.4646
22584454,22588195,1698101880,0.4645,0.4663
22594588,22592355,1698101940,0.4662,0.4668
22575359,22567856,1698102000,0.4668,0.4693
22556498,22603940,1698102060,0.4694,0.4672
22607917,22599303,1698102120,0.467,0.4657
22573509,22569255,1698102180,0.4658,0.4638
22561795,22568498,1698102240,0.4637,0.4647
22570200,22579243,1698102300,0.4646,0.464
22581739,22581739,1698102360,0.464,0.4643
22577157,22581283,1698102420,0.4644,0.4637
22581052,22581052,1698102480,0.4636,0.4624
22582857,22623010,1698102540,0.4626,0.4617
22623821,22600561,1698102600,0.4618,0.4581
22589950,22564802,1698102660,0.458,0.4577
22554012,22535359,1698102720,0.4578,0.4586
22524376,22524816,1698102780,0.4586,0.4599
22543092,22539141,1698102840,0.4598,0.4596
22540498,22522237,1698102900,0.4596,0.4606
22509535,22513688,1698102960,0.4604,0.4616
22439268,22464071,1698103020,0.4616,0.462
22470629,22468149,1698103080,0.4619,0.4619
22467734,22461021,1698103140,0.4619,0.4621
22476183,22469956,1698103200,0.462,0.4618
22459993,22457219,1698103260,0.4618,0.4605
22470940,22468591,1698103320,0.4609,0.4613
22456160,22467927,1698103380,0.4613,0.4623
22463659,22463531,1698103440,0.4622,0.4611
22462502,22466781,1698103500,0.4612,0.4609
22464684,22484240,1698103560,0.4607,0.4606
22479764,22483248,1698103620,0.4606,0.4598
22477027,22477027,1698103680,0.4596,0.4598
22477510,22478063,1698103740,0.4598,0.4609
22505100,22505100,1698103800,0.4609,0.4601
22503280,22503996,1698103860,0.4602,0.4605
22498627,22505562,1698103920,0.4603,0.4596
22502369,22492601,1698103980,0.4595,0.46
22496968,22488314,1698104040,0.46,0.4587
22489075,22491004,1698104100,0.4587,0.4575
22488231,22490877,1698104160,0.4574,0.459
22463449,22526137,1698104220,0.4589,0.457
22535057,22539853,1698104280,0.457,0.4565
22543350,22537396,1698104340,0.4567,0.4562
22532820,22526028,1698104400,0.4563,0.4568
22524760,22534145,1698104460,0.4568,0.4579
22533658,22540336,1698104520,0.4576,0.4589
22537592,22537592,1698104580,0.4587,0.4591
22557594,22556424,1698104640,0.4589,0.4587
22550217,22555213,1698104700,0.4587,0.4591
22556515,22557380,1698104760,0.4592,0.4591
22555798,22554959,1698104820,0.4591,0.4602
22549287,22553408,1698104880,0.4602,0.4608
22551660,22555784,1698104940,0.4608,0.4603
22540542,22539963,1698105000,0.4603,0.4605
22536888,22526639,1698105060,0.4604,0.4616
22527155,22523668,1698105120,0.4616,0.4619
22517204,22521974,1698105180,0.462,0.4621
22518156,22521377,1698105240,0.4622,0.4618
22525661,22529994,1698105300,0.4619,0.462
22531121,22537161,1698105360,0.4621,0.4627
22539347,22539320,1698105420,0.4625,0.463
22539675,22545738,1698105480,0.4628,0.4638
22541111,22516884,1698105540,0.4638,0.4632
22527147,22522090,1698105600,0.4632,0.4639
22521707,22516510,1698105660,0.4637,0.4634
22524919,22526733,1698105720,0.4634,0.4621
22525698,22525698,1698105780,0.462,0.4634
22539918,22554966,1698105840,0.4632,0.4622
22549051,22550825,1698105900,0.4621,0.4608
22546949,22551693,1698105960,0.4609,0.4597
22546235,22537733,1698106020,0.4597,0.4606
22526551,22527867,1698106080,0.4605,0.46
22518296,22512542,1698106140,0.46,0.4595
22517834,22523717,1698106200,0.4595,0.4592
22521785,22530321,1698106260,0.4591,0.4601
22526037,22530498,1698106320,0.4599,0.4605
22535881,22544852,1698106380,0.4605,0.461
22547182,22557222,1698106440,0.4608,0.4603
22558908,22556909,1698106500,0.4601,0.4605
22559108,22559599,1698106560,0.4604,0.4601
22556424,22550271,1698106620,0.4601,0.4608
22538900,22539571,1698106680,0.4607,0.4594
22540065,22539706,1698106740,0.4593,0.4608
22538816,22538816,1698106800,0.4609,0.4616
22520345,22529306,1698106860,0.4615,0.4624
22535097,22534436,1698106920,0.4623,0.4627
22560538,22583061,1698106980,0.4628,0.4618
22586642,22584491,1698107040,0.4617,0.4621
22590498,22592556,1698107100,0.462,0.4619
22596528,22595778,1698107160,0.4618,0.4623
22598113,22601551,1698107220,0.4625,0.4627
22603662,22602114,1698107280,0.4626,0.4625
22601485,22601519,1698107340,0.4628,0.4637
22604671,22604141,1698107400,0.4637,0.4628
22610258,22611619,1698107460,0.4628,0.4641
22615801,22621388,1698107520,0.464,0.4644
22711952,22721900,1698107580,0.4644,0.4652
22709419,22724138,1698107640,0.4654,0.4659
22696240,22696240,1698107700,0.4659,0.464
22693784,22699348,1698107760,0.4642,0.4651
22695682,22685560,1698107820,0.4649,0.4643
22686842,22686842,1698107880,0.4642,0.4642
22666012,22613182,1698107940,0.4641,0.4634
22616200,22629802,1698108000,0.4633,0.464
22637564,22639145,1698108060,0.464,0.4647
22642513,22644397,1698108120,0.4647,0.4637
22645715,22649020,1698108180,0.4637,0.4637
22663050,22666313,1698108240,0.4637,0.4644
22648078,22638146,1698108300,0.4642,0.4644
22635363,22624555,1698108360,0.4644,0.4647
22628334,22632458,1698108420,0.4646,0.4649
22634716,22639407,1698108480,0.4649,0.4655
22656468,22652222,1698108540,0.4655,0.4661
22649576,22657983,1698108600,0.4662,0.4657
22656812,22601288,1698108660,0.4658,0.4693
22593268,22593268,1698108720,0.4692,0.4688
22612243,22621790,1698108780,0.4687,0.4694
22639204,22639204,1698108840,0.4695,0.4696
22603279,22555326,1698108900,0.4698,0.4703
22573370,22563185,1698108960,0.4704,0.4702
22585216,22589163,1698109020,0.4703,0.4687
22593584,22598716,1698109080,0.4685,0.4694
22612719,22599902,1698109140,0.4694,0.4677
22606243,22576758,1698109200,0.4677,0.4667
22545751,22520973,1698109260,0.4667,0.4652
22506633,22504853,1698109320,0.4656,0.4654
22513633,22518743,1698109380,0.4656,0.4676
22513406,22510661,1698109440,0.4677,0.4697
22519005,22518937,1698109500,0.4698,0.4695
22533483,22512026,1698109560,0.4694,0.4692
22483609,22484958,1698109620,0.4692,0.4702
22492637,22490712,1698109680,0.4703,0.471
22479073,22538241,1698109740,0.471,0.471
22544278,22544017,1698109800,0.471,0.4715
22549231,22549231,1698109860,0.4716,0.4723
22560455,22563382,1698109920,0.4721,0.4713
22583908,22583442,1698109980,0.4712,0.4698
22579819,22585936,1698110040,0.4699,0.4703
22615287,22622171,1698110100,0.4703,0.4702
22579676,22580222,1698110160,0.4701,0.4699
22584855,22588005,1698110220,0.4697,0.4709
22600830,22602135,1698110280,0.4709,0.4724
22608558,22655613,1698110340,0.4725,0.4733
22677719,22679216,1698110400,0.4733,0.4739
22741548,22815599,1698110460,0.4741,0.4722
22812624,22811560,1698110520,0.4722,0.4724
22813049,22811234,1698110580,0.4723,0.4722
22816365,22818779,1698110640,0.4722,0.4726
22826687,22827341,1698110700,0.4727,0.4732
22844672,22898384,1698110760,0.4733,0.4728
23188029,23196219,1698110820,0.4727,0.4719
23230635,23259488,1698110880,0.4717,0.4716
23360998,23371314,1698110940,0.4716,0.4721
23372680,23363974,1698111000,0.4721,0.4717
23381414,23381414,1698111060,0.4717,0.4717
23415172,23446561,1698111120,0.4717,0.4712
23446317,23446317,1698111180,0.4712,0.4703
23449788,23427014,1698111240,0.4703,0.4692
23366755,23383424,1698111300,0.4693,0.4692
23386333,23371312,1698111360,0.4691,0.4679
23335434,23334937,1698111420,0.4679,0.4684
23335433,23336723,1698111480,0.4686,0.4695
23341815,23345733,1698111540,0.4695,0.4696
23354483,23361952,1698111600,0.4694,0.4693
23367256,23372677,1698111660,0.4694,0.4698
23371353,23372784,1698111720,0.4698,0.4696
23383747,23384280,1698111780,0.4696,0.4702
23387582,23384755,1698111840,0.4703,0.47
23387481,23396156,1698111900,0.47,0.4699
23395087,23400370,1698111960,0.47,0.4695
23409848,23402317,1698112020,0.4694,0.4703
23409704,23420127,1698112080,0.4701,0.4706
23423628,23434701,1698112140,0.4706,0.4711
23440150,23440150,1698112200,0.4711,0.4711
23443389,23447393,1698112260,0.471,0.4713
23440115,23453174,1698112320,0.471,0.4721
23452861,23457473,1698112380,0.472,0.4719
23469444,23469444,1698112440,0.4718,0.4717
23475697,23485891,1698112500,0.4718,0.4731
23517918,23549721,1698112560,0.4729,0.4722
23570851,23578022,1698112620,0.4722,0.4726
23635324,23620697,1698112680,0.4726,0.4753
23641305,23664838,1698112740,0.4754,0.4756
23672787,23679527,1698112800,0.4755,0.4753
23720857,23743003,1698112860,0.4754,0.4761
23751018,23792693,1698112920,0.476,0.4769
23824037,23835776,1698112980,0.4768,0.4778
23774366,23782027,1698113040,0.4778,0.4778
23782903,23779916,1698113100,0.4778,0.476
23745969,23745969,1698113160,0.4759,0.4743
23727443,23715614,1698113220,0.4743,0.4747
23707346,23707346,1698113280,0.4747,0.4762
23726635,23761373,1698113340,0.4761,0.476
23774162,23780887,1698113400,0.476,0.4751
23826492,23829936,1698113460,0.4751,0.4756
23840442,23858288,1698113520,0.4755,0.4769
23872449,23878573,1698113580,0.4768,0.4763
23887928,23888045,1698113640,0.4762,0.4754
23895289,23888442,1698113700,0.4753,0.4771
23897375,23947248,1698113760,0.4772,0.4773
23956378,23958474,1698113820,0.4772,0.4777
23970259,23968811,1698113880,0.4777,0.4774
23972553,23974944,1698113940,0.4774,0.4788
23976209,23964190,1698114000,0.4785,0.4795
23967934,23985271,1698114060,0.4796,0.4802
23946243,23947069,1698114120,0.48,0.4793
23965040,23937445,1698114180,0.4793,0.4796
23936585,23926410,1698114240,0.4794,0.4799
23940332,23940332,1698114300,0.4798,0.4806
23961035,23914012,1698114360,0.4807,0.4814
23919780,23919780,1698114420,0.4815,0.4812
23925730,23892296,1698114480,0.4811,0.4794
23877291,23810043,1698114540,0.4794,0.4778
23787319,23809168,1698114600,0.4779,0.4766
23797493,23802922,1698114660,0.4767,0.4785
23805457,23855699,1698114720,0.4786,0.4791
23831544,23837703,1698114780,0.4791,0.4813
23827401,23817222,1698114840,0.4811,0.4808
23804546,23804087,1698114900,0.4807,0.4813
23830501,23847972,1698114960,0.4814,0.479
23847644,23813545,1698115020,0.479,0.479
23818878,23815457,1698115080,0.4791,0.4794
23817727,23828818,1698115140,0.4795,0.481
23818809,23838889,1698115200,0.4808,0.4818
23829931,23829931,1698115260,0.4819,0.4826
23828425,23828603,1698115320,0.4827,0.4837
23890237,23898125,1698115380,0.4838,0.4856
23879425,23923611,1698115440,0.4858,0.4875
23929150,23909574,1698115500,0.4873,0.4872
23940259,23932796,1698115560,0.4871,0.4883
23953582,23947870,1698115620,0.4883,0.4895
23948751,23949555,1698115680,0.4894,0.4897
23979331,23960607,1698115740,0.4896,0.4901
23945990,23953227,1698115800,0.4902,0.4901
23947839,23932789,1698115860,0.49,0.4888
23921359,23915025,1698115920,0.4889,0.4889
23887462,23883495,1698115980,0.4889,0.4861
23868598,23850217,1698116040,0.4862,0.4864
23851471,23851914,1698116100,0.4863,0.4871
23853677,23840679,1698116160,0.487,0.4878
23843502,23841569,1698116220,0.4878,0.4873
23841094,23836280,1698116280,0.4872,0.4851
23816970,23793443,1698116340,0.4852,0.4846
23810568,23801553,1698116400,0.4846,0.4841
23795190,23791246,1698116460,0.484,0.482
23765282,23764716,1698116520,0.482,0.4833
23764143,23771509,1698116580,0.4833,0.4828
23762197,23762197,1698116640,0.4828,0.4838
23763788,23776694,1698116700,0.4838,0.4854
23804494,23805924,1698116760,0.4854,0.4859
23804555,23804555,1698116820,0.486,0.4864
23807535,23812461,1698116880,0.4864,0.4866
23818097,23825554,1698116940,0.4867,0.4854
23830449,23831191,1698117000,0.4852,0.4843
23827004,23788015,1698117060,0.4844,0.4851
23791326,23781114,1698117120,0.485,0.4858
23806158,23819172,1698117180,0.4859,0.487
23838263,23818605,1698117240,0.487,0.4873
23824759,23840616,1698117300,0.4873,0.4864
23829418,23832109,1698117360,0.4865,0.4881
23849346,23885041,1698117420,0.4883,0.488
23888674,23907504,1698117480,0.4879,0.4875
23909465,23920095,1698117540,0.4874,0.4882
23999212,23843455,1698117600,0.4882,0.4848
23838007,23829959,1698117660,0.4847,0.4859
23810622,23812082,1698117720,0.4858,0.4865
23813912,23816810,1698117780,0.4863,0.4846
23813963,23813963,1698117840,0.4847,0.4843
23799678,23765937,1698117900,0.4843,0.4832
23729561,23721032,1698117960,0.4832,0.4817
23704445,23696830,1698118020,0.4818,0.4811
23679569,23667997,1698118080,0.4811,0.4817
23667966,23674129,1698118140,0.4816,0.4803
23653668,23643942,1698118200,0.4802,0.4807
23639036,23619729,1698118260,0.4807,0.4799
23619589,23617085,1698118320,0.4797,0.4783
23622307,23627570,1698118380,0.4783,0.4788
23628043,23608608,1698118440,0.4789,0.4782
23608121,23604709,1698118500,0.4782,0.4774
23600504,23624332,1698118560,0.4772,0.4793
23634595,23627025,1698118620,0.4791,0.479
23665479,23676190,1698118680,0.4789,0.4786
23673482,23641462,1698118740,0.4787,0.4795
23643871,23646208,1698118800,0.4795,0.4785
23644419,23650099,1698118860,0.4784,0.4784
23652836,23661849,1698118920,0.4783,0.4795
23648378,23648378,1698118980,0.4793,0.4789
23651437,23650490,1698119040,0.479,0.4785
23650251,23648896,1698119100,0.4784,0.4782
23653217,23657181,1698119160,0.4783,0.4797
23654234,23653591,1698119220,0.4796,0.4784
23649792,23644463,1698119280,0.4782,0.4794
23649389,23646764,1698119340,0.4795,0.479
23648866,23652461,1698119400,0.4788,0.4796
23659178,23669183,1698119460,0.4798,0.4786
23672918,23673776,1698119520,0.4785,0.478
23671597,23627795,1698119580,0.4779,0.4787
23626441,23621381,1698119640,0.4788,0.4767
23631850,23625797,1698119700,0.4768,0.478
23622970,23609501,1698119760,0.4779,0.4765
23605776,23601377,1698119820,0.4765,0.4762
23599522,23605226,1698119880,0.4761,0.4756
23611665,23611665,1698119940,0.4756,0.473
23568448,23490391,1698120000,0.473,0.4764
23500876,23494481,1698120060,0.4763,0.4763
23491587,23481685,1698120120,0.4763,0.4778
23484254,23490370,1698120180,0.4778,0.4785
23488786,23487439,1698120240,0.4785,0.4786
23487077,23504951,1698120300,0.4785,0.4798
23500551,23512634,1698120360,0.4798,0.4805
23506429,23513039,1698120420,0.4804,0.4805
23529905,23542421,1698120480,0.4806,0.4814
23537472,23537681,1698120540,0.4815,0.4816
23537589,23544712,1698120600,0.4817,0.4823
23592380,23634195,1698120660,0.4823,0.483
23657107,23694158,1698120720,0.483,0.4827
23698423,23682146,1698120780,0.4827,0.4819
23680907,23678066,1698120840,0.4819,0.4818
23675737,23677174,1698120900,0.4818,0.4819
23687997,23732938,1698120960,0.482,0.4832
23732977,23758130,1698121020,0.483,0.481
23764344,23765924,1698121080,0.4809,0.4817
23769021,23769021,1698121140,0.4819,0.4816
23775124,23776648,1698121200,0.4817,0.4817
23786117,23787553,1698121260,0.4816,0.4813
23795504,23799772,1698121320,0.4813,0.4809
23797601,23800713,1698121380,0.481,0.4808
23807455,23812289,1698121440,0.4808,0.4807
25719172,26541856,1698121500,0.4807,0.6243
25896926,25686014,1698121560,0.6231,0.6256
25895884,25918349,1698121620,0.6258,0.619
26065611,25989767,1698121680,0.6192,0.6118
25807412,26107530,1698121740,0.6119,0.6148
26540696,26545521,1698121800,0.6148,0.6122
26946751,27503572,1698121860,0.6133,0.6272
27946819,28440389,1698121920,0.6263,0.64
28823342,28871044,1698121980,0.6399,0.6334
29173836,29470717,1698122040,0.6335,0.6376
29566321,29613303,1698122100,0.6376,0.6247
29887488,29733671,1698122160,0.6245,0.6066
29661348,29703334,1698122220,0.6067,0.6112
29879471,29976421,1698122280,0.6111,0.5966
28699209,28740840,1698122340,0.5969,0.5984
29056796,29300259,1698122400,0.5983,0.5926
29429622,29635989,1698122460,0.5925,0.6001
29573728,29594771,1698122520,0.6004,0.6009
29634454,29737182,1698122580,0.6011,0.5993
29930739,30032373,1698122640,0.5992,0.6029
30195919,30195919,1698122700,0.6028,0.5924
30115838,30146878,1698122760,0.5928,0.5975
30222173,30235389,1698122820,0.5976,0.5987
30433834,30717463,1698122880,0.5986,0.6019
30895424,30858966,1698122940,0.6017,0.6003
30811961,30838252,1698123000,0.6002,0.5991
30952408,31036697,1698123060,0.5991,0.5993
31023584,31123781,1698123120,0.5993,0.6018
31319231,31407316,1698123180,0.6017,0.6086
31515142,31365410,1698123240,0.6086,0.6121
31678718,31571810,1698123300,0.6122,0.6072
31534355,31493954,1698123360,0.6071,0.6112
31656153,31695022,1698123420,0.6111,0.6097
31766926,31863991,1698123480,0.6096,0.6091
31822354,31864602,1698123540,0.6092,0.6113
31913448,32289400,1698123600,0.611,0.6102
32385824,32365719,1698123660,0.6101,0.617
32235841,32401181,1698123720,0.6173,0.625
32401995,32509193,1698123780,0.6251,0.6211
32794266,32974762,1698123840,0.6207,0.6202
32980358,33459810,1698123900,0.6202,0.6264
33275658,33482116,1698123960,0.6266,0.623
33476035,33476035,1698124020,0.6233,0.6219
33626652,33918783,1698124080,0.6218,0.6172
33885565,34190362,1698124140,0.6171,0.618
34407184,34493433,1698124200,0.6182,0.6157
34416586,34188607,1698124260,0.6157,0.6119
34272484,34129905,1698124320,0.6118,0.6058
34061401,34225846,1698124380,0.6058,0.6097
34314454,34337463,1698124440,0.6098,0.6124
34391780,34655240,1698124500,0.6124,0.6117
34766117,34863345,1698124560,0.6118,0.6094
34969555,34900735,1698124620,0.6093,0.6144
34903140,34851618,1698124680,0.6141,0.614
34921550,34858663,1698124740,0.6138,0.61
34914256,34960370,1698124800,0.61,0.6113
35026686,35197751,1698124860,0.6112,0.6096
35205513,35237153,1698124920,0.6099,0.6107
35227092,35239553,1698124980,0.6107,0.6069
35305921,35303056,1698125040,0.6073,0.6083
35329676,35298756,1698125100,0.6082,0.6109
35393721,35452543,1698125160,0.6108,0.6093
35535392,35601813,1698125220,0.6091,0.6096
35533676,35775940,1698125280,0.6096,0.6116
35763351,35806810,1698125340,0.6115,0.6141
35976143,36109801,1698125400,0.6138,0.6124
36243914,36247084,1698125460,0.6124,0.6134
36292370,36292370,1698125520,0.6134,0.6172
36452592,36237646,1698125580,0.617,0.618
36373379,36379534,1698125640,0.618,0.6135
36574368,36708379,1698125700,0.6137,0.6174
36886191,37098114,1698125760,0.6174,0.6197
37236446,37324584,1698125820,0.6196,0.6192
37397832,36247464,1698125880,0.6191,0.6331
36300060,36669971,1698125940,0.6334,0.6405
36885270,36973095,1698126000,0.6409,0.6402
37204415,37496028,1698126060,0.6401,0.6403
37629718,37582371,1698126120,0.6402,0.6369
37950660,37796037,1698126180,0.637,0.632
38264829,38314904,1698126240,0.6321,0.6285
38624987,38370652,1698126300,0.6286,0.6169
38519850,38034921,1698126360,0.617,0.6114
38135378,37370583,1698126420,0.6113,0.5852
37186913,37439079,1698126480,0.5863,0.5867
37542762,37018139,1698126540,0.5869,0.5871
36995252,37087114,1698126600,0.5869,0.5828
36879383,36942260,1698126660,0.5825,0.5814
37127900,37256542,1698126720,0.5815,0.5799
37410739,37669494,1698126780,0.58,0.5801
37804187,37809119,1698126840,0.5799,0.5843
37855126,38087847,1698126900,0.5843,0.5826
38064463,38143481,1698126960,0.5823,0.5842
38136041,38201913,1698127020,0.5842,0.5765
38495255,37974334,1698127080,0.5764,0.5692
38241895,38406147,1698127140,0.5693,0.5693
38408489,38317601,1698127200,0.5692,0.5738
38312982,38611749,1698127260,0.5739,0.5691
38681867,38959341,1698127320,0.569,0.569
38708441,38562106,1698127380,0.5691,0.5623
38705828,38670044,1698127440,0.5624,0.5703
38533500,38942186,1698127500,0.57,0.5739
39046037,39180230,1698127560,0.5738,0.5712
39208223,39342785,1698127620,0.571,0.5689
39271732,38705257,1698127680,0.5689,0.579
38752353,38847710,1698127740,0.5788,0.5746
38872362,39205024,1698127800,0.5748,0.5697
39203904,39336188,1698127860,0.5697,0.5704
39284564,39289120,1698127920,0.5703,0.5578
38800584,38918310,1698127980,0.5579,0.5578
39172346,39238554,1698128040,0.5579,0.5608
39264192,39650195,1698128100,0.5608,0.5512
39390388,39334340,1698128160,0.5514,0.5511
39719666,39899107,1698128220,0.5511,0.5451
40036306,40191261,1698128280,0.5452,0.5453
40223417,40427572,1698128340,0.5453,0.5514
40543111,40381935,1698128400,0.5515,0.5507
40608640,39995495,1698128460,0.5506,0.5571
40033348,40213566,1698128520,0.5571,0.5541
40329186,40312398,1698128580,0.554,0.5556
40231935,40195725,1698128640,0.5557,0.5537
40212793,40199978,1698128700,0.5535,0.5515
40194391,40302840,1698128760,0.5516,0.5502
40186214,40197725,1698128820,0.55,0.5514
40224912,40341158,1698128880,0.5509,0.549
40335271,40426378,1698128940,0.5489,0.5501
40407316,40487826,1698129000,0.5504,0.5486
40435436,40339003,1698129060,0.5487,0.5536
40370538,40430741,1698129120,0.5537,0.5591
40319010,40474995,1698129180,0.559,0.5569
40512756,40566980,1698129240,0.5568,0.5549
40610834,40700735,1698129300,0.555,0.5577
40811803,40835228,1698129360,0.5576,0.5553
40771435,40862001,1698129420,0.5556,0.5578
40896984,40938177,1698129480,0.5578,0.5574
41017724,41010563,1698129540,0.5576,0.5583
41055659,41160116,1698129600,0.5581,0.5583
41228244,41307427,1698129660,0.5582,0.5636
41226298,41207780,1698129720,0.5638,0.563
41236406,41546722,1698129780,0.5629,0.5644
41532846,41585214,1698129840,0.5645,0.5628
41556006,41689566,1698129900,0.563,0.5588
41678329,41819589,1698129960,0.5588,0.5579
41736908,41805987,1698130020,0.558,0.5661
41743063,41285848,1698130080,0.566,0.5703
41277043,41374737,1698130140,0.5702,0.5721
41210070,41307223,1698130200,0.5722,0.5724
41282340,41068831,1698130260,0.5724,0.5695
41164433,41278373,1698130320,0.5694,0.571
41385822,41574108,1698130380,0.571,0.5688
41591910,41569452,1698130440,0.5689,0.5668
41564345,41564007,1698130500,0.5668,0.5669
41605338,41655398,1698130560,0.5669,0.5613
41811250,41873452,1698130620,0.5614,0.5649
41872274,41941993,1698130680,0.5647,0.5665
42083756,42022983,1698130740,0.5664,0.569
42364058,42400283,1698130800,0.5691,0.5693
42223111,41839035,1698130860,0.5692,0.5769
41630977,41747542,1698130920,0.5767,0.5779
42066263,42175434,1698130980,0.5778,0.5748
42182775,42116728,1698131040,0.5749,0.5742
42004202,42106664,1698131100,0.5739,0.5848
41253221,40857676,1698131160,0.5852,0.5931
40978992,41130403,1698131220,0.5927,0.5842
41408667,41453643,1698131280,0.5843,0.5984
41926929,42011140,1698131340,0.5988,0.6054
41935419,42211095,1698131400,0.6057,0.6079
42379239,42358378,1698131460,0.6074,0.603
42617634,43216793,1698131520,0.6029,0.609
43868729,43909760,1698131580,0.6088,0.6214
43810702,44038724,1698131640,0.6215,0.6213
44133907,44925036,1698131700,0.621,0.6276
45115133,45241988,1698131760,0.6275,0.6289
45313623,45728290,1698131820,0.6288,0.6305
45402638,45592044,1698131880,0.6392,0.6378
45823812,46429451,1698131940,0.6383,0.645
46423148,47174144,1698132000,0.6448,0.6523
47972752,48253861,1698132060,0.6527,0.6601
47998761,49202427,1698132120,0.6602,0.6475
49557611,50061246,1698132180,0.6476,0.648
50142212,49197301,1698132240,0.6482,0.6104
49946412,49736426,1698132300,0.6103,0.6219
49789027,50376564,1698132360,0.622,0.6295
51311235,51264876,1698132420,0.6297,0.6357
50691825,50847929,1698132480,0.6356,0.635
50874401,50962110,1698132540,0.6347,0.6393
51247827,51832541,1698132600,0.6392,0.6425
51805096,52118553,1698132660,0.6424,0.6419
52257102,52156985,1698132720,0.6417,0.6372
52210690,51892644,1698132780,0.6371,0.6517
51099721,51439600,1698132840,0.6517,0.6613
51165038,51645708,1698132900,0.6611,0.6642
52160864,52346536,1698132960,0.6645,0.6557
52294875,52410954,1698133020,0.6558,0.6563
52830332,52428604,1698133080,0.6563,0.6392
52935321,52981936,1698133140,0.6391,0.6498
53320449,53324440,1698133200,0.6497,0.6623
53461477,53592164,1698133260,0.6622,0.6614
54076318,54410314,1698133320,0.6611,0.6622
54683504,54565064,1698133380,0.6623,0.6714
54256975,54871687,1698133440,0.6715,0.675
54912667,55596125,1698133500,0.6751,0.6812
55907268,56249042,1698133560,0.6807,0.6714
56572367,55845034,1698133620,0.6715,0.69
56092060,56092060,1698133680,0.6891,0.6589
56117248,56044723,1698133740,0.6589,0.6696
56407772,55933276,1698133800,0.6699,0.6578
55702155,55737484,1698133860,0.6579,0.6598
55786574,54614662,1698133920,0.66,0.6416
54312284,54510834,1698133980,0.6417,0.6502
54477109,54401971,1698134040,0.6498,0.6507
54454217,54704428,1698134100,0.6506,0.6528
54732175,54923268,1698134160,0.6525,0.6574
55065347,54766492,1698134220,0.6577,0.6517
54740125,54838699,1698134280,0.6514,0.6553
54934548,55370615,1698134340,0.6554,0.6565
55606440,55457092,1698134400,0.6566,0.6369
55413935,55396981,1698134460,0.6367,0.635
55382003,55399182,1698134520,0.6352,0.6395
55562176,55843057,1698134580,0.6396,0.643
55621188,55118997,1698134640,0.643,0.647
54910031,54653732,1698134700,0.647,0.6362
54532140,53870271,1698134760,0.6364,0.6501
53915976,52205126,1698134820,0.6501,0.6601
52432351,52694285,1698134880,0.6602,0.6585
52767066,52603026,1698134940,0.6585,0.6506
52743976,52864277,1698135000,0.6505,0.6517
52894904,52949572,1698135060,0.6517,0.658
53193093,53387436,1698135120,0.6581,0.6649
53348331,54406851,1698135180,0.6648,0.6698
54688709,54497382,1698135240,0.6701,0.6651
55064815,54954463,1698135300,0.6652,0.6611
55075959,55386945,1698135360,0.6609,0.6664
55670344,55669730,1698135420,0.6664,0.6646
55693553,55020633,1698135480,0.6645,0.6531
55172402,54943642,1698135540,0.653,0.6538
54945607,54959851,1698135600,0.654,0.6533
54916656,54910235,1698135660,0.6536,0.6581
54907184,54972095,1698135720,0.658,0.6523
54981003,55082659,1698135780,0.6525,0.6444
54928941,54857171,1698135840,0.6443,0.6523
54890659,55155525,1698135900,0.6522,0.6572
55160357,55142612,1698135960,0.6573,0.6615
55573448,55789719,1698136020,0.6618,0.6612
55956716,56163246,1698136080,0.6611,0.6568
56186168,56366778,1698136140,0.6567,0.6515
56393784,56471451,1698136200,0.6514,0.6511
56266360,56031824,1698136260,0.6509,0.6455
55905092,55730820,1698136320,0.6457,0.6483
55857755,55789517,1698136380,0.6482,0.6537
55892513,55955591,1698136440,0.6537,0.6562
55910786,56006946,1698136500,0.6561,0.6539
56131675,56312025,1698136560,0.6536,0.6588
56288071,56260090,1698136620,0.6587,0.659
56357763,56331961,1698136680,0.6589,0.6608
56616558,56492796,1698136740,0.6607,0.6595
56570111,56515644,1698136800,0.6596,0.6599
56536793,56488585,1698136860,0.66,0.6608
56425884,56395891,1698136920,0.6607,0.6589
56617466,56472056,1698136980,0.6589,0.6579
56604159,56604159,1698137040,0.658,0.6657
57091328,56980845,1698137100,0.6654,0.6628
57011751,57119413,1698137160,0.6627,0.6618
57170502,57300665,1698137220,0.6617,0.6648
57210100,57252461,1698137280,0.6646,0.6637
57310068,57470237,1698137340,0.6638,0.6637
57557720,57380073,1698137400,0.6637,0.6585
57382604,57484624,1698137460,0.6586,0.6607
57566237,57556317,1698137520,0.6605,0.6635
57404990,57360276,1698137580,0.6634,0.6617
57295848,57734314,1698137640,0.6616,0.6624
57737828,57728006,1698137700,0.6626,0.665
57710198,57691030,1698137760,0.665,0.6674
57811495,57564238,1698137820,0.6673,0.6729
57354712,57354712,1698137880,0.6728,0.6701
57408106,57297617,1698137940,0.6703,0.6693
56981260,56888748,1698138000,0.6693,0.6629
56755155,56633885,1698138060,0.6632,0.6593
56635486,56794079,1698138120,0.6594,0.657
56586981,56800441,1698138180,0.6571,0.6609
56836562,56765033,1698138240,0.6607,0.6601
56591909,56716296,1698138300,0.66,0.6585
56770987,56972314,1698138360,0.6584,0.6605
57050741,56876751,1698138420,0.6604,0.6562
56938217,56935104,1698138480,0.6565,0.6557
56808639,56782396,1698138540,0.6557,0.6581
56794428,56733325,1698138600,0.6581,0.6553
56915248,56793900,1698138660,0.6554,0.6534
56677992,56639641,1698138720,0.6534,0.6536
56659711,56775151,1698138780,0.6536,0.6546
56837651,56833950,1698138840,0.6546,0.6551
56989790,56900510,1698138900,0.6552,0.6513
56965397,56819277,1698138960,0.6513,0.6428
56657475,56657475,1698139020,0.6427,0.6389
56767227,56662819,1698139080,0.639,0.6295
56638227,56266408,1698139140,0.6294,0.6247
56307919,56270978,1698139200,0.6246,0.6298
56217337,56236958,1698139260,0.6297,0.6298
56284850,56620822,1698139320,0.6298,0.6264
56985693,57128275,1698139380,0.6263,0.6248
57407501,57241824,1698139440,0.6247,0.6281
57217584,56958906,1698139500,0.6283,0.6318
57025236,57107238,1698139560,0.6319,0.6358
57037747,57234073,1698139620,0.6359,0.637
57296930,57189523,1698139680,0.6371,0.6377
56920580,56902469,1698139740,0.6378,0.6371
57018170,55976024,1698139800,0.6373,0.6447
56210120,56075738,1698139860,0.6453,0.6424
56186036,56295806,1698139920,0.6423,0.638
56294148,56436695,1698139980,0.638,0.6428
56492606,56672696,1698140040,0.6427,0.6439
56726666,56737040,1698140100,0.6438,0.6429
56851019,57002397,1698140160,0.6428,0.6409
57211630,57355642,1698140220,0.6409,0.6414
57369868,57285960,1698140280,0.6412,0.642
57301529,57257636,1698140340,0.6419,0.6432
57387296,57406018,1698140400,0.6433,0.6505
57146713,56710265,1698140460,0.6504,0.6528
56262597,56222761,1698140520,0.6528,0.6513
56334714,56332321,1698140580,0.6513,0.6558
55960648,55837365,1698140640,0.6559,0.6554
56005383,56305211,1698140700,0.6554,0.6603
56748534,56850719,1698140760,0.6605,0.6577
56934768,56952634,1698140820,0.6577,0.6596
57017695,57055427,1698140880,0.6598,0.6552
57102953,57120788,1698140940,0.6551,0.6559
57244835,57268990,1698141000,0.6558,0.6595
57082417,57107057,1698141060,0.6596,0.6628
57280499,57382017,1698141120,0.6628,0.6628
57488804,57293054,1698141180,0.6627,0.6666
57112783,57181932,1698141240,0.6667,0.6666
57244903,57092941,1698141300,0.6667,0.6665
57394995,57484360,1698141360,0.6667,0.6704
57476218,57464164,1698141420,0.6699,0.6664
57455843,57384859,1698141480,0.6664,0.6645
57471699,58380106,1698141540,0.6644,0.6722
58635985,58591569,1698141600,0.6723,0.6711
58705138,58705138,1698141660,0.6712,0.6759
58633401,58824865,1698141720,0.676,0.6749
59041566,58995576,1698141780,0.6747,0.6745
59007435,59022925,1698141840,0.6746,0.6742
58878991,59133091,1698141900,0.6742,0.676
59426579,59365865,1698141960,0.676,0.6787
59223706,59251040,1698142020,0.6788,0.6766
59346748,59241619,1698142080,0.6768,0.6703
59019751,59110973,1698142140,0.6705,0.6693
58995131,58631075,1698142200,0.669,0.6667
58747030,58433880,1698142260,0.6664,0.6613
58586606,58632185,1698142320,0.6612,0.6664
58672644,58963390,1698142380,0.6665,0.6692
58881296,58924687,1698142440,0.6694,0.6756
59120677,59214320,1698142500,0.6757,0.672
59349251,59599537,1698142560,0.6719,0.6742
59590458,59143974,1698142620,0.6742,0.6852
59186460,59189717,1698142680,0.6853,0.6831
59465692,59778813,1698142740,0.6832,0.6861
59901400,59838013,1698142800,0.6861,0.6941
59631092,59571826,1698142860,0.6942,0.687
59612428,59560253,1698142920,0.6869,0.6848
59638171,59478563,1698142980,0.6849,0.6806
59501700,59507602,1698143040,0.6806,0.6817
59658309,59805022,1698143100,0.6816,0.6798
59964809,59885671,1698143160,0.6798,0.6807
59791348,59638556,1698143220,0.6807,0.6815
59607716,59598617,1698143280,0.6816,0.6772
59712081,59741442,1698143340,0.6771,0.6778
59855470,59736142,1698143400,0.6778,0.6858
59703404,59822934,1698143460,0.686,0.68
59797071,59915441,1698143520,0.6802,0.6823
59871652,59943279,1698143580,0.6821,0.6842
60027328,60079139,1698143640,0.6842,0.6868
60089322,60371206,1698143700,0.6868,0.692
59854272,59508911,1698143760,0.6921,0.6972
59933854,59933854,1698143820,0.697,0.7029
60201599,60406918,1698143880,0.703,0.7029
60628965,60311969,1698143940,0.7028,0.7008
60455781,60555718,1698144000,0.7008,0.6974
60578557,60611171,1698144060,0.6975,0.7096
60528537,59997576,1698144120,0.7097,0.7194
60329238,60512790,1698144180,0.7195,0.7255
60420727,60481157,1698144240,0.7256,0.7226
60674183,60517107,1698144300,0.7226,0.7308
60658365,60268164,1698144360,0.7309,0.7384
60452494,59865006,1698144420,0.7382,0.7266
59623988,59657165,1698144480,0.7265,0.7333
59874200,59531692,1698144540,0.7332,0.7433
59728982,58348828,1698144600,0.7434,0.7184
57856502,58063006,1698144660,0.7185,0.7212
58249919,58362723,1698144720,0.7214,0.727
58149303,58139850,1698144780,0.7271,0.7285
58226191,58239704,1698144840,0.7285,0.7304
58341792,57974590,1698144900,0.7306,0.7471
57845719,57702958,1698144960,0.747,0.7393
57929051,57936478,1698145020,0.7392,0.7357
58144046,58334198,1698145080,0.7358,0.7355
58467864,58413172,1698145140,0.7355,0.7259
58165995,58181852,1698145200,0.7258,0.7291
57949464,58055820,1698145260,0.729,0.7329
57666999,57884760,1698145320,0.7329,0.737
57938839,57931288,1698145380,0.7371,0.7349
57916470,57856738,1698145440,0.7349,0.7278
57982953,58152355,1698145500,0.7278,0.7285
58176505,58144833,1698145560,0.7286,0.7314
58218473,58197343,1698145620,0.7315,0.7337
58220827,58276984,1698145680,0.7338,0.727
58314766,58319992,1698145740,0.727,0.7309
58343237,57834139,1698145800,0.7308,0.7412
58078091,57976725,1698145860,0.7413,0.727
58104333,58077503,1698145920,0.7271,0.7275
58045083,58226440,1698145980,0.7275,0.729
58331640,58482813,1698146040,0.7291,0.7326
58435363,58381805,1698146100,0.732,0.7304
58328500,58251120,1698146160,0.7305,0.7368
58107269,55519807,1698146220,0.737,0.7585
55723246,55530360,1698146280,0.7586,0.7546
55603633,56415640,1698146340,0.7545,0.7538
56703439,57097248,1698146400,0.7537,0.755
57302058,57541765,1698146460,0.7551,0.7552
57627630,57841038,1698146520,0.7552,0.7518
57852236,57964936,1698146580,0.7517,0.7579
58029549,58258396,1698146640,0.7581,0.7593
58394187,58677288,1698146700,0.7595,0.7606
58681892,58827738,1698146760,0.7606,0.7633
58850030,58712952,1698146820,0.7635,0.7574
58574487,58703692,1698146880,0.7574,0.7581
58832358,58686629,1698146940,0.758,0.7585
58729251,58985400,1698147000,0.7586,0.7614
59027051,59301335,1698147060,0.7613,0.7603
59642747,59642747,1698147120,0.7603,0.7607
59784195,59879255,1698147180,0.7609,0.765
59883746,59896332,1698147240,0.765,0.7677
59154906,57298248,1698147300,0.7678,0.7854
57090005,56581110,1698147360,0.7855,0.7999
56886461,56910524,1698147420,0.7995,0.8033
57104483,57770503,1698147480,0.8034,0.7997
57828336,58003216,1698147540,0.7996,0.8029
58292538,58615793,1698147600,0.8032,0.7901
58720881,58947607,1698147660,0.7903,0.794
59083327,59237836,1698147720,0.794,0.7901
59514736,59783989,1698147780,0.79,0.7937
60125757,60092438,1698147840,0.7939,0.7958
60190786,60457252,1698147900,0.7957,0.7983
60715768,60114958,1698147960,0.7983,0.8095
60430229,60128162,1698148020,0.8096,0.8177
60432723,60089223,1698148080,0.8181,0.8334
59898183,59902172,1698148140,0.8329,0.8304
59914927,60487087,1698148200,0.8305,0.8241
60380863,60553120,1698148260,0.8243,0.8388
60935970,61352162,1698148320,0.8389,0.8401
61499446,61543247,1698148380,0.8403,0.8305
61486924,61438801,1698148440,0.8308,0.8338
61571013,61850411,1698148500,0.8337,0.831
62168312,62296820,1698148560,0.8309,0.8267
62299913,61539978,1698148620,0.8266,0.8238
61954149,62270325,1698148680,0.8236,0.8242
62531341,63882882,1698148740,0.8246,0.8193
64004157,63931605,1698148800,0.8192,0.8318
63975013,63511458,1698148860,0.8319,0.853
63491800,63510734,1698148920,0.8537,0.8419
63754995,63803907,1698148980,0.8418,0.8435
63810886,64442062,1698149040,0.8436,0.8433
64405562,64461276,1698149100,0.8434,0.8429
64678502,64540116,1698149160,0.8427,0.8311
64539816,64911891,1698149220,0.831,0.8275
65141316,65220666,1698149280,0.8276,0.8308
65326732,65300394,1698149340,0.8306,0.8385
65475792,65724565,1698149400,0.8384,0.8208
65706698,65724668,1698149460,0.8209,0.8212
65716972,65857024,1698149520,0.8211,0.8278
65963886,66066023,1698149580,0.8279,0.8328
65936525,66122867,1698149640,0.8327,0.8126
66113781,65749839,1698149700,0.8128,0.8168
65818909,65971836,1698149760,0.8165,0.821
66054211,66166808,1698149820,0.8208,0.8116
66220211,64023574,1698149880,0.8115,0.8007
64272956,64486292,1698149940,0.8009,0.8045
64611741,64778277,1698150000,0.8044,0.8141
64771291,64755238,1698150060,0.8143,0.8214
64804687,64948869,1698150120,0.8213,0.8166
65091664,65139776,1698150180,0.8165,0.8122
65202692,65286754,1698150240,0.8123,0.8155
65461139,65354849,1698150300,0.8157,0.821
65521081,65618992,1698150360,0.8209,0.8201
65754580,65882943,1698150420,0.8203,0.8202
65918469,65702470,1698150480,0.8203,0.8272
65717332,65839679,1698150540,0.8271,0.8247
65969203,65920502,1698150600,0.8246,0.8248
65919642,65770202,1698150660,0.8247,0.8209
65754857,65644840,1698150720,0.8207,0.8073
65730833,65792995,1698150780,0.8073,0.8119
65830184,65791823,1698150840,0.812,0.8122
65783987,64699800,1698150900,0.812,0.7953
64865949,64870955,1698150960,0.7951,0.8029
64997851,64922512,1698151020,0.8028,0.7962
65168400,65167649,1698151080,0.7962,0.7969
65189642,65264644,1698151140,0.797,0.7935
65229991,65154505,1698151200,0.7936,0.8094
64938516,64995336,1698151260,0.8095,0.8103
65070245,65072530,1698151320,0.8102,0.8063
65107110,65428482,1698151380,0.8063,0.8082
65630652,65730244,1698151440,0.8082,0.8135
65823438,65814089,1698151500,0.8135,0.8096
65912398,65912398,1698151560,0.8094,0.7984
65969581,66079051,1698151620,0.7984,0.8042
66101950,66265893,1698151680,0.8043,0.8085
66263794,66428577,1698151740,0.8084,0.8049
66585713,66650363,1698151800,0.805,0.8061
66974993,66231593,1698151860,0.8063,0.819
66411506,66540512,1698151920,0.819,0.819
66667802,66916175,1698151980,0.8191,0.8187
67177864,67130783,1698152040,0.8188,0.8101
67148098,67290234,1698152100,0.8102,0.7989
67299954,67457476,1698152160,0.799,0.7975
67613764,67713353,1698152220,0.7974,0.7971
67972796,68020383,1698152280,0.7972,0.8001
68027404,68240480,1698152340,0.8003,0.7936
68465662,68465662,1698152400,0.7937,0.7942
68611036,68715413,1698152460,0.7941,0.796
68933801,69019196,1698152520,0.796,0.8007
69041658,69033005,1698152580,0.8005,0.8033
69078561,69181972,1698152640,0.8033,0.8022
69394961,69228403,1698152700,0.8023,0.8106
68379194,68458458,1698152760,0.8104,0.8123
68565300,68631255,1698152820,0.8125,0.809
68622042,68707321,1698152880,0.8089,0.8022
68698013,68798459,1698152940,0.8022,0.8066
68747739,68821040,1698153000,0.8066,0.7993
68886269,68454950,1698153060,0.7996,0.7851
68517336,68811762,1698153120,0.7855,0.7872
68829414,69041300,1698153180,0.7874,0.7911
69074400,69165086,1698153240,0.791,0.7936
69358647,69282199,1698153300,0.7935,0.7972
69233171,69243606,1698153360,0.7971,0.7962
69321139,69341365,1698153420,0.7963,0.8015
69215705,69364967,1698153480,0.8015,0.8058
69477332,69542055,1698153540,0.8056,0.8058
69548374,69433049,1698153600,0.8057,0.8134
69487044,69591866,1698153660,0.8132,0.8058
69634180,69646206,1698153720,0.8061,0.8035
69664277,69706631,1698153780,0.8034,0.8068
69803036,69923626,1698153840,0.8066,0.8079
69948891,69969379,1698153900,0.8078,0.808
69974378,70064264,1698153960,0.8078,0.7984
70167484,70135652,1698154020,0.7984,0.804
70087356,69958679,1698154080,0.8041,0.8109
70037963,70141812,1698154140,0.8108,0.8062
70174362,70252382,1698154200,0.8063,0.8109
70269711,70320958,1698154260,0.8109,0.8109
70372603,70267227,1698154320,0.8108,0.8021
70370131,70579871,1698154380,0.802,0.7982
70556478,70556478,1698154440,0.7985,0.8018
70623311,70688084,1698154500,0.8017,0.8003
70825398,70798593,1698154560,0.8002,0.8023
70860478,70924865,1698154620,0.8023,0.8062
70889266,71011004,1698154680,0.8064,0.8028
70960457,71114334,1698154740,0.8029,0.8062
71178512,71298746,1698154800,0.8062,0.8093
71599058,71578962,1698154860,0.8094,0.8095
71767599,71800201,1698154920,0.8097,0.8085
71748401,71856139,1698154980,0.8086,0.8128
71924129,72119064,1698155040,0.8127,0.818
72060618,72004688,1698155100,0.8178,0.818
72439575,72587448,1698155160,0.8179,0.8173
72707096,72663329,1698155220,0.8174,0.8109
72592961,72708537,1698155280,0.8106,0.8173
72672804,72616449,1698155340,0.817,0.8189
72617295,72677546,1698155400,0.8189,0.8161
72691179,72703316,1698155460,0.8161,0.816
72825861,72930069,1698155520,0.8162,0.8162
72989476,72895286,1698155580,0.8161,0.8132
72823025,72893126,1698155640,0.8131,0.8156
72957872,72565402,1698155700,0.8156,0.81
72632320,72692318,1698155760,0.8097,0.8101
72667362,72635383,1698155820,0.8101,0.8136
72689151,72665024,1698155880,0.8137,0.8132
72699647,72772640,1698155940,0.8131,0.8111
72803398,72765334,1698156000,0.8112,0.82
72669217,72705350,1698156060,0.8201,0.8203
72525227,72592143,1698156120,0.8202,0.8192
72662315,72159622,1698156180,0.8189,0.8088
72173847,72266198,1698156240,0.8087,0.8145
72517053,72618186,1698156300,0.8146,0.8211
72654295,71795526,1698156360,0.8213,0.828
71932113,71786843,1698156420,0.8281,0.8281
71889034,72050815,1698156480,0.8279,0.825
72072785,72091567,1698156540,0.8251,0.8234
72117591,72265939,1698156600,0.8234,0.8214
72264240,72371202,1698156660,0.8215,0.8237
72371873,72358845,1698156720,0.8238,0.8216
72305969,72328054,1698156780,0.8217,0.8221
72400986,72404409,1698156840,0.822,0.8211
72442945,72178979,1698156900,0.821,0.8172
72286672,72343472,1698156960,0.8171,0.82
72337864,72491716,1698157020,0.82,0.8194
72056920,71878917,1698157080,0.8195,0.8165
71874574,72152820,1698157140,0.8164,0.8055
71943963,71497005,1698157200,0.8056,0.8015
71642230,71640443,1698157260,0.8014,0.7947
71721653,71658346,1698157320,0.7948,0.7876
71450713,71416227,1698157380,0.7877,0.7891
71421143,71931190,1698157440,0.7892,0.7874
71941438,72356364,1698157500,0.7875,0.7849
72342135,72294386,1698157560,0.7852,0.7988
71677553,71603500,1698157620,0.7987,0.8027
71724251,71724536,1698157680,0.8028,0.802
71769327,71920514,1698157740,0.8019,0.8008
71997367,72286486,1698157800,0.8009,0.7965
72373785,72452455,1698157860,0.7965,0.8027
72383632,72010991,1698157920,0.8028,0.802
72088894,72261886,1698157980,0.8021,0.8005
72568373,72674364,1698158040,0.8005,0.8008
72884154,72892846,1698158100,0.8007,0.7973
73054350,73073206,1698158160,0.7974,0.7993
73076142,73105310,1698158220,0.7994,0.8
73139182,72946931,1698158280,0.7999,0.8053
72943958,72643522,1698158340,0.8053,0.8082
72552999,72422146,1698158400,0.8081,0.8086
72364102,72414720,1698158460,0.8083,0.8082
72535423,72629551,1698158520,0.8082,0.8057
72588832,72610160,1698158580,0.8056,0.8087
72663902,72698710,1698158640,0.8088,0.8089
72743141,72702524,1698158700,0.8089,0.8107
72475053,72064346,1698158760,0.8106,0.818
71971991,71986109,1698158820,0.8181,0.8178
72224761,72286920,1698158880,0.8177,0.8193
72314234,72291158,1698158940,0.8193,0.823
72440750,72493856,1698159000,0.823,0.8205
72557252,72634197,1698159060,0.8206,0.8234
72617070,72068146,1698159120,0.8234,0.8296
72345143,72618009,1698159180,0.8297,0.8324
72802008,73136651,1698159240,0.8322,0.8353
73566481,73630325,1698159300,0.8354,0.8302
73688946,73786453,1698159360,0.8301,0.8315
73787818,73672047,1698159420,0.8277,0.828
73853617,73916836,1698159480,0.8279,0.8272
73961982,73975471,1698159540,0.8268,0.8283
73987806,74011913,1698159600,0.8283,0.8279
74050917,74001428,1698159660,0.8279,0.8233
73983288,74001010,1698159720,0.8232,0.8251
73884748,73884748,1698159780,0.8252,0.8242
73886394,73549779,1698159840,0.8243,0.8177
73472913,73364271,1698159900,0.8177,0.8234
73340581,73443146,1698159960,0.8234,0.819
73547431,73701118,1698160020,0.8189,0.8176
73728858,73769265,1698160080,0.8177,0.8214
73952174,74054830,1698160140,0.8213,0.8179
74010723,74001435,1698160200,0.8179,0.814
73818669,73856772,1698160260,0.8141,0.8161
73816293,73689834,1698160320,0.8162,0.8143
73662103,73652590,1698160380,0.8142,0.8182
73316239,73324983,1698160440,0.8182,0.8154
73384758,73554537,1698160500,0.8155,0.8204
73706396,73752835,1698160560,0.8203,0.8136
73645459,73868759,1698160620,0.8136,0.8094
73872360,73915957,1698160680,0.8095,0.8176
73820852,74108392,1698160740,0.8175,0.8122
73763523,74070809,1698160800,0.8123,0.8111
73994778,73413938,1698160860,0.811,0.8034
73308717,73420627,1698160920,0.8037,0.8024
73448406,73570705,1698160980,0.8028,0.8
73718175,73615055,1698161040,0.8,0.7985
73732776,73724278,1698161100,0.7985,0.7991
73776738,74002279,1698161160,0.799,0.7936
73936502,74022903,1698161220,0.7934,0.802
74074934,74064652,1698161280,0.8019,0.8031
74160064,74184480,1698161340,0.8032,0.7965
74202754,74509776,1698161400,0.7964,0.7899
74468072,74456357,1698161460,0.7896,0.7861
73291405,72654673,1698161520,0.7864,0.7769
72334362,72267058,1698161580,0.7768,0.7952
72123736,71965332,1698161640,0.7949,0.7907
71967327,72134035,1698161700,0.7905,0.7871
72451571,72291530,1698161760,0.7872,0.7804
72601908,72671807,1698161820,0.7802,0.7614
72543695,72569031,1698161880,0.762,0.7693
72688344,72206984,1698161940,0.7698,0.7675
71367248,71091721,1698162000,0.7676,0.774
71215846,71372103,1698162060,0.7741,0.7738
71337420,71509662,1698162120,0.7736,0.775
71696491,72073711,1698162180,0.7749,0.7677
71999227,72080349,1698162240,0.7677,0.7789
72219457,72210128,1698162300,0.779,0.7875
72465233,72465233,1698162360,0.7874,0.7894
72541467,72578089,1698162420,0.7894,0.7895
72600324,72712043,1698162480,0.7895,0.7889
72746353,72504503,1698162540,0.788,0.7881
72646593,72789346,1698162600,0.788,0.7851
72746687,72397903,1698162660,0.7851,0.7775
72367808,72373962,1698162720,0.7772,0.7739
72486028,72519806,1698162780,0.774,0.7773
72680276,72780044,1698162840,0.7772,0.7803
72731277,72837541,1698162900,0.7804,0.78
72946173,73142231,1698162960,0.7799,0.7772
73383373,73487423,1698163020,0.7772,0.7743
73720704,73923037,1698163080,0.7744,0.7816
74284854,74370445,1698163140,0.7816,0.7819
75009316,74555905,1698163200,0.7818,0.7569
74448546,74788018,1698163260,0.7568,0.7478
74559767,74704695,1698163320,0.7473,0.741
74433918,74540018,1698163380,0.7411,0.7355
75130163,75123005,1698163440,0.7354,0.7206
75500803,75500184,1698163500,0.7204,0.7214
75889074,75584931,1698163560,0.7213,0.7276
75698444,75820149,1698163620,0.7277,0.7346
75222144,75609461,1698163680,0.7346,0.7296
75898022,76035140,1698163740,0.7295,0.7347
75989502,76156531,1698163800,0.7348,0.7415
75559122,74771855,1698163860,0.7414,0.7489
74361421,74342080,1698163920,0.749,0.7405
74451418,74529241,1698163980,0.7404,0.7303
74643677,74876572,1698164040,0.7303,0.7289
74888721,74959775,1698164100,0.729,0.7303
74708152,74512836,1698164160,0.7302,0.7176
74499107,74076134,1698164220,0.7175,0.7342
74139499,73903285,1698164280,0.7341,0.7389
73797458,73899193,1698164340,0.739,0.7324
74118833,74135083,1698164400,0.7328,0.7388
74330736,74180669,1698164460,0.7389,0.7431
74253346,74303391,1698164520,0.7429,0.7381
74219329,74055629,1698164580,0.738,0.7297
74260684,74424582,1698164640,0.7296,0.7304
74526210,74470873,1698164700,0.7304,0.734
74542011,74537574,1698164760,0.734,0.7359
74580045,74606464,1698164820,0.7359,0.7397
74690026,74622585,1698164880,0.7398,0.7291
74615811,74722850,1698164940,0.7292,0.7248
74719610,74615331,1698165000,0.7246,0.7176
74676388,74689545,1698165060,0.7175,0.7291
74553092,74576734,1698165120,0.7401,0.7401
74586944,74454174,1698165180,0.74,0.7418
74504231,74595804,1698165240,0.7418,0.7382
74907049,74969254,1698165300,0.7381,0.7377
74972317,75083552,1698165360,0.7376,0.7399
75070527,75083640,1698165420,0.7398,0.7345
74947130,75219896,1698165480,0.7344,0.7374
75220914,75318293,1698165540,0.7373,0.7362
75250931,75463495,1698165600,0.7361,0.7411
75680703,75506099,1698165660,0.7412,0.7452
75528414,75664552,1698165720,0.7451,0.7444
75542987,75590607,1698165780,0.7445,0.7438
75620741,75690646,1698165840,0.7438,0.7451
75727344,75861652,1698165900,0.7452,0.7401
75459259,75724862,1698165960,0.74,0.7424
75819142,76033509,1698166020,0.7425,0.7435
76120682,76080916,1698166080,0.7436,0.74
76016761,76067084,1698166140,0.7401,0.7419
76043552,76254869,1698166200,0.742,0.7409
76179955,75934544,1698166260,0.7409,0.7402
75963849,75913310,1698166320,0.7403,0.7375
76030110,76111422,1698166380,0.7374,0.7418
76060680,76129274,1698166440,0.7417,0.7459
76297346,76171266,1698166500,0.7458,0.7375
76078889,76021679,1698166560,0.7375,0.734
75999326,75992561,1698166620,0.7339,0.7303
75544716,75625007,1698166680,0.7302,0.7285
75639817,75799243,1698166740,0.7286,0.727
75867846,76052704,1698166800,0.727,0.73
76080073,76115746,1698166860,0.7301,0.7293
76251403,76228693,1698166920,0.7294,0.7297
76316783,76280007,1698166980,0.7297,0.7339
76255790,76194167,1698167040,0.7339,0.7352
76221525,76201555,1698167100,0.7353,0.7366
76195514,76222451,1698167160,0.7366,0.7361
76163042,76176038,1698167220,0.7362,0.7404
76215173,76223521,1698167280,0.7403,0.7399
76280146,76171902,1698167340,0.7399,0.7381
76188720,76301885,1698167400,0.738,0.731
76379002,76406099,1698167460,0.7309,0.7338
76434490,76427735,1698167520,0.7336,0.7314
76413306,76574858,1698167580,0.7314,0.7318
76629170,76704723,1698167640,0.7316,0.7336
76793712,76793712,1698167700,0.7335,0.7364
76798593,76776203,1698167760,0.7364,0.7393
76773657,76759619,1698167820,0.7392,0.741
76942493,76939572,1698167880,0.7409,0.74
76975428,77034217,1698167940,0.7399,0.7404
77092992,77057105,1698168000,0.7403,0.7398
77031483,77056991,1698168060,0.7398,0.7384
77089394,76949914,1698168120,0.7385,0.7319
76975979,76968305,1698168180,0.732,0.729
77045516,77038564,1698168240,0.7289,0.7322
77054669,77031624,1698168300,0.7322,0.7334
77017835,77053301,1698168360,0.7333,0.7304
77266561,77325459,1698168420,0.7305,0.729
77239803,77151208,1698168480,0.729,0.7324
77254949,77235687,1698168540,0.7324,0.7321
77229876,77139481,1698168600,0.7322,0.7302
77129433,77116353,1698168660,0.7302,0.7315
77158971,77169731,1698168720,0.7314,0.729
77164096,77120251,1698168780,0.7289,0.7259
77238276,77238175,1698168840,0.7258,0.7287
77282985,77320756,1698168900,0.7286,0.7311
77320177,77334940,1698168960,0.7312,0.7312
77436408,77446931,1698169020,0.7312,0.7296
77450704,77619735,1698169080,0.7297,0.7343
77540277,77562482,1698169140,0.7342,0.735
77536402,77594248,1698169200,0.735,0.7357
77648838,77565820,1698169260,0.7356,0.7347
77600136,77397626,1698169320,0.7348,0.7446
77497223,76977198,1698169380,0.7446,0.7495
77060799,76500663,1698169440,0.7494,0.7479
76307536,76309135,1698169500,0.748,0.7496
76443689,76408084,1698169560,0.7495,0.7432
76339128,76538147,1698169620,0.7431,0.7444
76566772,76470525,1698169680,0.7444,0.7402
76415439,76334178,1698169740,0.7401,0.7417
76414574,76421760,1698169800,0.7416,0.7376
76429112,76495500,1698169860,0.7377,0.7389
76482830,76534368,1698169920,0.7388,0.7394
76524899,76620971,1698169980,0.7394,0.739
76609851,76668729,1698170040,0.7391,0.7385
76709664,76616174,1698170100,0.7386,0.7337
76710109,76725952,1698170160,0.7336,0.7359
76720324,76739242,1698170220,0.736,0.7333
76740445,76694738,1698170280,0.7334,0.7311
76644794,76363873,1698170340,0.7311,0.7292
76460001,76564428,1698170400,0.7292,0.7252
76593655,76223744,1698170460,0.7254,0.7155
76223854,76346520,1698170520,0.7157,0.7257
76191241,76116387,1698170580,0.726,0.7266
76160139,76207851,1698170640,0.7269,0.7284
76204204,76231493,1698170700,0.7285,0.7235
76342536,76367990,1698170760,0.7236,0.727
76373571,76416126,1698170820,0.727,0.7259
76415920,76431258,1698170880,0.7258,0.7252
76447995,76470839,1698170940,0.7253,0.7263
76434428,76444687,1698171000,0.7262,0.7295
76342158,76389462,1698171060,0.7295,0.7288
76432195,76480761,1698171120,0.7287,0.7309
76454558,76469700,1698171180,0.7308,0.731
76312338,76253976,1698171240,0.731,0.7351
76188911,76225778,1698171300,0.735,0.7331
76220844,76216800,1698171360,0.7331,0.7312
76271805,76362611,1698171420,0.7312,0.7322
76407034,76398165,1698171480,0.7322,0.732
76380913,76317463,1698171540,0.732,0.7282
76311320,76398072,1698171600,0.7281,0.7259
76607435,76417085,1698171660,0.7259,0.7186
76482004,76451967,1698171720,0.7185,0.7224
76553480,76540726,1698171780,0.7224,0.7198
76582332,75506927,1698171840,0.7198,0.7013
74399002,74628724,1698171900,0.7017,0.7015
74755799,74767141,1698171960,0.7014,0.7052
74679449,74781621,1698172020,0.7051,0.6993
74854623,74682251,1698172080,0.6994,0.7002
74623639,74677651,1698172140,0.7003,0.6982
74733062,74905097,1698172200,0.6983,0.7003
74989351,74913970,1698172260,0.7003,0.7
74853580,74889508,1698172320,0.7,0.7001
74951686,74632200,1698172380,0.7,0.6885
74524880,73937187,1698172440,0.6888,0.69
73398499,73398499,1698172500,0.69,0.6878
73478479,72724505,1698172560,0.688,0.6761
72295864,72353747,1698172620,0.676,0.6658
72408858,72317344,1698172680,0.666,0.6681
72313397,72360500,1698172740,0.668,0.6712
72221492,72310900,1698172800,0.6713,0.6672
72092432,71873500,1698172860,0.6673,0.6714
71755628,71270010,1698172920,0.6713,0.6738
71412859,71386169,1698172980,0.6737,0.6754
71386815,71452155,1698173040,0.6754,0.6733
71472886,71274818,1698173100,0.6733,0.6804
71057122,71072473,1698173160,0.6805,0.676
71141671,71233458,1698173220,0.676,0.6799
71375036,71374406,1698173280,0.68,0.6785
71412563,71322094,1698173340,0.6785,0.6725
71352623,71339467,1698173400,0.6726,0.6744
71370191,71422235,1698173460,0.6743,0.678
71401873,71388232,1698173520,0.6779,0.6792
71461037,71487528,1698173580,0.6791,0.68
71457231,71436382,1698173640,0.6801,0.6779
71461702,71481799,1698173700,0.6778,0.6768
71456077,71371482,1698173760,0.6768,0.6741
71403625,71388815,1698173820,0.6739,0.6787
71365368,71365077,1698173880,0.6786,0.6778
71341390,71448157,1698173940,0.6777,0.6786
71426596,71366684,1698174000,0.6787,0.6767
71355167,71298789,1698174060,0.6768,0.6862
70353088,70193950,1698174120,0.6863,0.6874
70378856,70439093,1698174180,0.6873,0.6909
70094997,70104616,1698174240,0.6909,0.69
70255682,70357236,1698174300,0.6899,0.6942
70184421,70197549,1698174360,0.6943,0.6935
70183355,70277525,1698174420,0.6936,0.6916
70319125,70189974,1698174480,0.6916,0.6877
70326410,70439416,1698174540,0.6877,0.6878
70497833,70332585,1698174600,0.6878,0.6847
70555083,70582751,1698174660,0.6846,0.6864
70586734,70485897,1698174720,0.6863,0.6905
70554477,70623161,1698174780,0.6906,0.6898
70620839,70652778,1698174840,0.6898,0.6881
70659027,70757981,1698174900,0.6881,0.69
70793837,70913028,1698174960,0.69,0.6903
70896810,70883180,1698175020,0.6902,0.6882
70874528,70844242,1698175080,0.6882,0.6846
70835021,70524842,1698175140,0.6846,0.68
70484621,70607147,1698175200,0.6802,0.6816
70599457,70630719,1698175260,0.6817,0.6846
70579438,70497505,1698175320,0.6845,0.6839
70461928,70471899,1698175380,0.6841,0.6844
70630029,70618096,1698175440,0.6844,0.6855
70634206,70608152,1698175500,0.6854,0.6845
70641615,70650149,1698175560,0.6845,0.6836
70630231,70636518,1698175620,0.6837,0.6844
70610919,70636306,1698175680,0.6845,0.6874
70584897,70602153,1698175740,0.6873,0.6875
70616940,70565549,1698175800,0.6875,0.6899
70530164,70602261,1698175860,0.6899,0.6909
70647625,70598295,1698175920,0.6909,0.6861
70443885,70641380,1698175980,0.6861,0.6878
70711715,70755251,1698176040,0.6879,0.6894
70788609,70861556,1698176100,0.6894,0.69
70889399,70843704,1698176160,0.69,0.6875
70833888,70864441,1698176220,0.6874,0.6871
70911707,70952604,1698176280,0.6872,0.692
71025598,71112092,1698176340,0.6921,0.6917
71174481,71151050,1698176400,0.6916,0.6894
71121136,71124110,1698176460,0.6895,0.6881
71156653,71041928,1698176520,0.6881,0.6851
71105300,71149617,1698176580,0.685,0.6903
71196048,71221823,1698176640,0.6902,0.69
71302721,71317531,1698176700,0.6901,0.6896
71409003,71453343,1698176760,0.6895,0.6895
71416222,71405631,1698176820,0.6895,0.6897
71427764,71459843,1698176880,0.6895,0.6896
71477099,71430169,1698176940,0.6896,0.6876
71473962,71510659,1698177000,0.6877,0.6865
71504709,71571043,1698177060,0.6865,0.6877
71591260,71620851,1698177120,0.6877,0.6864
71721134,71759410,1698177180,0.6862,0.6855
71739432,71963993,1698177240,0.6857,0.688
71963796,72074959,1698177300,0.6879,0.6896
72061621,72009130,1698177360,0.6897,0.688
72005327,71995890,1698177420,0.6879,0.69
72019580,71980048,1698177480,0.6899,0.6876
71953914,72018023,1698177540,0.6877,0.6896
72110034,71954608,1698177600,0.6895,0.6902
71983625,72051381,1698177660,0.6903,0.6903
72093542,72008611,1698177720,0.6903,0.6863
71865128,71938407,1698177780,0.6863,0.6905
72040907,71680858,1698177840,0.6906,0.6948
71572469,71450132,1698177900,0.6948,0.6923
71493169,71561502,1698177960,0.6924,0.6919
71624429,71615877,1698178020,0.692,0.6937
71623193,71455586,1698178080,0.6938,0.6971
71502191,70126128,1698178140,0.6971,0.7146
69719368,69544250,1698178200,0.7147,0.7107
69578193,69495533,1698178260,0.7107,0.7127
69330212,68457585,1698178320,0.7127,0.7222
68430620,68480076,1698178380,0.7221,0.7185
68512564,68676126,1698178440,0.7184,0.7238
68438647,68622506,1698178500,0.7239,0.7282
68605460,68344937,1698178560,0.7281,0.7332
68415454,68520252,1698178620,0.7333,0.727
68376258,68522171,1698178680,0.7272,0.7289
68582175,68255219,1698178740,0.7292,0.7239
68384835,68326280,1698178800,0.7239,0.7203
68495992,68537764,1698178860,0.7202,0.7252
68528791,68485196,1698178920,0.7252,0.724
68615453,68621282,1698178980,0.7239,0.7293
68442073,68491748,1698179040,0.7294,0.7264
68458122,68343415,1698179100,0.7264,0.7237
68373867,68436765,1698179160,0.7235,0.7274
68441392,68550402,1698179220,0.7275,0.7288
68585040,68679391,1698179280,0.7289,0.7252
68657902,68656914,1698179340,0.7252,0.7274
68724686,68777520,1698179400,0.7274,0.7256
68793086,68802146,1698179460,0.7256,0.7176
68530370,68637273,1698179520,0.7175,0.7221
68675583,68670655,1698179580,0.7222,0.7224
68661865,68705028,1698179640,0.7223,0.7213
68697454,68724987,1698179700,0.7212,0.7228
68753234,68794240,1698179760,0.7228,0.7203
68783626,68765138,1698179820,0.7204,0.7171
68616108,68682934,1698179880,0.7172,0.7191
68664498,68739421,1698179940,0.7191,0.717
68803689,68810813,1698180000,0.717,0.7183
68765071,68795306,1698180060,0.7184,0.7173
68666605,68571431,1698180120,0.7173,0.7124
68539427,68575139,1698180180,0.7125,0.7104
68617595,68553682,1698180240,0.7103,0.7116
68679067,68529506,1698180300,0.7116,0.7121
68558518,68422877,1698180360,0.7122,0.7184
68432791,68523915,1698180420,0.7185,0.7211
68593948,68539466,1698180480,0.7212,0.7175
68591066,68599003,1698180540,0.7176,0.7186
68624158,68640128,1698180600,0.7186,0.719
68594444,68543089,1698180660,0.719,0.7158
68555014,68584674,1698180720,0.7159,0.7167
68588859,68577634,1698180780,0.7167,0.7144
68564835,68543108,1698180840,0.7144,0.7136
68608446,68605258,1698180900,0.7136,0.7121
68394626,68352966,1698180960,0.7123,0.7154
68350934,68527960,1698181020,0.7155,0.7156
68517470,68710177,1698181080,0.7157,0.7183
68623717,68670340,1698181140,0.7184,0.715
68655292,68822106,1698181200,0.715,0.7168
68795046,68691952,1698181260,0.7168,0.7148
68668684,68724153,1698181320,0.7147,0.7178
68750688,68635726,1698181380,0.7177,0.715
68714056,68707143,1698181440,0.7149,0.7118
68670773,68672675,1698181500,0.7119,0.7092
68423938,68368008,1698181560,0.7091,0.7038
68299557,67976044,1698181620,0.7037,0.6991
67900318,67904145,1698181680,0.6992,0.698
67916763,67989431,1698181740,0.698,0.6991
67948790,67925296,1698181800,0.699,0.6904
68011430,68100215,1698181860,0.6902,0.6916
68215067,68230932,1698181920,0.6915,0.6935
68230077,68237276,1698181980,0.6935,0.6936
68312279,68344474,1698182040,0.6937,0.6969
68486180,68561061,1698182100,0.6968,0.6982
68494274,68558645,1698182160,0.6981,0.6927
68545346,68626277,1698182220,0.6927,0.6948
68706430,68737631,1698182280,0.6948,0.6988
68744255,68558831,1698182340,0.6988,0.6989
68581833,68641419,1698182400,0.699,0.6978
68700861,68646834,1698182460,0.6979,0.7013
68647449,68557609,1698182520,0.7012,0.7047
68143130,68161779,1698182580,0.7049,0.7034
68137110,68137678,1698182640,0.7034,0.7028
68188306,68253107,1698182700,0.7028,0.7065
68322498,68317072,1698182760,0.7064,0.7046
68309842,68306862,1698182820,0.7046,0.7039
68557152,68536680,1698182880,0.7039,0.6956
68546490,68654064,1698182940,0.6957,0.6938
68365083,68434022,1698183000,0.6939,0.7007
68431368,68450838,1698183060,0.7006,0.7002
68547670,68713466,1698183120,0.7003,0.6986
68731719,68822572,1698183180,0.6986,0.7007
68810188,68833701,1698183240,0.7007,0.7015
68788245,68775718,1698183300,0.7015,0.6994
68742285,68662395,1698183360,0.6994,0.6973
68650368,68673247,1698183420,0.6972,0.6993
68665015,68650401,1698183480,0.6994,0.6939
68601292,68607636,1698183540,0.6937,0.696
68623431,68599237,1698183600,0.6961,0.6898
68241629,68218162,1698183660,0.6898,0.6915
68253129,68229568,1698183720,0.6915,0.6932
68294375,68194304,1698183780,0.6933,0.695
68216956,68190783,1698183840,0.6949,0.6937
68236815,68308658,1698183900,0.6938,0.6989
68308863,68330817,1698183960,0.699,0.7031
68177251,68260360,1698184020,0.7032,0.7007
68254816,68268659,1698184080,0.7007,0.6985
68290949,68316917,1698184140,0.6985,0.6995
68333490,68380058,1698184200,0.6993,0.6998
68400599,68448329,1698184260,0.6997,0.7006
68428910,68503876,1698184320,0.7006,0.7021
68546101,68529916,1698184380,0.702,0.7091
68292134,67999771,1698184440,0.7092,0.7113
67836788,67847726,1698184500,0.7112,0.7096
67854166,67773320,1698184560,0.7094,0.7121
67709186,67696210,1698184620,0.7122,0.7127
67707267,67480810,1698184680,0.7127,0.715
67495620,67508049,1698184740,0.7149,0.7139
67645811,67645811,1698184800,0.714,0.7103
67645811,67645811,1698184860,0.7101,0.7118
