"timestamp","OI_open","OI_close","price_close"
1697935020,6593591,6593248,29.401
1697935080,6593021,6593611,29.371
1697935140,6594784,6594639,29.345
1697935200,6594393,6594246,29.365
1697935260,6593664,6593832,29.391
1697935320,6593820,6593111,29.364
1697935380,6593697,6593502,29.374
1697935440,6594606,6594814,29.358
1697935500,6594761,6595363,29.37
1697935560,6594076,6592600,29.328
1697935620,6592096,6592896,29.357
1697935680,6596530,6598858,29.382
1697935740,6598887,6597032,29.461
1697935800,6594465,6588399,29.525
1697935860,6586877,6576597,29.532
1697935920,6569136,6571412,29.515
1697935980,6572023,6569379,29.484
1697936040,6573998,6584615,29.384
1697936100,6584439,6586542,29.323
1697936160,6582916,6581705,29.244
1697936220,6582777,6580485,29.301
1697936280,6583157,6583621,29.31
1697936340,6581150,6580980,29.306
1697936400,6578787,6578741,29.286
1697936460,6578503,6574952,29.299
1697936520,6572404,6567693,29.351
1697936580,6568472,6564150,29.413
1697936640,6565246,6563602,29.338
1697936700,6564167,6565924,29.342
1697936760,6566024,6565988,29.319
1697936820,6567016,6567054,29.33
1697936880,6565001,6565852,29.363
1697936940,6563410,6563410,29.421
1697937000,6558888,6560524,29.428
1697937060,6560473,6559554,29.47
1697937120,6558575,6561360,29.474
1697937180,6561957,6559955,29.477
1697937240,6564335,6560598,29.523
1697937300,6556370,6556782,29.54
1697937360,6557136,6557794,29.455
1697937420,6557146,6554357,29.41
1697937480,6555470,6565947,29.346
1697937540,6564954,6563475,29.381
1697937600,6562774,6563479,29.383
1697937660,6563498,6565634,29.347
1697937720,6566894,6566515,29.372
1697937780,6566010,6566559,29.353
1697937840,6568028,6568202,29.347
1697937900,6568448,6569079,29.345
1697937960,6568966,6570255,29.322
1697938020,6569463,6564657,29.31
1697938080,6566779,6568316,29.287
1697938140,6566999,6567223,29.289
1697938200,6566709,6568227,29.341
1697938260,6567830,6567358,29.374
1697938320,6568006,6569177,29.369
1697938380,6568994,6566685,29.367
1697938440,6564647,6563087,29.294
1697938500,6566196,6563991,29.236
1697938560,6578368,6569861,29.236
1697938620,6580535,6580879,29.227
1697938680,6581257,6579887,29.246
1697938740,6582965,6579373,29.266
1697938800,6585454,6586347,29.296
1697938860,6586613,6585187,29.285
1697938920,6589166,6586959,29.29
1697938980,6587471,6587455,29.313
1697939040,6587086,6585835,29.306
1697939100,6584788,6583957,29.327
1697939160,6583546,6583854,29.305
1697939220,6585347,6584240,29.361
1697939280,6580385,6581521,29.397
1697939340,6580671,6582873,29.386
1697939400,6585478,6594612,29.442
1697939460,6593259,6591835,29.47
1697939520,6584048,6583357,29.431
1697939580,6579625,6579077,29.394
1697939640,6578028,6578162,29.406
1697939700,6578648,6577951,29.44
1697939760,6578504,6579256,29.447
1697939820,6579043,6579473,29.413
1697939880,6579042,6579228,29.42
1697939940,6580448,6584559,29.433
1697940000,6577074,6575087,29.378
1697940060,6574017,6574017,29.417
1697940120,6574792,6574707,29.362
1697940180,6571152,6570797,29.389
1697940240,6570499,6570509,29.358
1697940300,6571926,6570999,29.388
1697940360,6570888,6570873,29.398
1697940420,6570867,6572982,29.397
1697940480,6573597,6573879,29.371
1697940540,6573256,6574957,29.394
1697940600,6574618,6572601,29.408
1697940660,6568978,6569221,29.421
1697940720,6570103,6569761,29.371
1697940780,6567970,6567980,29.391
1697940840,6567418,6567678,29.409
1697940900,6565069,6565115,29.43
1697940960,6566847,6567040,29.35
1697941020,6567010,6567230,29.331
1697941080,6568406,6571090,29.338
1697941140,6571357,6573564,29.341
1697941200,6572232,6573924,29.351
1697941260,6573606,6572326,29.295
1697941320,6568894,6566240,29.274
1697941380,6570718,6570713,29.275
1697941440,6571289,6572597,29.308
1697941500,6573024,6573671,29.314
1697941560,6576750,6576922,29.324
1697941620,6576574,6576353,29.297
1697941680,6575531,6578265,29.337
1697941740,6578159,6576595,29.358
1697941800,6576019,6577402,29.359
1697941860,6577253,6577782,29.4
1697941920,6580960,6582836,29.417
1697941980,6584233,6584150,29.44
1697942040,6583669,6582000,29.412
1697942100,6587294,6586334,29.471
1697942160,6587170,6586169,29.47
1697942220,6585106,6584229,29.423
1697942280,6585368,6579422,29.481
1697942340,6577930,6579554,29.546
1697942400,6580065,6578487,29.566
1697942460,6574289,6577368,29.604
1697942520,6573913,6566378,29.721
1697942580,6562890,6556333,29.668
1697942640,6555161,6558756,29.684
1697942700,6567956,6566911,29.658
1697942760,6575376,6593085,29.833
1697942820,6593119,6604272,29.772
1697942880,6605787,6612351,29.745
1697942940,6619371,6617096,29.667
1697943000,6617355,6620421,29.701
1697943060,6624210,6628520,29.747
1697943120,6631366,6631712,29.735
1697943180,6626224,6628528,29.686
1697943240,6631298,6631741,29.71
1697943300,6633396,6657453,29.844
1697943360,6661079,6664686,29.831
1697943420,6664661,6667128,29.799
1697943480,6674643,6671987,29.788
1697943540,6666463,6664202,29.716
1697943600,6661236,6664469,29.654
1697943660,6661556,6661533,29.637
1697943720,6667908,6669672,29.65
1697943780,6670365,6670887,29.75
1697943840,6670582,6670300,29.704
1697943900,6672649,6678984,29.761
1697943960,6677059,6677944,29.802
1697944020,6674756,6665197,29.754
1697944080,6662842,6663281,29.763
1697944140,6664515,6664515,29.752
1697944200,6665175,6664683,29.711
1697944260,6665676,6661044,29.811
1697944320,6667405,6666082,29.797
1697944380,6666112,6666775,29.843
1697944440,6682488,6683010,29.793
1697944500,6681361,6681596,29.743
1697944560,6678622,6678202,29.725
1697944620,6675202,6671617,29.697
1697944680,6672693,6672088,29.695
1697944740,6672380,6664709,29.716
1697944800,6661716,6658093,29.637
1697944860,6655653,6655313,29.618
1697944920,6654476,6649481,29.571
1697944980,6642580,6642257,29.545
1697945040,6641285,6641285,29.57
1697945100,6637150,6638218,29.566
1697945160,6638870,6638655,29.615
1697945220,6639251,6638287,29.605
1697945280,6638807,6638602,29.626
1697945340,6638378,6639701,29.612
1697945400,6638988,6636427,29.596
1697945460,6637351,6638711,29.632
1697945520,6638160,6636674,29.654
1697945580,6636636,6639013,29.685
1697945640,6637512,6637052,29.655
1697945700,6636912,6637669,29.66
1697945760,6637780,6639500,29.634
1697945820,6636853,6634494,29.625
1697945880,6635448,6636401,29.729
1697945940,6637190,6637275,29.695
1697946000,6634296,6635054,29.698
1697946060,6635030,6639151,29.744
1697946120,6640544,6641051,29.752
1697946180,6643671,6643707,29.745
1697946240,6645029,6645744,29.779
1697946300,6646738,6645377,29.733
1697946360,6646482,6644516,29.678
1697946420,6645079,6643475,29.699
1697946480,6645245,6644169,29.7
1697946540,6644486,6644564,29.7
1697946600,6644515,6641605,29.675
1697946660,6643988,6646220,29.684
1697946720,6647457,6650744,29.657
1697946780,6648719,6649048,29.701
1697946840,6648431,6649015,29.702
1697946900,6649336,6648554,29.727
1697946960,6648705,6647393,29.743
1697947020,6646198,6648304,29.69
1697947080,6649747,6650439,29.656
1697947140,6649304,6649689,29.708
1697947200,6647734,6644809,29.648
1697947260,6644161,6643374,29.632
1697947320,6644225,6651646,29.638
1697947380,6658929,6660321,29.645
1697947440,6660594,6659272,29.611
1697947500,6658729,6658287,29.626
1697947560,6655524,6655322,29.643
1697947620,6654725,6653726,29.588
1697947680,6651048,6651407,29.601
1697947740,6652257,6651084,29.632
1697947800,6650051,6651747,29.588
1697947860,6646878,6643703,29.561
1697947920,6643774,6646405,29.56
1697947980,6648778,6648336,29.576
1697948040,6648675,6647140,29.562
1697948100,6646220,6645984,29.558
1697948160,6643287,6644745,29.569
1697948220,6645955,6645479,29.572
1697948280,6644199,6644199,29.567
1697948340,6644031,6641700,29.559
1697948400,6641683,6647048,29.577
1697948460,6648390,6648390,29.617
1697948520,6649046,6645689,29.644
1697948580,6638627,6638437,29.645
1697948640,6642421,6641440,29.634
1697948700,6641772,6642389,29.577
1697948760,6639980,6641179,29.532
1697948820,6637874,6638347,29.561
1697948880,6641064,6642287,29.559
1697948940,6643820,6643663,29.584
1697949000,6642973,6639701,29.654
1697949060,6635985,6635136,29.618
1697949120,6635894,6634830,29.614
1697949180,6635278,6634472,29.648
1697949240,6627474,6627763,29.68
1697949300,6630577,6630147,29.629
1697949360,6630069,6630898,29.606
1697949420,6629646,6629132,29.589
1697949480,6628400,6630204,29.607
1697949540,6626651,6627352,29.564
1697949600,6628818,6626968,29.559
1697949660,6627311,6631081,29.583
1697949720,6627570,6625263,29.61
1697949780,6630543,6630393,29.652
1697949840,6627349,6627066,29.635
1697949900,6623695,6623242,29.715
1697949960,6616555,6616281,29.721
1697950020,6611252,6612621,29.745
1697950080,6621500,6615640,29.732
1697950140,6615081,6625441,29.762
1697950200,6627893,6632133,29.77
1697950260,6628983,6627082,29.764
1697950320,6628022,6631352,29.76
1697950380,6632318,6635109,29.764
1697950440,6632368,6627256,29.732
1697950500,6623414,6624810,29.735
1697950560,6622839,6626161,29.75
1697950620,6626437,6623835,29.724
1697950680,6624735,6625311,29.775
1697950740,6626284,6622208,29.742
1697950800,6626167,6627103,29.776
1697950860,6627201,6626643,29.757
1697950920,6627048,6628775,29.799
1697950980,6632691,6637635,29.784
1697951040,6640477,6631622,29.797
1697951100,6670446,6670446,29.801
1697951160,6668654,6662915,29.781
1697951220,6661908,6661908,29.714
1697951280,6658929,6659199,29.676
1697951340,6655844,6654559,29.745
1697951400,6655980,6655980,29.738
1697951460,6655937,6653897,29.779
1697951520,6654522,6655993,29.794
1697951580,6658986,6662068,29.808
1697951640,6664391,6680713,29.808
1697951700,6716921,6726418,29.85
1697951760,6723164,6724255,29.89
1697951820,6720614,6722451,29.867
1697951880,6723386,6722935,29.914
1697951940,6721796,6725038,29.929
1697952000,6730761,6735044,29.893
1697952060,6735098,6737162,29.883
1697952120,6738898,6741244,29.905
1697952180,6745083,6748930,29.954
1697952240,6740804,6740572,29.927
1697952300,6741974,6742608,29.901
1697952360,6740850,6743484,29.939
1697952420,6744410,6748540,29.952
1697952480,6747560,6752914,29.929
1697952540,6751031,6748365,29.902
1697952600,6745630,6746442,29.886
1697952660,6746915,6746589,29.862
1697952720,6744554,6745834,29.847
1697952780,6746439,6744485,29.829
1697952840,6736760,6732167,29.791
1697952900,6728253,6729963,29.801
1697952960,6728280,6726161,29.795
1697953020,6725570,6724767,29.747
1697953080,6721117,6721645,29.728
1697953140,6720291,6718977,29.761
1697953200,6720438,6725739,29.732
1697953260,6724959,6724630,29.704
1697953320,6721424,6722118,29.702
1697953380,6716111,6715117,29.664
1697953440,6699903,6703276,29.603
1697953500,6713584,6711715,29.649
1697953560,6709753,6709943,29.567
1697953620,6713029,6681411,29.44
1697953680,6680165,6686411,29.469
1697953740,6689194,6690447,29.503
1697953800,6696079,6696207,29.502
1697953860,6696393,6700302,29.499
1697953920,6698858,6699346,29.512
1697953980,6698359,6698359,29.505
1697954040,6696917,6697685,29.504
1697954100,6695845,6695666,29.596
1697954160,6694383,6691569,29.518
1697954220,6692086,6694065,29.555
1697954280,6696266,6697629,29.49
1697954340,6702181,6704331,29.423
1697954400,6702832,6710269,29.359
1697954460,6719272,6715128,29.43
1697954520,6720771,6723299,29.451
1697954580,6726270,6727792,29.471
1697954640,6725042,6725819,29.447
1697954700,6726131,6728174,29.358
1697954760,6728845,6730139,29.418
1697954820,6730430,6731557,29.445
1697954880,6733653,6735470,29.406
1697954940,6720661,6720034,29.434
1697955000,6720854,6723223,29.468
1697955060,6723399,6724324,29.525
1697955120,6725081,6731723,29.471
1697955180,6731593,6730773,29.476
1697955240,6729072,6730489,29.507
1697955300,6727517,6724795,29.54
1697955360,6724489,6722541,29.464
1697955420,6731238,6726893,29.446
1697955480,6720013,6720294,29.345
1697955540,6715573,6716714,29.413
1697955600,6717728,6715037,29.381
1697955660,6714885,6715663,29.334
1697955720,6729797,6710519,29.302
1697955780,6714126,6709753,29.297
1697955840,6709678,6711011,29.306
1697955900,6714299,6717715,29.314
1697955960,6719745,6716863,29.302
1697956020,6716869,6717002,29.299
1697956080,6720340,6719175,29.328
1697956140,6718038,6722751,29.27
1697956200,6723310,6712201,29.314
1697956260,6711948,6714235,29.324
1697956320,6714493,6715805,29.356
1697956380,6715588,6715558,29.358
1697956440,6714902,6715674,29.369
1697956500,6716595,6719073,29.385
1697956560,6720032,6719695,29.407
1697956620,6717791,6719394,29.392
1697956680,6720074,6721455,29.399
1697956740,6723424,6721225,29.411
1697956800,6720773,6720773,29.312
1697956860,6717900,6720138,29.319
1697956920,6721174,6720897,29.357
1697956980,6719842,6719842,29.329
1697957040,6719489,6721023,29.321
1697957100,6720296,6720296,29.329
1697957160,6720506,6721076,29.336
1697957220,6722590,6720534,29.322
1697957280,6719472,6719472,29.279
1697957340,6719346,6723614,29.314
1697957400,6723581,6722437,29.362
1697957460,6720928,6717301,29.394
1697957520,6715945,6715129,29.374
1697957580,6717453,6718722,29.328
1697957640,6716759,6716246,29.375
1697957700,6717573,6718007,29.412
1697957760,6716042,6712642,29.403
1697957820,6713958,6713371,29.389
1697957880,6711908,6715287,29.415
1697957940,6719047,6718672,29.422
1697958000,6718095,6717557,29.417
1697958060,6717657,6717393,29.386
1697958120,6717227,6717368,29.378
1697958180,6717116,6716763,29.362
1697958240,6718882,6719845,29.329
1697958300,6721499,6721329,29.313
1697958360,6725259,6727877,29.387
1697958420,6729071,6728180,29.344
1697958480,6727156,6726764,29.355
1697958540,6727223,6729097,29.406
1697958600,6729565,6728025,29.382
1697958660,6728532,6729085,29.389
1697958720,6727473,6728130,29.344
1697958780,6728077,6688804,29.203
1697958840,6686010,6684741,29.212
1697958900,6683427,6681723,29.286
1697958960,6681386,6680730,29.23
1697959020,6683762,6686097,29.285
1697959080,6684396,6685244,29.283
1697959140,6682753,6682718,29.286
1697959200,6681873,6678969,29.337
1697959260,6677999,6677637,29.291
1697959320,6678637,6678130,29.276
1697959380,6686929,6687191,29.24
1697959440,6693441,6692593,29.238
1697959500,6692762,6695634,29.19
1697959560,6694560,6694163,29.197
1697959620,6684419,6656845,29.096
1697959680,6653243,6655519,29.15
1697959740,6656739,6658744,29.147
1697959800,6657388,6637869,29.094
1697959860,6638176,6632835,29.069
1697959920,6628700,6543978,28.938
1697959980,6517139,6517139,28.881
1697960040,6523094,6529124,28.915
1697960100,6532864,6530737,28.896
1697960160,6532657,6534524,28.939
1697960220,6534307,6537594,28.944
1697960280,6540636,6540636,28.907
1697960340,6545110,6542037,28.862
1697960400,6540226,6474428,28.452
1697960460,6274915,6287088,28.712
1697960520,6290070,6293023,28.697
1697960580,6291626,6290094,28.749
1697960640,6294044,6295192,28.754
1697960700,6299151,6296698,28.783
1697960760,6301532,6295509,28.876
1697960820,6304543,6306747,28.905
1697960880,6313239,6330306,28.912
1697960940,6332955,6334467,28.894
1697961000,6331012,6332028,28.834
1697961060,6329529,6312232,28.878
1697961120,6317495,6320337,28.922
1697961180,6318881,6324823,28.853
1697961240,6320447,6323979,28.906
1697961300,6325805,6326616,28.832
1697961360,6324331,6325203,28.793
1697961420,6333684,6332928,28.795
1697961480,6337844,6337439,28.833
1697961540,6338384,6337302,28.795
1697961600,6338201,6337748,28.785
1697961660,6338658,6337947,28.859
1697961720,6335732,6334607,28.898
1697961780,6334270,6338445,29.014
1697961840,6327072,6325257,28.94
1697961900,6325138,6320003,28.89
1697961960,6323203,6350105,28.937
1697962020,6350756,6348546,28.878
1697962080,6345679,6358295,28.902
1697962140,6359081,6360077,28.87
1697962200,6360587,6361183,28.866
1697962260,6361578,6361253,28.87
1697962320,6363023,6365842,28.845
1697962380,6365262,6363495,28.924
1697962440,6370226,6364899,28.862
1697962500,6364837,6365126,28.899
1697962560,6365098,6365195,28.838
1697962620,6365368,6355251,28.799
1697962680,6353597,6348279,28.754
1697962740,6342621,6343060,28.716
1697962800,6332236,6331255,28.665
1697962860,6321343,6324592,28.624
1697962920,6322798,6328693,28.63
1697962980,6332958,6328572,28.594
1697963040,6332816,6296040,28.538
1697963100,6300317,6301198,28.515
1697963160,6302915,6312374,28.574
1697963220,6312614,6314511,28.483
1697963280,6323143,6323143,28.489
1697963340,6333659,6337180,28.52
1697963400,6349453,6358008,28.441
1697963460,6364015,6364015,28.465
1697963520,6364692,6365704,28.46
1697963580,6364712,6367817,28.518
1697963640,6368085,6363010,28.511
1697963700,6364719,6366120,28.571
1697963760,6374931,6371362,28.621
1697963820,6367678,6365329,28.632
1697963880,6367141,6364574,28.587
1697963940,6359809,6361970,28.604
1697964000,6354902,6358544,28.598
1697964060,6360421,6361667,28.59
1697964120,6361126,6363039,28.582
1697964180,6364691,6361845,28.612
1697964240,6361468,6361054,28.616
1697964300,6358825,6359772,28.646
1697964360,6359780,6364594,28.688
1697964420,6364253,6363542,28.63
1697964480,6363178,6362845,28.606
1697964540,6364086,6360886,28.605
1697964600,6359130,6360593,28.578
1697964660,6362237,6363232,28.544
1697964720,6360386,6361885,28.559
1697964780,6362765,6366393,28.538
1697964840,6364795,6359535,28.502
1697964900,6360201,6361564,28.487
1697964960,6360943,6363014,28.51
1697965020,6364565,6375391,28.535
1697965080,6378690,6378289,28.494
1697965140,6381038,6383510,28.469
1697965200,6376366,6374324,28.467
1697965260,6378491,6380114,28.542
1697965320,6380359,6381860,28.51
1697965380,6380414,6380277,28.507
1697965440,6379122,6377296,28.581
1697965500,6376816,6376488,28.612
1697965560,6375978,6371771,28.653
1697965620,6377311,6378015,28.674
1697965680,6376301,6376222,28.653
1697965740,6374827,6376473,28.669
1697965800,6385201,6378684,28.659
1697965860,6376373,6373381,28.647
1697965920,6375110,6372943,28.665
1697965980,6364409,6356206,28.646
1697966040,6351939,6349197,28.683
1697966100,6344953,6342955,28.66
1697966160,6338228,6334425,28.678
1697966220,6332379,6322113,28.704
1697966280,6321767,6319228,28.704
1697966340,6321127,6320133,28.658
1697966400,6317964,6312962,28.639
1697966460,6314866,6316423,28.662
1697966520,6314656,6315317,28.665
1697966580,6314629,6314666,28.695
1697966640,6313407,6311126,28.696
1697966700,6311432,6308136,28.722
1697966760,6298880,6294657,28.76
1697966820,6289480,6288227,28.75
1697966880,6294082,6296714,28.711
1697966940,6295770,6295096,28.693
1697967000,6294878,6302656,28.691
1697967060,6303461,6301852,28.652
1697967120,6299605,6299460,28.627
1697967180,6303368,6301413,28.577
1697967240,6310825,6314147,28.56
1697967300,6313935,6313935,28.538
1697967360,6314860,6322429,28.557
1697967420,6323849,6323849,28.56
1697967480,6317938,6318739,28.555
1697967540,6310626,6307509,28.506
1697967600,6305635,6305635,28.519
1697967660,6306433,6304528,28.528
1697967720,6306774,6307677,28.531
1697967780,6309738,6307680,28.567
1697967840,6308354,6308947,28.512
1697967900,6307699,6307858,28.525
1697967960,6308765,6309023,28.485
1697968020,6307108,6309022,28.415
1697968080,6315010,6311747,28.405
1697968140,6308905,6301092,28.354
1697968200,6292505,6297662,28.382
1697968260,6298374,6299293,28.396
1697968320,6302038,6293658,28.345
1697968380,6290975,6297355,28.377
1697968440,6297694,6299894,28.311
1697968500,6279252,6283023,28.32
1697968560,6283761,6269210,28.372
1697968620,6263898,6264494,28.326
1697968680,6262993,6265091,28.365
1697968740,6261142,6262058,28.328
1697968800,6260499,6262102,28.345
1697968860,6261661,6259785,28.414
1697968920,6262445,6262583,28.425
1697968980,6262928,6274267,28.482
1697969040,6275020,6273917,28.477
1697969100,6271043,6264923,28.413
1697969160,6260917,6262414,28.434
1697969220,6255013,6261915,28.469
1697969280,6260624,6260201,28.473
1697969340,6256780,6256990,28.484
1697969400,6255187,6254035,28.529
1697969460,6248646,6245304,28.501
1697969520,6242620,6241773,28.496
1697969580,6242754,6242935,28.507
1697969640,6235356,6237313,28.475
1697969700,6238329,6237307,28.458
1697969760,6239486,6241657,28.48
1697969820,6243746,6241386,28.505
1697969880,6240565,6236765,28.526
1697969940,6234193,6233485,28.464
1697970000,6231505,6232687,28.494
1697970060,6231207,6227836,28.463
1697970120,6226973,6223453,28.423
1697970180,6224064,6225777,28.394
1697970240,6226481,6228156,28.356
1697970300,6222671,6223499,28.39
1697970360,6223121,6222953,28.435
1697970420,6221069,6220162,28.478
1697970480,6221431,6223959,28.41
1697970540,6223135,6218188,28.402
1697970600,6221262,6223050,28.415
1697970660,6225259,6225949,28.43
1697970720,6225619,6223799,28.474
1697970780,6221282,6220820,28.508
1697970840,6219556,6220727,28.492
1697970900,6220019,6225959,28.515
1697970960,6229327,6228295,28.541
1697971020,6226495,6227315,28.524
1697971080,6224437,6224801,28.508
1697971140,6227544,6228601,28.521
1697971200,6227533,6225339,28.503
1697971260,6226704,6226434,28.541
1697971320,6227391,6229324,28.567
1697971380,6228732,6228732,28.548
1697971440,6228081,6231208,28.566
1697971500,6229520,6228252,28.551
1697971560,6217626,6212247,28.497
1697971620,6214586,6213638,28.486
1697971680,6213146,6213509,28.521
1697971740,6213040,6210975,28.536
1697971800,6211735,6212486,28.544
1697971860,6213584,6211628,28.511
1697971920,6211640,6213080,28.528
1697971980,6213215,6213051,28.512
1697972040,6213245,6214144,28.515
1697972100,6216642,6215622,28.539
1697972160,6214260,6213883,28.498
1697972220,6213356,6213644,28.527
1697972280,6215944,6215379,28.492
1697972340,6216255,6217199,28.517
1697972400,6220424,6222884,28.507
1697972460,6220054,6220086,28.478
1697972520,6221195,6220843,28.459
1697972580,6218071,6221092,28.465
1697972640,6221435,6221592,28.464
1697972700,6222998,6229515,28.497
1697972760,6232477,6232477,28.511
1697972820,6233905,6233194,28.495
1697972880,6232554,6230931,28.516
1697972940,6231486,6231566,28.548
1697973000,6234981,6233593,28.51
1697973060,6233556,6232440,28.522
1697973120,6233615,6232352,28.494
1697973180,6232964,6225861,28.47
1697973240,6225844,6226905,28.499
1697973300,6227107,6227513,28.487
1697973360,6226094,6229858,28.43
1697973420,6231545,6228276,28.413
1697973480,6222641,6223695,28.412
1697973540,6219840,6215185,28.428
1697973600,6213685,6211845,28.411
1697973660,6210298,6211713,28.422
1697973720,6213857,6216974,28.425
1697973780,6216195,6214020,28.421
1697973840,6211331,6212609,28.437
1697973900,6212181,6210621,28.489
1697973960,6208507,6209343,28.452
1697974020,6207704,6208479,28.399
1697974080,6209853,6207345,28.364
1697974140,6204212,6205173,28.316
1697974200,6200084,6200193,28.313
1697974260,6194949,6192186,28.281
1697974320,6187535,6187158,28.272
1697974380,6190792,6189736,28.21
1697974440,6180402,6165235,28.172
1697974500,6164828,6167097,28.139
1697974560,6171772,6177811,28.112
1697974620,6191901,6190947,28.186
1697974680,6198780,6198780,28.204
1697974740,6199141,6213481,28.193
1697974800,6217067,6214565,28.189
1697974860,6215296,6215981,28.192
1697974920,6216499,6216499,28.201
1697974980,6208625,6216770,28.207
1697975040,6222534,6222534,28.207
1697975100,6220904,6220217,28.284
1697975160,6217921,6217815,28.281
1697975220,6217302,6216294,28.226
1697975280,6211853,6209582,28.237
1697975340,6211853,6211071,28.219
1697975400,6209949,6213095,28.194
1697975460,6215621,6214536,28.192
1697975520,6221664,6227892,28.247
1697975580,6230346,6238935,28.253
1697975640,6243984,6249319,28.316
1697975700,6251319,6249395,28.339
1697975760,6246087,6245267,28.306
1697975820,6244545,6248597,28.337
1697975880,6254205,6255376,28.321
1697975940,6254807,6255340,28.326
1697976000,6255354,6250235,28.33
1697976060,6247727,6253781,28.391
1697976120,6258441,6262932,28.396
1697976180,6261264,6262270,28.436
1697976240,6262001,6261234,28.446
1697976300,6259369,6257416,28.463
1697976360,6259814,6262597,28.468
1697976420,6258011,6255744,28.47
1697976480,6255930,6258556,28.481
1697976540,6256943,6257247,28.51
1697976600,6258379,6257950,28.506
1697976660,6252726,6252274,28.512
1697976720,6251613,6251638,28.5
1697976780,6253454,6256514,28.502
1697976840,6258659,6259316,28.492
1697976900,6259613,6263085,28.5
1697976960,6260270,6261974,28.531
1697977020,6269142,6265354,28.555
1697977080,6266298,6267505,28.579
1697977140,6254058,6252046,28.548
1697977200,6249072,6247726,28.558
1697977260,6249388,6253380,28.6
1697977320,6251766,6253126,28.616
1697977380,6256597,6257762,28.594
1697977440,6256738,6257998,28.6
1697977500,6256249,6259186,28.614
1697977560,6264085,6265892,28.654
1697977620,6264479,6278637,28.7
1697977680,6269995,6266112,28.7
1697977740,6269617,6270058,28.71
1697977800,6267514,6267203,28.667
1697977860,6267011,6266551,28.676
1697977920,6266270,6261863,28.643
1697977980,6261018,6260228,28.651
1697978040,6260086,6247976,28.61
1697978100,6247291,6252435,28.695
1697978160,6253050,6250012,28.624
1697978220,6250312,6249917,28.622
1697978280,6244257,6243851,28.564
1697978340,6249589,6250090,28.601
1697978400,6251911,6251845,28.542
1697978460,6253091,6259121,28.544
1697978520,6258499,6266625,28.526
1697978580,6265348,6265348,28.541
1697978640,6265210,6268255,28.557
1697978700,6269444,6269444,28.576
1697978760,6268410,6270041,28.579
1697978820,6269970,6273653,28.563
1697978880,6273560,6275113,28.624
1697978940,6273365,6271474,28.66
1697979000,6269803,6268265,28.605
1697979060,6267879,6268257,28.59
1697979120,6266138,6265826,28.585
1697979180,6264434,6265771,28.561
1697979240,6264280,6265526,28.57
1697979300,6266651,6262555,28.563
1697979360,6262504,6262330,28.548
1697979420,6261941,6263079,28.585
1697979480,6265269,6265368,28.57
1697979540,6265134,6264047,28.562
1697979600,6264576,6265572,28.588
1697979660,6266824,6268339,28.599
1697979720,6269941,6276127,28.61
1697979780,6276120,6275884,28.611
1697979840,6275840,6276238,28.612
1697979900,6277124,6275050,28.611
1697979960,6275629,6275480,28.65
1697980020,6277149,6278154,28.668
1697980080,6280808,6280564,28.65
1697980140,6280197,6276477,28.643
1697980200,6276132,6276210,28.645
1697980260,6276564,6274262,28.652
1697980320,6272693,6272478,28.68
1697980380,6272396,6269895,28.661
1697980440,6269850,6272757,28.67
1697980500,6272106,6271719,28.661
1697980560,6272321,6273621,28.68
1697980620,6273111,6272144,28.71
1697980680,6273484,6272452,28.727
1697980740,6265119,6269467,28.698
1697980800,6264900,6262034,28.746
1697980860,6261927,6263685,28.765
1697980920,6260155,6259446,28.759
1697980980,6260570,6246380,28.836
1697981040,6246214,6241088,28.8
1697981100,6241130,6238640,28.811
1697981160,6240110,6239196,28.819
1697981220,6240081,6236799,28.827
1697981280,6232829,6234467,28.822
1697981340,6234330,6235585,28.776
1697981400,6227371,6232095,28.76
1697981460,6231271,6226266,28.714
1697981520,6226848,6226726,28.727
1697981580,6223836,6225251,28.728
1697981640,6224274,6223423,28.718
1697981700,6227555,6230706,28.733
1697981760,6229769,6230061,28.716
1697981820,6232401,6232461,28.742
1697981880,6232035,6234569,28.746
1697981940,6232830,6232450,28.764
1697982000,6233258,6231847,28.734
1697982060,6233873,6233873,28.752
1697982120,6235129,6234368,28.756
1697982180,6233836,6236093,28.742
1697982240,6235440,6235440,28.734
1697982300,6235306,6232723,28.737
1697982360,6232551,6232992,28.724
1697982420,6234339,6233710,28.726
1697982480,6231682,6232276,28.79
1697982540,6234035,6232248,28.756
1697982600,6231870,6231037,28.767
1697982660,6231510,6231302,28.785
1697982720,6231413,6231583,28.785
1697982780,6231965,6232391,28.814
1697982840,6231823,6230696,28.785
1697982900,6232704,6236190,28.805
1697982960,6235360,6233529,28.81
1697983020,6234990,6233658,28.827
1697983080,6233461,6234693,28.825
1697983140,6238767,6239120,28.822
1697983200,6239237,6234687,28.844
1697983260,6236065,6236839,28.78
1697983320,6236535,6236715,28.767
1697983380,6237046,6236652,28.744
1697983440,6237314,6237748,28.764
1697983500,6237564,6237805,28.804
1697983560,6239557,6240820,28.797
1697983620,6240253,6240799,28.818
1697983680,6239056,6239124,28.829
1697983740,6238914,6238075,28.831
1697983800,6238468,6238037,28.851
1697983860,6238103,6238795,28.875
1697983920,6247948,6244891,28.853
1697983980,6244967,6244472,28.814
1697984040,6245245,6245239,28.82
1697984100,6246981,6248777,28.83
1697984160,6252203,6250449,28.853
1697984220,6241345,6235650,28.805
1697984280,6238196,6236100,28.799
1697984340,6237227,6234920,28.735
1697984400,6231713,6232832,28.706
1697984460,6221671,6221809,28.626
1697984520,6210246,6212785,28.653
1697984580,6209667,6211889,28.655
1697984640,6215256,6219308,28.666
1697984700,6215135,6214761,28.641
1697984760,6208165,6206923,28.609
1697984820,6206197,6207473,28.629
1697984880,6207905,6206796,28.617
1697984940,6207805,6196527,28.608
1697985000,6199423,6199200,28.64
1697985060,6197951,6198400,28.618
1697985120,6196225,6202115,28.673
1697985180,6203124,6203667,28.674
1697985240,6204520,6206374,28.699
1697985300,6205779,6207180,28.653
1697985360,6210354,6209311,28.619
1697985420,6213292,6214751,28.647
1697985480,6218496,6218856,28.657
1697985540,6219429,6219352,28.623
1697985600,6219348,6219348,28.617
1697985660,6223404,6220132,28.64
1697985720,6222563,6223263,28.668
1697985780,6224179,6223807,28.646
1697985840,6224175,6224659,28.666
1697985900,6222603,6221971,28.635
1697985960,6222225,6222567,28.617
1697986020,6221388,6221516,28.623
1697986080,6224007,6222477,28.525
1697986140,6220771,6203533,28.486
1697986200,6198892,6195598,28.473
1697986260,6196474,6197111,28.511
1697986320,6199168,6197583,28.548
1697986380,6195229,6193145,28.523
1697986440,6199434,6199603,28.563
1697986500,6203194,6203802,28.56
1697986560,6202881,6199341,28.544
1697986620,6198665,6197469,28.518
1697986680,6198207,6197091,28.536
1697986740,6199376,6200858,28.5
1697986800,6204416,6205454,28.496
1697986860,6205570,6203279,28.432
1697986920,6210410,6211418,28.372
1697986980,6215555,6211251,28.421
1697987040,6208850,6210570,28.421
1697987100,6212447,6214152,28.413
1697987160,6216358,6215428,28.3
1697987220,6213738,6214885,28.391
1697987280,6214368,6212820,28.375
1697987340,6213881,6212290,28.437
1697987400,6213483,6213144,28.43
1697987460,6214142,6214452,28.425
1697987520,6214110,6214877,28.369
1697987580,6213755,6213868,28.39
1697987640,6217517,6218556,28.401
1697987700,6218524,6219269,28.453
1697987760,6218602,6217429,28.451
1697987820,6217708,6225804,28.47
1697987880,6224834,6227634,28.476
1697987940,6229136,6229583,28.506
1697988000,6227853,6228452,28.52
1697988060,6227558,6225984,28.51
1697988120,6223321,6222547,28.49
1697988180,6221262,6222850,28.462
1697988240,6220666,6220588,28.469
1697988300,6220746,6222005,28.433
1697988360,6223327,6223629,28.428
1697988420,6223011,6227077,28.519
1697988480,6226776,6219019,28.515
1697988540,6219029,6219861,28.522
1697988600,6222444,6226560,28.506
1697988660,6228133,6226919,28.497
1697988720,6227990,6228089,28.501
1697988780,6227826,6227026,28.45
1697988840,6225622,6225924,28.449
1697988900,6225485,6226219,28.45
1697988960,6226681,6228404,28.489
1697989020,6227668,6226508,28.458
1697989080,6226486,6227111,28.431
1697989140,6227384,6228488,28.423
1697989200,6228869,6229794,28.41
1697989260,6229072,6229072,28.376
1697989320,6226838,6231496,28.381
1697989380,6229810,6227975,28.371
1697989440,6231649,6231492,28.369
1697989500,6230809,6230096,28.407
1697989560,6230184,6229767,28.414
1697989620,6227801,6228995,28.362
1697989680,6228590,6228643,28.392
1697989740,6230150,6230548,28.365
1697989800,6229121,6233224,28.38
1697989860,6235775,6238044,28.381
1697989920,6239164,6240495,28.391
1697989980,6239720,6239092,28.409
1697990040,6242636,6242283,28.412
1697990100,6241643,6241436,28.403
1697990160,6240290,6239727,28.361
1697990220,6238415,6239607,28.4
1697990280,6242230,6242710,28.416
1697990340,6242023,6241574,28.418
1697990400,6240665,6243700,28.401
1697990460,6243398,6245504,28.385
1697990520,6244395,6246094,28.433
1697990580,6248095,6248020,28.491
1697990640,6247915,6249362,28.512
1697990700,6247404,6247247,28.473
1697990760,6248194,6248717,28.44
1697990820,6248782,6250204,28.438
1697990880,6250297,6251090,28.463
1697990940,6254597,6255615,28.452
1697991000,6254675,6253092,28.447
1697991060,6253251,6252554,28.459
1697991120,6252961,6252939,28.44
1697991180,6261218,6262126,28.454
1697991240,6263644,6263404,28.47
1697991300,6267407,6268171,28.525
1697991360,6264180,6259926,28.574
1697991420,6254782,6252882,28.603
1697991480,6251929,6250382,28.627
1697991540,6243872,6243770,28.616
1697991600,6242838,6241257,28.599
1697991660,6239509,6243845,28.597
1697991720,6246766,6248290,28.614
1697991780,6248651,6250093,28.63
1697991840,6250799,6253148,28.66
1697991900,6250444,6250427,28.649
1697991960,6246389,6245772,28.658
1697992020,6247495,6246924,28.671
1697992080,6247922,6247026,28.685
1697992140,6247446,6245941,28.637
1697992200,6246799,6249226,28.666
1697992260,6249391,6249876,28.71
1697992320,6250821,6249070,28.732
1697992380,6249777,6246049,28.737
1697992440,6241053,6241042,28.741
1697992500,6238510,6234034,28.7
1697992560,6237386,6235221,28.741
1697992620,6237315,6236811,28.718
1697992680,6236682,6237767,28.723
1697992740,6237869,6236060,28.677
1697992800,6237320,6238145,28.691
1697992860,6238088,6238088,28.677
1697992920,6238899,6237367,28.755
1697992980,6238254,6241286,28.732
1697993040,6241415,6241415,28.767
1697993100,6246657,6247398,28.751
1697993160,6244850,6244563,28.761
1697993220,6247690,6250217,28.703
1697993280,6250166,6249562,28.686
1697993340,6244318,6245881,28.704
1697993400,6246074,6245781,28.723
1697993460,6248643,6249467,28.677
1697993520,6244847,6247078,28.682
1697993580,6250132,6252746,28.691
1697993640,6252869,6252959,28.687
1697993700,6252192,6252340,28.688
1697993760,6252660,6253088,28.686
1697993820,6254176,6254658,28.735
1697993880,6255704,6255688,28.729
1697993940,6254892,6254286,28.721
1697994000,6254546,6255046,28.716
1697994060,6256947,6255035,28.711
1697994120,6256697,6256676,28.695
1697994180,6257817,6257673,28.714
1697994240,6257345,6257481,28.713
1697994300,6257901,6258078,28.724
1697994360,6259846,6262058,28.77
1697994420,6264412,6264044,28.758
1697994480,6263589,6266604,28.773
1697994540,6265836,6264668,28.756
1697994600,6267568,6264940,28.786
1697994660,6266831,6266559,28.828
1697994720,6267655,6271944,28.84
1697994780,6274946,6273649,28.841
1697994840,6273040,6276282,28.819
1697994900,6276951,6276041,28.868
1697994960,6294988,6294153,28.846
1697995020,6293864,6290836,28.791
1697995080,6287949,6288585,28.769
1697995140,6290506,6290718,28.799
1697995200,6291618,6294865,28.767
1697995260,6293844,6296534,28.772
1697995320,6297312,6298212,28.765
1697995380,6298314,6299008,28.768
1697995440,6298273,6299592,28.721
1697995500,6298786,6301053,28.768
1697995560,6300202,6299429,28.747
1697995620,6299633,6298503,28.731
1697995680,6297407,6297008,28.729
1697995740,6298070,6298538,28.728
1697995800,6298525,6299581,28.706
1697995860,6300624,6305940,28.709
1697995920,6305519,6311084,28.687
1697995980,6310891,6311577,28.674
1697996040,6310720,6311362,28.684
1697996100,6313742,6315080,28.682
1697996160,6314056,6315308,28.704
1697996220,6314433,6314598,28.689
1697996280,6314751,6315739,28.686
1697996340,6315645,6313968,28.727
1697996400,6314130,6314533,28.758
1697996460,6311671,6313089,28.774
1697996520,6311916,6311916,28.729
1697996580,6314033,6313907,28.765
1697996640,6312910,6310323,28.807
1697996700,6310951,6313358,28.767
1697996760,6311439,6311077,28.772
1697996820,6309857,6310275,28.74
1697996880,6307431,6305352,28.68
1697996940,6300215,6291408,28.641
1697997000,6286030,6288149,28.672
1697997060,6283043,6278180,28.714
1697997120,6274522,6275379,28.719
1697997180,6276462,6275464,28.718
1697997240,6273893,6276474,28.726
1697997300,6275409,6275494,28.721
1697997360,6275052,6274766,28.707
1697997420,6273170,6274091,28.72
1697997480,6274955,6273468,28.735
1697997540,6274860,6274664,28.69
1697997600,6273554,6276609,28.733
1697997660,6276079,6280537,28.79
1697997720,6280361,6280589,28.728
1697997780,6278260,6280077,28.718
1697997840,6277743,6278455,28.662
1697997900,6278005,6279413,28.655
1697997960,6278410,6279999,28.659
1697998020,6280732,6282199,28.631
1697998080,6278461,6278127,28.674
1697998140,6279774,6280149,28.693
1697998200,6281677,6281152,28.667
1697998260,6281526,6281350,28.644
1697998320,6281896,6283912,28.642
1697998380,6281000,6280770,28.634
1697998440,6277185,6275910,28.714
1697998500,6276131,6276840,28.746
1697998560,6275867,6274579,28.705
1697998620,6271290,6271673,28.723
1697998680,6273509,6271837,28.685
1697998740,6271770,6271478,28.693
1697998800,6271685,6271876,28.664
1697998860,6272078,6272959,28.708
1697998920,6272781,6272847,28.695
1697998980,6273634,6273085,28.716
1697999040,6273429,6274217,28.736
1697999100,6273990,6273264,28.717
1697999160,6272247,6273016,28.704
1697999220,6272965,6274114,28.758
1697999280,6272934,6272423,28.741
1697999340,6275514,6275514,28.754
1697999400,6272374,6269062,28.768
1697999460,6268398,6272012,28.773
1697999520,6270418,6270622,28.734
1697999580,6270395,6270395,28.704
1697999640,6272563,6272754,28.677
1697999700,6274667,6275808,28.688
1697999760,6277027,6277053,28.69
1697999820,6278348,6277372,28.749
1697999880,6274609,6274895,28.765
1697999940,6274755,6275131,28.762
1698000000,6274211,6273090,28.746
1698000060,6274159,6274615,28.742
1698000120,6273997,6271776,28.679
1698000180,6270395,6271090,28.729
1698000240,6272957,6275088,28.71
1698000300,6276171,6275783,28.7
1698000360,6275719,6275745,28.672
1698000420,6275828,6275235,28.691
1698000480,6275851,6276548,28.692
1698000540,6276574,6276364,28.689
1698000600,6276248,6277123,28.685
1698000660,6276387,6276799,28.663
1698000720,6277325,6277447,28.723
1698000780,6277628,6276566,28.725
1698000840,6277110,6275591,28.715
1698000900,6275376,6274781,28.698
1698000960,6273608,6274154,28.729
1698001020,6273912,6273776,28.697
1698001080,6273786,6272408,28.705
1698001140,6270762,6274009,28.697
1698001200,6273539,6273000,28.734
1698001260,6274569,6275423,28.766
1698001320,6275960,6276122,28.76
1698001380,6275904,6275429,28.771
1698001440,6275750,6272660,28.809
1698001500,6269616,6268442,28.789
1698001560,6268054,6268585,28.799
1698001620,6271069,6269936,28.815
1698001680,6272357,6275955,28.806
1698001740,6276380,6274905,28.776
1698001800,6276886,6275758,28.759
1698001860,6275104,6276375,28.789
1698001920,6275164,6279332,28.815
1698001980,6279779,6280201,28.791
1698002040,6279895,6278574,28.771
1698002100,6278965,6278903,28.803
1698002160,6279761,6279919,28.818
1698002220,6280195,6281110,28.844
1698002280,6281418,6280466,28.823
1698002340,6281848,6279138,28.836
1698002400,6279332,6279927,28.835
1698002460,6280709,6281508,28.872
1698002520,6284004,6270792,28.943
1698002580,6274952,6274247,29.103
1698002640,6249540,6252309,29.039
1698002700,6251409,6250340,29.002
1698002760,6248539,6248539,28.996
1698002820,6255276,6252493,28.967
1698002880,6254640,6254640,28.954
1698002940,6253340,6249580,28.963
1698003000,6249426,6250795,28.987
1698003060,6253697,6254805,28.913
1698003120,6251913,6248986,28.879
1698003180,6254758,6255295,28.87
1698003240,6255494,6257739,28.867
1698003300,6256420,6254605,28.845
1698003360,6253337,6251780,28.846
1698003420,6251245,6250367,28.836
1698003480,6250130,6248978,28.797
1698003540,6246153,6250834,28.795
1698003600,6250847,6248135,28.783
1698003660,6248935,6250996,28.835
1698003720,6251454,6252185,28.805
1698003780,6252276,6253311,28.823
1698003840,6252887,6249009,28.797
1698003900,6249865,6249248,28.812
1698003960,6249902,6247718,28.772
1698004020,6247806,6246363,28.755
1698004080,6246072,6238680,28.747
1698004140,6239186,6237773,28.718
1698004200,6238600,6238887,28.701
1698004260,6234197,6232475,28.688
1698004320,6233184,6232192,28.657
1698004380,6230587,6231739,28.636
1698004440,6232367,6231553,28.63
1698004500,6231916,6234222,28.642
1698004560,6234225,6236865,28.656
1698004620,6238269,6236721,28.676
1698004680,6236035,6236142,28.68
1698004740,6238925,6237377,28.679
1698004800,6238677,6241111,28.685
1698004860,6241073,6242532,28.688
1698004920,6241640,6242101,28.693
1698004980,6241978,6244185,28.706
1698005040,6245482,6246256,28.717
1698005100,6246150,6246572,28.694
1698005160,6247232,6246335,28.695
1698005220,6247060,6247252,28.711
1698005280,6249100,6247488,28.693
1698005340,6247155,6247839,28.694
1698005400,6247744,6247916,28.732
1698005460,6247621,6247807,28.731
1698005520,6247137,6247247,28.745
1698005580,6242944,6244401,28.755
1698005640,6244176,6243855,28.75
1698005700,6242275,6243465,28.774
1698005760,6243176,6240545,28.746
1698005820,6241428,6240935,28.732
1698005880,6240764,6236733,28.704
1698005940,6235627,6233821,28.681
1698006000,6234607,6234427,28.69
1698006060,6232699,6231622,28.684
1698006120,6234141,6234907,28.711
1698006180,6235349,6235349,28.743
1698006240,6235670,6235319,28.75
1698006300,6235983,6235349,28.76
1698006360,6235251,6233817,28.709
1698006420,6232926,6233870,28.717
1698006480,6233722,6234420,28.729
1698006540,6234519,6233801,28.72
1698006600,6233974,6234357,28.706
1698006660,6231722,6231799,28.734
1698006720,6232088,6231682,28.764
1698006780,6231122,6231167,28.757
1698006840,6230810,6230676,28.747
1698006900,6230797,6231207,28.729
1698006960,6231190,6229574,28.752
1698007020,6227017,6227211,28.758
1698007080,6228351,6228677,28.775
1698007140,6229112,6225652,28.786
1698007200,6227238,6226410,28.827
1698007260,6226067,6227841,28.859
1698007320,6222451,6221587,28.856
1698007380,6217947,6218399,28.861
1698007440,6217809,6217112,28.852
1698007500,6216448,6218179,28.88
1698007560,6218682,6217212,28.917
1698007620,6216744,6216123,28.946
1698007680,6216979,6215912,28.925
1698007740,6216610,6218290,28.934
1698007800,6217920,6216769,28.928
1698007860,6214733,6212820,28.931
1698007920,6211166,6212025,28.892
1698007980,6208158,6208524,28.891
1698008040,6208352,6208306,28.893
1698008100,6209882,6207611,28.868
1698008160,6206924,6207404,28.889
1698008220,6207845,6208301,28.883
1698008280,6208106,6205847,28.896
1698008340,6203994,6199198,28.933
1698008400,6200464,6200154,28.905
1698008460,6198910,6200484,28.928
1698008520,6197331,6197485,28.905
1698008580,6196767,6195634,28.887
1698008640,6195962,6198142,28.896
1698008700,6198453,6197506,28.906
1698008760,6196158,6195863,28.921
1698008820,6195856,6195359,28.91
1698008880,6196213,6195224,28.919
1698008940,6194498,6194698,28.88
1698009000,6193707,6194066,28.869
1698009060,6193640,6193640,28.848
1698009120,6193219,6194145,28.815
1698009180,6190485,6190485,28.805
1698009240,6185524,6183886,28.774
1698009300,6181229,6180199,28.777
1698009360,6178986,6178986,28.776
1698009420,6176263,6175725,28.737
1698009480,6169549,6166836,28.714
1698009540,6165769,6164711,28.75
1698009600,6161130,6160760,28.767
1698009660,6159984,6161012,28.713
1698009720,6157304,6156647,28.678
1698009780,6153723,6154543,28.669
1698009840,6155737,6156492,28.71
1698009900,6155109,6154551,28.726
1698009960,6155439,6155255,28.73
1698010020,6155640,6159685,28.75
1698010080,6156761,6156125,28.727
1698010140,6157103,6157683,28.711
1698010200,6157432,6156396,28.756
1698010260,6156801,6155331,28.799
1698010320,6152189,6149359,28.86
1698010380,6147511,6147120,28.858
1698010440,6146431,6145637,28.901
1698010500,6143248,6146274,28.899
1698010560,6145260,6144996,28.891
1698010620,6146547,6145495,28.871
1698010680,6144071,6144207,28.849
1698010740,6143162,6136727,28.846
1698010800,6135234,6135770,28.871
1698010860,6134958,6135062,28.871
1698010920,6134761,6135028,28.906
1698010980,6134616,6134021,28.909
1698011040,6136078,6129087,28.86
1698011100,6129407,6127235,28.831
1698011160,6125668,6125575,28.827
1698011220,6125591,6125433,28.839
1698011280,6125634,6126962,28.866
1698011340,6126289,6124872,28.872
1698011400,6122192,6122618,28.873
1698011460,6123399,6122239,28.874
1698011520,6122315,6121834,28.878
1698011580,6121741,6121608,28.88
1698011640,6120794,6121109,28.904
1698011700,6121047,6119375,28.821
1698011760,6118561,6117681,28.851
1698011820,6119176,6118929,28.824
1698011880,6119025,6119219,28.836
1698011940,6118995,6119140,28.837
1698012000,6118555,6118390,28.81
1698012060,6117128,6114602,28.804
1698012120,6113747,6110306,28.723
1698012180,6111682,6119621,28.753
1698012240,6120940,6120914,28.754
1698012300,6123967,6126239,28.764
1698012360,6129066,6129042,28.821
1698012420,6130671,6130446,28.818
1698012480,6133203,6130553,28.806
1698012540,6130610,6130610,28.784
1698012600,6129505,6128467,28.802
1698012660,6128343,6128500,28.813
1698012720,6128120,6128610,28.83
1698012780,6129235,6129235,28.847
1698012840,6128689,6127762,28.846
1698012900,6128646,6128660,28.848
1698012960,6127222,6127427,28.837
1698013020,6127150,6126068,28.759
1698013080,6128133,6128421,28.823
1698013140,6129688,6129254,28.856
1698013200,6129389,6129947,28.852
1698013260,6130405,6130239,28.857
1698013320,6130348,6131349,28.871
1698013380,6133038,6132576,28.879
1698013440,6129914,6123738,28.902
1698013500,6124020,6124227,28.908
1698013560,6124443,6124030,28.918
1698013620,6124756,6125359,28.903
1698013680,6125560,6125778,28.896
1698013740,6126740,6129738,28.896
1698013800,6131759,6133336,28.886
1698013860,6132672,6134080,28.902
1698013920,6135072,6136399,28.895
1698013980,6137692,6153573,28.932
1698014040,6152523,6152408,28.94
1698014100,6153398,6153376,28.936
1698014160,6153741,6152589,28.971
1698014220,6153537,6154985,28.973
1698014280,6155276,6155356,28.955
1698014340,6157369,6157611,28.956
1698014400,6159693,6157598,28.975
1698014460,6157008,6156121,28.986
1698014520,6153914,6160333,29.005
1698014580,6165821,6178488,29.22
1698014640,6184473,6186995,29.179
1698014700,6187794,6183192,29.146
1698014760,6184000,6180641,29.081
1698014820,6182826,6189097,29.165
1698014880,6188019,6185776,29.08
1698014940,6188569,6189678,29.098
1698015000,6190623,6187140,29.114
1698015060,6189246,6188267,29.206
1698015120,6188589,6188131,29.169
1698015180,6191892,6187974,29.147
1698015240,6189077,6186793,29.214
1698015300,6196558,6196558,29.278
1698015360,6207635,6206551,29.189
1698015420,6201830,6204880,29.26
1698015480,6200058,6200058,29.272
1698015540,6195747,6189372,29.254
1698015600,6188346,6184420,29.161
1698015660,6184831,6184831,29.102
1698015720,6183457,6184372,29.125
1698015780,6187208,6181480,29.074
1698015840,6179603,6182062,29.077
1698015900,6182138,6185136,29.066
1698015960,6212302,6193562,28.989
1698016020,6188190,6180329,28.998
1698016080,6184687,6185706,28.96
1698016140,6183126,6182239,28.979
1698016200,6180157,6183681,29.007
1698016260,6186466,6179138,29
1698016320,6183333,6185919,29
1698016380,6187413,6184521,28.996
1698016440,6188295,6190977,29.004
1698016500,6194275,6196058,28.992
1698016560,6198848,6197301,28.971
1698016620,6198210,6189763,28.89
1698016680,6188305,6191987,28.922
1698016740,6193885,6192717,28.902
1698016800,6191573,6190522,28.892
1698016860,6191625,6190588,28.899
1698016920,6181705,6182425,28.802
1698016980,6171977,6173400,28.87
1698017040,6174205,6172354,28.849
1698017100,6172112,6171753,28.849
1698017160,6174508,6174842,28.842
1698017220,6178571,6178745,28.854
1698017280,6178717,6178105,28.862
1698017340,6177451,6179392,28.842
1698017400,6182905,6183319,28.833
1698017460,6182604,6181891,28.83
1698017520,6182863,6183211,28.823
1698017580,6183181,6180331,28.865
1698017640,6181280,6184311,28.91
1698017700,6181050,6184344,28.901
1698017760,6181326,6182650,28.902
1698017820,6183462,6182978,28.906
1698017880,6183934,6185393,28.901
1698017940,6186213,6183882,28.897
1698018000,6184686,6185134,28.912
1698018060,6188140,6182430,28.948
1698018120,6181706,6180319,28.912
1698018180,6180879,6180747,28.918
1698018240,6178643,6178079,28.931
1698018300,6178428,6178428,28.913
1698018360,6181707,6179254,28.916
1698018420,6179436,6179436,28.954
1698018480,6179244,6174196,28.972
1698018540,6168228,6169298,29.022
1698018600,6165838,6162998,29.007
1698018660,6163064,6160350,29.015
1698018720,6160104,6157835,29.017
1698018780,6156659,6157470,28.998
1698018840,6156474,6154820,28.972
1698018900,6153124,6153039,28.979
1698018960,6152693,6152394,29.013
1698019020,6151237,6150399,29.001
1698019080,6151837,6153146,29.013
1698019140,6154720,6154396,29.031
1698019200,6154223,6155453,28.964
1698019260,6156861,6156331,28.918
1698019320,6158534,6153449,28.968
1698019380,6153955,6151544,28.962
1698019440,6151235,6152798,29.027
1698019500,6150673,6151307,29.07
1698019560,6152347,6153247,29.087
1698019620,6153368,6149898,29.015
1698019680,6150215,6149391,28.993
1698019740,6153933,6153444,29.057
1698019800,6154375,6151817,29.127
1698019860,6148409,6145621,29.104
1698019920,6146621,6145032,29.091
1698019980,6144567,6145119,29.13
1698020040,6147824,6148571,29.167
1698020100,6146628,6146924,29.1
1698020160,6150006,6153256,29.059
1698020220,6150941,6150172,29.018
1698020280,6149811,6149874,29.064
1698020340,6151620,6151042,29.073
1698020400,6152419,6150952,29.043
1698020460,6148593,6148821,28.968
1698020520,6154247,6156067,28.933
1698020580,6155033,6148452,28.899
1698020640,6167219,6136369,28.776
1698020700,6135303,6144091,28.794
1698020760,6144162,6145922,28.805
1698020820,6147886,6144997,28.84
1698020880,6145121,6142490,28.826
1698020940,6144121,6145172,28.849
1698021000,6146052,6145824,28.862
1698021060,6145616,6149287,28.797
1698021120,6153649,6154864,28.815
1698021180,6157300,6158089,28.794
1698021240,6158385,6158198,28.769
1698021300,6159875,6162882,28.803
1698021360,6160776,6158423,28.752
1698021420,6159230,6158871,28.769
1698021480,6155454,6156077,28.755
1698021540,6158585,6159281,28.778
1698021600,6160771,6160589,28.791
1698021660,6160644,6161553,28.8
1698021720,6161519,6161519,28.77
1698021780,6161287,6161780,28.813
1698021840,6162871,6164037,28.844
1698021900,6162921,6162129,28.847
1698021960,6161707,6162177,28.914
1698022020,6155726,6149949,28.951
1698022080,6143162,6181878,29.183
1698022140,6182900,6180100,29.144
1698022200,6172507,6174523,29.15
1698022260,6170346,6159307,29.092
1698022320,6158588,6159732,29.063
1698022380,6158872,6158986,29.1
1698022440,6163117,6154466,29.14
1698022500,6152395,6153366,29.141
1698022560,6152095,6151831,29.245
1698022620,6150632,6146677,29.308
1698022680,6137457,6136598,29.256
1698022740,6137411,6140380,29.226
1698022800,6138109,6140953,29.231
1698022860,6144310,6144789,29.166
1698022920,6144923,6141156,29.112
1698022980,6159494,6157526,29.196
1698023040,6158394,6159431,29.129
1698023100,6161603,6161251,29.173
1698023160,6164766,6174766,29.232
1698023220,6176077,6176229,29.303
1698023280,6173320,6174308,29.345
1698023340,6174591,6174344,29.313
1698023400,6174001,6177659,29.262
1698023460,6181230,6182045,29.27
1698023520,6192939,6192524,29.326
1698023580,6188335,6189562,29.318
1698023640,6191717,6196992,29.326
1698023700,6197872,6197828,29.278
1698023760,6197628,6199692,29.347
1698023820,6207569,6206769,29.319
1698023880,6208598,6212750,29.369
1698023940,6210230,6213652,29.373
1698024000,6220336,6226229,29.478
1698024060,6219347,6216341,29.494
1698024120,6213642,6208534,29.535
1698024180,6211469,6214612,29.581
1698024240,6219135,6223069,29.542
1698024300,6220529,6224709,29.533
1698024360,6229749,6234687,29.62
1698024420,6229101,6228518,29.718
1698024480,6232892,6238184,29.822
1698024540,6240339,6229755,29.749
1698024600,6233184,6246561,29.794
1698024660,6247759,6251762,29.878
1698024720,6267502,6271487,29.784
1698024780,6255755,6255755,29.587
1698024840,6233423,6224520,29.503
1698024900,6219010,6213442,29.57
1698024960,6210791,6210487,29.542
1698025020,6212329,6214381,29.611
1698025080,6215415,6222879,29.564
1698025140,6220219,6214997,29.615
1698025200,6215731,6218032,29.682
1698025260,6225145,6224558,29.559
1698025320,6217865,6232714,29.717
1698025380,6232953,6242308,29.75
1698025440,6234987,6242480,29.773
1698025500,6242103,6238177,29.756
1698025560,6241734,6240638,29.765
1698025620,6240596,6241124,29.677
1698025680,6249591,6247258,29.615
1698025740,6250178,6250984,29.673
1698025800,6263721,6264511,29.638
1698025860,6258856,6259027,29.603
1698025920,6260988,6260946,29.604
1698025980,6262290,6262137,29.648
1698026040,6259773,6257450,29.744
1698026100,6253897,6255572,29.783
1698026160,6254221,6254556,29.793
1698026220,6253440,6253642,29.816
1698026280,6256887,6261651,29.771
1698026340,6274160,6273593,29.911
1698026400,6263209,6281816,29.893
1698026460,6283593,6290808,29.901
1698026520,6293643,6286191,29.827
1698026580,6289864,6283764,29.778
1698026640,6283522,6284785,29.702
1698026700,6278492,6275183,29.667
1698026760,6276145,6276665,29.633
1698026820,6273103,6273594,29.648
1698026880,6273794,6276011,29.674
1698026940,6276755,6278206,29.771
1698027000,6276197,6273820,29.778
1698027060,6274438,6271728,29.738
1698027120,6277494,6277880,29.772
1698027180,6278099,6277346,29.72
1698027240,6279934,6278630,29.71
1698027300,6283012,6286786,29.689
1698027360,6285080,6298709,29.791
1698027420,6300608,6299761,29.721
1698027480,6299290,6296262,29.811
1698027540,6300240,6298130,29.771
1698027600,6299054,6299969,29.761
1698027660,6302340,6295902,29.795
1698027720,6297274,6297274,29.801
1698027780,6294764,6292844,29.79
1698027840,6295842,6297368,29.788
1698027900,6296050,6296050,29.791
1698027960,6295560,6299659,29.787
1698028020,6301858,6301858,29.732
1698028080,6298967,6298369,29.75
1698028140,6300410,6300019,29.706
1698028200,6298034,6295466,29.659
1698028260,6291625,6292853,29.721
1698028320,6293155,6291379,29.75
1698028380,6293267,6293876,29.705
1698028440,6294978,6295368,29.721
1698028500,6292847,6295215,29.732
1698028560,6293926,6292357,29.808
1698028620,6292357,6292357,29.826
