"OI_open","OI_close","timestamp","price_open","price_close"
1561917.6,1561744,1698063000,6.388,6.395
1560363.6,1562201.9,1698063060,6.394,6.393
1562276.2,1560874.8,1698063120,6.394,6.404
1560861.9,1560613.6,1698063180,6.404,6.392
1560690.2,1560611.5,1698063240,6.392,6.392
1560661.5,1560647,1698063300,6.392,6.4
1561789.4,1562019.6,1698063360,6.399,6.412
1564010.1,1564642.6,1698063420,6.411,6.428
1565589.7,1563617.3,1698063480,6.428,6.432
1562153.4,1562029.1,1698063540,6.431,6.411
1561453.4,1563542.4,1698063600,6.411,6.425
1572971.2,1572999.2,1698063660,6.425,6.432
1572803.2,1573015.9,1698063720,6.43,6.417
1572271.4,1571605.9,1698063780,6.417,6.424
1571477.8,1570323.8,1698063840,6.422,6.417
1570156.4,1570349.4,1698063900,6.416,6.412
1570518.2,1570518.2,1698063960,6.41,6.411
1570609.8,1571221.3,1698064020,6.41,6.405
1570862.4,1570862.4,1698064080,6.409,6.385
1566344.1,1566920.3,1698064140,6.385,6.382
1565979.1,1567593.5,1698064200,6.383,6.398
1566950.5,1567048.6,1698064260,6.398,6.392
1566679.4,1566788.3,1698064320,6.392,6.388
1567523.2,1566958.6,1698064380,6.387,6.383
1567460.9,1567198.3,1698064440,6.383,6.382
1567334.4,1567191.4,1698064500,6.382,6.383
1566344.7,1566508.6,1698064560,6.383,6.378
1566112.2,1566315.8,1698064620,6.378,6.368
1563738.3,1562269.1,1698064680,6.37,6.36
1562142.4,1562409.3,1698064740,6.36,6.366
1561794.8,1562174.9,1698064800,6.366,6.375
1562139.7,1562155.2,1698064860,6.375,6.378
1561850.1,1561782.2,1698064920,6.376,6.371
1562401.6,1562387,1698064980,6.371,6.368
1562393.6,1562200.8,1698065040,6.369,6.366
1562534.9,1562583.6,1698065100,6.367,6.376
1562546.7,1562426.8,1698065160,6.375,6.365
1563323.2,1565852.1,1698065220,6.366,6.36
1569460.6,1569460.6,1698065280,6.36,6.362
1570154.4,1570147.9,1698065340,6.362,6.371
1570137.5,1570431.4,1698065400,6.372,6.376
1570540.3,1570540.3,1698065460,6.376,6.379
1570472,1571287.9,1698065520,6.378,6.385
1571185.7,1571010.7,1698065580,6.385,6.382
1571051.6,1570941.8,1698065640,6.381,6.376
1570914.6,1570943.3,1698065700,6.375,6.367
1570821.7,1570926.6,1698065760,6.367,6.361
1570426.1,1570252.3,1698065820,6.361,6.354
1570459.4,1571088.1,1698065880,6.354,6.353
1571927,1571849.6,1698065940,6.354,6.358
1571762.9,1570889.6,1698066000,6.358,6.36
1570904.2,1570760,1698066060,6.361,6.349
1571097.3,1570820.9,1698066120,6.348,6.348
1571719.7,1571148.4,1698066180,6.348,6.347
1571006.9,1570708.2,1698066240,6.347,6.343
1569792.7,1569101.2,1698066300,6.343,6.332
1570005.3,1568878.1,1698066360,6.331,6.336
1568665.4,1568875.8,1698066420,6.336,6.345
1567755.9,1568349.6,1698066480,6.345,6.345
1568015.6,1568912.3,1698066540,6.339,6.339
1568401.6,1568735.9,1698066600,6.339,6.34
1568378.3,1568321.6,1698066660,6.341,6.346
1568363.2,1568363.2,1698066720,6.346,6.346
1568691.7,1568992.1,1698066780,6.345,6.35
1569400.8,1569246.3,1698066840,6.353,6.356
1569449.3,1568580,1698066900,6.354,6.349
1569752.4,1569043.5,1698066960,6.35,6.349
1569081.7,1569081.7,1698067020,6.346,6.335
1569003.9,1568577.7,1698067080,6.334,6.332
1568382.6,1568084.1,1698067140,6.33,6.323
1569061,1568996.5,1698067200,6.322,6.326
1569090.4,1569234.8,1698067260,6.326,6.331
1569290.4,1569224.8,1698067320,6.332,6.324
1569258,1569238.5,1698067380,6.324,6.325
1567370.1,1565781.1,1698067440,6.325,6.322
1564574,1564112.5,1698067500,6.321,6.317
1564113.9,1564342.3,1698067560,6.317,6.327
1564198.2,1563920.3,1698067620,6.327,6.328
1564152.4,1563927,1698067680,6.328,6.322
1563864.1,1563868.3,1698067740,6.321,6.317
1563346.5,1562855.4,1698067800,6.316,6.306
1559170.7,1559377.9,1698067860,6.304,6.297
1559795.4,1559846,1698067920,6.296,6.286
1558822.8,1557785.1,1698067980,6.286,6.309
1557183.2,1557332.7,1698068040,6.308,6.297
1557811.1,1556714.6,1698068100,6.296,6.308
1556381.5,1556346.5,1698068160,6.305,6.294
1556299.2,1556299.2,1698068220,6.295,6.301
1556464.4,1556580.3,1698068280,6.301,6.324
1553641.5,1553314.2,1698068340,6.323,6.325
1552583.4,1552553.7,1698068400,6.324,6.325
1551960.3,1551960.3,1698068460,6.325,6.329
1552276.9,1551914.9,1698068520,6.328,6.328
1552227.9,1552099.4,1698068580,6.328,6.336
1552090.9,1551586.3,1698068640,6.335,6.331
1551514.4,1551315.1,1698068700,6.33,6.351
1549589.9,1549464,1698068760,6.351,6.336
1549021.9,1549005.7,1698068820,6.336,6.34
1549437.6,1548653.2,1698068880,6.338,6.35
1548213.3,1572623.5,1698068940,6.35,6.438
1584367,1584018.2,1698069000,6.437,6.436
1583851.8,1584767.7,1698069060,6.436,6.419
1587723.4,1588750.5,1698069120,6.42,6.423
1588646.2,1589128.5,1698069180,6.425,6.422
1588194.5,1588004,1698069240,6.421,6.422
1587558.9,1587377.6,1698069300,6.421,6.418
1587371.5,1587643.7,1698069360,6.419,6.409
1587746.5,1587712.4,1698069420,6.407,6.409
1588654.8,1588296.8,1698069480,6.409,6.408
1587608,1587369.2,1698069540,6.407,6.403
1592845.6,1593235.9,1698069600,6.402,6.441
1594215.2,1594133.6,1698069660,6.441,6.434
1593808,1592953.3,1698069720,6.434,6.427
1593930.9,1595413.6,1698069780,6.427,6.441
1595482.2,1595482.2,1698069840,6.44,6.447
1595803,1593902,1698069900,6.447,6.463
1592042.2,1591476.9,1698069960,6.462,6.456
1592402.6,1592185.2,1698070020,6.457,6.455
1590638.8,1590807.7,1698070080,6.454,6.454
1590243.1,1590813.5,1698070140,6.455,6.452
1589842.3,1586902.9,1698070200,6.452,6.454
1587016.1,1587008.6,1698070260,6.453,6.44
1586502.6,1585066,1698070320,6.44,6.436
1585128.6,1584968,1698070380,6.437,6.444
1585109.1,1585090.8,1698070440,6.442,6.439
1585036.9,1585282.9,1698070500,6.439,6.437
1584244.1,1584163,1698070560,6.436,6.422
1582636,1580908.6,1698070620,6.422,6.409
1580293.5,1580811.2,1698070680,6.408,6.405
1581391.4,1581386.5,1698070740,6.405,6.395
1581074.8,1580834.9,1698070800,6.395,6.4
1580542.5,1580417.6,1698070860,6.4,6.393
1580106.6,1579882.8,1698070920,6.394,6.41
1579269.4,1579083.3,1698070980,6.409,6.414
1578867.9,1578841.5,1698071040,6.413,6.415
1579002.9,1579089,1698071100,6.415,6.425
1578513.4,1578708.6,1698071160,6.426,6.422
1578745.8,1578691.8,1698071220,6.422,6.418
1578571.7,1578571.7,1698071280,6.417,6.421
1578676.1,1578510.3,1698071340,6.421,6.419
1578719.5,1578734.5,1698071400,6.419,6.423
1577975.5,1577773.9,1698071460,6.422,6.413
1577266.2,1577467.6,1698071520,6.412,6.404
1577199.3,1577488.8,1698071580,6.403,6.401
1577377.9,1577377.4,1698071640,6.399,6.403
1576907.5,1576002.2,1698071700,6.403,6.405
1576256.8,1576044.7,1698071760,6.406,6.408
1575692.1,1575206.8,1698071820,6.407,6.399
1575178.8,1575102.9,1698071880,6.398,6.406
1574896.9,1574748.9,1698071940,6.406,6.411
1576643.8,1576840.5,1698072000,6.41,6.42
1576818.1,1577444.1,1698072060,6.421,6.422
1577198.4,1576958.2,1698072120,6.421,6.412
1576891.5,1576607.3,1698072180,6.413,6.41
1576322.9,1576701.6,1698072240,6.412,6.414
1576695.2,1576223,1698072300,6.414,6.409
1576028.9,1576348.2,1698072360,6.408,6.414
1575930.7,1576103.9,1698072420,6.414,6.418
1576046.1,1576117.8,1698072480,6.415,6.397
1576174.7,1576174.7,1698072540,6.397,6.397
1576062.5,1576090.8,1698072600,6.398,6.415
1575846.4,1575802.7,1698072660,6.414,6.421
1575904.2,1572289.8,1698072720,6.42,6.41
1570379.1,1570386.8,1698072780,6.412,6.415
1570372.4,1570248.9,1698072840,6.413,6.408
1570231.9,1569729,1698072900,6.407,6.408
1569962.1,1569996.6,1698072960,6.407,6.412
1570107.2,1570102.5,1698073020,6.411,6.413
1569053.2,1568835.4,1698073080,6.412,6.409
1569152.9,1569160.1,1698073140,6.411,6.406
1569328.7,1569178.4,1698073200,6.406,6.405
1569271.4,1569255,1698073260,6.405,6.412
1569610.1,1569989.1,1698073320,6.414,6.416
1569968.7,1569966.1,1698073380,6.417,6.417
1569949,1569739.7,1698073440,6.417,6.401
1569750.2,1568255.1,1698073500,6.402,6.395
1568652.9,1568709.7,1698073560,6.395,6.383
1565510.3,1564748.7,1698073620,6.384,6.398
1564647.2,1564492.7,1698073680,6.397,6.389
1564046.6,1564121.5,1698073740,6.388,6.392
1564032.2,1564032.2,1698073800,6.392,6.405
1563765.9,1563500.3,1698073860,6.405,6.408
1563051.8,1563289.7,1698073920,6.407,6.414
1563673.7,1563674,1698073980,6.414,6.413
1563640.3,1563640.3,1698074040,6.413,6.413
1563661.2,1563545.7,1698074100,6.412,6.416
1563774.2,1563634.3,1698074160,6.416,6.397
1562883.9,1562764,1698074220,6.396,6.403
1562792.5,1562602.4,1698074280,6.403,6.401
1562383.3,1562180,1698074340,6.402,6.408
1562131.2,1561853.4,1698074400,6.406,6.4
1561878.9,1562057.4,1698074460,6.398,6.405
1561889.2,1561938.9,1698074520,6.405,6.413
1561863.2,1561563.1,1698074580,6.414,6.422
1561563.1,1561519.2,1698074640,6.422,6.419
1561267.4,1561376.8,1698074700,6.421,6.425
1561402.9,1561047,1698074760,6.425,6.419
1561060.1,1561009.6,1698074820,6.419,6.416
1560955.6,1560837.2,1698074880,6.418,6.423
1560885.9,1560699.3,1698074940,6.423,6.426
1560337.9,1560320.7,1698075000,6.426,6.424
1560024,1559693.3,1698075060,6.425,6.427
1559642,1559183.5,1698075120,6.426,6.418
1558868,1558358.5,1698075180,6.42,6.404
1558526.6,1558633.1,1698075240,6.403,6.414
1558561.4,1558561.4,1698075300,6.415,6.414
1558569.2,1558779.1,1698075360,6.414,6.396
1559043.9,1559380.1,1698075420,6.396,6.399
1559323.6,1559323.6,1698075480,6.399,6.4
1559250.7,1559127.9,1698075540,6.399,6.399
1559134.6,1559329.4,1698075600,6.399,6.397
1559071.8,1559055.1,1698075660,6.396,6.395
1559021.8,1559051.7,1698075720,6.396,6.389
1559264,1559518.9,1698075780,6.388,6.387
1560541.1,1561025.2,1698075840,6.387,6.382
1561017.6,1560215.7,1698075900,6.382,6.38
1560225,1560207.3,1698075960,6.38,6.377
1560843.4,1560884,1698076020,6.376,6.379
1560894.2,1561023.8,1698076080,6.379,6.39
1560704.2,1560621.4,1698076140,6.389,6.395
1561197.5,1561558.4,1698076200,6.396,6.394
1561661.4,1561367.8,1698076260,6.395,6.393
1561393.1,1561794.9,1698076320,6.392,6.401
1561839.1,1561974.1,1698076380,6.401,6.405
1561186,1560691.7,1698076440,6.406,6.394
1560728.2,1560624,1698076500,6.394,6.379
1557972.6,1558185.9,1698076560,6.379,6.39
1555540.1,1554998.2,1698076620,6.389,6.375
1553451.9,1554172.6,1698076680,6.374,6.368
1554066.3,1550466,1698076740,6.367,6.334
1551219.9,1551219.9,1698076800,6.336,6.386
1558662.5,1557158.4,1698076860,6.387,6.396
1556828.4,1557028.6,1698076920,6.395,6.379
1553359.2,1553108.8,1698076980,6.379,6.374
1553535.5,1553314.2,1698077040,6.373,6.389
1552017.2,1552916.6,1698077100,6.39,6.393
1552693.4,1552425.7,1698077160,6.393,6.391
1552402.5,1552390.3,1698077220,6.39,6.397
1552156.8,1552040.3,1698077280,6.398,6.392
1552316.4,1551858.2,1698077340,6.393,6.397
1551813.4,1551686.7,1698077400,6.398,6.406
1551345.7,1551075.6,1698077460,6.406,6.396
1551162.1,1551224.1,1698077520,6.397,6.398
1551139.2,1551165.5,1698077580,6.398,6.389
1551150.9,1551143.2,1698077640,6.39,6.393
1550627.5,1550573,1698077700,6.392,6.397
1550487,1550310.7,1698077760,6.395,6.395
1550616.7,1551251.1,1698077820,6.396,6.391
1551730.7,1551927,1698077880,6.391,6.385
1551785.7,1551787.3,1698077940,6.386,6.387
1551840.8,1551906.2,1698078000,6.388,6.385
1553087.7,1552783.6,1698078060,6.385,6.379
1552872.6,1552876.8,1698078120,6.379,6.38
1552482.2,1551095.2,1698078180,6.379,6.369
1551080.2,1550918.2,1698078240,6.37,6.373
1550972.1,1551289,1698078300,6.374,6.366
1551598,1551220.7,1698078360,6.367,6.361
1551110.9,1551110.9,1698078420,6.359,6.368
1551149.1,1550650.7,1698078480,6.369,6.367
1550271.3,1550597.4,1698078540,6.367,6.364
1549011.3,1549011.3,1698078600,6.363,6.392
1548862.4,1548264.9,1698078660,6.392,6.383
1548874.3,1548805.4,1698078720,6.379,6.387
1548163.1,1548327.4,1698078780,6.386,6.393
1548289.6,1548072.3,1698078840,6.393,6.399
1547468.8,1547104.1,1698078900,6.398,6.408
1546637.7,1545926.1,1698078960,6.407,6.423
1545342.9,1545056.4,1698079020,6.422,6.415
1544958.2,1545628.1,1698079080,6.415,6.415
1545567.4,1545878.1,1698079140,6.417,6.414
1545848.9,1545966.6,1698079200,6.415,6.408
1546082.2,1546082.2,1698079260,6.408,6.404
1546047.2,1546015.2,1698079320,6.403,6.407
1546152.1,1546089.7,1698079380,6.408,6.426
1546839.5,1546839.9,1698079440,6.427,6.424
1546828.8,1546897.6,1698079500,6.422,6.412
1546793.9,1547816.7,1698079560,6.412,6.418
1547515,1547515,1698079620,6.42,6.42
1547635.8,1546959.3,1698079680,6.421,6.43
1546685.5,1546566.2,1698079740,6.43,6.442
1546632.9,1546339.5,1698079800,6.441,6.44
1546723.6,1546939.9,1698079860,6.441,6.445
1546933,1546805.9,1698079920,6.445,6.449
1546716.1,1546869.8,1698079980,6.45,6.457
1547147.2,1546571.7,1698080040,6.456,6.458
1546569.5,1546561.2,1698080100,6.457,6.468
1546991,1546773.9,1698080160,6.468,6.479
1547518.9,1539065.9,1698080220,6.479,6.432
1538075.8,1537771.1,1698080280,6.432,6.437
1537333.1,1536927.3,1698080340,6.437,6.433
1537624.3,1537624.3,1698080400,6.433,6.436
1537666.6,1537666.6,1698080460,6.436,6.421
1537407.5,1536594.1,1698080520,6.419,6.425
1535205.4,1535653.9,1698080580,6.424,6.425
1535780.7,1535780.7,1698080640,6.426,6.43
1535757.8,1535828.5,1698080700,6.431,6.448
1535722.9,1535529.3,1698080760,6.447,6.444
1535389.7,1535547.7,1698080820,6.444,6.457
1536004,1537037,1698080880,6.458,6.452
1537152.5,1536952.8,1698080940,6.455,6.468
1536883.9,1536709.9,1698081000,6.468,6.475
1536140.4,1535330.5,1698081060,6.476,6.463
1534666.8,1534749.1,1698081120,6.463,6.463
1534672.6,1534239.8,1698081180,6.465,6.461
1536133.8,1535510.5,1698081240,6.464,6.481
1528368.3,1525750.6,1698081300,6.48,6.429
1525960.4,1525601.5,1698081360,6.428,6.406
1522240.3,1523055.5,1698081420,6.406,6.428
1525404.5,1524119.9,1698081480,6.429,6.437
1522832.9,1523510.9,1698081540,6.438,6.438
1523735.4,1524310.6,1698081600,6.438,6.454
1524692.5,1524670,1698081660,6.455,6.445
1524674,1524397.1,1698081720,6.446,6.452
1524322.3,1524624.2,1698081780,6.452,6.442
1524414.5,1523978.2,1698081840,6.441,6.45
1523730.2,1523283.5,1698081900,6.45,6.431
1523245.7,1523245.7,1698081960,6.432,6.424
1523127,1523088.9,1698082020,6.423,6.434
1523625.2,1523625.2,1698082080,6.434,6.403
1524688.5,1524574.9,1698082140,6.402,6.413
1524553.5,1524411,1698082200,6.416,6.411
1524214.8,1523286,1698082260,6.411,6.433
1521765.9,1523641.4,1698082320,6.434,6.447
1523398.9,1523312.9,1698082380,6.446,6.452
1523028.4,1522900.9,1698082440,6.452,6.455
1523452.7,1523666.5,1698082500,6.454,6.463
1523404.5,1523619.7,1698082560,6.463,6.487
1547233.1,1551270.5,1698082620,6.486,6.548
1551611.7,1551722.9,1698082680,6.549,6.513
1551669.6,1551892.4,1698082740,6.514,6.495
1550163.7,1550455.2,1698082800,6.495,6.509
1549941.8,1550967.5,1698082860,6.509,6.507
1550209.9,1548613.7,1698082920,6.507,6.501
1547941,1547861.7,1698082980,6.502,6.502
1548336.4,1548459.7,1698083040,6.503,6.507
1548410.6,1548017.5,1698083100,6.507,6.515
1547466.3,1547466.3,1698083160,6.514,6.501
1547837.6,1547945.2,1698083220,6.501,6.518
1548164.7,1548130.7,1698083280,6.518,6.52
1546959.7,1546880.2,1698083340,6.52,6.524
1547135.1,1547822,1698083400,6.526,6.518
1547561.4,1547762.5,1698083460,6.518,6.522
1547963.8,1548046.8,1698083520,6.521,6.527
1547355.8,1546809.7,1698083580,6.525,6.514
1547582.3,1547528.3,1698083640,6.514,6.53
1547804,1547956.6,1698083700,6.531,6.533
1547883.2,1547877.6,1698083760,6.535,6.525
1547081.3,1546347,1698083820,6.525,6.519
1544942.7,1542440.4,1698083880,6.519,6.509
1542354.9,1542305.7,1698083940,6.51,6.508
1541851.6,1541781.2,1698084000,6.511,6.502
1542174.1,1542289.7,1698084060,6.503,6.515
1543916.5,1543967.9,1698084120,6.514,6.521
1544411,1544411,1698084180,6.523,6.529
1544525.4,1544354.3,1698084240,6.53,6.511
1541910.6,1541391.2,1698084300,6.51,6.518
1541346.2,1541467.1,1698084360,6.52,6.521
1541491.8,1541491.8,1698084420,6.521,6.507
1540944.9,1541028.5,1698084480,6.507,6.513
1541504.8,1540640.3,1698084540,6.512,6.51
1540593,1540593,1698084600,6.513,6.526
1540417.5,1539986.3,1698084660,6.525,6.523
1539522.8,1539522.8,1698084720,6.524,6.523
1539594.9,1539665.3,1698084780,6.523,6.521
1539762.3,1539618.5,1698084840,6.522,6.534
1539217.4,1538650.7,1698084900,6.536,6.525
1538215.1,1537986.6,1698084960,6.526,6.516
1536710.3,1536456.2,1698085020,6.515,6.512
1536430.8,1536014.8,1698085080,6.513,6.514
1535999.5,1535902.2,1698085140,6.515,6.51
1534769.7,1533708.2,1698085200,6.512,6.509
1534455.9,1534403.9,1698085260,6.511,6.505
1534148.8,1534256.3,1698085320,6.504,6.51
1534233.8,1531486.2,1698085380,6.511,6.491
1531858.4,1531851.3,1698085440,6.491,6.506
1531484,1531488.3,1698085500,6.505,6.501
1531515.9,1531515.9,1698085560,6.5,6.502
1531337.7,1530494.7,1698085620,6.501,6.492
1528993.8,1528993.8,1698085680,6.493,6.487
1528856.7,1527985.1,1698085740,6.486,6.493
1529707.2,1529574.6,1698085800,6.493,6.495
1529615.4,1529670.4,1698085860,6.493,6.513
1528082.2,1527169,1698085920,6.513,6.507
1527422,1527547.6,1698085980,6.506,6.506
1527168.3,1527233.1,1698086040,6.505,6.505
1526829,1526821.1,1698086100,6.504,6.506
1526920.3,1527523.2,1698086160,6.507,6.504
1527486.4,1527490.3,1698086220,6.503,6.499
1527670,1527547.8,1698086280,6.499,6.502
1527712.9,1527760.4,1698086340,6.501,6.515
1527680.4,1527592.5,1698086400,6.516,6.513
1528015.8,1528013.9,1698086460,6.512,6.511
1528008.6,1527962.6,1698086520,6.511,6.504
1528015.4,1527782.9,1698086580,6.502,6.5
1527775.6,1527639.3,1698086640,6.5,6.475
1526785.9,1526785.9,1698086700,6.474,6.47
1526206.2,1523204.4,1698086760,6.472,6.487
1522279.4,1521795.1,1698086820,6.488,6.495
1521422.9,1521448.6,1698086880,6.497,6.494
1521215.4,1521173.7,1698086940,6.495,6.499
1520962.2,1520557.9,1698087000,6.498,6.504
1520089,1520196.2,1698087060,6.505,6.51
1519970.4,1521020.7,1698087120,6.51,6.511
1520887.1,1520265.7,1698087180,6.51,6.523
1520564.7,1520471.1,1698087240,6.522,6.524
1520433.3,1520470.9,1698087300,6.525,6.53
1520351.2,1519813.2,1698087360,6.531,6.524
1519718,1519609.1,1698087420,6.525,6.532
1518848.8,1519078.5,1698087480,6.532,6.536
1518729.9,1519031.2,1698087540,6.537,6.541
1518944.6,1519364.9,1698087600,6.544,6.54
1519570.7,1519964.3,1698087660,6.54,6.547
1519886.5,1519571.2,1698087720,6.549,6.56
1520281.2,1520059.7,1698087780,6.56,6.556
1520749.3,1520695.2,1698087840,6.555,6.549
1520648,1520327.2,1698087900,6.548,6.532
1520619.1,1520380.2,1698087960,6.533,6.53
1520299,1520381.1,1698088020,6.531,6.519
1521243.3,1520774.9,1698088080,6.52,6.514
1520783.3,1520733.6,1698088140,6.515,6.517
1520517.4,1520517.4,1698088200,6.516,6.524
1520145.9,1520116.6,1698088260,6.524,6.527
1520025.7,1520025.7,1698088320,6.527,6.531
1520212,1519692.2,1698088380,6.532,6.533
1520195.3,1520195.3,1698088440,6.533,6.539
1520211.4,1520053.4,1698088500,6.537,6.531
1518117.1,1517573.6,1698088560,6.531,6.531
1517364.7,1515712.9,1698088620,6.531,6.518
1515465.2,1515465.2,1698088680,6.519,6.512
1515226.6,1514639.1,1698088740,6.513,6.514
1516859.5,1516859.5,1698088800,6.513,6.528
1516711.7,1515902.3,1698088860,6.527,6.52
1514904.4,1515108.7,1698088920,6.519,6.514
1515702,1515533.4,1698088980,6.515,6.513
1515452.1,1517540.6,1698089040,6.512,6.503
1517316.9,1517332,1698089100,6.503,6.519
1517360.7,1517308.8,1698089160,6.519,6.514
1517295.7,1516863.6,1698089220,6.514,6.524
1516549,1516413.6,1698089280,6.524,6.51
1516122.1,1516240.4,1698089340,6.511,6.521
1519021.1,1518832.3,1698089400,6.521,6.507
1518716.5,1518029.2,1698089460,6.507,6.511
1518160.9,1518162.1,1698089520,6.513,6.5
1518087.1,1518122.2,1698089580,6.501,6.51
1518125.4,1518195.4,1698089640,6.51,6.506
1518126.3,1518039.9,1698089700,6.508,6.515
1517343,1517235.9,1698089760,6.515,6.507
1517205.8,1517210.2,1698089820,6.506,6.508
1517118.4,1516887.4,1698089880,6.507,6.504
1519092,1519092,1698089940,6.504,6.512
1518763.3,1519379.2,1698090000,6.513,6.512
1519332.4,1519624.4,1698090060,6.512,6.517
1519621.7,1519806.2,1698090120,6.519,6.527
1519987.1,1520106.2,1698090180,6.528,6.53
1520077.6,1520082.8,1698090240,6.53,6.527
1519837.2,1519827.3,1698090300,6.527,6.534
1520002.1,1519777.4,1698090360,6.534,6.534
1519701.9,1519695.6,1698090420,6.534,6.534
1519574.8,1519908.7,1698090480,6.534,6.539
1520325,1519984.5,1698090540,6.539,6.534
1519741.9,1519681.1,1698090600,6.532,6.518
1518493.5,1518769.2,1698090660,6.518,6.532
1519150.9,1518983.2,1698090720,6.534,6.534
1518924.2,1518844.7,1698090780,6.536,6.535
1518893.7,1518639.1,1698090840,6.537,6.533
1518654.1,1518838.2,1698090900,6.534,6.542
1518922.6,1518896.4,1698090960,6.542,6.539
1518541.1,1518547,1698091020,6.54,6.541
1518462.6,1518501.5,1698091080,6.542,6.54
1518549.7,1518504.9,1698091140,6.54,6.539
1518813.9,1517424.9,1698091200,6.538,6.551
1511849.1,1508945.1,1698091260,6.552,6.522
1508850.7,1506942.6,1698091320,6.521,6.528
1507091.5,1507091.5,1698091380,6.528,6.525
1507112.3,1502127.9,1698091440,6.524,6.495
1501711.3,1500292,1698091500,6.495,6.474
1501148.1,1502410.9,1698091560,6.475,6.479
1501659.8,1501768.8,1698091620,6.48,6.465
1502782.9,1502486.4,1698091680,6.463,6.479
1502343.4,1502157.2,1698091740,6.48,6.482
1502200.4,1502654.5,1698091800,6.482,6.49
1502342.5,1502561.8,1698091860,6.489,6.484
1502589.8,1502353.8,1698091920,6.485,6.484
1502649.1,1502530,1698091980,6.485,6.483
1502421.1,1502201.5,1698092040,6.483,6.486
1501754.5,1501697.8,1698092100,6.485,6.485
1501239.1,1501486.6,1698092160,6.484,6.481
1500778.1,1500506.4,1698092220,6.482,6.484
1500397.5,1500694.3,1698092280,6.484,6.48
1502496.3,1501811.9,1698092340,6.481,6.486
1503163.7,1502988.1,1698092400,6.485,6.491
1502774.9,1500068.1,1698092460,6.492,6.479
1499971.2,1499382.5,1698092520,6.48,6.489
1499067.7,1498938.7,1698092580,6.487,6.491
1498712.3,1498510.7,1698092640,6.491,6.481
1498657.1,1498657.1,1698092700,6.483,6.475
1495574.4,1494783.9,1698092760,6.474,6.476
1494717.9,1494717.9,1698092820,6.477,6.469
1494590.9,1494520.2,1698092880,6.468,6.471
1494292.5,1494035,1698092940,6.471,6.47
1494976.9,1494992.1,1698093000,6.47,6.46
1491387.2,1491286.8,1698093060,6.46,6.459
1491107.9,1491217.8,1698093120,6.459,6.452
1491478.8,1491917.9,1698093180,6.452,6.464
1492043.1,1491909.3,1698093240,6.463,6.477
1492972.6,1493635.7,1698093300,6.477,6.482
1494206.9,1493786.2,1698093360,6.482,6.478
1493558.4,1493893.1,1698093420,6.479,6.489
1495305.5,1486902.8,1698093480,6.488,6.434
1488542.5,1487952.9,1698093540,6.435,6.454
1487144.9,1486552.6,1698093600,6.452,6.466
1487374.7,1486112.9,1698093660,6.466,6.464
1483583.4,1483286.1,1698093720,6.462,6.463
1483166.8,1482884.4,1698093780,6.463,6.45
1482851.6,1482849.3,1698093840,6.451,6.459
1482288.5,1482348.5,1698093900,6.459,6.45
1482915.3,1482915.3,1698093960,6.448,6.45
1482434.2,1482133.2,1698094020,6.452,6.457
1482742.9,1482334.3,1698094080,6.458,6.457
1482431.3,1480982.5,1698094140,6.456,6.443
1480430.8,1480164.8,1698094200,6.443,6.444
1480042.9,1480079.8,1698094260,6.444,6.434
1479474,1478971.1,1698094320,6.433,6.43
1478991.5,1478974.2,1698094380,6.429,6.429
1478639.1,1478313,1698094440,6.43,6.43
1477537.8,1477399,1698094500,6.431,6.435
1477555.9,1477483.4,1698094560,6.435,6.439
1477512.1,1477559,1698094620,6.439,6.438
1477342.8,1476702.1,1698094680,6.439,6.43
1477214.9,1477225.9,1698094740,6.43,6.434
1477008.4,1477053.1,1698094800,6.433,6.439
1476509.3,1476493.5,1698094860,6.438,6.443
1476301.5,1476283.8,1698094920,6.443,6.44
1476374.1,1476246,1698094980,6.439,6.444
1475930.6,1476121.3,1698095040,6.445,6.442
1476094.4,1476964.4,1698095100,6.441,6.439
1477620.3,1477608,1698095160,6.438,6.436
1477176.1,1477142.4,1698095220,6.436,6.427
1477550.3,1477535.8,1698095280,6.427,6.424
1477982.2,1477864.3,1698095340,6.423,6.425
1477909.1,1478021.6,1698095400,6.426,6.424
1477999.6,1477999.6,1698095460,6.424,6.426
1478017.7,1478056.5,1698095520,6.426,6.428
1476368.3,1476368.3,1698095580,6.427,6.43
1477252,1478213.6,1698095640,6.431,6.438
1478160.6,1478160.6,1698095700,6.438,6.424
1478195.6,1478246.3,1698095760,6.422,6.424
1478430.8,1478887.5,1698095820,6.423,6.434
1478812.8,1478755.9,1698095880,6.434,6.434
1478675.6,1479150.5,1698095940,6.434,6.437
1479404.8,1478983.5,1698096000,6.436,6.435
1479582.6,1479582.6,1698096060,6.435,6.437
1479487.9,1479469.7,1698096120,6.436,6.434
1479383.6,1479320.4,1698096180,6.433,6.432
1479184.4,1479190.5,1698096240,6.432,6.435
1479352.6,1479439.3,1698096300,6.435,6.439
1479782.8,1479974.4,1698096360,6.439,6.433
1479993.1,1479934.8,1698096420,6.434,6.434
1479886.3,1479886.3,1698096480,6.434,6.435
1480092.9,1480062.2,1698096540,6.435,6.427
1479963.2,1480758.2,1698096600,6.428,6.436
1480763.6,1480666.5,1698096660,6.435,6.436
1480652.6,1480637,1698096720,6.436,6.437
1480862.1,1480847.8,1698096780,6.437,6.441
1481509.7,1482363.2,1698096840,6.441,6.444
1481826.8,1482347,1698096900,6.444,6.45
1482447.5,1482447.5,1698096960,6.45,6.452
1482142.9,1482990.7,1698097020,6.452,6.457
1483003.8,1482918.4,1698097080,6.457,6.454
1482530.8,1482721.1,1698097140,6.456,6.455
1482370,1483165.5,1698097200,6.455,6.443
1481122.8,1481154.6,1698097260,6.445,6.449
1481143.8,1481046.3,1698097320,6.449,6.449
1480969.5,1481004.1,1698097380,6.45,6.448
1480812.4,1480919.6,1698097440,6.447,6.446
1481028.8,1481541.7,1698097500,6.446,6.451
1481570.1,1481600.7,1698097560,6.451,6.45
1481635.7,1479231.9,1698097620,6.451,6.441
1479231.5,1479284.8,1698097680,6.442,6.442
1480226.3,1480297.7,1698097740,6.442,6.446
1480368.1,1480320.5,1698097800,6.446,6.446
1480559.8,1480563.4,1698097860,6.446,6.447
1480585.9,1480628.9,1698097920,6.448,6.451
1480656.6,1480728.7,1698097980,6.449,6.451
1480967.8,1481053.1,1698098040,6.451,6.449
1481158.1,1480596.1,1698098100,6.448,6.444
1480590.6,1480798.1,1698098160,6.444,6.446
1480818.9,1480603.8,1698098220,6.446,6.451
1480926.5,1480926.5,1698098280,6.452,6.451
1480909.5,1480930,1698098340,6.45,6.447
1480956,1480804,1698098400,6.447,6.443
1480519.7,1480593.8,1698098460,6.443,6.446
1480595.7,1480701.8,1698098520,6.447,6.445
1480625.8,1480628.9,1698098580,6.446,6.449
1480728.2,1480728.2,1698098640,6.451,6.454
1480693.3,1480384.4,1698098700,6.453,6.446
1479999.7,1479922.1,1698098760,6.446,6.454
1479829.1,1480166.4,1698098820,6.455,6.462
1480199.3,1480325.6,1698098880,6.462,6.462
1480252.8,1480286.7,1698098940,6.461,6.461
1480435.1,1480676.2,1698099000,6.461,6.459
1480622.8,1480591.4,1698099060,6.46,6.46
1480568.1,1480412.9,1698099120,6.46,6.466
1481020,1480998.8,1698099180,6.466,6.46
1480829.6,1480869.4,1698099240,6.461,6.461
1481669.5,1481669.5,1698099300,6.462,6.469
1481639.1,1481733.7,1698099360,6.469,6.47
1481681.3,1481716.2,1698099420,6.469,6.47
1481714.9,1481690.3,1698099480,6.469,6.464
1481561,1481561,1698099540,6.464,6.46
1481695,1481707.6,1698099600,6.461,6.461
1481876.5,1481949.5,1698099660,6.46,6.447
1481992.1,1482693.9,1698099720,6.448,6.452
1482623.1,1482722.9,1698099780,6.453,6.451
1482454.9,1482693.4,1698099840,6.45,6.454
1482661.8,1482518.6,1698099900,6.454,6.459
1482516.9,1482579.4,1698099960,6.46,6.469
1482438.7,1482287.6,1698100020,6.47,6.464
1482423.4,1482105.6,1698100080,6.464,6.473
1482132.8,1481946.4,1698100140,6.475,6.482
1482514.3,1478959.8,1698100200,6.485,6.48
1478984.7,1478938.2,1698100260,6.481,6.495
1478121.7,1477837.2,1698100320,6.494,6.496
1477404.5,1477245.9,1698100380,6.496,6.491
1477261.9,1477152.4,1698100440,6.493,6.496
1477216.8,1476394,1698100500,6.497,6.503
1476259.7,1476084.4,1698100560,6.503,6.504
1476013.2,1476013.2,1698100620,6.504,6.496
1476464.1,1476268.8,1698100680,6.498,6.513
1476914.4,1476311.7,1698100740,6.513,6.523
1473850.9,1471884.7,1698100800,6.524,6.541
1474724.6,1473101.2,1698100860,6.541,6.615
1466248.6,1463944.8,1698100920,6.611,6.586
1466823.5,1466726.3,1698100980,6.587,6.605
1468484.4,1466815.6,1698101040,6.606,6.581
1464080.2,1464078.8,1698101100,6.586,6.564
1458199,1455062.8,1698101160,6.565,6.564
1455409.7,1455339.2,1698101220,6.563,6.547
1456124.8,1457941.1,1698101280,6.547,6.575
1460058.3,1457598,1698101340,6.574,6.597
1458480.1,1458802.9,1698101400,6.596,6.573
1458296.3,1456228.3,1698101460,6.572,6.588
1457866,1457866,1698101520,6.588,6.606
1459718.1,1459739.6,1698101580,6.607,6.606
1459845.5,1459410.1,1698101640,6.6,6.614
1462457.3,1462921.4,1698101700,6.615,6.623
1463167,1463642.4,1698101760,6.622,6.625
1463359.9,1463644,1698101820,6.628,6.617
1462312.6,1461669.8,1698101880,6.616,6.655
1459882,1459723.4,1698101940,6.655,6.663
1459607.4,1458143.3,1698102000,6.661,6.696
1461454.6,1461155.8,1698102060,6.697,6.681
1460005.5,1461274,1698102120,6.682,6.663
1457632.9,1454043.1,1698102180,6.661,6.642
1453829.3,1453397.2,1698102240,6.642,6.66
1452659,1452541.8,1698102300,6.662,6.659
1452191.2,1450928,1698102360,6.66,6.659
1450469.6,1448751.7,1698102420,6.659,6.649
1448753.3,1448975.6,1698102480,6.648,6.654
1446001.1,1446688.9,1698102540,6.655,6.635
1443822.6,1443822.6,1698102600,6.633,6.585
1439629.1,1439723.8,1698102660,6.584,6.578
1438755.4,1438205.1,1698102720,6.58,6.592
1438418,1438382,1698102780,6.592,6.607
1439047.5,1439108.6,1698102840,6.605,6.607
1439864.2,1439962,1698102900,6.608,6.611
1439292.5,1439588.3,1698102960,6.611,6.625
1439410.8,1439486.5,1698103020,6.625,6.625
1440087.5,1439621.8,1698103080,6.626,6.631
1439409.5,1439708.5,1698103140,6.631,6.643
1440150.6,1440157.7,1698103200,6.641,6.641
1440323.2,1441706.3,1698103260,6.64,6.626
1441399.6,1440371.5,1698103320,6.627,6.631
1439272.3,1440164.4,1698103380,6.631,6.644
1440678.9,1440949.1,1698103440,6.643,6.635
1441086.9,1441745.2,1698103500,6.635,6.631
1442213.1,1441937.6,1698103560,6.63,6.629
1441136.3,1442116.7,1698103620,6.629,6.631
1441595.2,1440909.2,1698103680,6.629,6.627
1439962,1441240.7,1698103740,6.626,6.641
1441816.9,1441293.8,1698103800,6.64,6.637
1440729,1440729,1698103860,6.636,6.634
1442228.4,1442216.8,1698103920,6.634,6.636
1442309.1,1442512.2,1698103980,6.636,6.638
1442814.6,1443270.5,1698104040,6.637,6.63
1442903.8,1440730.3,1698104100,6.632,6.609
1440869.4,1440661.2,1698104160,6.611,6.633
1441466.5,1441250.5,1698104220,6.632,6.622
1442344.9,1441748.5,1698104280,6.621,6.614
1440964.1,1440043.5,1698104340,6.615,6.602
1439893.1,1439194.5,1698104400,6.603,6.606
1437823.3,1437891.8,1698104460,6.607,6.609
1436541.4,1436463.3,1698104520,6.61,6.609
1436072.8,1435999,1698104580,6.609,6.607
1435661.2,1435279.1,1698104640,6.607,6.607
1435228.2,1434059.6,1698104700,6.607,6.617
1433288.2,1432241.3,1698104760,6.618,6.608
1431730.5,1431870,1698104820,6.605,6.614
1431375.9,1431507.5,1698104880,6.613,6.609
1431291.4,1431022.9,1698104940,6.609,6.615
1430359.6,1430285.8,1698105000,6.617,6.605
1429312.3,1429617.8,1698105060,6.606,6.612
1429601.6,1429532.8,1698105120,6.614,6.615
1429241.8,1428492.3,1698105180,6.615,6.613
1428430.9,1428283.9,1698105240,6.614,6.61
1428268.6,1428268.6,1698105300,6.612,6.613
1427368.5,1427012,1698105360,6.614,6.615
1426661.8,1426187.8,1698105420,6.616,6.625
1426081.6,1425864.9,1698105480,6.626,6.624
1426921.8,1426797.2,1698105540,6.625,6.631
1426556.7,1427341.3,1698105600,6.631,6.646
1428228.1,1429736.5,1698105660,6.646,6.648
1429736.1,1430110.4,1698105720,6.648,6.648
1428653.4,1428814.2,1698105780,6.648,6.668
1429419.9,1431112.3,1698105840,6.669,6.653
1433765.3,1432896.1,1698105900,6.654,6.627
1432709.7,1431278.5,1698105960,6.628,6.608
1429223.6,1428865.9,1698106020,6.608,6.616
1427923.9,1427406.7,1698106080,6.614,6.61
1426165.4,1423979.3,1698106140,6.609,6.593
1422701.3,1422470.5,1698106200,6.593,6.605
1422424.5,1422102.1,1698106260,6.605,6.621
1421808.7,1421041.4,1698106320,6.621,6.628
1420667.2,1420572.6,1698106380,6.628,6.619
1420697.3,1420519.1,1698106440,6.619,6.609
1420421.8,1420386.6,1698106500,6.609,6.609
1420349.9,1420820.1,1698106560,6.609,6.597
1420373.6,1420373.6,1698106620,6.597,6.603
1420149.8,1420877,1698106680,6.603,6.584
1418296.4,1418296.4,1698106740,6.583,6.595
1418027.4,1417834.7,1698106800,6.597,6.599
1419392.4,1419133.4,1698106860,6.599,6.613
1419058.9,1419479.2,1698106920,6.614,6.632
1419617.9,1419774.1,1698106980,6.631,6.631
1419583.9,1420359.6,1698107040,6.631,6.621
1420043.5,1420331.4,1698107100,6.622,6.612
1420456.8,1420968.3,1698107160,6.611,6.625
1421085.1,1421056.4,1698107220,6.626,6.619
1420936,1421486.9,1698107280,6.618,6.625
1421368.5,1421647.5,1698107340,6.624,6.631
1422534.1,1421621.8,1698107400,6.631,6.619
1421416.3,1464931.7,1698107460,6.62,6.69
1477195.4,1496994.7,1698107520,6.692,6.815
1556405.7,1558377.4,1698107580,6.816,6.947
1568083.6,1559993.7,1698107640,6.947,7.154
1644832.6,1662617.5,1698107700,7.155,7.325
1671821.8,1671469.7,1698107760,7.323,7.447
1672136.6,1668416,1698107820,7.445,7.509
1690480.4,1701816.3,1698107880,7.509,7.735
1694288.5,1694288.5,1698107940,7.737,7.531
1688344.1,1679609.9,1698108000,7.533,7.286
1679756.6,1676089.2,1698108060,7.285,7.258
1674266.4,1681649.4,1698108120,7.257,7.377
1728638.3,1727847.9,1698108180,7.376,7.405
1730027.9,1732503.5,1698108240,7.405,7.327
1735090.6,1729966.9,1698108300,7.327,7.26
1735684.9,1739383.8,1698108360,7.261,7.162
1725499.8,1731576.5,1698108420,7.162,7.192
1739634.9,1744277.4,1698108480,7.193,7.18
1746817.3,1749560.6,1698108540,7.181,7.191
1753255,1752057.2,1698108600,7.19,7.162
1754522.2,1755236,1698108660,7.164,7.18
1754890.1,1756157.3,1698108720,7.177,7.187
1757251.7,1758941.4,1698108780,7.187,7.194
1767404.9,1767139.5,1698108840,7.194,7.227
1768251.9,1768027.7,1698108900,7.227,7.26
1765934.9,1762657.3,1698108960,7.26,7.214
1763183.7,1764336.7,1698109020,7.213,7.226
1763456.5,1769308.7,1698109080,7.224,7.261
1768919.7,1769641,1698109140,7.261,7.227
1766884.9,1768959.9,1698109200,7.228,7.156
1771587,1772306.2,1698109260,7.155,7.164
1772447.3,1772447.3,1698109320,7.164,7.123
1773070.4,1774500.2,1698109380,7.122,7.148
1774880.9,1774349.5,1698109440,7.147,7.169
1776193.2,1776592.5,1698109500,7.168,7.171
1779777.2,1779427.6,1698109560,7.17,7.158
1778996.3,1779149.4,1698109620,7.158,7.167
1780047.5,1781281.3,1698109680,7.168,7.19
1784944,1784168.5,1698109740,7.19,7.257
1785192.6,1786728.6,1698109800,7.257,7.261
1787363.9,1790224.9,1698109860,7.261,7.327
1794547,1791351.5,1698109920,7.329,7.308
1789471.3,1789388.9,1698109980,7.307,7.306
1791469.9,1799282.2,1698110040,7.307,7.367
1798800.9,1798314,1698110100,7.365,7.312
1799060.3,1798396.2,1698110160,7.313,7.329
1797679.6,1795826.6,1698110220,7.329,7.326
1798971.9,1800165.8,1698110280,7.325,7.315
1801801.1,1801423.8,1698110340,7.315,7.337
1800483.1,1804875.3,1698110400,7.341,7.434
1802282.7,1798665.3,1698110460,7.435,7.374
1796175.5,1797260.9,1698110520,7.374,7.415
1793993.9,1797245.8,1698110580,7.414,7.364
1789808.1,1775226.1,1698110640,7.364,7.263
1777107.1,1776901.7,1698110700,7.264,7.252
1777977.5,1779325.5,1698110760,7.251,7.247
1778787.5,1779006.5,1698110820,7.246,7.272
1780678.4,1779737.7,1698110880,7.274,7.244
1783689.8,1801388.6,1698110940,7.244,7.295
1803729,1805594.3,1698111000,7.297,7.283
1806041.3,1806041.3,1698111060,7.283,7.291
1806249.5,1800419.9,1698111120,7.291,7.255
1801059.8,1800975.8,1698111180,7.254,7.214
1800662.4,1798614.9,1698111240,7.215,7.21
1798743.6,1798810.3,1698111300,7.21,7.208
1799223.3,1799381.3,1698111360,7.205,7.197
1799042.2,1798591.4,1698111420,7.197,7.213
1799661.6,1804272,1698111480,7.213,7.234
1807667.1,1807650.5,1698111540,7.232,7.255
1808373,1812191.3,1698111600,7.255,7.269
1814496,1814695.5,1698111660,7.269,7.263
1814317.8,1812074,1698111720,7.261,7.255
1812499.7,1812876.4,1698111780,7.256,7.265
1814258.2,1816939.2,1698111840,7.265,7.286
1817059.7,1817797.1,1698111900,7.282,7.282
1815459.4,1813606.1,1698111960,7.282,7.232
1813717.9,1816085.4,1698112020,7.231,7.25
1816943.5,1818329.2,1698112080,7.251,7.24
1818333.8,1816024.6,1698112140,7.24,7.244
1816955.1,1819953.1,1698112200,7.244,7.276
1820402.4,1820812.3,1698112260,7.274,7.273
1820622.2,1820613.1,1698112320,7.274,7.273
1821688.6,1821753.7,1698112380,7.272,7.271
1822543.8,1822051.6,1698112440,7.271,7.263
1823755.8,1822553.9,1698112500,7.263,7.284
1822886.8,1823440.3,1698112560,7.283,7.271
1824665.7,1824127.5,1698112620,7.272,7.287
1824573.4,1825212.7,1698112680,7.288,7.306
1829904.6,1828863.5,1698112740,7.304,7.328
1826959.6,1821817.3,1698112800,7.329,7.278
1820426.1,1820426.1,1698112860,7.279,7.316
1820734.3,1821316.5,1698112920,7.317,7.348
1821552.3,1825573.9,1698112980,7.345,7.366
1828361.8,1829180.7,1698113040,7.367,7.355
1828712.5,1828322.9,1698113100,7.355,7.348
1825769.9,1825520.5,1698113160,7.345,7.353
1826302.3,1827785.1,1698113220,7.354,7.386
1826198.4,1825907.3,1698113280,7.384,7.363
1825937.9,1827495.4,1698113340,7.362,7.335
1822393.8,1825565.3,1698113400,7.333,7.335
1827258.1,1829548.3,1698113460,7.335,7.367
1830055.6,1830884.7,1698113520,7.367,7.361
1833075.1,1835300.3,1698113580,7.359,7.359
1836035,1833387.8,1698113640,7.359,7.332
1832035.9,1832723.3,1698113700,7.332,7.364
1832198,1833837.5,1698113760,7.361,7.389
1834576.9,1833792.2,1698113820,7.392,7.412
1833025.3,1830664.1,1698113880,7.412,7.398
1832221,1830379.6,1698113940,7.401,7.386
1829545,1827457.7,1698114000,7.386,7.393
1827609.2,1827028.1,1698114060,7.392,7.418
1828135.5,1827409.4,1698114120,7.418,7.385
1826073.3,1826282,1698114180,7.384,7.396
1825942.2,1826977.9,1698114240,7.393,7.38
1826939,1825806.7,1698114300,7.377,7.383
1826681.4,1826340.9,1698114360,7.383,7.385
1825214.9,1825214.9,1698114420,7.385,7.375
1824415.6,1821417.7,1698114480,7.374,7.342
1818544.5,1818399.6,1698114540,7.339,7.338
1816023,1819046.8,1698114600,7.339,7.335
1818929.2,1818470.3,1698114660,7.339,7.342
1819425.5,1818918.8,1698114720,7.343,7.349
1819070.5,1821852,1698114780,7.347,7.391
1824816.7,1825028,1698114840,7.391,7.382
1824028.8,1823076.1,1698114900,7.383,7.368
1822519,1820378.9,1698114960,7.368,7.34
1820107.9,1820217.7,1698115020,7.339,7.344
1819991.5,1824039.7,1698115080,7.346,7.372
1823900.6,1840686.7,1698115140,7.372,7.418
1840555.1,1840608.8,1698115200,7.419,7.404
1839973.8,1842140.6,1698115260,7.406,7.421
1841986.4,1842335.6,1698115320,7.423,7.423
1843541.6,1843991.7,1698115380,7.425,7.438
1844812.4,1846117,1698115440,7.438,7.448
1845029.9,1844223.9,1698115500,7.446,7.454
1844442.7,1843644.1,1698115560,7.455,7.471
1844626.2,1842020.8,1698115620,7.472,7.47
1844638,1845498.6,1698115680,7.47,7.49
1845331.9,1845668.9,1698115740,7.489,7.521
1847660.5,1847660.5,1698115800,7.523,7.501
1847006.1,1848236,1698115860,7.503,7.484
1838485.8,1838485.8,1698115920,7.485,7.553
1841623.2,1840092.4,1698115980,7.551,7.497
1841628.3,1842775.8,1698116040,7.496,7.474
1839432.8,1839113.9,1698116100,7.473,7.485
1840559.2,1840184.6,1698116160,7.485,7.493
1839992.1,1838848.6,1698116220,7.491,7.497
1838781.8,1839400.7,1698116280,7.498,7.466
1835758.6,1831848.3,1698116340,7.464,7.454
1831628.3,1831069.9,1698116400,7.454,7.44
1830531.5,1831969.4,1698116460,7.44,7.433
1830290.9,1830402.3,1698116520,7.432,7.438
1830739.5,1832521.7,1698116580,7.438,7.451
1832589.1,1833883.1,1698116640,7.451,7.509
1830794.1,1832448.3,1698116700,7.508,7.475
1842115.9,1843619.9,1698116760,7.475,7.468
1843959.4,1843775.3,1698116820,7.469,7.455
1843238.9,1843039.6,1698116880,7.454,7.487
1842690.3,1843464.2,1698116940,7.487,7.466
1843334.4,1844949.4,1698117000,7.464,7.431
1844109.3,1843297.6,1698117060,7.432,7.447
1842835.1,1842843.2,1698117120,7.445,7.452
1842070.1,1842194.9,1698117180,7.452,7.453
1841268.9,1842003.4,1698117240,7.452,7.451
1841708.7,1842478.5,1698117300,7.452,7.413
1843345,1843339.2,1698117360,7.416,7.428
1843157,1843157,1698117420,7.427,7.406
1840405.6,1835465.7,1698117480,7.405,7.394
1834971.2,1834971.2,1698117540,7.393,7.388
1834746.7,1834388.2,1698117600,7.389,7.377
1832006.5,1831807.1,1698117660,7.375,7.389
1832025.9,1832300.8,1698117720,7.388,7.414
1832307.5,1832863,1698117780,7.412,7.404
1833028.7,1832599.5,1698117840,7.402,7.392
1832949.4,1833146.1,1698117900,7.391,7.415
1832793.5,1832362.8,1698117960,7.413,7.399
1832244.6,1832730.2,1698118020,7.4,7.39
1832670.7,1832518.9,1698118080,7.389,7.398
1832459.7,1833241.6,1698118140,7.398,7.394
1845661.6,1853333.8,1698118200,7.394,7.472
1855093.9,1854801.5,1698118260,7.471,7.453
1854818.5,1854521.3,1698118320,7.452,7.442
1855084.4,1854856.1,1698118380,7.442,7.446
1855508.5,1855502.8,1698118440,7.447,7.432
1855185.7,1854213.4,1698118500,7.434,7.407
1852219.2,1852095.3,1698118560,7.408,7.433
1850074.5,1851347.9,1698118620,7.432,7.449
1851668.1,1851758.8,1698118680,7.449,7.418
1853005.4,1849215.4,1698118740,7.419,7.411
1848322.8,1847655,1698118800,7.411,7.401
1847059.2,1847703.6,1698118860,7.399,7.408
1847506.1,1847238,1698118920,7.407,7.417
1847421.1,1846157,1698118980,7.417,7.39
1846826.5,1846826.5,1698119040,7.39,7.374
1845527,1845806.8,1698119100,7.375,7.36
1847406.3,1846481.3,1698119160,7.36,7.376
1844905.4,1844383.6,1698119220,7.375,7.364
1844044.2,1843289.9,1698119280,7.364,7.377
1843552.1,1843510.3,1698119340,7.377,7.355
1842418.9,1842226.9,1698119400,7.356,7.368
1842623,1843511.5,1698119460,7.368,7.373
1845961.2,1845973.3,1698119520,7.372,7.374
1847633.5,1865666.6,1698119580,7.372,7.417
1865525.5,1865397.1,1698119640,7.417,7.395
1865805.3,1866429.1,1698119700,7.394,7.413
1866041.4,1866032.5,1698119760,7.412,7.403
1866410.9,1866087.7,1698119820,7.406,7.405
1865972.8,1865276.9,1698119880,7.405,7.391
1865377,1861753.4,1698119940,7.392,7.361
1861965.9,1863890.1,1698120000,7.36,7.387
1864379.8,1865689.8,1698120060,7.388,7.389
1866140.3,1866131.6,1698120120,7.39,7.422
1866607.9,1869761.8,1698120180,7.421,7.426
1870164.3,1871123.8,1698120240,7.427,7.429
1871231.3,1872260.2,1698120300,7.428,7.434
1872045.7,1872089.2,1698120360,7.433,7.43
1872790.7,1873793.5,1698120420,7.431,7.428
1873893.5,1878929.6,1698120480,7.428,7.455
1877377.4,1877277.7,1698120540,7.455,7.446
1877267.2,1879368.4,1698120600,7.446,7.433
1879349.4,1876004.5,1698120660,7.434,7.412
1876210.8,1875794.4,1698120720,7.412,7.42
1876248.2,1876248.2,1698120780,7.418,7.42
1876243.5,1876448.7,1698120840,7.42,7.43
1877528.7,1877528.7,1698120900,7.43,7.432
1876979.2,1877357.7,1698120960,7.435,7.434
1877703.5,1878236.5,1698121020,7.432,7.427
1878759.8,1878759.8,1698121080,7.427,7.423
1878116.3,1877807.9,1698121140,7.424,7.444
1881456.3,1881598.2,1698121200,7.442,7.445
1883393,1884461.6,1698121260,7.446,7.445
1884621.7,1884408.8,1698121320,7.445,7.456
1885836.1,1888373.1,1698121380,7.456,7.46
1888179.5,1888514.2,1698121440,7.46,7.464
1891110.3,1895818,1698121500,7.467,7.488
1895795.1,1895886.4,1698121560,7.488,7.482
1895568.7,1895994.7,1698121620,7.481,7.513
1895853.3,1895388.1,1698121680,7.512,7.512
1896673.9,1896987,1698121740,7.513,7.554
1901691.5,1901691.5,1698121800,7.556,7.498
1896826.7,1897058.2,1698121860,7.5,7.499
1900461.2,1901166.6,1698121920,7.5,7.48
1900308.8,1900177.5,1698121980,7.479,7.471
1901346.1,1901996.8,1698122040,7.472,7.461
1901923.4,1901217.1,1698122100,7.462,7.475
1901485.7,1901747.6,1698122160,7.473,7.474
1902449.2,1905099.5,1698122220,7.473,7.486
1905847.6,1905613.3,1698122280,7.485,7.447
1905049.9,1902112.3,1698122340,7.448,7.418
1899418.6,1899077.5,1698122400,7.418,7.424
1898061.5,1898383.2,1698122460,7.423,7.425
1898435.1,1897372,1698122520,7.425,7.385
1889912.7,1883056.9,1698122580,7.385,7.364
1882035.3,1880252.9,1698122640,7.363,7.356
1881620.3,1882521.7,1698122700,7.355,7.364
1882396.1,1882695,1698122760,7.364,7.374
1883128.3,1883128.3,1698122820,7.374,7.361
1882129.2,1880622.8,1698122880,7.36,7.344
1880222.8,1880222.8,1698122940,7.344,7.335
1880674.2,1881028.7,1698123000,7.335,7.354
1880217.2,1880697,1698123060,7.355,7.341
1880617,1880989.7,1698123120,7.341,7.344
1880880.8,1880444,1698123180,7.345,7.374
1882343.8,1886723.6,1698123240,7.375,7.381
1886680.1,1886818.1,1698123300,7.382,7.407
1886914.2,1887171.3,1698123360,7.406,7.412
1887371.1,1888901.5,1698123420,7.413,7.42
1886192.8,1885383.4,1698123480,7.419,7.43
1886617.5,1886912.3,1698123540,7.43,7.434
1886956.1,1889405.5,1698123600,7.433,7.472
1888682.7,1888559.4,1698123660,7.471,7.465
1888694.5,1888483.2,1698123720,7.465,7.476
1887634,1887399.4,1698123780,7.476,7.493
1890949.1,1895458.7,1698123840,7.494,7.526
1899929.6,1898617,1698123900,7.525,7.527
1901048.2,1897644.2,1698123960,7.526,7.505
1898574.7,1898314.1,1698124020,7.509,7.505
1894581.5,1894054.1,1698124080,7.505,7.504
1898072.3,1900194.7,1698124140,7.503,7.503
1899558.5,1899657.3,1698124200,7.502,7.497
1898327.2,1898087.1,1698124260,7.496,7.497
1899101.2,1900599.3,1698124320,7.498,7.52
1904526.8,1909506.9,1698124380,7.521,7.565
1918200.1,1924175.1,1698124440,7.566,7.596
1914874.5,1906506.1,1698124500,7.596,7.53
1906935.9,1906935.9,1698124560,7.533,7.519
1905131.2,1904783.6,1698124620,7.519,7.539
1904888.7,1905305.2,1698124680,7.537,7.555
1907386.9,1907518,1698124740,7.553,7.573
1907107.6,1910979.2,1698124800,7.576,7.57
1912036.8,1914355.7,1698124860,7.569,7.579
1916689.3,1919342.8,1698124920,7.578,7.587
1917639.2,1907454.5,1698124980,7.588,7.618
1906588.3,1907061.6,1698125040,7.617,7.626
1905847,1904690.1,1698125100,7.628,7.633
1905154.8,1907493.6,1698125160,7.633,7.594
1908598.3,1909046.6,1698125220,7.595,7.594
1903825.9,1903192.6,1698125280,7.593,7.58
1904967,1904099.2,1698125340,7.58,7.573
1904015.1,1905490.8,1698125400,7.573,7.576
1904799.7,1902515.9,1698125460,7.575,7.568
1902557.6,1902749.2,1698125520,7.567,7.556
1902381.5,1903157.6,1698125580,7.556,7.542
1902753.1,1902923.7,1698125640,7.544,7.554
1902282.8,1902073.9,1698125700,7.554,7.534
1901584.8,1901350.2,1698125760,7.533,7.536
1901638.5,1901664.1,1698125820,7.539,7.537
1901734.9,1900983.4,1698125880,7.537,7.521
1900595.2,1900456.9,1698125940,7.522,7.521
1900671,1900671,1698126000,7.52,7.505
1901397.2,1900684.4,1698126060,7.507,7.493
1896416.1,1895353.8,1698126120,7.494,7.498
1896921.1,1896405.6,1698126180,7.499,7.502
1896551.1,1896784.6,1698126240,7.503,7.517
1894243.4,1894223.4,1698126300,7.518,7.519
1893872.4,1893836.7,1698126360,7.517,7.488
1893611.1,1893882.7,1698126420,7.487,7.477
1894033.1,1893611,1698126480,7.48,7.466
1889459.2,1886723.5,1698126540,7.466,7.439
1886447.4,1887318.1,1698126600,7.438,7.444
1888228.3,1885586.4,1698126660,7.444,7.471
1885493.4,1884704.2,1698126720,7.472,7.52
1902979.6,1905653.8,1698126780,7.521,7.532
1906278.9,1908782.9,1698126840,7.535,7.525
1907383.8,1904298.9,1698126900,7.525,7.499
1904053.1,1899574.5,1698126960,7.5,7.491
1900176,1898816.4,1698127020,7.49,7.493
1900980.9,1898668.4,1698127080,7.492,7.482
1898712.9,1900101.3,1698127140,7.482,7.471
1900069.2,1902439.9,1698127200,7.472,7.473
1903033.9,1903429,1698127260,7.473,7.51
1910156.8,1911745.1,1698127320,7.512,7.501
1911816.9,1911816.9,1698127380,7.501,7.519
1912504.1,1915988.7,1698127440,7.52,7.522
1916980.7,1920426.9,1698127500,7.522,7.503
1920339.4,1921867.7,1698127560,7.506,7.555
1923167.8,1924603.4,1698127620,7.555,7.578
1925093.7,1927837.8,1698127680,7.578,7.603
1928327.1,1928626.6,1698127740,7.603,7.584
1929105.3,1934121.6,1698127800,7.584,7.648
1933883.7,1937634.1,1698127860,7.648,7.684
1901049.8,1908973,1698127920,7.685,7.674
1909475.9,1912263,1698127980,7.675,7.696
1916702.6,1917711.6,1698128040,7.697,7.696
1918187.3,1917592.2,1698128100,7.698,7.741
1911584.9,1908582.9,1698128160,7.739,7.605
1909007.5,1909017.4,1698128220,7.603,7.566
1910757.3,1915247.5,1698128280,7.566,7.61
1917552.7,1919911.7,1698128340,7.611,7.679
1927790.6,1939649,1698128400,7.68,7.777
1943046.3,1943802.5,1698128460,7.778,7.768
1944998.9,1945016.8,1698128520,7.767,7.768
1947888.1,1949030.3,1698128580,7.77,7.779
1950303.6,1937639.3,1698128640,7.779,7.687
1932383.7,1932383.7,1698128700,7.688,7.693
1932961.1,1927075.6,1698128760,7.693,7.637
1929363.2,1936415.5,1698128820,7.634,7.764
1944173.7,1953872.8,1698128880,7.763,7.779
1953708.9,1955715.2,1698128940,7.778,7.776
1962540.7,1951061,1698129000,7.773,7.655
1948471.3,1953485.1,1698129060,7.656,7.736
1951180.1,1956014.1,1698129120,7.735,7.745
1967015.8,1977506.7,1698129180,7.746,7.785
1978906.4,1973076.9,1698129240,7.784,7.808
1974555.4,1970277.2,1698129300,7.812,7.724
1964704.4,1961976.2,1698129360,7.726,7.683
1955224.9,1957871.6,1698129420,7.684,7.703
1957075.2,1958257.4,1698129480,7.701,7.705
1961072.8,1960845.3,1698129540,7.703,7.699
1959430.6,1932807.9,1698129600,7.698,7.615
1932220.5,1918468.7,1698129660,7.618,7.541
1918204.6,1910076.2,1698129720,7.538,7.556
1912656.9,1907441.5,1698129780,7.556,7.544
1906994.6,1911946.2,1698129840,7.544,7.614
1911941,1912291.8,1698129900,7.616,7.626
1910838.4,1915485.4,1698129960,7.627,7.7
1911690.9,1911690.9,1698130020,7.701,7.682
1911742.6,1911932.7,1698130080,7.682,7.666
1913087.2,1912752.6,1698130140,7.667,7.65
1913127.8,1913057,1698130200,7.65,7.647
1913773.7,1910200.6,1698130260,7.647,7.634
1910288.3,1910525.9,1698130320,7.632,7.668
1910861.5,1910717.1,1698130380,7.666,7.667
1910375.1,1911578.4,1698130440,7.665,7.625
1910515.4,1910411.6,1698130500,7.626,7.608
1910791.6,1912227.5,1698130560,7.606,7.637
1913050.9,1913141.9,1698130620,7.637,7.627
1913352.3,1913900.9,1698130680,7.627,7.599
1911488.1,1908701.3,1698130740,7.599,7.611
1911427.1,1912005.9,1698130800,7.61,7.626
1912332.2,1913228.5,1698130860,7.627,7.62
1915709.4,1916618.1,1698130920,7.619,7.643
1917919.3,1906648.9,1698130980,7.641,7.589
1902695.7,1902212.6,1698131040,7.588,7.54
1905762.8,1910607.7,1698131100,7.54,7.543
1910923.7,1909175.7,1698131160,7.546,7.549
1909064.2,1910937.1,1698131220,7.549,7.542
1908601,1908548,1698131280,7.543,7.581
1908659.8,1908612.8,1698131340,7.581,7.599
1907434.7,1910847.7,1698131400,7.599,7.585
1911437.5,1911649.6,1698131460,7.584,7.612
1909596.7,1909918.9,1698131520,7.612,7.614
1908093.8,1908650.7,1698131580,7.614,7.65
1909908,1912985,1698131640,7.65,7.707
1914993.2,1918908,1698131700,7.707,7.755
1924843.5,1922380.3,1698131760,7.758,7.706
1923845.8,1924183,1698131820,7.707,7.721
1922617,1921141.2,1698131880,7.721,7.675
1920980.3,1922135.1,1698131940,7.675,7.696
1920807.9,1920514,1698132000,7.696,7.697
1919627.6,1917642.4,1698132060,7.698,7.677
1914433.2,1914289.4,1698132120,7.677,7.689
1914384.1,1916120.8,1698132180,7.691,7.669
1913956.1,1911549.1,1698132240,7.669,7.668
1911884,1913954.1,1698132300,7.667,7.66
1913912.4,1915094.1,1698132360,7.657,7.65
1914666.5,1914540.2,1698132420,7.652,7.652
1915628.7,1917533.8,1698132480,7.651,7.704
1919087.7,1924934.9,1698132540,7.704,7.766
1928459.3,1928451.3,1698132600,7.764,7.757
1927374.5,1932895.9,1698132660,7.752,7.85
1926495.6,1930206.5,1698132720,7.855,7.826
1933747.2,1943219.1,1698132780,7.825,7.795
1946904.2,1952212.7,1698132840,7.795,7.824
1950151.5,1952141.2,1698132900,7.824,7.805
1951907.1,1958109.1,1698132960,7.804,7.81
1958344.6,1953861.7,1698133020,7.811,7.771
1952824.5,1938338.7,1698133080,7.774,7.731
1939491.9,1938574.4,1698133140,7.73,7.728
1938448.5,1939298,1698133200,7.727,7.713
1939253.4,1941159.3,1698133260,7.714,7.74
1941235.1,1941656.5,1698133320,7.738,7.704
1939698.6,1938537.5,1698133380,7.703,7.719
1938386.5,1932487.6,1698133440,7.718,7.733
1932492.5,1927120.9,1698133500,7.731,7.633
1923986.7,1914684.6,1698133560,7.633,7.629
1918508.3,1911371,1698133620,7.629,7.668
1912080.6,1912457.8,1698133680,7.667,7.65
1911048.3,1908120.2,1698133740,7.651,7.656
1906791.9,1906351.4,1698133800,7.657,7.646
1907985.2,1907422.6,1698133860,7.647,7.631
1907427.5,1906610.9,1698133920,7.631,7.652
1906595.2,1906844.7,1698133980,7.651,7.636
1906632.7,1907077.9,1698134040,7.635,7.622
1907126.6,1906680.7,1698134100,7.623,7.639
1906752.5,1907164.6,1698134160,7.639,7.64
1907225.2,1907410.5,1698134220,7.64,7.629
1904759,1904759,1698134280,7.629,7.651
1905077.8,1905564.7,1698134340,7.652,7.664
1905840.3,1908622.7,1698134400,7.664,7.638
1909649.4,1914016.9,1698134460,7.639,7.665
1917443.6,1917926.4,1698134520,7.666,7.71
1917807.3,1918108.3,1698134580,7.71,7.712
1923890.8,1926105.9,1698134640,7.712,7.717
1931329.4,1931799.2,1698134700,7.714,7.683
1929400,1929400,1698134760,7.681,7.682
1929413.5,1928832.3,1698134820,7.681,7.67
1927359.5,1928422.3,1698134880,7.671,7.673
1928974.7,1928589.5,1698134940,7.672,7.669
1928608.1,1928115.7,1698135000,7.67,7.676
1928102.5,1929194.6,1698135060,7.676,7.694
1929089.5,1928629.3,1698135120,7.694,7.681
1928661.5,1926835.3,1698135180,7.681,7.66
1924995.5,1924995.5,1698135240,7.661,7.672
1923871.7,1923154.9,1698135300,7.67,7.675
1924381,1924068.2,1698135360,7.675,7.696
1926286.7,1925761.8,1698135420,7.695,7.66
1925379.1,1923967.4,1698135480,7.661,7.66
1923717.7,1921558.9,1698135540,7.659,7.67
1921958.1,1923565.2,1698135600,7.67,7.646
1924999.4,1924469.3,1698135660,7.646,7.655
1923672.7,1922720.5,1698135720,7.653,7.688
1922567.7,1923041.3,1698135780,7.689,7.711
1923217.3,1923775.1,1698135840,7.711,7.688
1923675.1,1924638.3,1698135900,7.686,7.659
1924362.2,1925992.8,1698135960,7.66,7.686
1925579.2,1924899.6,1698136020,7.686,7.693
1925057.6,1925339,1698136080,7.692,7.691
1926393.5,1928950.4,1698136140,7.691,7.801
1967096.9,1997099.9,1698136200,7.804,8.101
1997592,1987376.5,1698136260,8.102,8.317
1991296.1,1991344.4,1698136320,8.322,8.307
1989886.7,1989907,1698136380,8.309,8.246
1979061.4,1980222.9,1698136440,8.246,8.249
1982845.3,1973767,1698136500,8.249,8.24
1971946.1,1963360,1698136560,8.244,8.178
1964381,1964946.1,1698136620,8.179,8.162
1966206.9,1968613.6,1698136680,8.161,8.197
1970770.2,1971924,1698136740,8.197,8.158
1969937,1974621.7,1698136800,8.158,8.168
1973619.8,1973884.1,1698136860,8.168,8.126
1964115.4,1968630.8,1698136920,8.124,8.206
1970340.9,1970316.7,1698136980,8.203,8.178
1968600.1,1965842.2,1698137040,8.175,8.164
1967430.8,1963822,1698137100,8.162,8.094
1963942.4,1965040.2,1698137160,8.093,8.072
1964459.5,1964897.7,1698137220,8.072,8.102
1966971.3,1970216,1698137280,8.105,8.102
1972676.3,1973921.7,1698137340,8.1,8.114
1976567.9,1976282.3,1698137400,8.114,8.131
1977499.1,1978032,1698137460,8.13,8.132
1977634.9,1980576.7,1698137520,8.133,8.174
1983897.1,1987742.2,1698137580,8.177,8.205
1985146.4,1985720.1,1698137640,8.207,8.227
1984917.2,1985945.2,1698137700,8.225,8.199
1990689.3,1991284.7,1698137760,8.199,8.223
1990757.3,1990931.4,1698137820,8.224,8.278
1991363.6,1991201.8,1698137880,8.282,8.307
1999190.4,2002654.4,1698137940,8.306,8.304
2005921.5,2006385.4,1698138000,8.304,8.257
2007710.9,2004675.2,1698138060,8.256,8.286
2009571.5,2014387.4,1698138120,8.286,8.339
2021106.6,2023241.8,1698138180,8.34,8.35
2018982.1,2017248.3,1698138240,8.352,8.269
2013008.3,2013936.7,1698138300,8.267,8.204
2006916.8,2004382.7,1698138360,8.204,8.191
2006208.8,2000838.9,1698138420,8.192,8.186
2000377.6,2001655.8,1698138480,8.186,8.17
1999900,2002658.1,1698138540,8.166,8.155
2003106,2002341.3,1698138600,8.154,8.151
2003968,2006691.9,1698138660,8.153,8.164
2007362.1,2007775.1,1698138720,8.164,8.173
2007136.7,2008329.3,1698138780,8.173,8.177
2007608.3,2008670.9,1698138840,8.176,8.178
2010522.9,2010225.7,1698138900,8.176,8.148
2011195.6,2011302.8,1698138960,8.148,8.145
2012150.1,2011721.7,1698139020,8.144,8.139
2012544.8,2014481.6,1698139080,8.14,8.195
2014013,2015468.4,1698139140,8.195,8.238
2012598.5,2013138,1698139200,8.238,8.232
2013228.5,2013624.6,1698139260,8.233,8.239
2013649.5,2012304.4,1698139320,8.239,8.235
2011144.6,2007753.4,1698139380,8.238,8.212
2010689.1,2012201.3,1698139440,8.213,8.241
2011521.7,2009665,1698139500,8.24,8.29
2008002.3,2009135.1,1698139560,8.289,8.277
2010991.3,2011197.6,1698139620,8.279,8.257
2009896,2008739.6,1698139680,8.254,8.218
2010176.4,2009222.4,1698139740,8.217,8.202
2010518.4,2009096.4,1698139800,8.2,8.183
2008863.9,2007899.7,1698139860,8.184,8.239
2010141.1,2010325.7,1698139920,8.24,8.246
2010086.8,2012202.4,1698139980,8.244,8.211
2012174.8,2010948,1698140040,8.211,8.229
2011704.3,2011722.2,1698140100,8.23,8.222
2011473.5,2013646.7,1698140160,8.223,8.253
2013995.3,2016272.1,1698140220,8.254,8.253
2015826,2015189.2,1698140280,8.252,8.28
2016529.5,2016787.8,1698140340,8.281,8.291
2017135.4,2016947.3,1698140400,8.29,8.271
2016665.5,2015965.8,1698140460,8.271,8.274
2015513.1,2012328.5,1698140520,8.276,8.277
2012013.1,2013501.5,1698140580,8.276,8.306
2013339.5,2018150.8,1698140640,8.305,8.298
2021108.6,2013432.4,1698140700,8.3,8.26
2011996.7,2011921.6,1698140760,8.26,8.244
2009839,2011236.7,1698140820,8.246,8.279
2011342,2016307.9,1698140880,8.281,8.344
2024115.6,2025143.5,1698140940,8.345,8.328
2026391.6,2023230.4,1698141000,8.327,8.256
2022016.3,2025457.5,1698141060,8.256,8.3
2026473.8,2028085.7,1698141120,8.301,8.29
2028657.1,2029402.8,1698141180,8.288,8.295
2034012.2,2038252.3,1698141240,8.295,8.342
2040606.1,2039114.6,1698141300,8.341,8.313
2051322.8,2038016.6,1698141360,8.312,8.293
2030856.8,2021557.2,1698141420,8.291,8.253
2014901.6,2020192.1,1698141480,8.252,8.255
2025908.5,2024417,1698141540,8.255,8.223
2023938.7,2020482.1,1698141600,8.224,8.212
2019038.2,2016691.4,1698141660,8.211,8.202
2015829,2016085.1,1698141720,8.203,8.223
2016982.5,2015754.3,1698141780,8.224,8.219
2015726.4,2015541.3,1698141840,8.221,8.233
2016152.6,2014423.5,1698141900,8.231,8.292
2018845,2026758.8,1698141960,8.293,8.294
2025707.8,2024223.8,1698142020,8.294,8.288
2024468.1,2025100.4,1698142080,8.289,8.309
2026016.7,2022778.6,1698142140,8.309,8.318
2026296.5,2027702.2,1698142200,8.316,8.292
2026419.7,2026168.4,1698142260,8.292,8.274
2027645.8,2026632.2,1698142320,8.274,8.241
2025801.3,2026885.5,1698142380,8.241,8.254
2027010.7,2025827,1698142440,8.254,8.241
2025916.8,2027773.1,1698142500,8.24,8.265
2029260.8,2028706.1,1698142560,8.265,8.274
2028015.7,2028651.9,1698142620,8.275,8.267
2027326.1,2027760.3,1698142680,8.265,8.31
2026259.4,2025827.1,1698142740,8.31,8.319
2035253.4,2040383,1698142800,8.317,8.311
2043625.5,2041618,1698142860,8.311,8.332
2041860.5,2046443,1698142920,8.329,8.461
2052465.4,2062242,1698142980,8.46,8.45
2076521.7,2078348.4,1698143040,8.449,8.477
2077985.2,2094452,1698143100,8.476,8.629
2098133,2111966.2,1698143160,8.629,8.66
2114234.2,2126369.9,1698143220,8.658,8.679
2133572.9,2138121.5,1698143280,8.675,8.685
2126379,2126399.5,1698143340,8.683,8.612
2115947.4,2116173.3,1698143400,8.614,8.699
2125973.9,2124883.3,1698143460,8.698,8.708
2123889.3,2125550.1,1698143520,8.706,8.664
2126782.5,2127149.2,1698143580,8.663,8.61
2127163.9,2128189.3,1698143640,8.614,8.651
2128075.9,2124760.3,1698143700,8.65,8.605
2125959.4,2119734.6,1698143760,8.604,8.562
2120206.9,2110354.8,1698143820,8.566,8.548
2110689.6,2115967.6,1698143880,8.552,8.565
2117728.8,2128003.4,1698143940,8.565,8.585
2127364.9,2127203,1698144000,8.584,8.567
2125521.8,2125521.8,1698144060,8.567,8.597
2126710.9,2124982.4,1698144120,8.6,8.603
2124369.8,2123602.6,1698144180,8.603,8.602
2125385.5,2129158,1698144240,8.603,8.6
2130666.3,2131226.1,1698144300,8.6,8.646
2131448.8,2131142.4,1698144360,8.646,8.646
2130813.5,2130467.4,1698144420,8.645,8.631
2130662.5,2130757.1,1698144480,8.63,8.653
2132929.3,2132293.1,1698144540,8.652,8.679
2135724.2,2136474.3,1698144600,8.679,8.659
2137724.2,2139646.3,1698144660,8.658,8.695
2143720.1,2150860.1,1698144720,8.692,8.822
2142313.1,2141600.9,1698144780,8.823,8.925
2148996,2142785.2,1698144840,8.928,8.927
2150100.1,2149911,1698144900,8.925,8.886
2149308.1,2142133.1,1698144960,8.887,8.929
2147108.5,2152003.7,1698145020,8.934,8.917
2159432.4,2160171.8,1698145080,8.913,8.935
2168048.4,2168057.3,1698145140,8.935,8.926
2167293.3,2156099.7,1698145200,8.931,9.109
2166323.3,2179780.1,1698145260,9.108,9.081
2179049.9,2195447,1698145320,9.078,9.122
2199302.7,2218909.8,1698145380,9.12,9.134
2221758.9,2229841.8,1698145440,9.133,9.149
2231337.4,2233540.8,1698145500,9.148,9.146
2231649.1,2234463.3,1698145560,9.148,9.174
2243675.1,2248900.7,1698145620,9.173,9.153
2246611.5,2246489.3,1698145680,9.152,9.132
2245323.4,2246752.4,1698145740,9.133,9.125
2242138.7,2238824.8,1698145800,9.126,9.111
2241399.1,2232519.1,1698145860,9.112,9.183
2222996.1,2218529.9,1698145920,9.182,9.24
2215225.4,2214265.6,1698145980,9.242,9.175
2219118.2,2218443.4,1698146040,9.175,9.169
2218965.9,2219934.7,1698146100,9.17,9.163
2221231.6,2224775,1698146160,9.165,9.168
2226949.6,2214340.8,1698146220,9.165,9.102
2198696.8,2158739.6,1698146280,9.102,8.914
2149624.9,2140522.9,1698146340,8.914,8.903
2140299,2143086.7,1698146400,8.904,8.9
2144105.9,2148384.2,1698146460,8.9,8.945
2150124,2137355.4,1698146520,8.943,9.01
2139636.8,2139871.5,1698146580,9.007,9.019
2140414.1,2140673.3,1698146640,9.016,9.054
2142573.8,2146722.2,1698146700,9.057,9.079
2143617.4,2146349.7,1698146760,9.079,9.087
2135539.9,2113694.6,1698146820,9.087,8.944
2106593.3,2103362.6,1698146880,8.946,8.948
2100395.3,2099590.1,1698146940,8.949,8.995
2097841.6,2095645.1,1698147000,8.996,9.016
2095237.3,2098351.5,1698147060,9.014,8.956
2092077.5,2089779.9,1698147120,8.953,8.977
2089081.6,2089334.1,1698147180,8.98,8.981
2088995.5,2090745.2,1698147240,8.98,8.934
2086364.8,2087077.9,1698147300,8.937,8.991
2088195.1,2083900.4,1698147360,8.99,8.991
2085528.6,2084875.8,1698147420,8.99,9.012
2083108.5,2089546.7,1698147480,9.011,9.023
2087590.2,2084455.5,1698147540,9.021,8.988
2085546.6,2084895.8,1698147600,8.985,8.971
2085257.4,2085257.4,1698147660,8.969,8.951
2087054,2084892.4,1698147720,8.953,8.956
2081955.4,2081633.8,1698147780,8.955,8.97
2083123.6,2083710.9,1698147840,8.971,8.972
2084345.9,2082223.2,1698147900,8.975,9.017
2084644.1,2087327.7,1698147960,9.018,9.034
2091544.8,2090547.9,1698148020,9.034,9.047
2092930.7,2090770.8,1698148080,9.045,9.11
2090203,2088158.1,1698148140,9.111,9.142
2089501,2086835.1,1698148200,9.14,9.207
2085236.3,2091910.3,1698148260,9.206,9.177
2089517.4,2088944.4,1698148320,9.178,9.142
2090203.6,2083926.8,1698148380,9.142,9.099
2086687.7,2096543.9,1698148440,9.097,9.113
2093519.1,2093086.1,1698148500,9.113,9.139
2094550.4,2094013.3,1698148560,9.141,9.146
2092539.2,2089468.8,1698148620,9.142,9.125
2089117.5,2090149.9,1698148680,9.125,9.104
2092534.6,2094410.1,1698148740,9.103,9.077
2094473.9,2097464.6,1698148800,9.078,9.121
2106318,2101990.4,1698148860,9.117,9.048
2102525.9,2093155.9,1698148920,9.051,9.017
2092769.6,2091818.2,1698148980,9.016,9.022
2093727.3,2094466.8,1698149040,9.021,9.033
2094451.2,2096819.1,1698149100,9.029,9.17
2099253.1,2103254.4,1698149160,9.171,9.283
2109809.7,2094162.3,1698149220,9.277,9.286
2106863.1,2109105.6,1698149280,9.286,9.346
2122324.2,2124880.5,1698149340,9.344,9.398
2129399.3,2115641.6,1698149400,9.398,9.337
2116165,2116094.3,1698149460,9.337,9.312
2117134.2,2122053.3,1698149520,9.312,9.285
2119353.8,2118186.1,1698149580,9.285,9.25
2115101.3,2115569.8,1698149640,9.249,9.217
2096733.3,2092366.9,1698149700,9.214,9.228
2093971.2,2087291.7,1698149760,9.225,9.189
2087145,2083421.7,1698149820,9.19,9.149
2082857.8,2081985.6,1698149880,9.151,9.146
2082870.4,2080731.6,1698149940,9.145,9.12
2073004.5,2074907.5,1698150000,9.121,9.119
2077816.9,2079929.5,1698150060,9.118,9.125
2080156.1,2083042,1698150120,9.124,9.209
2086467.2,2089940.8,1698150180,9.207,9.19
2091608,2094704.7,1698150240,9.192,9.208
2095887.4,2100061.3,1698150300,9.205,9.235
2099354.9,2096439.3,1698150360,9.236,9.188
2096645.1,2095698.8,1698150420,9.184,9.215
2098939.8,2097549,1698150480,9.215,9.09
2082747.9,2080200.1,1698150540,9.091,9.158
2081721.3,2077645.3,1698150600,9.157,9.11
2078386.7,2082862,1698150660,9.113,9.115
2084086.2,2083749.6,1698150720,9.116,9.107
2084526.4,2086702.3,1698150780,9.109,9.092
2087051.6,2086659,1698150840,9.093,9.177
2081267.5,2081122.8,1698150900,9.178,9.111
2081904.8,2085855.2,1698150960,9.111,9.082
2087213.6,2089171.6,1698151020,9.083,9.154
2088215.6,2089499.1,1698151080,9.153,9.138
2089394.8,2089316.6,1698151140,9.137,9.137
2088006.6,2087542.6,1698151200,9.136,9.097
2084520.6,2084795.8,1698151260,9.096,9.086
2085195.2,2086279.5,1698151320,9.085,9.115
2084323.5,2083048.9,1698151380,9.114,9.18
2084116.7,2085124.3,1698151440,9.176,9.159
2085500.9,2085187.7,1698151500,9.158,9.179
2084187.3,2083024.3,1698151560,9.179,9.122
2080780.2,2074125,1698151620,9.125,9.101
2072277.3,2073145,1698151680,9.101,9.135
2071868.3,2071900.5,1698151740,9.134,9.106
2071905,2071874,1698151800,9.108,9.096
2071593.8,2067587.3,1698151860,9.095,9.069
2067031.3,2066489.4,1698151920,9.067,9.047
2065536.4,2067526.1,1698151980,9.045,8.97
2051484.9,2050930.2,1698152040,8.97,8.963
2051026.1,2053373.2,1698152100,8.965,8.96
2054069.4,2043138.1,1698152160,8.958,8.992
2041086.3,2035180.2,1698152220,8.994,9.003
2038196.6,2037140.2,1698152280,9.004,8.995
2033159.6,2039068.8,1698152340,8.997,9.023
2040519.2,2040875.5,1698152400,9.024,8.97
2035347.1,2033062.1,1698152460,8.969,8.903
2017925.3,2020930.7,1698152520,8.903,8.95
2024547.9,2025881.6,1698152580,8.947,8.924
2027425.9,2025942,1698152640,8.922,8.911
2026614.7,2026372.7,1698152700,8.91,8.967
2025859.7,2025910.8,1698152760,8.969,8.973
2027234.5,2029403.1,1698152820,8.973,8.955
2028727.3,2027660.5,1698152880,8.955,8.936
2027665.4,2030893.4,1698152940,8.936,8.905
2031820.6,2031849.3,1698153000,8.905,8.886
2036903.7,1991411,1698153060,8.885,8.699
1996087.1,1998615.3,1698153120,8.689,8.727
1996084.1,1997027.3,1698153180,8.727,8.799
1997397.4,2003682.9,1698153240,8.801,8.825
2005832.7,2005832.7,1698153300,8.827,8.754
2011569.1,2009514,1698153360,8.754,8.734
2010106.8,2009053.8,1698153420,8.734,8.72
2008824.1,2007645.6,1698153480,8.717,8.723
2007616.6,2005629.4,1698153540,8.721,8.657
2008675,2007384.4,1698153600,8.658,8.691
2006117.4,2011562.5,1698153660,8.69,8.759
2004887.9,2007168.3,1698153720,8.761,8.791
2008497.4,2010846.5,1698153780,8.79,8.796
2012354.7,2011250.5,1698153840,8.793,8.766
2010009,2010856.8,1698153900,8.768,8.752
2012122.4,2013422.6,1698153960,8.752,8.72
2012366.9,2012665.4,1698154020,8.72,8.727
2014695.1,2013011.7,1698154080,8.727,8.775
2011032.4,2009283.7,1698154140,8.775,8.735
2007287.3,2010055.1,1698154200,8.735,8.759
2009558.1,2009377.7,1698154260,8.754,8.693
2010985,2011258.9,1698154320,8.694,8.68
2014762.3,2015159.7,1698154380,8.684,8.762
2014115,2013474.9,1698154440,8.761,8.798
2012920.7,2014051.4,1698154500,8.799,8.801
2015622,2015234.3,1698154560,8.798,8.782
2015059.4,2013809.3,1698154620,8.782,8.757
2013244.8,2013244.8,1698154680,8.756,8.758
2012633.1,2012722.2,1698154740,8.757,8.775
2013256.5,2013687.1,1698154800,8.773,8.718
2013956.6,2012194.8,1698154860,8.719,8.687
2010540.7,2010093.5,1698154920,8.688,8.691
2009255.8,2010331.4,1698154980,8.691,8.696
2012358.7,2011559,1698155040,8.695,8.707
2012591.8,2013422.1,1698155100,8.705,8.656
2013095.8,2016316.2,1698155160,8.657,8.669
2014544.8,2012426.6,1698155220,8.668,8.741
2017888,2020276.2,1698155280,8.741,8.724
2022050.7,2021363.4,1698155340,8.722,8.685
2021953.4,2023072.4,1698155400,8.684,8.647
2023457.9,2014434.9,1698155460,8.644,8.618
2012577.2,2012546.3,1698155520,8.619,8.632
2013385.9,2013163.1,1698155580,8.633,8.619
2013367.4,2014279.9,1698155640,8.622,8.632
2014301.2,2009570.2,1698155700,8.631,8.624
2010217.6,2009014.1,1698155760,8.623,8.589
2010571.4,2012659.9,1698155820,8.589,8.656
2011920.9,2012019.2,1698155880,8.656,8.644
2011843.4,2010363.1,1698155940,8.643,8.654
2009034.6,2009138.7,1698156000,8.651,8.641
2008615.4,2008615.4,1698156060,8.638,8.609
2010971.6,2012715.1,1698156120,8.609,8.61
2013990.3,2013534.2,1698156180,8.609,8.59
2014352.1,2014220.9,1698156240,8.592,8.565
2015423.9,2016072.1,1698156300,8.565,8.548
2017907.2,2016452.6,1698156360,8.548,8.531
2017183.2,2019967.6,1698156420,8.53,8.521
2020010.1,2022398.9,1698156480,8.522,8.532
2022863.8,2025407.3,1698156540,8.531,8.546
2026410.4,2026819,1698156600,8.545,8.523
2026948.2,2022682.5,1698156660,8.524,8.523
2024486.4,2024177.8,1698156720,8.522,8.54
2025800.1,2024059,1698156780,8.541,8.523
2023429.5,2025945.9,1698156840,8.524,8.537
2024101.9,2022774.9,1698156900,8.535,8.544
2019767.1,2022122.1,1698156960,8.543,8.516
2026295.2,2029274.4,1698157020,8.516,8.518
2031959.2,2034823.4,1698157080,8.518,8.511
2038942.7,2038858.7,1698157140,8.512,8.526
2040915.7,2028281.7,1698157200,8.526,8.401
2015023.1,2014239.2,1698157260,8.403,8.496
2017183.5,2019399.7,1698157320,8.496,8.464
2020359.6,2021176.5,1698157380,8.463,8.521
2019463.7,2019143.4,1698157440,8.519,8.491
2019863.1,2018370.4,1698157500,8.492,8.485
2016691.4,2018344.9,1698157560,8.486,8.627
2012319,2014931.1,1698157620,8.625,8.569
2015854.6,2012480.6,1698157680,8.569,8.571
2013367.6,1995560.1,1698157740,8.57,8.489
1984235.1,1986190.2,1698157800,8.489,8.463
1984141.4,1983053.6,1698157860,8.461,8.454
1973018.3,1973448.1,1698157920,8.456,8.433
1973558.5,1974856,1698157980,8.437,8.459
1972541.8,1969678.9,1698158040,8.459,8.414
1968545.2,1968022.7,1698158100,8.414,8.403
1974957.1,1976233.4,1698158160,8.404,8.423
1977656.9,1976705,1698158220,8.427,8.401
1978457.1,1978715.9,1698158280,8.401,8.402
1977649.7,1984106.7,1698158340,8.401,8.381
1985322.5,1985685.1,1698158400,8.378,8.347
1989679,1991032.6,1698158460,8.348,8.357
1990121.5,1990693.2,1698158520,8.357,8.347
1985555.1,1985938.6,1698158580,8.347,8.352
1986276,1985183.4,1698158640,8.353,8.331
1985117.2,1981537.1,1698158700,8.333,8.31
1968324.2,1978026.3,1698158760,8.31,8.29
1971393.5,1974584.1,1698158820,8.29,8.267
1973529.1,1975138.4,1698158880,8.268,8.273
1976696.9,1980563.5,1698158940,8.272,8.314
1981474.1,1980679.5,1698159000,8.312,8.294
1980102.7,1980383.3,1698159060,8.294,8.299
1983086.3,1982415,1698159120,8.299,8.324
1982460.9,1981534,1698159180,8.324,8.325
1980691.1,1979723.6,1698159240,8.325,8.32
1979142.7,1978604.2,1698159300,8.319,8.365
1975570.3,1969857.9,1698159360,8.365,8.383
1973839,1973400.9,1698159420,8.371,8.382
1971229.7,1970049.4,1698159480,8.382,8.351
1970169.5,1970111.5,1698159540,8.352,8.405
1974028,1973781.9,1698159600,8.405,8.386
1973916.5,1974144.6,1698159660,8.385,8.371
1973111.8,1977326.4,1698159720,8.371,8.38
1975623.7,1976923.3,1698159780,8.38,8.359
1977566.3,1980127,1698159840,8.36,8.368
1979539,1969518.6,1698159900,8.367,8.492
1973196.9,1968969.6,1698159960,8.493,8.515
1970002,1969144.8,1698160020,8.513,8.551
1969642.6,1970517.6,1698160080,8.552,8.538
1970929,1969787.1,1698160140,8.534,8.513
1971814.9,1972717.3,1698160200,8.512,8.487
1972623.6,1973135.7,1698160260,8.487,8.504
1972839.7,1978286.8,1698160320,8.503,8.545
1978337.7,1978160.1,1698160380,8.544,8.548
1978223.7,1975426,1698160440,8.548,8.5
1976679.1,1978366.6,1698160500,8.501,8.61
1980253.5,1980933.1,1698160560,8.61,8.54
1976873,1970206.6,1698160620,8.54,8.487
1970538.5,1968061.3,1698160680,8.486,8.506
1967337.8,1967231.2,1698160740,8.507,8.478
1965228.3,1965351.3,1698160800,8.479,8.492
1965431,1962298.7,1698160860,8.49,8.445
1959127.3,1957786.7,1698160920,8.444,8.436
1957757.8,1953517.1,1698160980,8.41,8.376
1955938.5,1955374.8,1698161040,8.376,8.454
1956903.2,1957613,1698161100,8.417,8.418
1959200.2,1955057.7,1698161160,8.416,8.31
1957698.6,1962399.8,1698161220,8.31,8.424
1962060.3,1965822.6,1698161280,8.425,8.438
1964345.7,1965153.6,1698161340,8.437,8.373
1965863,1955928.3,1698161400,8.372,8.218
1947205,1944424.5,1698161460,8.215,8.297
1944071.5,1949021.8,1698161520,8.301,8.344
1956613.9,1957327.7,1698161580,8.346,8.431
1957598,1959616,1698161640,8.431,8.412
1956996.8,1957105.7,1698161700,8.411,8.396
1956876.9,1959703.9,1698161760,8.394,8.371
1959016.6,1956273.3,1698161820,8.371,8.29
1952573.2,1952837.9,1698161880,8.292,8.312
1956639.2,1933647.5,1698161940,8.315,8.195
1931328.2,1933476.5,1698162000,8.184,8.239
1932887.1,1932063.7,1698162060,8.236,8.183
1934100.3,1937743.8,1698162120,8.182,8.234
1936721.4,1934673.8,1698162180,8.235,8.189
1935539.9,1933946.3,1698162240,8.189,8.198
1935297.3,1936252.7,1698162300,8.198,8.253
1935149.5,1930141.6,1698162360,8.253,8.294
1927832.9,1926546.5,1698162420,8.295,8.272
1922388.5,1923910.7,1698162480,8.269,8.249
1921897,1921411.7,1698162540,8.272,8.224
1921070,1922318.5,1698162600,8.223,8.255
1921785.6,1921790.9,1698162660,8.251,8.198
1917451.8,1918202.1,1698162720,8.196,8.153
1912643.1,1912371.7,1698162780,8.154,8.169
1911883.5,1917345.8,1698162840,8.17,8.126
1917787.7,1924879,1698162900,8.125,8.118
1939545.8,1937852.3,1698162960,8.117,8.145
1938718.1,1938718.1,1698163020,8.146,8.117
1942723.8,1938023.9,1698163080,8.116,8.111
1937645.9,1941776.6,1698163140,8.112,8.133
1944174.7,1941736.8,1698163200,8.133,8.182
1939680.7,1939807.5,1698163260,8.185,8.145
1940287.6,1938505.1,1698163320,8.145,8.184
1939367.5,1939437.9,1698163380,8.183,8.147
1939986.5,1942088,1698163440,8.149,8.122
1942317.5,1945476.9,1698163500,8.122,8.076
1946351.3,1950753.3,1698163560,8.076,8.08
1957872.4,1957108.2,1698163620,8.083,8.118
1959362.7,1959010.1,1698163680,8.117,8.103
1959250.9,1960097.9,1698163740,8.104,8.137
1958962.1,1954742.8,1698163800,8.137,8.175
1955166.9,1951010.2,1698163860,8.175,8.248
1948316.6,1956576.4,1698163920,8.236,8.273
1956216.8,1961630.9,1698163980,8.274,8.243
1962348.4,1966946.4,1698164040,8.243,8.259
1966753.1,1963750.1,1698164100,8.257,8.309
1964457.6,1961463.7,1698164160,8.31,8.248
1961274.8,1962016.8,1698164220,8.247,8.299
1960986.7,1961782.2,1698164280,8.3,8.269
1961760.3,1960899.5,1698164340,8.272,8.23
1960694.9,1959003.7,1698164400,8.231,8.212
1958794.5,1956818.6,1698164460,8.212,8.197
1955957.7,1953909.8,1698164520,8.196,8.248
1951648.5,1963240,1698164580,8.248,8.3
1963814.6,1961525.5,1698164640,8.299,8.205
1962488.9,1967022.7,1698164700,8.206,8.271
1967212.6,1964510.2,1698164760,8.27,8.243
1965599.5,1964731.8,1698164820,8.243,8.247
1963113.4,1962363.7,1698164880,8.246,8.17
1963072.8,1958745.6,1698164940,8.17,8.234
1956611,1952406.7,1698165000,8.233,8.252
1951784.8,1951968.9,1698165060,8.251,8.245
1949181.2,1948593,1698165120,8.374,8.384
1944026.4,1945030.6,1698165180,8.376,8.393
1944652.6,1941930.4,1698165240,8.393,8.371
1938524.9,1936746.2,1698165300,8.371,8.351
1939644,1940691.3,1698165360,8.352,8.34
1941897,1941065.1,1698165420,8.339,8.324
1940880.7,1952166.3,1698165480,8.325,8.375
1954618,1954588,1698165540,8.376,8.337
1953517.2,1953204.6,1698165600,8.337,8.351
1954221.3,1960892.2,1698165660,8.351,8.375
1961168,1963671.1,1698165720,8.375,8.38
1964441.9,1964399.5,1698165780,8.38,8.368
1965497.5,1964522.5,1698165840,8.37,8.361
1968591.9,1967184.9,1698165900,8.359,8.345
1966958.1,1965117.4,1698165960,8.346,8.351
1967737.2,1969306.3,1698166020,8.351,8.397
1970567.2,1969878.9,1698166080,8.396,8.363
1968672.4,1969130.6,1698166140,8.363,8.374
1970666,1970912.3,1698166200,8.374,8.448
1972150.3,1971150,1698166260,8.45,8.483
1972759.7,1973188.7,1698166320,8.482,8.46
1974527.4,1974902.5,1698166380,8.461,8.44
1974248.6,1974102.4,1698166440,8.44,8.426
1975796.5,1975855.6,1698166500,8.426,8.423
1970868.9,1970087.2,1698166560,8.423,8.348
1970354,1972583.3,1698166620,8.347,8.334
1959496.7,1957584.5,1698166680,8.333,8.294
1957353.7,1960596,1698166740,8.295,8.292
1962019.3,1961779.6,1698166800,8.292,8.288
1965956.7,1964796.5,1698166860,8.288,8.264
1963054.2,1964373.1,1698166920,8.265,8.273
1964230.3,1964341.5,1698166980,8.272,8.284
1963310.3,1966257.3,1698167040,8.284,8.311
1967651,1967817.6,1698167100,8.308,8.32
1964848.8,1967456.8,1698167160,8.319,8.305
1965452.3,1966145.1,1698167220,8.305,8.309
1966716.5,1964526.1,1698167280,8.309,8.289
1962278.6,1962112,1698167340,8.292,8.27
1962015.4,1962266.5,1698167400,8.27,8.281
1961942.4,1960749.3,1698167460,8.281,8.278
1960359.1,1959490.3,1698167520,8.278,8.307
1950792.9,1946652.5,1698167580,8.306,8.229
1946849.3,1947153.6,1698167640,8.228,8.263
1947708,1947113.6,1698167700,8.263,8.276
1946822.5,1946250.1,1698167760,8.278,8.275
1946501.1,1948894.5,1698167820,8.277,8.274
1950533.1,1950533.1,1698167880,8.276,8.313
1949783.8,1949957,1698167940,8.31,8.306
1954233.9,1954310.8,1698168000,8.305,8.295
1956046.9,1957202.5,1698168060,8.296,8.294
1957143,1958316.3,1698168120,8.295,8.327
1957988.8,1955099.8,1698168180,8.328,8.33
1956438.5,1956761.7,1698168240,8.33,8.326
1958734.3,1958930.6,1698168300,8.326,8.337
1958990.8,1958394.1,1698168360,8.338,8.324
1958329,1957786.3,1698168420,8.324,8.319
1957589.9,1958748.8,1698168480,8.321,8.331
1958706.5,1958676,1698168540,8.328,8.32
1959240.4,1957689.3,1698168600,8.319,8.32
1957630.7,1958026.8,1698168660,8.319,8.305
1957448.8,1956105.9,1698168720,8.303,8.293
1955769.7,1955436,1698168780,8.293,8.279
1955253.6,1954806.5,1698168840,8.278,8.26
1954345.6,1953558.7,1698168900,8.261,8.303
1953182.2,1953927.1,1698168960,8.302,8.292
1955519,1955519,1698169020,8.29,8.276
1956711.6,1956453.3,1698169080,8.274,8.284
1959255.8,1959140.2,1698169140,8.281,8.294
1960116.3,1957722.9,1698169200,8.295,8.258
1958587.6,1958241.6,1698169260,8.257,8.241
1957537.7,1958196.5,1698169320,8.243,8.229
1957876.8,1955586.2,1698169380,8.228,8.242
1958475.2,1958744.6,1698169440,8.242,8.246
1958702.8,1959547.3,1698169500,8.247,8.245
1959894.4,1960851.8,1698169560,8.245,8.25
1961402.1,1960460.8,1698169620,8.25,8.236
1960391.2,1959245.9,1698169680,8.235,8.267
1959711,1959832.3,1698169740,8.266,8.247
1959775.9,1959846.8,1698169800,8.248,8.23
1959102.5,1961987.8,1698169860,8.233,8.229
1962974.7,1963255.7,1698169920,8.229,8.23
1963056.5,1963229.2,1698169980,8.23,8.257
1963430.9,1963232.2,1698170040,8.256,8.225
1961851.9,1961431.8,1698170100,8.225,8.213
1961786.8,1961129.4,1698170160,8.212,8.23
1961655.6,1961925.9,1698170220,8.228,8.214
1961807.6,1961181.8,1698170280,8.214,8.22
1960780.2,1961057,1698170340,8.22,8.232
1959281.9,1959042.8,1698170400,8.23,8.252
1960090,1960090,1698170460,8.251,8.271
1961650.3,1966119.4,1698170520,8.271,8.345
1965945.4,1964330.9,1698170580,8.346,8.37
1964501.7,1970116.4,1698170640,8.368,8.354
1970603.7,1968064.9,1698170700,8.354,8.326
1965902.4,1969043.7,1698170760,8.328,8.341
1969056.4,1973881.6,1698170820,8.342,8.351
1973795.5,1975564,1698170880,8.352,8.302
1976481.2,1977741.6,1698170940,8.303,8.324
1980850.5,1981607.1,1698171000,8.329,8.302
1975927.6,1977103.5,1698171060,8.302,8.303
1978256.3,1977414.9,1698171120,8.303,8.316
1977540.6,1980633.9,1698171180,8.317,8.322
1981120.7,1983905.5,1698171240,8.322,8.331
1985492.3,1987201.8,1698171300,8.331,8.345
1987949.4,1984126.3,1698171360,8.343,8.31
1984114.6,1983625.3,1698171420,8.314,8.305
1986060.6,1986876.9,1698171480,8.306,8.309
1987935.1,1987886.3,1698171540,8.308,8.33
1988713.2,1989670.7,1698171600,8.324,8.319
1989855.8,1993026.1,1698171660,8.316,8.296
1994188.5,1996358.5,1698171720,8.298,8.345
1999904.8,2003108.5,1698171780,8.344,8.332
2004101.7,2005603.9,1698171840,8.333,8.326
2004713.7,2008967.2,1698171900,8.327,8.278
2008650.9,2006820.6,1698171960,8.276,8.307
2007176,2007015.8,1698172020,8.309,8.286
2007165.3,2005939.4,1698172080,8.286,8.282
2004325.1,2004258.8,1698172140,8.282,8.273
2001184.3,2001296.1,1698172200,8.275,8.277
2001701.2,2002391.7,1698172260,8.278,8.276
2002336.2,2001523.8,1698172320,8.275,8.296
2002527.6,2002928.6,1698172380,8.298,8.313
2003688,2004204.1,1698172440,8.312,8.328
2004103.4,2004962,1698172500,8.329,8.311
2007556.7,2007376.7,1698172560,8.31,8.299
2007484.3,2005639.5,1698172620,8.295,8.298
2005143.4,2005146.6,1698172680,8.298,8.286
2007429.2,2008104.8,1698172740,8.287,8.362
2008689,2007312.9,1698172800,8.366,8.438
2010439.9,2013961.6,1698172860,8.437,8.411
2014625.6,2013266.4,1698172920,8.412,8.4
2014655.1,2016185.7,1698172980,8.401,8.417
2016607.8,2014669.5,1698173040,8.419,8.402
2017144.6,2017244.4,1698173100,8.403,8.436
2026687.7,2027765.6,1698173160,8.436,8.427
2027632.4,2028177.1,1698173220,8.428,8.444
2028412.2,2028382.4,1698173280,8.445,8.45
2029120.4,2031747.3,1698173340,8.45,8.535
2029854.4,2033676,1698173400,8.532,8.484
2034083.5,2034039.3,1698173460,8.482,8.48
2035447.4,2036384.2,1698173520,8.481,8.498
2036710.9,2038326.1,1698173580,8.497,8.541
2035533.1,2038332.5,1698173640,8.539,8.557
2045282.6,2042820.6,1698173700,8.557,8.471
2040690.7,2041477.8,1698173760,8.472,8.495
2042716,2042113.2,1698173820,8.497,8.533
2044248.8,2044997.6,1698173880,8.533,8.548
2048182.9,2053088,1698173940,8.547,8.501
2055344.8,2055988.7,1698174000,8.501,8.51
2053395.2,2052649.7,1698174060,8.51,8.53
2053907,2052867.6,1698174120,8.531,8.555
2054078.5,2053280.1,1698174180,8.554,8.576
2056202.6,2053261.9,1698174240,8.577,8.581
2048387.5,2045223.6,1698174300,8.579,8.528
2045149.5,2041184.1,1698174360,8.53,8.485
2042578.3,2037860.6,1698174420,8.485,8.455
2037478.7,2036660.2,1698174480,8.458,8.441
2037521,2037945.8,1698174540,8.44,8.433
2034778.3,2035510.8,1698174600,8.432,8.463
2036133.8,2036133.8,1698174660,8.46,8.432
2036666.1,2037793.2,1698174720,8.432,8.444
2036313.3,2037509.5,1698174780,8.445,8.471
2037477.1,2038478,1698174840,8.47,8.466
2042549.3,2041344.5,1698174900,8.465,8.448
2041299.2,2041122,1698174960,8.449,8.418
2040982.9,2040427.1,1698175020,8.419,8.412
2040006.3,2039067,1698175080,8.413,8.387
2035175.1,2026745.5,1698175140,8.387,8.364
2024376.5,2024258.1,1698175200,8.363,8.376
2025359,2024855.5,1698175260,8.374,8.411
2023632.3,2028512.9,1698175320,8.408,8.424
2027933.8,2029991,1698175380,8.425,8.423
2030719.4,2030234.6,1698175440,8.423,8.441
2029970.9,2030306.9,1698175500,8.44,8.424
2030155.1,2030240.7,1698175560,8.424,8.425
2029452.2,2030443,1698175620,8.423,8.473
2030129.1,2030102.9,1698175680,8.469,8.442
2028926.2,2031076.9,1698175740,8.443,8.465
2031076.9,2030734.2,1698175800,8.465,8.478
2030647,2030770.1,1698175860,8.477,8.479
2031996.2,2032161.8,1698175920,8.476,8.471
2032247,2031454.4,1698175980,8.472,8.442
2030880.8,2030902.4,1698176040,8.442,8.459
2030315.2,2029824.6,1698176100,8.457,8.451
2029817.6,2029191.8,1698176160,8.451,8.435
2028867.2,2028872.6,1698176220,8.436,8.433
2028523.2,2030103.8,1698176280,8.43,8.47
2029989.2,2030345,1698176340,8.465,8.481
2030345,2023786.8,1698176400,8.48,8.435
2023976.3,2023967.5,1698176460,8.437,8.43
2024296.3,2023940.4,1698176520,8.43,8.428
2023334.1,2022304.3,1698176580,8.428,8.436
2021828.5,2021644.1,1698176640,8.435,8.424
2021421.2,2021878.2,1698176700,8.422,8.458
2021479.1,2022191.2,1698176760,8.456,8.449
2024387,2025361.9,1698176820,8.448,8.486
2026596.2,2028327.6,1698176880,8.486,8.471
2028028.5,2027977.6,1698176940,8.471,8.453
2027536.2,2027082,1698177000,8.454,8.469
2026778.5,2026858.6,1698177060,8.467,8.46
2026834.1,2025078.2,1698177120,8.462,8.432
2025806.8,2025748.4,1698177180,8.434,8.425
2025278.6,2025251.5,1698177240,8.425,8.422
2024990.5,2025787.6,1698177300,8.425,8.431
2025772.7,2026265.9,1698177360,8.429,8.417
2026804.2,2025957.1,1698177420,8.416,8.416
2025690,2025532.7,1698177480,8.415,8.418
2025656.6,2024878.8,1698177540,8.418,8.409
2027151.9,2026547.4,1698177600,8.409,8.423
2026594.1,2026761.5,1698177660,8.423,8.439
2027111.7,2026891.1,1698177720,8.438,8.388
2026195.1,2018763.1,1698177780,8.387,8.351
2016437.4,2011131.9,1698177840,8.348,8.36
2014329.2,2002347.8,1698177900,8.362,8.287
1996935.1,1997297.5,1698177960,8.284,8.262
1994446.3,1998753.6,1698178020,8.265,8.272
1998866.1,1999032.8,1698178080,8.275,8.278
1998062.7,1997053.6,1698178140,8.279,8.305
1996740.5,1996622.4,1698178200,8.305,8.328
1995740,1995825.7,1698178260,8.331,8.321
1995038,1994321.9,1698178320,8.322,8.336
1995871.5,1995436,1698178380,8.337,8.321
1994590.9,1994373.8,1698178440,8.322,8.309
1994160.7,1991029.4,1698178500,8.309,8.309
1991168.3,1991059.1,1698178560,8.31,8.343
1990824.7,1990066.2,1698178620,8.343,8.36
1991092.3,1991914.4,1698178680,8.361,8.375
1991834.5,1992275.8,1698178740,8.375,8.4
1992301.9,1993466.6,1698178800,8.399,8.396
1993656.8,1993529.7,1698178860,8.397,8.401
1993758.3,1993074.3,1698178920,8.403,8.391
1991018.3,1989959.4,1698178980,8.392,8.365
1988569,1988295.6,1698179040,8.366,8.333
1986971.8,1986874.6,1698179100,8.331,8.353
1986899,1987477,1698179160,8.35,8.36
1987351,1987101.5,1698179220,8.359,8.349
1987097.6,1988274.4,1698179280,8.349,8.331
1988281.6,1988048.9,1698179340,8.331,8.336
1988023.5,1988005.6,1698179400,8.335,8.351
1988318.5,1988245.4,1698179460,8.349,8.373
1988790.5,1988262,1698179520,8.374,8.324
1988343.2,1986903.7,1698179580,8.324,8.275
1987076.9,1974602.6,1698179640,8.273,8.241
1977764.8,1978074.4,1698179700,8.241,8.24
1977252.7,1977411.2,1698179760,8.24,8.221
1975371.3,1976615.6,1698179820,8.222,8.202
1980193.4,1981060.8,1698179880,8.202,8.178
1983667.7,1982856.6,1698179940,8.177,8.196
1985123.5,1984747.6,1698180000,8.198,8.222
1984442.7,1983721.4,1698180060,8.224,8.203
1983533.4,1985238.1,1698180120,8.205,8.232
1985278.9,1985002.9,1698180180,8.23,8.195
1983899.4,1984216.3,1698180240,8.198,8.182
1983872.4,1983711.2,1698180300,8.183,8.199
1983841.6,1983045.2,1698180360,8.196,8.211
1983253.6,1986957.8,1698180420,8.21,8.185
1985389.2,1985689.5,1698180480,8.188,8.177
1985647.6,1976871.8,1698180540,8.176,8.14
1976081,1978044,1698180600,8.14,8.137
1979733.9,1980678.6,1698180660,8.14,8.133
1982629.5,1982561.1,1698180720,8.133,8.134
1981185,1981468.4,1698180780,8.131,8.139
1979537,1981234.4,1698180840,8.141,8.134
1982201.8,1982824.1,1698180900,8.135,8.167
1982631.5,1981766,1698180960,8.167,8.182
1981564.6,1979407.6,1698181020,8.182,8.149
1979392.4,1979617.7,1698181080,8.149,8.146
1979851.4,1979034.5,1698181140,8.146,8.161
1978940.2,1975855.7,1698181200,8.159,8.151
1974932.1,1974361.8,1698181260,8.152,8.182
1972904.7,1970339.2,1698181320,8.183,8.209
1970218.7,1970480.1,1698181380,8.206,8.184
1969341,1969648.7,1698181440,8.183,8.149
1970823.8,1969418.5,1698181500,8.15,8.172
1968678,1968926.3,1698181560,8.173,8.163
1969410.4,1969099.2,1698181620,8.162,8.185
1968807.4,1969387.3,1698181680,8.185,8.153
1966893.9,1966967.5,1698181740,8.153,8.137
1967512,1967498.8,1698181800,8.137,8.125
1967201.7,1967801.5,1698181860,8.125,8.13
1967662.6,1967949.7,1698181920,8.129,8.129
1967740.8,1967869,1698181980,8.127,8.154
1968085.9,1968085.9,1698182040,8.153,8.176
1967464.3,1971846,1698182100,8.178,8.204
1972225.5,1972891.3,1698182160,8.205,8.204
1975018.5,1979122.5,1698182220,8.204,8.223
1977754,1976319.2,1698182280,8.224,8.231
1977357.3,1977908.8,1698182340,8.232,8.207
1975800,1976558.6,1698182400,8.207,8.199
1976448.3,1976030.6,1698182460,8.199,8.2
1976193.2,1976065,1698182520,8.201,8.204
1977368.9,1976758.9,1698182580,8.204,8.197
1977502.7,1978073.4,1698182640,8.197,8.179
1978172.9,1978086.9,1698182700,8.179,8.185
1977525.7,1977653.5,1698182760,8.186,8.197
1976812.2,1976892.9,1698182820,8.195,8.193
1976701.4,1976278.2,1698182880,8.192,8.176
1976349.9,1975549.9,1698182940,8.178,8.18
1974752.3,1974502.5,1698183000,8.182,8.19
1974441.3,1974710.3,1698183060,8.191,8.186
1973488.2,1973754.1,1698183120,8.186,8.174
1973718.8,1973901.3,1698183180,8.174,8.184
1973714.7,1975799.3,1698183240,8.183,8.202
1976848.6,1975225.7,1698183300,8.202,8.197
1975796.8,1977235.1,1698183360,8.196,8.158
1977085.5,1976910.4,1698183420,8.155,8.15
1977321.3,1977259.8,1698183480,8.15,8.158
1977313.3,1977377.5,1698183540,8.157,8.134
1977249.4,1962651,1698183600,8.137,8.056
1956351.2,1951955,1698183660,8.06,8.051
1951782.9,1952668.2,1698183720,8.048,8.067
1956008.1,1954899.8,1698183780,8.066,8.089
1954701.5,1953597.3,1698183840,8.087,8.09
1953710.5,1954091.3,1698183900,8.088,8.09
1953958.1,1953059.7,1698183960,8.089,8.076
1952377.2,1952121.6,1698184020,8.075,8.083
1952307.3,1948742,1698184080,8.085,8.088
1948399.5,1947836.2,1698184140,8.086,8.099
1947326,1946107.7,1698184200,8.098,8.13
1945012.6,1944434.6,1698184260,8.132,8.156
1944540.3,1943151.7,1698184320,8.157,8.183
1942405.2,1940747.8,1698184380,8.187,8.255
1940718.1,1938051.9,1698184440,8.255,8.241
1939193.3,1938890.9,1698184500,8.24,8.271
1939509.7,1940354.7,1698184560,8.272,8.271
1941325.1,1941888.9,1698184620,8.27,8.269
1941601.7,1940852.6,1698184680,8.27,8.291
1936949.4,1937973.7,1698184740,8.29,8.238
1932164.4,1931502.2,1698184800,8.239,8.253
1931113.7,1931195.7,1698184860,8.252,8.246
1930025,1931387.8,1698184920,8.245,8.245
1930293.6,1930177.8,1698184980,8.244,8.238
1930552.1,1929605.7,1698185040,8.236,8.269
1928203.6,1928121.3,1698185100,8.267,8.257
1927516.7,1927972.6,1698185160,8.257,8.293
1928691.7,1928856.9,1698185220,8.291,8.301
1929522.4,1930366.1,1698185280,8.3,8.315
1929002.9,1927252.7,1698185340,8.316,8.314
1926939.2,1926939.2,1698185400,8.316,8.319
