"timestamp","OI_open","OI_close","price_close"
1697899320,8806018,8820767,0.6121
1697899380,8829131,8834427,0.6109
1697899440,8843929,8847898,0.6126
1697899500,8853390,8874385,0.6143
1697899560,8922034,8937367,0.6134
1697899620,8946421,8950241,0.6141
1697899680,8967684,8985016,0.6143
1697899740,8985876,8980614,0.6143
1697899800,8978285,8986268,0.6145
1697899860,8979436,8983336,0.6164
1697899920,8997037,8994920,0.6153
1697899980,9003889,9006104,0.6156
1697900040,9020585,9011379,0.6166
1697900100,9012681,9024527,0.6168
1697900160,9026076,9026076,0.6159
1697900220,9023456,9024751,0.6157
1697900280,9038893,9040884,0.6156
1697900340,9046487,9051568,0.6174
1697900400,9071524,9076711,0.6176
1697900460,9071982,9064924,0.6184
1697900520,9081521,9086299,0.6178
1697900580,9092540,9093571,0.6188
1697900640,9116607,9128727,0.6186
1697900700,9142297,9146651,0.6197
1697900760,9151276,9155530,0.6196
1697900820,9219345,9215444,0.625
1697900880,9276546,9310249,0.6225
1697900940,9325271,9338322,0.621
1697901000,9337340,9342368,0.6217
1697901060,9351855,9374576,0.6213
1697901120,9376838,9322682,0.6176
1697901180,9320009,9331136,0.6188
1697901240,9347749,9355910,0.62
1697901300,9384885,9384885,0.6149
1697901360,9360439,9369376,0.6162
1697901420,9355276,9355500,0.618
1697901480,9368011,9361473,0.6201
1697901540,9411929,9418415,0.6202
1697901600,9430341,9448560,0.6197
1697901660,9505467,9504845,0.6192
1697901720,9511882,9525269,0.6187
1697901780,9529149,9528871,0.6182
1697901840,9523657,9528165,0.6186
1697901900,9556740,9566926,0.6182
1697901960,9569234,9573729,0.6182
1697902020,9576927,9581969,0.6203
1697902080,9558287,9550322,0.6219
1697902140,9557908,9553545,0.6223
1697902200,9553946,9560694,0.6223
1697902260,9566142,9551833,0.6206
1697902320,9548768,9565140,0.6206
1697902380,9564630,9565687,0.6229
1697902440,9566870,9556644,0.6249
1697902500,9573286,9582003,0.6258
1697902560,9614785,9626523,0.6251
1697902620,9634468,9645268,0.6266
1697902680,9653293,9652838,0.6251
1697902740,9635966,9638769,0.6238
1697902800,9636485,9648942,0.6238
1697902860,9644662,9644662,0.6227
1697902920,9627658,9591746,0.6194
1697902980,9592223,9620577,0.6222
1697903040,9636108,9636108,0.6219
1697903100,9639113,9641350,0.62
1697903160,9632051,9630436,0.6186
1697903220,9613547,9621678,0.621
1697903280,9624005,9628094,0.6217
1697903340,9630281,9634284,0.6216
1697903400,9638459,9638572,0.6211
1697903460,9638969,9638385,0.6216
1697903520,9642636,9638610,0.6214
1697903580,9645615,9648556,0.622
1697903640,9651274,9640967,0.6235
1697903700,9649564,9655385,0.6237
1697903760,9670325,9676603,0.6247
1697903820,9681916,9688231,0.6262
1697903880,9689431,9682510,0.624
1697903940,9681851,9686805,0.6244
1697904000,9698427,9698427,0.6234
1697904060,9705397,9711124,0.6258
1697904120,9708456,9668721,0.6301
1697904180,9701623,9753636,0.6296
1697904240,9775574,9782521,0.6319
1697904300,9806544,9824321,0.6323
1697904360,9822632,9832710,0.6352
1697904420,9850008,9830752,0.6324
1697904480,9797320,9768599,0.628
1697904540,9777461,9767476,0.6271
1697904600,9753234,9749654,0.6252
1697904660,9735255,9732593,0.6259
1697904720,9740719,9735816,0.6295
1697904780,9730613,9722418,0.6296
1697904840,9727246,9729342,0.6294
1697904900,9731981,9757711,0.6274
1697904960,9755222,9758217,0.6282
1697905020,9760960,9761811,0.6267
1697905080,9752506,9763254,0.6257
1697905140,9779033,9781905,0.6232
1697905200,9773028,9773028,0.623
1697905260,9768235,9766186,0.6258
1697905320,9768186,9772011,0.6258
1697905380,9774706,9775918,0.6256
1697905440,9774588,9773073,0.6262
1697905500,9782421,9785791,0.629
1697905560,9771515,9784725,0.629
1697905620,9780369,9778458,0.6267
1697905680,9778065,9780225,0.6267
1697905740,9785041,9788502,0.6267
1697905800,9801218,9802424,0.6284
1697905860,9805026,9808319,0.6312
1697905920,9804670,9794355,0.6308
1697905980,9798945,9811294,0.6304
1697906040,9820808,9826257,0.6311
1697906100,9844924,9844753,0.6311
1697906160,9833377,9833377,0.6315
1697906220,9839189,9846486,0.6325
1697906280,9839061,9842870,0.631
1697906340,9834040,9833145,0.6317
1697906400,9862460,9864495,0.6334
1697906460,9859414,9868922,0.6325
1697906520,9870329,9899553,0.6336
1697906580,9880878,9884233,0.6357
1697906640,9888141,9824503,0.6401
1697906700,9834693,9828605,0.6391
1697906760,9825317,9832646,0.6389
1697906820,9841672,9836919,0.6383
1697906880,9834536,9846932,0.6397
1697906940,9850347,9890957,0.6395
1697907000,9892708,9901663,0.6369
1697907060,9897649,9888832,0.6354
1697907120,9889703,9893893,0.6364
1697907180,9921525,9941855,0.6332
1697907240,9933061,9926933,0.6324
1697907300,9928462,9921573,0.6331
1697907360,9914660,9914660,0.6325
1697907420,9919629,9906219,0.6334
1697907480,9916782,9914141,0.6318
1697907540,9900729,9896355,0.6336
1697907600,9891243,9890660,0.6335
1697907660,9899656,9895552,0.6345
1697907720,9899393,9910247,0.6327
1697907780,9919351,9930950,0.6336
1697907840,9927066,9948101,0.6358
1697907900,9953391,9959289,0.6355
1697907960,9956095,9966472,0.6362
1697908020,9980872,9983591,0.6368
1697908080,10003595,10034613,0.6385
1697908140,10044148,10056376,0.6366
1697908200,10060813,10073361,0.6357
1697908260,10053710,10058067,0.6368
1697908320,10067029,10074337,0.6372
1697908380,10078265,10085856,0.6375
1697908440,10096552,10098968,0.6376
1697908500,10097947,10100199,0.6378
1697908560,10101312,10101312,0.6376
1697908620,10107212,10119114,0.6383
1697908680,10160118,10160118,0.6387
1697908740,10165672,10147297,0.6357
1697908800,10151167,10146990,0.6369
1697908860,10146319,10143069,0.6402
1697908920,10161431,10184511,0.6403
1697908980,10189237,10183875,0.6437
1697909040,10128429,10136633,0.6483
1697909100,10176176,10186129,0.6463
1697909160,10197004,10176964,0.6453
1697909220,10183473,10180576,0.6435
1697909280,10209520,10235004,0.6464
1697909340,10264649,10263023,0.6473
1697909400,10286104,10266681,0.645
1697909460,10242573,10196078,0.6433
1697909520,10200495,10206717,0.6459
1697909580,10202783,10215093,0.6453
1697909640,10218996,10218996,0.6447
1697909700,10217446,10217986,0.6468
1697909760,10234790,10238937,0.6477
1697909820,10243932,10254892,0.6476
1697909880,10256133,10250782,0.6465
1697909940,10253716,10267545,0.6464
1697910000,10269261,10287478,0.6476
1697910060,10291883,10294420,0.6472
1697910120,10319026,10333404,0.6478
1697910180,10340424,10366976,0.6488
1697910240,10400075,10424298,0.6503
1697910300,10471035,10464141,0.6531
1697910360,10486665,10478267,0.6503
1697910420,10492641,10492641,0.6495
1697910480,10530232,10473948,0.6499
1697910540,10483190,10483190,0.6511
1697910600,10486049,10501179,0.6518
1697910660,10562827,10570829,0.6523
1697910720,10576578,10562407,0.6525
1697910780,10573250,10565215,0.6501
1697910840,10570976,10579611,0.6506
1697910900,10598240,10778804,0.6463
1697910960,10769430,10757437,0.6474
1697911020,10767881,10777733,0.6513
1697911080,10798461,10800779,0.6503
1697911140,10804234,10793892,0.6489
1697911200,10820703,10849428,0.6508
1697911260,10852631,10858104,0.6497
1697911320,10848661,10863734,0.6475
1697911380,10859810,10874493,0.6499
1697911440,10898388,10907811,0.6464
1697911500,10869864,10850345,0.6458
1697911560,10845422,10831874,0.645
1697911620,10843074,10827772,0.6427
1697911680,10844275,10823414,0.6425
1697911740,10819595,10822907,0.6448
1697911800,10828019,10828019,0.6447
1697911860,10839664,10850390,0.6436
1697911920,10846916,10847123,0.642
1697911980,10856101,10875678,0.6419
1697912040,10892048,10825582,0.6404
1697912100,10822942,10774223,0.6377
1697912160,10763753,10750500,0.6418
1697912220,10729247,10680568,0.6475
1697912280,10725049,10744146,0.6462
1697912340,10735176,10757610,0.6457
1697912400,10794810,10807915,0.6456
1697912460,10819478,10833187,0.6466
1697912520,10843120,10847727,0.6465
1697912580,10857973,10848962,0.6471
1697912640,10859419,10862368,0.6477
1697912700,10868223,10880487,0.6464
1697912760,10893666,10915143,0.646
1697912820,10919574,10928523,0.6459
1697912880,10950409,10949531,0.646
1697912940,10960734,10965360,0.6459
1697913000,10984820,10984820,0.644
1697913060,10987388,10992521,0.644
1697913120,10984193,10985439,0.6434
1697913180,10990168,10990210,0.6439
1697913240,10990976,11006891,0.6441
1697913300,11041074,11053376,0.6412
1697913360,11023746,11024132,0.6412
1697913420,11029418,11013532,0.6436
1697913480,11031372,11031769,0.6425
1697913540,11030584,11031112,0.6402
1697913600,11053974,11094842,0.642
1697913660,11079445,11073464,0.644
1697913720,11081379,11081144,0.6427
1697913780,11101524,11113372,0.644
1697913840,11117376,11128619,0.6434
1697913900,11133093,11131794,0.643
1697913960,11148903,11148903,0.6433
1697914020,11148494,11160510,0.6425
1697914080,11169494,11179283,0.6438
1697914140,11184891,11186486,0.6432
1697914200,11194392,11200766,0.6436
1697914260,11208519,11208561,0.6438
1697914320,11200571,11200599,0.6429
1697914380,11215990,11220125,0.6423
1697914440,11208083,11204927,0.6437
1697914500,11207281,11209142,0.6431
1697914560,11234527,11258835,0.6445
1697914620,11267275,11269813,0.6461
1697914680,11294857,11299953,0.6477
1697914740,11300572,11311281,0.6469
1697914800,11313245,11312770,0.6478
1697914860,11318689,11318689,0.6473
1697914920,11338735,11344528,0.647
1697914980,11349153,11336250,0.6458
1697915040,11339124,11339117,0.6454
1697915100,11369489,11353591,0.6438
1697915160,11380635,11368530,0.6433
1697915220,11365278,11362586,0.6424
1697915280,11341154,11338538,0.6436
1697915340,11335106,11339199,0.6426
1697915400,11338347,11350791,0.6428
1697915460,11345081,11336774,0.6436
1697915520,11340743,11326752,0.6419
1697915580,11331207,11330302,0.6416
1697915640,11330305,11334234,0.643
1697915700,11324726,11320679,0.6434
1697915760,11316393,11332031,0.6434
1697915820,11330377,11331793,0.6437
1697915880,11330046,11336281,0.6439
1697915940,11344218,11345700,0.644
1697916000,11343345,11343345,0.6449
1697916060,11342728,11317039,0.6478
1697916120,11306852,11268909,0.6461
1697916180,11265874,11269731,0.6451
1697916240,11256986,11259149,0.6463
1697916300,11289843,11287296,0.6477
1697916360,11316286,11314680,0.647
1697916420,11306395,11327457,0.6457
1697916480,11347342,11379611,0.6469
1697916540,11393044,11404330,0.6461
1697916600,11418930,11435679,0.6457
1697916660,11434762,11443340,0.6484
1697916720,11491454,11519274,0.648
1697916780,11515171,11522712,0.6488
1697916840,11531336,11527330,0.6483
1697916900,11530479,11578018,0.6485
1697916960,11581543,11603968,0.6487
1697917020,11594341,11604770,0.6485
1697917080,11597061,11607984,0.65
1697917140,11676266,11681819,0.6493
1697917200,11686643,11691584,0.6496
1697917260,11704805,11704805,0.6509
1697917320,11699158,11733374,0.6497
1697917380,11712826,11733940,0.6507
1697917440,11756911,11778976,0.6512
1697917500,11815371,11808256,0.6506
1697917560,11855860,11850693,0.6502
1697917620,11862477,11900718,0.65
1697917680,11924328,11924362,0.6517
1697917740,11939392,11959119,0.6519
1697917800,11968562,12016052,0.6526
1697917860,12095838,12094955,0.6511
1697917920,12119076,12117767,0.6496
1697917980,12072738,12055089,0.6499
1697918040,12039561,12061805,0.6502
1697918100,12086023,12080424,0.6504
1697918160,12087429,12097193,0.6507
1697918220,12090881,12083507,0.6502
1697918280,12104686,12108604,0.6508
1697918340,12112324,12115516,0.6499
1697918400,12131436,12152930,0.6507
1697918460,12159316,12179849,0.6541
1697918520,12243652,12243652,0.6536
1697918580,12268913,12345839,0.6531
1697918640,12352621,12352621,0.654
1697918700,12353440,12357261,0.6536
1697918760,12400562,12379987,0.6521
1697918820,12366354,12368314,0.653
1697918880,12370660,12360928,0.6523
1697918940,12386280,12466049,0.6516
1697919000,12452534,12429586,0.6501
1697919060,12416769,12417720,0.649
1697919120,12373418,12345821,0.6485
1697919180,12314541,12330658,0.6477
1697919240,12359044,12359335,0.6479
1697919300,12342215,12377143,0.6474
1697919360,12371354,12369478,0.6476
1697919420,12369496,12368847,0.648
1697919480,12384981,12375642,0.6471
1697919540,12379019,12384802,0.6485
1697919600,12396200,12396200,0.6485
1697919660,12392301,12401947,0.6497
1697919720,12383536,12407412,0.649
1697919780,12409914,12413970,0.6468
1697919840,12422349,12320922,0.6439
1697919900,12302248,12338566,0.6441
1697919960,12353693,12344712,0.6441
1697920020,12336894,12366442,0.6467
1697920080,12367334,12360572,0.6462
1697920140,12413223,12421340,0.647
1697920200,12407995,12447787,0.6496
1697920260,12479568,12503194,0.6515
1697920320,12515650,12521743,0.6543
1697920380,12524474,12537430,0.6636
1697920440,12584751,12631144,0.6626
1697920500,12648898,12702155,0.66
1697920560,12706781,12732424,0.6583
1697920620,12727430,12723241,0.66
1697920680,12743970,12743970,0.6622
1697920740,12733386,12733061,0.6617
1697920800,12752684,12776774,0.6589
1697920860,12775937,12786154,0.659
1697920920,12793832,12774732,0.6568
1697920980,12721896,12660894,0.6556
1697921040,12614560,12678576,0.658
1697921100,12675375,12657627,0.6566
1697921160,12671572,12670220,0.658
1697921220,12667530,12664854,0.6585
1697921280,12675851,12670895,0.6551
1697921340,12630689,12652200,0.6562
1697921400,12667788,12692289,0.6578
1697921460,12710155,12687151,0.6575
1697921520,12687546,12690422,0.6583
1697921580,12701806,12710645,0.658
1697921640,12720781,12726669,0.6582
1697921700,12732971,12732971,0.6592
1697921760,12732124,12678538,0.6611
1697921820,12701614,12734830,0.6621
1697921880,12769231,12786119,0.663
1697921940,12811672,12885084,0.6649
1697922000,12915681,12911469,0.6635
1697922060,12920951,12997783,0.6659
1697922120,13014837,12998585,0.6664
1697922180,12937536,12950210,0.6655
1697922240,12995637,12982628,0.6635
1697922300,12983454,12956326,0.6639
1697922360,12965528,12990311,0.666
1697922420,12997609,13018654,0.6646
1697922480,12995309,12975648,0.663
1697922540,12987025,12999542,0.6637
1697922600,13008502,13015733,0.6636
1697922660,13006472,13008560,0.6648
1697922720,12996130,13002185,0.6629
1697922780,13007496,13007496,0.6653
1697922840,13009269,13035566,0.665
1697922900,13037172,13037172,0.664
1697922960,13078253,13078089,0.6633
1697923020,13052376,13056065,0.6649
1697923080,13050518,13025896,0.6642
1697923140,13038666,13024797,0.6667
1697923200,13035596,13074316,0.6678
1697923260,13074579,13094350,0.6677
1697923320,13122497,13111748,0.6667
1697923380,13103929,13091309,0.6683
1697923440,13057458,13069462,0.6693
1697923500,13080864,13074920,0.6694
1697923560,13084423,13101793,0.6694
1697923620,13134303,13142546,0.6689
1697923680,13186504,13196337,0.6693
1697923740,13239501,13254708,0.6704
1697923800,13304625,13319202,0.6711
1697923860,13326742,13326742,0.6703
1697923920,13318397,13232702,0.667
1697923980,13218264,13224291,0.6681
1697924040,13236252,13236825,0.6668
1697924100,13235787,13259247,0.6696
1697924160,13226666,13295670,0.6702
1697924220,13350701,13374643,0.6704
1697924280,13436237,13410713,0.669
1697924340,13412169,13421141,0.6688
1697924400,13418994,13427993,0.6684
1697924460,13543556,13544072,0.6701
1697924520,13558538,13569620,0.6692
1697924580,13615391,13613188,0.6639
1697924640,13509757,13515505,0.666
1697924700,13530968,13559338,0.6665
1697924760,13570711,13558861,0.6642
1697924820,13542022,13534164,0.665
1697924880,13551275,13555248,0.6649
1697924940,13617741,13601229,0.6641
1697925000,13598906,13610981,0.6644
1697925060,13624812,13632582,0.6634
1697925120,13641978,13641978,0.6639
1697925180,13627312,13650210,0.6645
1697925240,13638226,13639056,0.6675
1697925300,13640340,13645895,0.6693
1697925360,13651433,13652220,0.6675
1697925420,13658427,13688993,0.6682
1697925480,13701697,13704432,0.6687
1697925540,13700208,13684544,0.6705
1697925600,13682574,13702200,0.6699
1697925660,13713664,13610381,0.6735
1697925720,13594040,13603812,0.6722
1697925780,13636833,13656894,0.6728
1697925840,13671688,13696410,0.6745
1697925900,13722594,13727953,0.6721
1697925960,13714317,13734005,0.6725
1697926020,13764686,13782164,0.6714
1697926080,13775602,13784118,0.6731
1697926140,13764883,13787692,0.6749
1697926200,13846488,13822830,0.6728
1697926260,13864117,13875180,0.6735
1697926320,13879759,13896510,0.6752
1697926380,13888681,13942513,0.6742
1697926440,13934306,13941479,0.6746
1697926500,13948227,13948227,0.6751
1697926560,13961609,13973477,0.6734
1697926620,13981923,13950152,0.672
1697926680,13930590,13975879,0.6728
1697926740,13997581,14009039,0.6723
1697926800,14014283,14052414,0.6733
1697926860,14060676,14063448,0.6749
1697926920,14085736,14105434,0.6728
1697926980,14122132,14132241,0.6728
1697927040,14170235,14178069,0.6743
1697927100,14204654,14204150,0.6705
1697927160,14180094,14174965,0.6718
1697927220,14193572,14136152,0.67
1697927280,14130279,14129811,0.6688
1697927340,14176783,14231376,0.6702
1697927400,14247198,14266038,0.6703
1697927460,14266506,14274311,0.6706
1697927520,14292943,14295130,0.6719
1697927580,14304276,14319429,0.6707
1697927640,14322827,14358004,0.6713
1697927700,14366942,14347009,0.6703
1697927760,14338473,14344022,0.6703
1697927820,14342845,14349340,0.6703
1697927880,14400424,14400424,0.6711
1697927940,14403603,14400284,0.6723
1697928000,14454306,14434954,0.6735
1697928060,14440570,14446117,0.6741
1697928120,14446108,14436740,0.6744
1697928180,14467603,14479722,0.6729
1697928240,14503423,14514684,0.6732
1697928300,14500465,14517667,0.6734
1697928360,14521560,14539946,0.674
1697928420,14539828,14568291,0.6732
1697928480,14569137,14576838,0.673
1697928540,14586963,14591837,0.6727
1697928600,14609141,14628829,0.6733
1697928660,14613806,14606805,0.6725
1697928720,14614211,14603907,0.6726
1697928780,14614396,14614396,0.6725
1697928840,14601428,14647002,0.6738
1697928900,14679080,14679080,0.6741
1697928960,14695860,14700791,0.6741
1697929020,14723075,14744734,0.6741
1697929080,14751739,14762232,0.6753
1697929140,14788226,14726383,0.678
1697929200,14867862,14937436,0.6756
1697929260,14927079,14925758,0.6772
1697929320,14948960,14942075,0.6756
1697929380,14956683,14974332,0.6754
1697929440,14977571,14974903,0.6736
1697929500,14962345,14991856,0.6748
1697929560,15000592,15001242,0.6733
1697929620,14934975,14887900,0.6645
1697929680,14715659,14720929,0.6689
1697929740,14724166,14798708,0.6689
1697929800,14789477,14791242,0.6683
1697929860,14781721,14814001,0.6671
1697929920,14768033,14767521,0.6665
1697929980,14769034,14766510,0.6672
1697930040,14783000,14790575,0.6668
1697930100,14769144,14757001,0.6656
1697930160,14800969,14800969,0.6637
1697930220,14655790,14627842,0.6685
1697930280,14675855,14733162,0.6682
1697930340,14762799,14764451,0.6691
1697930400,14772302,14775717,0.669
1697930460,14787088,14772027,0.668
1697930520,14784576,14808942,0.6683
1697930580,14844583,14860194,0.6667
1697930640,14881621,14889295,0.6673
1697930700,14900776,14926131,0.6691
1697930760,14954735,14981720,0.6683
1697930820,14972858,14986367,0.6684
1697930880,14958217,14946030,0.6667
1697930940,14969232,14979582,0.6666
1697931000,14996767,15000473,0.665
1697931060,15004490,15009802,0.6643
1697931120,15024567,15016156,0.6645
1697931180,15000828,14992531,0.6636
1697931240,15017449,14891604,0.6587
1697931300,14929168,14938550,0.6577
1697931360,14941833,14919361,0.6554
1697931420,14675514,14675514,0.6545
1697931480,14739671,14787171,0.6525
1697931540,14825645,14742455,0.6562
1697931600,14802309,14774905,0.658
1697931660,14770509,14766366,0.6584
1697931720,14783517,14830201,0.6577
1697931780,14837364,14841864,0.6579
1697931840,14863061,14865896,0.6591
1697931900,14866568,14853650,0.6622
1697931960,14843497,14871621,0.6631
1697932020,14937760,14926660,0.6647
1697932080,14965494,15025727,0.663
1697932140,15050701,15046606,0.6623
1697932200,15068127,15103136,0.6611
1697932260,15123145,15128996,0.6599
1697932320,15138602,15146013,0.659
1697932380,15166257,15166257,0.6576
1697932440,15318761,15352532,0.659
1697932500,15376756,15401712,0.6588
1697932560,15401718,15398969,0.6611
1697932620,15416323,15411813,0.6622
1697932680,15420450,15435045,0.6609
1697932740,15457141,15459154,0.6623
1697932800,15454537,15483064,0.6584
1697932860,15503612,15487562,0.6637
1697932920,15475510,15450958,0.6607
1697932980,15462397,15453019,0.6602
1697933040,15445896,15387696,0.6571
1697933100,15384111,15415888,0.6583
1697933160,15437280,15422464,0.6595
1697933220,15406968,15406968,0.6568
1697933280,15425885,15431657,0.6577
1697933340,15441825,15451153,0.6594
1697933400,15460748,15432602,0.6622
1697933460,15448537,15488811,0.6656
1697933520,15516749,15521343,0.6707
1697933580,15362192,15354432,0.6697
1697933640,15364859,15414344,0.6689
1697933700,15438566,15452645,0.6696
1697933760,15458392,15422120,0.6671
1697933820,15417913,15402353,0.6657
1697933880,15407742,15443960,0.6678
1697933940,15467602,15484861,0.6681
1697934000,15495393,15518686,0.6683
1697934060,15535632,15540574,0.6677
1697934120,15551931,15563864,0.6675
1697934180,15576774,15589898,0.6693
1697934240,15578081,15582157,0.6712
1697934300,15588526,15598005,0.6702
1697934360,15623178,15648351,0.6711
1697934420,15667558,15662694,0.6701
1697934480,15682262,15681268,0.6718
1697934540,15686472,15701439,0.671
1697934600,15697114,15703448,0.6735
1697934660,15705837,15725825,0.6735
1697934720,15747870,15777054,0.6727
1697934780,15783722,15760739,0.6718
1697934840,15775475,15757526,0.6691
1697934900,15760864,15760864,0.6683
1697934960,15797027,15808289,0.6727
1697935020,15805467,15800675,0.6715
1697935080,15818136,15844990,0.6719
1697935140,15843011,15867848,0.6722
1697935200,15873756,15890922,0.6722
1697935260,15898891,15944589,0.6713
1697935320,15948958,15961348,0.6714
1697935380,15969363,15979142,0.6717
1697935440,15994543,16001226,0.6725
1697935500,16027571,15983270,0.674
1697935560,15992101,15979885,0.6726
1697935620,15972415,15980813,0.6741
1697935680,15985258,15935258,0.6774
1697935740,15914127,15924279,0.6765
1697935800,15987212,15453383,0.6859
1697935860,15537719,15596250,0.6826
1697935920,15642920,15623785,0.6838
1697935980,15638603,15630890,0.6824
1697936040,15609639,15601806,0.6827
1697936100,15600828,15585502,0.6815
1697936160,15596716,15626290,0.683
1697936220,15661063,15678041,0.6854
1697936280,15687668,15687668,0.6847
1697936340,15710433,15697811,0.6865
1697936400,15727758,15742909,0.6872
1697936460,15781749,15824269,0.6914
1697936520,15786719,15869701,0.6908
1697936580,15912515,15946295,0.6916
1697936640,15982029,15978120,0.6918
1697936700,15995144,16002068,0.6875
1697936760,16001123,15910152,0.6839
1697936820,15907273,15838617,0.6817
1697936880,15755660,15731699,0.6827
1697936940,15724541,15690472,0.6801
1697937000,15672631,15655961,0.6795
1697937060,15650078,15641150,0.6827
1697937120,15686416,15686966,0.6843
1697937180,15701420,15702291,0.6858
1697937240,15725909,15776237,0.6892
1697937300,15792477,15796884,0.6884
1697937360,15789504,15810423,0.6872
1697937420,15792146,15696346,0.6923
1697937480,15741976,15702927,0.6861
1697937540,15696341,15706809,0.6879
1697937600,15744335,15774609,0.6876
1697937660,15803494,15803494,0.6867
1697937720,15790612,15794347,0.6899
1697937780,15797194,15836354,0.6886
1697937840,15878326,15878326,0.6886
1697937900,15900154,15915235,0.6881
1697937960,15908754,15894119,0.6864
1697938020,15913969,15926610,0.6852
1697938080,15923737,15908789,0.6839
1697938140,15848063,15853010,0.6851
1697938200,15879590,15852798,0.6872
1697938260,15850447,15867211,0.6886
1697938320,15862232,15856248,0.6839
1697938380,15834138,15814127,0.6869
1697938440,15821865,15812594,0.6855
1697938500,15810657,15838850,0.6823
1697938560,15777315,15794198,0.6848
1697938620,15825484,15834775,0.683
1697938680,15840439,15859667,0.6838
1697938740,15870398,15851784,0.6819
1697938800,15873736,15896210,0.6828
1697938860,15891775,15938905,0.6822
1697938920,15930373,15933997,0.6819
1697938980,15940385,15950709,0.6827
1697939040,15956036,15969358,0.685
1697939100,15967530,15977637,0.6818
1697939160,15979729,15987750,0.6829
1697939220,15994959,15998508,0.6829
1697939280,15973175,15929195,0.6871
1697939340,15950900,15982891,0.6888
1697939400,16004077,16004077,0.6932
1697939460,16041083,16139280,0.6948
1697939520,16163288,16173235,0.6925
1697939580,16184347,16143973,0.6905
1697939640,16147734,16155537,0.6909
1697939700,16196128,16238313,0.6928
1697939760,16243570,16243685,0.6908
1697939820,16239921,16268267,0.6913
1697939880,16246335,16241490,0.6917
1697939940,16252641,16258771,0.6908
1697940000,16248507,16304582,0.6901
1697940060,16327654,16323186,0.6905
1697940120,16322045,16328497,0.6916
1697940180,16366224,16376641,0.6897
1697940240,16376232,16376096,0.6911
1697940300,16401506,16415778,0.691
1697940360,16433841,16435363,0.693
1697940420,16483108,16506867,0.6918
1697940480,16530692,16520164,0.6901
1697940540,16549581,16555607,0.6909
1697940600,16565322,16590271,0.6901
1697940660,16612827,16629465,0.6896
1697940720,16640017,16682084,0.6899
1697940780,16578267,16578267,0.6824
1697940840,16510825,16528175,0.6846
1697940900,16466304,16474608,0.6835
1697940960,16493938,16507181,0.6819
1697941020,16506855,16491495,0.6817
1697941080,16488479,16505629,0.685
1697941140,16478432,16505143,0.6838
1697941200,16497490,16525842,0.6812
1697941260,16558310,16548396,0.6821
1697941320,16559014,16567166,0.6821
1697941380,16574879,16631991,0.6853
1697941440,16624809,16644457,0.6852
1697941500,16651952,16665097,0.6848
1697941560,16668431,16684713,0.6842
1697941620,16703030,16717810,0.6838
1697941680,16729832,16743830,0.6841
1697941740,16758169,16783392,0.6885
1697941800,16793054,16822838,0.6892
1697941860,16834758,16850978,0.6897
1697941920,16807989,16838956,0.693
1697941980,16825606,16849931,0.6938
1697942040,16905105,16897733,0.6935
1697942100,16924485,16912207,0.6916
1697942160,16908649,16908649,0.6905
1697942220,16887307,16902403,0.6908
1697942280,16923451,16943384,0.6907
1697942340,16942831,16974581,0.6937
1697942400,17005808,17166539,0.6969
1697942460,17098532,17140122,0.6949
1697942520,17149341,17198888,0.6963
1697942580,17206546,17229504,0.6992
1697942640,17232607,17281327,0.7012
1697942700,17014714,17051116,0.6972
1697942760,16934722,16956453,0.6966
1697942820,16996594,16999788,0.696
1697942880,17021972,17042330,0.6957
1697942940,17039950,17026777,0.6938
1697943000,17014927,17061378,0.6929
1697943060,17032463,17008304,0.6936
1697943120,17064982,17059908,0.6924
1697943180,17089158,17071493,0.6945
1697943240,17082227,17090275,0.6928
1697943300,17111078,17124887,0.6933
1697943360,17117760,17161007,0.6945
1697943420,17160245,17153138,0.6925
1697943480,17153267,17151724,0.6907
1697943540,17107803,17101987,0.6859
1697943600,16841270,16860201,0.6854
1697943660,16581555,16533645,0.679
1697943720,16530114,16540517,0.6824
1697943780,16534286,16540492,0.6847
1697943840,16563625,16570284,0.6848
1697943900,16616533,16616533,0.6844
1697943960,16631661,16619340,0.6855
1697944020,16626398,16640897,0.684
1697944080,16639657,16627832,0.6849
1697944140,16636879,16657062,0.6823
1697944200,16679740,16669675,0.6821
1697944260,16680709,16692603,0.6815
1697944320,16705215,16699540,0.6823
1697944380,16702558,16689915,0.6826
1697944440,16696254,16715199,0.6851
1697944500,16720870,16732175,0.6847
1697944560,16731546,16739897,0.6845
1697944620,16740425,16715595,0.6833
1697944680,16705624,16723986,0.6871
1697944740,16745430,16752416,0.6865
1697944800,16748546,16770199,0.6887
1697944860,16760573,16760512,0.6884
1697944920,16786440,16781198,0.6857
1697944980,16762015,16690384,0.6795
1697945040,16651127,16603106,0.6783
1697945100,16618324,16636810,0.6766
1697945160,16685805,16664181,0.6737
1697945220,16598957,16469440,0.6637
1697945280,16100145,16147063,0.669
1697945340,16210672,16176744,0.6651
1697945400,16139886,16139886,0.6633
1697945460,16151202,16118198,0.6635
1697945520,16148946,16120835,0.6676
1697945580,16081076,16142582,0.6684
1697945640,16195019,16210685,0.6695
1697945700,16203162,16183311,0.6678
1697945760,16196925,16161698,0.6673
1697945820,16146639,16150320,0.6672
1697945880,16183541,16163744,0.6664
1697945940,16157613,16147165,0.669
1697946000,16145396,16127983,0.6708
1697946060,16107378,16092601,0.6714
1697946120,16072957,16111388,0.6715
1697946180,16096620,16106707,0.6716
1697946240,16109074,16144781,0.6734
1697946300,16107333,16103916,0.6718
1697946360,16102656,16171584,0.6663
1697946420,16172633,16205891,0.6659
1697946480,16224825,16220810,0.6677
1697946540,16214458,16213352,0.6685
1697946600,16231820,16234472,0.6684
1697946660,16248919,16250790,0.6684
1697946720,16254001,16271136,0.6667
1697946780,16281346,16271810,0.6693
1697946840,16275481,16275481,0.6687
1697946900,16280209,16272526,0.669
1697946960,16289827,16272467,0.67
1697947020,16282847,16246491,0.6717
1697947080,16249376,16261420,0.6712
1697947140,16261645,16209513,0.6689
1697947200,16221517,16223480,0.6686
1697947260,16247594,16241632,0.67
1697947320,16259935,16267686,0.6713
1697947380,16271293,16275015,0.672
1697947440,16288950,16286869,0.6727
1697947500,16271985,16291239,0.6706
1697947560,16287058,16300478,0.6701
1697947620,16308646,16321157,0.6675
1697947680,16327550,16324539,0.6666
1697947740,16336767,16337761,0.6671
1697947800,16341411,16346194,0.6675
1697947860,16402714,16410291,0.6665
1697947920,16407358,16407358,0.6687
1697947980,16432901,16429031,0.6664
1697948040,16442551,16467752,0.6655
1697948100,16489791,16447986,0.6627
1697948160,16431992,16364316,0.6589
1697948220,16264552,16264552,0.6581
1697948280,16244848,16218762,0.654
1697948340,16158370,16070770,0.6581
1697948400,16039952,15997048,0.6583
1697948460,15995404,15997566,0.6571
1697948520,16041726,16014775,0.6611
1697948580,16032542,16013599,0.6628
1697948640,16019087,16008094,0.6637
1697948700,16031970,16022569,0.6625
1697948760,16023492,16041587,0.6623
1697948820,16059354,16061981,0.6609
1697948880,16071700,16088957,0.6603
1697948940,16088462,16092126,0.662
1697949000,16096966,16092524,0.6611
1697949060,16099437,16095266,0.6594
1697949120,16092471,16091110,0.6608
1697949180,16057370,16043477,0.6639
1697949240,16017916,15994294,0.6653
1697949300,15916012,15894798,0.6682
1697949360,15912836,15914167,0.671
1697949420,15925491,15924765,0.6717
1697949480,15937814,15885110,0.6725
1697949540,15892762,15877492,0.6738
1697949600,15928990,15964287,0.6745
1697949660,15982445,16005727,0.6745
1697949720,16000553,15997736,0.6762
1697949780,16012194,16017599,0.6759
1697949840,16023862,16023862,0.6751
1697949900,16042386,16132322,0.6774
1697949960,16147746,16170663,0.6778
1697950020,16201775,16222255,0.6772
1697950080,16217758,16231636,0.6785
1697950140,16245544,16240194,0.6825
1697950200,16267478,16282059,0.6871
1697950260,16155728,16124162,0.6912
1697950320,16247187,16241761,0.6894
1697950380,16273139,16293047,0.6866
1697950440,16267072,16221961,0.6852
1697950500,16221974,16217880,0.6836
1697950560,16225033,16202672,0.6843
1697950620,16221881,16229336,0.6839
1697950680,16264403,16255080,0.684
1697950740,16266320,16274073,0.6837
1697950800,16300755,16304088,0.687
1697950860,16306588,16297690,0.6876
1697950920,16297224,16318914,0.6886
1697950980,16331615,16386016,0.6865
1697951040,16388599,16457065,0.6895
1697951100,16479288,16479288,0.6897
1697951160,16481519,16477315,0.6895
1697951220,16490641,16508846,0.688
1697951280,16539673,16614452,0.6901
1697951340,16607357,16623141,0.6896
1697951400,16640098,16666657,0.6907
1697951460,16702700,16726173,0.6906
1697951520,16728293,16859767,0.6937
1697951580,16909210,16899379,0.6927
1697951640,16971644,16982084,0.6901
1697951700,17030633,17039353,0.6937
1697951760,17077529,17056327,0.6916
1697951820,17067381,17055879,0.6913
1697951880,17067644,17073225,0.6932
1697951940,17076896,17078356,0.6915
1697952000,17103729,17109197,0.6926
1697952060,17100967,17094593,0.6911
1697952120,17091778,17109136,0.6942
1697952180,17088523,17073151,0.6967
1697952240,17114508,17114508,0.6965
1697952300,17059131,17076092,0.6945
1697952360,17080080,17094711,0.6955
1697952420,17107243,17144489,0.6961
1697952480,17160582,17195713,0.6949
1697952540,17200465,17204341,0.6947
1697952600,17211500,17235848,0.6956
1697952660,17235014,17205089,0.6931
1697952720,17212718,17197489,0.6928
1697952780,17207112,17215425,0.6928
1697952840,17211787,17187333,0.6942
1697952900,17198758,17227080,0.6958
1697952960,17237949,17222226,0.6935
1697953020,17255908,17254796,0.693
1697953080,17256182,17263455,0.6919
1697953140,17267274,17214391,0.6903
1697953200,17212742,17200438,0.6899
1697953260,17196017,17197959,0.6914
1697953320,17229953,17239045,0.6922
1697953380,17235164,17250677,0.6932
1697953440,17247500,17257136,0.6899
1697953500,17283710,17298930,0.6913
1697953560,17303296,17314466,0.6927
1697953620,17330578,17330578,0.6887
1697953680,17301113,17318033,0.6894
1697953740,17310804,17322231,0.6901
1697953800,17324624,17332623,0.6893
1697953860,17332088,17342596,0.6934
1697953920,17335578,17368762,0.6984
1697953980,17275722,17311560,0.6997
1697954040,17385711,17345337,0.7007
1697954100,17397893,17431665,0.7078
1697954160,17411176,17447117,0.7036
1697954220,17497366,17502167,0.7046
1697954280,17524475,17601972,0.7011
1697954340,17599303,17574644,0.7018
1697954400,17644041,17702769,0.7028
1697954460,17749319,17734507,0.7034
1697954520,17773875,17778197,0.7016
1697954580,17787109,17830277,0.7079
1697954640,17694449,17676966,0.7115
1697954700,17770648,17740513,0.7093
1697954760,17783902,17849460,0.7104
1697954820,17865617,17882406,0.71
1697954880,17881103,17921772,0.7091
1697954940,17937168,17924363,0.7064
1697955000,17927406,17942252,0.7083
1697955060,17925830,17938960,0.7095
1697955120,17933572,17929150,0.7079
1697955180,17937545,17969327,0.7064
1697955240,17962818,17962818,0.7076
1697955300,17992549,18025836,0.7076
1697955360,18041272,18060736,0.7092
1697955420,18078527,18066787,0.7066
1697955480,18024725,18018758,0.702
1697955540,17972935,18002869,0.7026
1697955600,18000710,17985533,0.7007
1697955660,17881823,17832182,0.6993
1697955720,17820655,17779679,0.6989
1697955780,17785491,17809877,0.6974
1697955840,17842006,17854439,0.6997
1697955900,17818874,17825346,0.6998
1697955960,17846741,17886477,0.6987
1697956020,17898685,17912702,0.6994
1697956080,17887750,17914771,0.7028
1697956140,17928733,17972497,0.7029
1697956200,18015627,18027885,0.7023
1697956260,18042760,18043221,0.7015
1697956320,18059626,18069826,0.6999
1697956380,18087210,17910030,0.6955
1697956440,17958499,17914353,0.6953
1697956500,17922430,17895432,0.6968
1697956560,17867705,17861262,0.6995
1697956620,17870285,17896358,0.7023
1697956680,17899236,17899236,0.7009
1697956740,17902350,17915405,0.7007
1697956800,17907056,17901261,0.7011
1697956860,17917710,17914248,0.7005
1697956920,17911744,17909387,0.7015
1697956980,17903291,17969854,0.7013
1697957040,17993451,17987627,0.6996
1697957100,18015019,18026741,0.7004
1697957160,18026975,18055951,0.7026
1697957220,18061051,17992242,0.7063
1697957280,18051629,18054938,0.7053
1697957340,18044100,18056377,0.7043
1697957400,18081188,18080735,0.7019
1697957460,18097839,18102023,0.7031
1697957520,18103711,18114361,0.7038
1697957580,18137207,18133763,0.7042
1697957640,18130286,18141897,0.7046
1697957700,18135908,18113904,0.702
1697957760,18122779,18129007,0.7032
1697957820,18165516,18166176,0.7023
1697957880,18174965,18189149,0.7043
1697957940,18194808,18198346,0.7048
1697958000,18191961,18191581,0.7029
1697958060,18226348,18240296,0.7052
1697958120,18229864,18234842,0.7075
1697958180,18259178,18324896,0.7065
1697958240,18333774,18337227,0.7075
1697958300,18334956,18345708,0.706
1697958360,18380686,18382247,0.7073
1697958420,18427991,18433685,0.7085
1697958480,18459182,18448122,0.7087
1697958540,18482096,18496160,0.7079
1697958600,18494795,18494795,0.7077
1697958660,18535943,18538620,0.7072
1697958720,18557525,18557525,0.7064
1697958780,18528796,18532719,0.7043
1697958840,18518606,18523805,0.7027
1697958900,18540088,18575502,0.7015
1697958960,18596628,18608182,0.7008
1697959020,18606192,18609159,0.6995
1697959080,18578346,18584037,0.698
1697959140,18567875,18561928,0.6984
1697959200,18528596,18529874,0.7005
1697959260,18515286,18496352,0.6998
1697959320,18506854,18506836,0.7012
1697959380,18492800,18510702,0.703
1697959440,18514417,18457531,0.6995
1697959500,18444530,18459775,0.6994
1697959560,18459238,18455952,0.6992
1697959620,18462146,18456378,0.6974
1697959680,18453278,18467969,0.6985
1697959740,18481534,18485819,0.6995
1697959800,18490560,18488074,0.6984
1697959860,18505818,18521092,0.6985
1697959920,18529899,18566734,0.6973
1697959980,18511176,18466000,0.6937
1697960040,18443380,18456332,0.6945
1697960100,18479363,18466079,0.6931
1697960160,18470841,18477483,0.6943
1697960220,18479111,18455010,0.6943
1697960280,18454865,18451409,0.6924
1697960340,18446416,18359511,0.691
1697960400,18402881,18233901,0.6908
1697960460,18183217,18183217,0.6922
1697960520,18258581,18240575,0.6906
1697960580,18230406,18234663,0.6921
1697960640,18253093,18247098,0.692
1697960700,18262797,18306544,0.6912
1697960760,18319086,18220739,0.6919
1697960820,18207366,18208206,0.6935
1697960880,18230010,18239202,0.696
1697960940,18196568,18151764,0.6981
1697961000,18156746,18145972,0.6979
1697961060,18128444,18106335,0.6974
1697961120,18111775,18121158,0.6981
1697961180,18130593,18118972,0.7
1697961240,18113533,18132295,0.7009
1697961300,18141242,18154274,0.6995
1697961360,18169389,18188468,0.6991
1697961420,18186858,18176452,0.698
1697961480,18201677,18259016,0.6992
1697961540,18270527,18266636,0.698
1697961600,18288101,18261626,0.6962
1697961660,18276919,18296584,0.6976
1697961720,18284979,18276778,0.7022
1697961780,18306724,18318670,0.7037
1697961840,18403100,18438134,0.7066
1697961900,18444631,18444631,0.7051
1697961960,18448491,18568929,0.7058
1697962020,18578400,18578400,0.7028
1697962080,18591433,18610807,0.7053
1697962140,18638337,18636673,0.7052
1697962200,18653307,18650504,0.7074
1697962260,18589701,18604112,0.705
1697962320,18593367,18610309,0.7053
1697962380,18617968,18644681,0.7079
1697962440,18663206,18663952,0.7061
1697962500,18678720,18712802,0.7056
1697962560,18729972,18769279,0.7069
1697962620,18785482,18878393,0.7077
1697962680,18918720,18954163,0.7047
1697962740,18963776,18957322,0.7043
1697962800,18981242,18963826,0.7024
1697962860,18959834,18928715,0.7009
1697962920,18837508,18732563,0.6973
1697962980,18723516,18722640,0.696
1697963040,18702584,18667967,0.694
1697963100,18681211,18681407,0.692
1697963160,18758010,18761236,0.6933
1697963220,18781348,18785203,0.6902
1697963280,18848128,18852067,0.6915
1697963340,18915602,18855926,0.6937
1697963400,18867542,18886406,0.6902
1697963460,18896037,18922308,0.6909
1697963520,18896401,18927232,0.6921
1697963580,18943618,18943618,0.6952
1697963640,18921583,18905432,0.6946
1697963700,18901925,18942786,0.6951
1697963760,18942252,18953121,0.6951
1697963820,18948588,18968400,0.6926
1697963880,18953961,18939861,0.69
1697963940,18933849,18949425,0.6911
1697964000,19001283,18992918,0.6911
1697964060,18995612,18957682,0.6926
1697964120,18982347,18991410,0.695
1697964180,18990214,18998581,0.6943
1697964240,18995012,19009971,0.695
1697964300,18991236,19006498,0.698
1697964360,18973647,18997844,0.6996
1697964420,18975090,18981059,0.6982
1697964480,18973097,18983226,0.696
1697964540,19008023,19016154,0.6966
1697964600,19017953,19001544,0.694
1697964660,19006621,19008768,0.6948
1697964720,19004276,18992191,0.6926
1697964780,18999390,19016769,0.6933
1697964840,19017330,19025134,0.6926
1697964900,19021275,18993272,0.6887
1697964960,18944329,18883592,0.6874
1697965020,18816704,18789826,0.6931
1697965080,18746081,18680186,0.6895
1697965140,18696858,18707359,0.6886
1697965200,18711216,18712268,0.6885
1697965260,18740353,18763153,0.6859
1697965320,18576021,18593545,0.6886
1697965380,18613259,18615864,0.6896
1697965440,18661641,18665770,0.6906
1697965500,18665962,18665962,0.6912
1697965560,18689707,18687934,0.6927
1697965620,18678296,18719801,0.6923
1697965680,18717402,18754948,0.6933
1697965740,18768651,18767866,0.6937
1697965800,18792026,18787702,0.693
1697965860,18771261,18762494,0.6918
1697965920,18762489,18779463,0.6933
1697965980,18790443,18786663,0.6946
1697966040,18798390,18795406,0.6935
1697966100,18786358,18801044,0.6933
1697966160,18786634,18783343,0.6938
1697966220,18793104,18795099,0.6952
1697966280,18777664,18794950,0.6993
1697966340,18789888,18768341,0.6984
1697966400,18772055,18814786,0.6988
1697966460,18845428,18846442,0.6992
1697966520,18846474,18827289,0.6998
1697966580,18841403,18884274,0.7012
1697966640,18908292,18908292,0.7027
1697966700,18900562,19010420,0.7041
1697966760,18994860,18994860,0.7037
1697966820,19009862,19023517,0.7028
1697966880,19044357,19040653,0.7014
1697966940,19050278,19092527,0.7015
1697967000,19104140,19156570,0.7031
1697967060,19206660,19207442,0.702
1697967120,19209441,19171450,0.7002
1697967180,19125993,19148359,0.6989
1697967240,19106724,19115349,0.6982
1697967300,19129284,19145184,0.697
1697967360,19152664,19179542,0.6985
1697967420,19170882,19164883,0.6988
1697967480,19169335,19185853,0.7003
1697967540,19189642,19229104,0.7007
1697967600,19240137,19255051,0.7014
1697967660,19307281,19335887,0.699
1697967720,19339705,19363994,0.7013
1697967780,19337879,19369879,0.7015
1697967840,19366305,19357997,0.6997
1697967900,19352355,19344064,0.6992
1697967960,19339623,19333961,0.6991
1697968020,19329426,19318752,0.6983
1697968080,19331013,19326371,0.6981
1697968140,19334222,19294320,0.6951
1697968200,19276063,19288407,0.6934
1697968260,19147165,19120132,0.693
1697968320,19116523,19116523,0.6921
1697968380,19132506,19120956,0.6938
1697968440,19133415,19116227,0.6956
1697968500,19106077,19090929,0.6963
1697968560,19080620,19083049,0.6977
1697968620,19119025,19151141,0.6969
1697968680,19153079,19155044,0.6957
1697968740,19164059,19160016,0.6939
1697968800,19156197,19150197,0.6945
1697968860,19154934,19160081,0.6956
1697968920,19168815,19169443,0.6953
1697968980,19192506,19213437,0.6953
1697969040,19213353,19221138,0.6938
1697969100,19245062,19219554,0.6916
1697969160,19227636,19229365,0.6938
1697969220,19233181,19246042,0.6954
1697969280,19234266,19239316,0.6957
1697969340,19250442,19273389,0.6966
1697969400,19312334,19348024,0.6991
1697969460,19349285,19351941,0.6993
1697969520,19360280,19377902,0.7009
1697969580,19429128,19410574,0.7021
1697969640,19397320,19409560,0.7007
1697969700,19413492,19413492,0.7004
1697969760,19439929,19450530,0.7009
1697969820,19462745,19460619,0.7023
1697969880,19487473,19487473,0.7009
1697969940,19486797,19474276,0.7005
1697970000,19479165,19472405,0.6994
1697970060,19481708,19484694,0.6999
1697970120,19491986,19519328,0.6999
1697970180,19525581,19517668,0.699
1697970240,19516733,19513602,0.6979
1697970300,19490368,19491026,0.6977
1697970360,19488725,19489102,0.6975
1697970420,19489707,19487426,0.6987
1697970480,19494192,19492334,0.6985
1697970540,19492463,19497961,0.6987
1697970600,19502110,19507681,0.6995
1697970660,19513292,19516444,0.6987
1697970720,19514122,19524857,0.6971
1697970780,19512792,19501831,0.6958
1697970840,19478499,19474944,0.6964
1697970900,19470556,19450803,0.6988
1697970960,19432555,19458259,0.6997
1697971020,19488548,19469150,0.6998
1697971080,19499489,19534435,0.7019
1697971140,19536112,19536112,0.7021
1697971200,19575110,19592451,0.7028
1697971260,19601907,19619280,0.7037
1697971320,19616365,19636559,0.7048
1697971380,19656501,19708102,0.7031
1697971440,19731421,19747349,0.7025
1697971500,19750315,19745590,0.7048
1697971560,19800043,19867786,0.7045
1697971620,19870812,19856847,0.702
1697971680,19852623,19837515,0.7018
1697971740,19842953,19858621,0.7024
1697971800,19879374,19905169,0.7021
1697971860,19950732,19897293,0.6993
1697971920,19867757,19909268,0.7003
1697971980,19909949,19908993,0.7005
1697972040,19909986,19912022,0.7016
1697972100,19931906,19927815,0.7011
1697972160,19927479,19924626,0.7008
1697972220,19928673,19932000,0.7036
1697972280,19958850,19982510,0.7023
1697972340,20022484,20025123,0.7022
1697972400,20062917,20103430,0.7041
1697972460,20128615,20134169,0.7031
1697972520,20143335,20139856,0.7016
1697972580,20120988,20120988,0.7035
1697972640,20142660,20176808,0.7037
1697972700,20184555,20188642,0.7035
1697972760,20324450,20324450,0.7047
1697972820,20381081,20460305,0.7044
1697972880,20466488,20547320,0.7058
1697972940,20656009,20646740,0.706
1697973000,20675545,20720147,0.7066
1697973060,20722734,20765191,0.7069
1697973120,20808554,20854218,0.7033
1697973180,20761170,20743121,0.7041
1697973240,20757712,20768967,0.7054
1697973300,20783551,20904036,0.7072
1697973360,20922005,20938250,0.7066
1697973420,20954605,20956151,0.7051
1697973480,20931126,20950297,0.7038
1697973540,20937996,20655204,0.7015
1697973600,20637815,20609699,0.701
1697973660,20594093,20621318,0.702
1697973720,20627046,20620307,0.7042
1697973780,20610851,20675358,0.7038
1697973840,20713520,20746083,0.7047
1697973900,20787857,20874101,0.7063
1697973960,20902425,20898650,0.7056
1697974020,20905755,20888090,0.7036
1697974080,20879078,20886982,0.7036
1697974140,20902651,20929550,0.7039
1697974200,20962423,20925865,0.7023
1697974260,20932137,20979959,0.7038
1697974320,20956855,20956855,0.7014
1697974380,20941497,20875165,0.701
1697974440,20885751,20885544,0.6993
1697974500,20924511,20843170,0.6985
1697974560,20836653,20795173,0.6965
1697974620,20734262,20760608,0.694
1697974680,20663028,20542912,0.6955
1697974740,20465789,20517127,0.6962
1697974800,20530572,20558967,0.6964
1697974860,20563167,20594607,0.696
1697974920,20602909,20620190,0.6974
1697974980,20631338,20628550,0.697
1697975040,20652546,20621311,0.6978
1697975100,20639731,20718801,0.6988
1697975160,20732776,20739389,0.6975
1697975220,20737039,20716345,0.6982
1697975280,20604101,20618094,0.6982
1697975340,20638780,20657491,0.6975
1697975400,20664324,20671645,0.6964
1697975460,20676611,20690844,0.6947
1697975520,20707828,20634867,0.6945
1697975580,20657410,20659884,0.6958
1697975640,20639469,20626438,0.6965
1697975700,20624583,20676581,0.6968
1697975760,20686315,20695099,0.6965
1697975820,20724897,20714909,0.6958
1697975880,20737483,20756623,0.6955
1697975940,20743059,20766408,0.6958
1697976000,20791844,20795852,0.6975
1697976060,20634846,20645764,0.7035
1697976120,20685480,20636053,0.7008
1697976180,20672538,20673426,0.7003
1697976240,20719982,20719982,0.7001
1697976300,20762304,20793356,0.7001
1697976360,20809661,20832818,0.7017
1697976420,20817222,20812772,0.7025
1697976480,20829560,21062897,0.7039
1697976540,21033929,21036554,0.7032
1697976600,21037207,21046568,0.7063
1697976660,21010564,21021476,0.7093
1697976720,21104402,21118465,0.7085
1697976780,21154687,21173467,0.7027
1697976840,21149589,21168047,0.7049
1697976900,21173731,21189150,0.703
1697976960,21188515,21150699,0.7067
1697977020,21215693,21221809,0.7043
1697977080,21215131,21220280,0.7051
1697977140,21233559,21247028,0.7064
1697977200,21259652,21245013,0.7053
1697977260,21254909,21247049,0.7053
1697977320,21264152,21281440,0.7046
1697977380,21298200,21305628,0.7042
1697977440,21325322,21312609,0.7031
1697977500,21303486,21213609,0.7026
1697977560,21244892,21249112,0.7047
1697977620,21248186,21353353,0.7057
1697977680,21467657,21520575,0.7072
1697977740,21543073,21543073,0.7065
1697977800,21594244,21626043,0.7073
1697977860,21698300,21724152,0.7058
1697977920,21722507,21783311,0.7066
1697977980,21789995,21794893,0.7064
1697978040,21812231,21818721,0.7077
1697978100,21845921,21894707,0.7083
1697978160,21873595,21861670,0.7067
1697978220,21869309,21904345,0.7078
1697978280,21914903,21939597,0.707
1697978340,21936563,21971725,0.7077
1697978400,21992840,21975066,0.7065
1697978460,21956418,21953407,0.7068
1697978520,21974817,21901653,0.7052
1697978580,21910259,21921386,0.7055
1697978640,21925133,21919118,0.7053
1697978700,21928223,21934395,0.7044
1697978760,21947905,21922127,0.7066
1697978820,21936915,21917381,0.706
1697978880,21923717,21989036,0.7069
1697978940,21995663,22004352,0.7067
1697979000,22015170,22017212,0.7055
1697979060,22019804,22111107,0.7084
1697979120,22144539,22161187,0.7081
1697979180,22143116,22170355,0.7079
1697979240,22182871,22171968,0.7071
1697979300,22185700,22185700,0.7073
1697979360,22196572,22200698,0.7048
1697979420,22155476,21983936,0.7024
1697979480,21890839,21890839,0.7025
1697979540,21879051,21880024,0.7032
1697979600,21898849,21948498,0.703
1697979660,21970908,21956028,0.7053
1697979720,21949024,21989738,0.7049
1697979780,21984877,21985724,0.705
1697979840,21994929,21998495,0.705
1697979900,21990621,22026076,0.7065
1697979960,22058622,22071203,0.7071
1697980020,22070894,22103645,0.7066
1697980080,22101916,22121575,0.7066
1697980140,22132911,22142587,0.7069
1697980200,22164454,22180823,0.7077
1697980260,22218945,22207174,0.7061
1697980320,22212721,22240416,0.7073
1697980380,22266445,22270119,0.7065
1697980440,22271275,22276016,0.7071
1697980500,22324145,22534431,0.7202
1697980560,22203808,22270749,0.7136
1697980620,22336331,22370213,0.7099
1697980680,22358856,22387057,0.7089
1697980740,22431970,22425604,0.7086
1697980800,22426737,22453509,0.7104
1697980860,22470009,22510250,0.7118
1697980920,22512546,22530946,0.7091
1697980980,22498321,22398729,0.7051
1697981040,22387568,21878279,0.7023
1697981100,21803236,21803236,0.7001
1697981160,21775893,21473768,0.698
1697981220,21432639,21432639,0.6993
1697981280,21431866,21469606,0.7018
1697981340,21429168,21462072,0.7042
1697981400,21395319,21413438,0.7047
1697981460,21429751,21412723,0.701
1697981520,21411119,21438969,0.7018
1697981580,21423711,21427313,0.7029
1697981640,21460227,21474950,0.7038
1697981700,21491168,21375105,0.7076
1697981760,21400374,21435353,0.7068
1697981820,21500965,21527386,0.705
1697981880,21495450,21437817,0.7017
1697981940,21383749,21424989,0.702
1697982000,21440966,21473879,0.7014
1697982060,21499853,21438294,0.7039
1697982120,21451332,21453806,0.7021
1697982180,21477034,21478630,0.7026
1697982240,21502555,21501865,0.702
1697982300,21497765,21517443,0.7033
1697982360,21497594,21490854,0.7029
1697982420,21515978,21522403,0.7049
1697982480,21512104,21515411,0.7043
1697982540,21482557,21506500,0.7033
1697982600,21504310,21512196,0.7041
1697982660,21511901,21520322,0.7052
1697982720,21514323,21526138,0.7046
1697982780,21525805,21530743,0.7061
1697982840,21533880,21540496,0.7054
1697982900,21549174,21591985,0.7049
1697982960,21580128,21556550,0.7057
1697983020,21612721,21612721,0.7068
1697983080,21620157,21774380,0.708
1697983140,21773047,21758395,0.7071
1697983200,21778783,21792572,0.7082
1697983260,21808335,21824511,0.7075
1697983320,21834958,21886581,0.7078
1697983380,21884864,21892202,0.7069
1697983440,21833871,21867275,0.709
1697983500,21867025,21863205,0.7098
1697983560,21855309,21885691,0.7104
1697983620,21915859,21923132,0.7116
1697983680,21898434,21924247,0.7123
1697983740,21907382,21939318,0.7132
1697983800,21978056,22009012,0.7142
1697983860,22005590,22039033,0.7127
1697983920,22082330,22076693,0.7112
1697983980,22086371,22099443,0.7111
1697984040,22112462,22126505,0.7118
1697984100,22128902,22129935,0.711
1697984160,22143960,22126283,0.7098
1697984220,22155512,22128224,0.7095
1697984280,22113121,22101003,0.7106
1697984340,22082917,22097278,0.7105
1697984400,22122659,22078086,0.7088
1697984460,22039498,22021325,0.7083
1697984520,21942967,21942967,0.7078
1697984580,21927113,21931026,0.7084
1697984640,21967536,21964950,0.7078
1697984700,21968281,21965798,0.709
1697984760,21973284,21995197,0.7121
1697984820,22059994,22097497,0.7128
1697984880,22159840,22168784,0.7141
1697984940,22197200,22197321,0.7127
1697985000,22214651,22227298,0.7121
1697985060,22262863,22303735,0.7127
1697985120,22317155,22399226,0.7144
1697985180,22438867,22409908,0.7142
1697985240,22419431,22472454,0.7165
1697985300,22586269,22593216,0.7169
1697985360,22643541,22726601,0.7176
1697985420,22809439,22897470,0.7199
1697985480,23047298,22952407,0.7218
1697985540,23036838,23055450,0.7189
1697985600,23105123,23137606,0.7174
1697985660,23178460,23187718,0.7177
1697985720,23196737,23194244,0.7183
1697985780,23259631,23297959,0.7169
1697985840,23320164,23337821,0.7164
1697985900,23428639,23473943,0.7169
1697985960,23496063,23553862,0.7185
1697986020,23561894,23622529,0.7195
1697986080,23656036,23587480,0.7158
1697986140,23449802,23372600,0.7121
1697986200,23335356,23334169,0.7127
1697986260,23320876,23320876,0.7159
1697986320,23278665,23281640,0.7166
1697986380,23293282,23290274,0.7163
1697986440,23298720,23298720,0.7157
1697986500,23318457,23321200,0.7158
1697986560,23314930,23343387,0.7177
1697986620,23375833,23426498,0.7169
1697986680,23456867,23480620,0.7177
1697986740,23502010,23523932,0.7178
1697986800,23553065,23612008,0.7182
1697986860,23612800,23665322,0.7193
1697986920,23619989,23543962,0.7139
1697986980,23472822,23461218,0.7173
1697987040,23464601,23491260,0.7169
1697987100,23515560,23530084,0.7155
1697987160,23537316,23570780,0.7138
1697987220,23578946,23581920,0.7181
1697987280,23600973,23638496,0.7178
1697987340,23671360,23715966,0.7189
1697987400,23727646,23716850,0.7192
1697987460,23803273,23774613,0.7207
1697987520,23817047,23830327,0.7192
1697987580,23836922,23843970,0.72
1697987640,23850953,23850033,0.7187
1697987700,23881496,23904921,0.7187
1697987760,23903127,23889316,0.7195
1697987820,23840104,23903601,0.7203
1697987880,23967555,23992681,0.7208
1697987940,24080353,24107146,0.7212
1697988000,24198274,24227599,0.7208
1697988060,24269912,24334866,0.7235
1697988120,24439969,24454864,0.7216
1697988180,24541208,24541208,0.7208
1697988240,24604389,24604806,0.7204
1697988300,24596685,24621565,0.7197
1697988360,24553568,24569431,0.7202
1697988420,24568529,24578648,0.7212
1697988480,24595157,24611046,0.7204
1697988540,24639932,24641860,0.7217
1697988600,24661234,24687270,0.7208
1697988660,24745814,24735251,0.7198
1697988720,24712136,24676672,0.72
1697988780,24701241,24693317,0.7226
1697988840,24751381,24776088,0.7225
1697988900,24870298,24893169,0.7233
1697988960,24952808,25099761,0.7253
1697989020,24857961,24766059,0.7222
1697989080,24814649,24862438,0.7221
1697989140,24909404,24905210,0.7238
1697989200,24914143,24981012,0.7216
1697989260,24977125,24969946,0.722
1697989320,24996031,24999251,0.7222
1697989380,25004120,24903567,0.7202
1697989440,24940147,24971064,0.7216
1697989500,24971593,24927398,0.72
1697989560,24993608,24975676,0.7202
1697989620,24958667,25004396,0.7188
1697989680,24966462,24924831,0.718
1697989740,24931683,24931683,0.7188
1697989800,24943607,24951293,0.717
1697989860,24888623,24892571,0.7178
1697989920,24921153,24958580,0.7206
1697989980,24926510,24935316,0.7233
1697990040,24882929,24894974,0.7215
1697990100,24893758,24910040,0.7227
1697990160,24937793,24993596,0.7233
1697990220,25009743,25053958,0.7243
1697990280,25089135,25167525,0.7244
1697990340,25226430,25229341,0.7251
1697990400,25330133,25361070,0.7253
1697990460,25465077,25475444,0.7241
1697990520,25485752,25426138,0.722
1697990580,25448288,25479613,0.725
1697990640,25556444,25611841,0.726
1697990700,25653863,25644946,0.7248
1697990760,25661196,25617434,0.7254
1697990820,25600101,25606040,0.7249
1697990880,25652637,25754513,0.7268
1697990940,25746011,25776046,0.7262
1697991000,25801457,25783583,0.7305
1697991060,25408872,25334209,0.7273
1697991120,25357978,25358266,0.7279
1697991180,25405208,25387830,0.7293
1697991240,25429293,25441867,0.7274
1697991300,25488476,25525974,0.7268
1697991360,25556531,25581629,0.7287
1697991420,25636150,25651369,0.7296
1697991480,25694912,25733899,0.7297
1697991540,25719945,25675408,0.7304
1697991600,25711692,25720605,0.7302
1697991660,25796741,25782088,0.7307
1697991720,25818072,25855704,0.7308
1697991780,25868032,25856427,0.7322
1697991840,25920041,25943176,0.7315
1697991900,25972326,25990788,0.732
1697991960,26036793,26040438,0.7323
1697992020,26074884,26109212,0.7315
1697992080,26116571,26116571,0.7302
1697992140,26075542,26109824,0.7314
1697992200,26173811,26173811,0.7322
1697992260,26181381,26251032,0.7328
1697992320,26269952,26289727,0.7318
1697992380,26285340,26350079,0.7329
1697992440,26395865,26336881,0.7339
1697992500,26344202,26345401,0.735
1697992560,26412831,26451620,0.7354
1697992620,26519103,26583772,0.7348
1697992680,26616954,26653392,0.7337
1697992740,26704102,26700298,0.7356
1697992800,26748652,26755827,0.7356
1697992860,26772704,26764816,0.7342
1697992920,26779328,26790417,0.7339
1697992980,26789920,26809922,0.7348
1697993040,26851260,26917216,0.7356
1697993100,26947844,26972910,0.7373
1697993160,27027106,27021241,0.7381
1697993220,27080094,27095432,0.7375
1697993280,27124175,27102026,0.7368
1697993340,27156965,27203924,0.7381
1697993400,27257587,27260714,0.7386
1697993460,27282819,27336044,0.7374
1697993520,27374089,27366675,0.7382
1697993580,27408590,27488069,0.7389
1697993640,27530356,27567457,0.7387
1697993700,27643420,27675942,0.7385
1697993760,27666429,27671305,0.7395
1697993820,27683051,27683051,0.7391
1697993880,27697106,27753456,0.7385
1697993940,27753262,27725009,0.7382
1697994000,27737345,27812589,0.7398
1697994060,27829362,27930282,0.743
1697994120,27765886,27897916,0.7453
1697994180,28081855,28091742,0.7485
1697994240,28228307,28295065,0.7462
1697994300,28373114,28468071,0.7451
1697994360,28484426,28519928,0.7456
1697994420,28602056,28641712,0.7456
1697994480,28711587,28752943,0.7455
1697994540,28725994,28768564,0.7465
1697994600,28798858,28796283,0.748
1697994660,28910061,28930923,0.748
1697994720,28990678,29045425,0.7485
1697994780,29105464,29147182,0.7476
1697994840,29175388,29103845,0.7513
1697994900,29007299,29069371,0.7517
1697994960,29231637,29360069,0.7493
1697995020,29243409,29287647,0.7499
1697995080,29361661,29408327,0.7509
1697995140,29439863,29451430,0.7508
1697995200,29570136,29685405,0.7519
1697995260,29781254,29657866,0.7518
1697995320,29702889,29702889,0.7522
1697995380,29616655,29723507,0.7522
1697995440,29715881,29741624,0.7537
1697995500,29754229,29808300,0.7592
1697995560,29329215,29310839,0.7613
1697995620,29399267,29394589,0.7659
1697995680,29491624,29589745,0.7709
1697995740,29746265,29936657,0.7689
1697995800,29939747,29626250,0.7795
1697995860,29687317,29521433,0.7871
1697995920,29649405,29823438,0.7841
1697995980,29939989,30011121,0.7862
1697996040,30105774,29918245,0.7787
1697996100,29940321,30146006,0.7858
1697996160,30353423,30168642,0.7803
1697996220,30278048,30373357,0.7759
1697996280,29991777,29882827,0.7739
1697996340,30027326,29480283,0.7673
1697996400,29519761,29572441,0.7713
1697996460,29669315,29673952,0.7717
1697996520,29718425,29738314,0.7701
1697996580,29743889,29813814,0.7707
1697996640,29766825,29799216,0.7747
1697996700,29743236,29679551,0.7706
1697996760,29724689,29749191,0.7688
1697996820,29767140,29756942,0.7693
1697996880,29776981,29744146,0.7687
1697996940,29755064,29750044,0.7689
1697997000,29486175,29059258,0.7621
1697997060,29090747,29124721,0.7598
1697997120,29217826,29226719,0.761
1697997180,29250922,29311937,0.7602
1697997240,29382485,29407864,0.7612
1697997300,29411108,29438938,0.7636
1697997360,29409152,29178924,0.7709
1697997420,28905694,28956165,0.775
1697997480,29099744,29099744,0.7736
1697997540,29132215,29118662,0.7693
1697997600,29132588,29276763,0.7743
1697997660,29333358,29327082,0.7733
1697997720,29373986,29437509,0.7719
1697997780,29443916,29538641,0.7677
1697997840,29393636,29308244,0.7665
1697997900,29348333,29364805,0.7657
1697997960,29360126,29370438,0.7654
1697998020,29383216,29402614,0.7674
1697998080,29441190,29467149,0.7694
1697998140,29428289,29460668,0.7668
1697998200,29460721,29489794,0.7669
1697998260,29496611,29531845,0.7669
1697998320,29552410,29571245,0.7659
1697998380,29605665,29608336,0.766
1697998440,29668155,29624125,0.7661
1697998500,29640299,29644735,0.7639
1697998560,29687539,29699888,0.7666
1697998620,29704147,29734963,0.7661
1697998680,29711827,29759785,0.7655
1697998740,29843011,29842032,0.7641
1697998800,29843945,29857445,0.7641
1697998860,29857697,29880531,0.7636
1697998920,29873027,29894761,0.7634
1697998980,29909836,29969654,0.7657
1697999040,29982058,30022022,0.7641
1697999100,29941604,29854672,0.7615
1697999160,29842784,29896170,0.7609
1697999220,29940858,29946571,0.762
1697999280,29946198,29887428,0.764
1697999340,29898846,29910208,0.7662
1697999400,29915152,29943664,0.7645
1697999460,29979788,29943851,0.7753
1697999520,29532439,29657305,0.7716
1697999580,29827333,29926484,0.773
1697999640,29999377,29999377,0.7735
1697999700,30013888,30048000,0.7729
1697999760,29938060,29938060,0.7778
1697999820,29855258,29855258,0.7771
