"OI_open","OI_close","timestamp","price_open","price_close"
87543.759,87496.698,1698894120,35678.1,35682.3
87449.332,87400.863,1698894180,35682.2,35658.1
87388.396,87388.888,1698894240,35658,35674.1
87403.889,87344.53,1698894300,35674.2,35722.3
87304.604,87293.121,1698894360,35722.4,35731
87257.173,87257.173,1698894420,35730.9,35703.8
87244.669,87234.617,1698894480,35703.8,35731.8
87167.277,87148.36,1698894540,35731.8,35713.2
87122.801,87099.434,1698894600,35713.1,35715.1
87050.131,87087.181,1698894660,35715.2,35739.5
87083.803,87105.483,1698894720,35739.5,35793.5
87076.506,87050.492,1698894780,35793.4,35779.4
87033.781,86990.439,1698894840,35779.5,35758.8
86996.359,86995.621,1698894900,35758.8,35780
86994.352,86972.332,1698894960,35780,35745
86960.579,86972.315,1698895020,35745,35751.8
86990.73,86976.417,1698895080,35751.8,35811.4
87006.447,87005.353,1698895140,35811.4,35810
87053.127,87046.472,1698895200,35809.9,35807.7
87069.76,87055.063,1698895260,35807.7,35799.8
87082.91,87083.946,1698895320,35799.7,35790.6
87076.664,87055.523,1698895380,35790.7,35734.7
87034.049,87030.702,1698895440,35734.8,35707.5
87013.583,87011.696,1698895500,35707.5,35692.4
86953.557,86947.445,1698895560,35692.5,35693.7
86936.322,86933.818,1698895620,35693.7,35683.2
86862.316,86708.211,1698895680,35683.2,35646.7
86646.463,86588.033,1698895740,35646.6,35635.6
86506.142,86506.142,1698895800,35635.6,35606.6
86280.227,86277.825,1698895860,35606.7,35587.9
86229.447,86224.71,1698895920,35588,35603.4
86234.713,86382.741,1698895980,35603.4,35610.3
86374.886,86379.466,1698896040,35610.2,35607
86357.823,86362.551,1698896100,35607.1,35620.3
86362.949,86327.113,1698896160,35620.3,35634.1
86326.118,86351.873,1698896220,35634.1,35622.2
86479.496,86468.164,1698896280,35622.2,35617.5
86443.128,86431.878,1698896340,35617.5,35605.5
86434.225,86436.293,1698896400,35605.5,35615.7
86434.766,86454.337,1698896460,35615.7,35610.8
86458.825,86481.721,1698896520,35610.7,35606
86467.023,86463.695,1698896580,35606.1,35584.6
86459.284,86472.382,1698896640,35584.5,35598.6
86473.732,86496.016,1698896700,35598.7,35611.9
86499.327,86501.541,1698896760,35612,35591.6
86531.716,86509.116,1698896820,35591.5,35567.1
86481.989,86482.367,1698896880,35567.2,35622.9
86465.994,86464.138,1698896940,35622.8,35610.8
86451.449,86448.774,1698897000,35610.8,35595
86452.397,86460.545,1698897060,35595,35615.1
86459.48,86459.48,1698897120,35615,35599.5
86454.907,86446.64,1698897180,35599.5,35596.9
86446.418,86449.183,1698897240,35596.8,35620
86454.363,86441.935,1698897300,35619.9,35612.7
86446.012,86457.143,1698897360,35612.6,35612.8
86442.358,86436.116,1698897420,35612.8,35599.9
86457.256,86462.928,1698897480,35599.9,35592.5
86468.385,86476.456,1698897540,35592.4,35578
86524.994,86522.026,1698897600,35577.9,35604.2
86525.17,86540.081,1698897660,35604.3,35599.9
86530.758,86552.758,1698897720,35599.9,35590.1
86561.888,86558.328,1698897780,35590,35597.4
86564.875,86551.594,1698897840,35597.4,35573
86572.739,86582.74,1698897900,35573,35578
86589.358,86591.178,1698897960,35577.9,35573.8
86543.325,86525.632,1698898020,35573.7,35511.9
86809.87,86800.852,1698898080,35512,35548.9
86805.858,86812.694,1698898140,35549,35560
86826.42,86845.252,1698898200,35560.1,35580.5
86896.144,86959.026,1698898260,35580.4,35595.1
86963.59,86970.581,1698898320,35595.1,35591.2
86980.152,86983.96,1698898380,35591.2,35603
87011.929,87008.734,1698898440,35603,35602.5
87012.208,87012.208,1698898500,35602.6,35604
87012.295,87022.005,1698898560,35604,35611.4
87026.43,87026.593,1698898620,35611.4,35603.8
87024.367,87036.988,1698898680,35603.7,35548
87004.879,86984.351,1698898740,35548,35585.6
86984.142,86986.827,1698898800,35585.7,35582.5
86981.417,86978.314,1698898860,35582.5,35559.3
86973.458,86976.554,1698898920,35559.4,35562.3
86998.77,87004.862,1698898980,35562,35583.9
87017.731,87015.486,1698899040,35583.9,35568
87005.05,87011.773,1698899100,35568.2,35553.2
87018.112,87018.331,1698899160,35553.1,35570.5
87007.284,87017.52,1698899220,35570.4,35547.8
87018.027,87024.896,1698899280,35547.8,35520.4
87039.504,87047.032,1698899340,35520.4,35520
87063.442,87058.778,1698899400,35520,35533.5
87075.128,87064.739,1698899460,35533.6,35552.5
87054.273,87066.95,1698899520,35552.5,35548.7
87058.151,87058.75,1698899580,35548.8,35559.1
87065.594,87063.478,1698899640,35559.1,35544.5
87065.712,87073.696,1698899700,35544.4,35538.4
87072.378,87066.593,1698899760,35538.4,35532.7
87073.612,87064.669,1698899820,35532.8,35521.5
87008.523,86882.242,1698899880,35521.5,35550
86895.384,86895.384,1698899940,35550.1,35536.2
86898.086,86894.239,1698900000,35536.3,35550.1
86896.151,86897.515,1698900060,35550.1,35535.1
86901.332,86884.265,1698900120,35535,35519.7
86877.865,86881.53,1698900180,35519.7,35508.4
86879.675,86886.544,1698900240,35508.3,35513.4
86886.292,86890.047,1698900300,35513.4,35521.6
86911.706,86871.598,1698900360,35521.6,35497.1
86870.239,86873.292,1698900420,35497.2,35501.8
86875.937,86871.98,1698900480,35501.9,35515.7
86886.325,86887.613,1698900540,35515.7,35522.4
86889.888,86886.796,1698900600,35522.4,35525.7
86887.904,86892.218,1698900660,35525.7,35526.9
86897.878,86901.89,1698900720,35526.9,35491.3
86898.134,86888.63,1698900780,35491.3,35483.6
86888.632,86900.235,1698900840,35483.6,35485.2
86913.469,86926.454,1698900900,35485.2,35484.2
86945.57,86967.007,1698900960,35484.2,35459.6
86935.867,86887.446,1698901020,35459.7,35476.6
86893.891,86950.57,1698901080,35476.6,35487.5
86954.543,86940.381,1698901140,35487.5,35469.8
86959.395,86959.395,1698901200,35469.8,35470.8
86988.2,86931.662,1698901260,35470.7,35452.8
86924.652,86890.554,1698901320,35452.5,35471.7
86825.426,86832.758,1698901380,35472,35473
86886.245,86897.836,1698901440,35473,35452.4
86922.423,86973.961,1698901500,35452.4,35432.5
86946.06,86935.897,1698901560,35432.5,35408.9
86738.144,86709.972,1698901620,35408.8,35401.4
86730.032,86779.928,1698901680,35401.5,35408
86819.584,86840.381,1698901740,35407.9,35410.4
86856.069,86866.816,1698901800,35410.3,35394
86843.497,86844.968,1698901860,35394,35384.9
86815.193,86817.197,1698901920,35384.9,35360
86819.89,86608.48,1698901980,35360,35355.7
86700.389,86702.085,1698902040,35355.6,35327.8
86714.209,86715.72,1698902100,35327.8,35281.6
86739.258,86742.174,1698902160,35281.5,35317.1
86769.634,86762.1,1698902220,35317,35334.5
86969.092,86989.777,1698902280,35334.6,35367.4
86975.226,86989.053,1698902340,35367.4,35346.5
86999.75,87010.207,1698902400,35346.4,35357.3
87022.601,87008.839,1698902460,35357.3,35342
87010.98,87010.98,1698902520,35342,35334.6
87010.753,87037.849,1698902580,35334.5,35319.3
87042.107,87060.235,1698902640,35319.3,35287
87018.331,87024.807,1698902700,35287.1,35278
86859.203,86780.798,1698902760,35277.9,35213.2
86732.468,86583.291,1698902820,35213.1,35216.8
86652.702,86648.033,1698902880,35216.9,35230.9
86666.538,86665.455,1698902940,35230.9,35229.5
86703.482,86752.501,1698903000,35229.6,35190.9
86779.508,86788.706,1698903060,35190.9,35231.1
86808.585,86813.923,1698903120,35231,35234.3
86797.754,86823.745,1698903180,35234.3,35241.6
86833.371,86872.055,1698903240,35241.6,35254
86891.173,86940.032,1698903300,35254.1,35213.5
86953.31,86974.177,1698903360,35213.6,35193.6
87016.902,87051.621,1698903420,35193.5,35205.1
87088.223,87116.983,1698903480,35205,35220.3
87094.046,87115.928,1698903540,35220.3,35235
87190.786,87140.374,1698903600,35234.9,35236.8
87157.12,87204.154,1698903660,35236.7,35255.1
87194.315,87192.623,1698903720,35255.1,35276.3
87140.168,87140.168,1698903780,35276.3,35277
87130.185,87101.801,1698903840,35277.1,35257.3
87171.687,87178.43,1698903900,35257.4,35235
87229.579,87246.987,1698903960,35235,35236.9
87303.409,87333.045,1698904020,35236.9,35242.6
87375.96,87406.739,1698904080,35242.6,35229.3
87545.262,87545.166,1698904140,35229.2,35229.8
87560.006,87585.476,1698904200,35229.8,35228.9
87589.486,87649.492,1698904260,35229,35222.7
87787.031,87826.41,1698904320,35222.6,35223.8
87880.787,87920.66,1698904380,35223.8,35199.9
87946.309,87984.435,1698904440,35199.8,35195.2
88002.419,87997.569,1698904500,35195.1,35164.8
87893.744,87912.35,1698904560,35164.5,35250
87658.054,87663.39,1698904620,35250.1,35231.6
87628.343,87626.267,1698904680,35231.6,35229.3
87633.235,87636.104,1698904740,35229.4,35200
87623.529,87635.597,1698904800,35200.1,35163.1
87578.203,87583.738,1698904860,35163,35228.2
87557.276,87550.447,1698904920,35228.2,35221.5
87596.472,87619.643,1698904980,35221.5,35205.6
87661.04,87666.28,1698905040,35205.5,35199.9
87661.821,87661.821,1698905100,35199.9,35199.8
87668.591,87717.395,1698905160,35199.8,35192.2
87733.914,87672.621,1698905220,35192.2,35199.4
87656.322,87658.646,1698905280,35199.4,35178.6
87685.413,87720.144,1698905340,35178.5,35185.1
87739.246,87725.622,1698905400,35185,35147.5
87781.272,87773.942,1698905460,35147.4,35171.1
87756.35,87768.487,1698905520,35171.1,35176.2
87756.662,87753.516,1698905580,35176.3,35192.7
87702.573,87496.287,1698905640,35192.7,35133.9
87461.811,87531.841,1698905700,35134,35180.2
87530.368,87523.576,1698905760,35180.2,35174.8
87526.715,87458.301,1698905820,35174.9,35206.4
87480.626,87493.635,1698905880,35206.5,35172
87468.986,87471.676,1698905940,35172.1,35154.2
87484.309,87475.233,1698906000,35154.3,35121
87468.598,87460.917,1698906060,35120.9,35097.9
87701.116,87715.584,1698906120,35098,35139.8
87692.608,87659.786,1698906180,35139.9,35163
87653.646,87644.534,1698906240,35162.9,35169.9
87624.777,87625.295,1698906300,35170,35167.1
87631.445,87652.568,1698906360,35167.2,35173.7
87630.629,87611.625,1698906420,35173.6,35185.5
87482.884,87482.884,1698906480,35185.6,35191.9
87488.95,87497.829,1698906540,35192.1,35195.4
87500.309,87521.238,1698906600,35195.5,35193.2
87506.272,87510.339,1698906660,35193.2,35216.9
87471.653,87247.019,1698906720,35216.9,35226.2
87247.753,87219.589,1698906780,35226.3,35250.9
87245.261,87225.693,1698906840,35250.9,35243.5
87232.94,87221.928,1698906900,35243.5,35225.4
87244.8,87240.92,1698906960,35225.4,35233.9
87231.855,87259.435,1698907020,35233.8,35242.4
87268.359,87271.46,1698907080,35242.4,35242.3
87269.653,87193.055,1698907140,35242.4,35217.6
87180.979,87182.727,1698907200,35217.6,35222.1
87216.524,87228.728,1698907260,35222.1,35204.7
87223.684,87222.043,1698907320,35204.7,35202.2
87277.86,87273.464,1698907380,35202.2,35187.3
87261.403,87245.083,1698907440,35187.4,35179
87262.73,87210.416,1698907500,35179.1,35207.1
87216.481,87221.184,1698907560,35207,35183.4
87214.504,87211.767,1698907620,35183.5,35179.6
87214.538,87224.403,1698907680,35179.6,35167.6
87228.407,87226.515,1698907740,35167.7,35165
87217.477,87217.477,1698907800,35165.1,35179.4
87213.847,87211.119,1698907860,35179.4,35208.8
87224.719,87225.723,1698907920,35208.9,35228.1
87220.986,87229.023,1698907980,35228,35240
87221.756,87199.084,1698908040,35239.9,35251.4
87205.085,87230.984,1698908100,35251.4,35246.1
87184.234,87185.711,1698908160,35246,35235.2
87202.239,87189.434,1698908220,35235.2,35244.1
87195.923,87205.532,1698908280,35244,35230.6
87213.308,87216.094,1698908340,35230.6,35227.9
87201.208,87194.038,1698908400,35227.9,35240
87195.978,87197.975,1698908460,35240,35263.9
87191.459,87196.893,1698908520,35263.8,35261.8
87200.387,87212.299,1698908580,35261.7,35265.3
87204.502,87190.488,1698908640,35265.2,35272.5
87169.294,87185.962,1698908700,35272.5,35240.7
87165.008,87160.13,1698908760,35240.8,35250
87153.932,87154.816,1698908820,35249.9,35263.8
87151.707,87152.986,1698908880,35263.9,35280
87147.154,87109.821,1698908940,35280,35278
87104.44,87112.364,1698909000,35278,35295.4
87124.098,87127.98,1698909060,35295.5,35288.1
87128.024,87128.024,1698909120,35288.1,35290.3
87137.337,87071.388,1698909180,35290.3,35305.9
87097.929,87053.148,1698909240,35305.9,35303.1
87076.467,87076.044,1698909300,35303.2,35297.5
87065.504,87058.438,1698909360,35297.4,35287.6
87059.819,87068.359,1698909420,35287.7,35280.1
87066.24,87071.869,1698909480,35280.1,35268.3
87131.214,87115.422,1698909540,35268.3,35261.4
87122.791,87122.943,1698909600,35261.3,35255.6
87091.009,87078.641,1698909660,35255.7,35235.5
87072.178,87092.421,1698909720,35235.4,35270.4
87052.733,87060.671,1698909780,35270.4,35270.5
87057.556,87058.27,1698909840,35270.5,35282
87055.45,87054.959,1698909900,35282,35268.8
87056.467,87057.573,1698909960,35268.7,35255.8
87058.892,87049.216,1698910020,35255.7,35276.9
87063.061,87064.423,1698910080,35276.9,35283.7
87052.3,87057.529,1698910140,35283.7,35276.6
87055.744,87047.898,1698910200,35276.7,35276.5
87045.966,87044.559,1698910260,35276.5,35280.8
87048.219,87048.152,1698910320,35280.9,35282.5
87076.933,87086.455,1698910380,35282.5,35304
87094.986,87094.635,1698910440,35304,35319.9
87053.009,87053.009,1698910500,35320,35327.5
87078.123,87100.877,1698910560,35327.5,35329.8
87091.447,87119.878,1698910620,35329.8,35337
87056.712,87081.755,1698910680,35337.1,35326.6
87083.061,87077.837,1698910740,35326.7,35329.1
87076.445,87078.647,1698910800,35329.2,35325.3
87069.175,87074.472,1698910860,35325.2,35304.5
87072.545,87077.489,1698910920,35304.4,35303.7
87073.509,87072.546,1698910980,35303.8,35288.9
87088.728,87080.41,1698911040,35288.8,35290.1
87086.95,87045.6,1698911100,35290.2,35283.8
87047.861,87030.945,1698911160,35283.9,35250.7
86993.054,86993.621,1698911220,35250.6,35257.5
86990.782,86991.779,1698911280,35257.5,35239.9
86986.759,87002.111,1698911340,35240,35230.6
87004.283,87003.653,1698911400,35230.6,35220
86980.909,86977.894,1698911460,35220,35211
86984.917,86988.445,1698911520,35211,35239.4
86985.831,86978.858,1698911580,35239.4,35244.6
86986.327,86982.094,1698911640,35244.6,35249.5
86988.746,87000.572,1698911700,35249.5,35248.7
87003.978,87003.857,1698911760,35248.7,35248
86998.147,87010.544,1698911820,35247.9,35257.2
87019.747,87019.747,1698911880,35257.3,35272.2
87024.516,87036.691,1698911940,35272.2,35280.7
87037.523,87040.055,1698912000,35280.6,35260.3
87054.607,87079.952,1698912060,35260.3,35228.1
87154.321,87163.381,1698912120,35228.1,35220.2
87134.079,87152.337,1698912180,35220.3,35197.1
87106.053,87107.972,1698912240,35197.2,35179.4
87114.672,87083.375,1698912300,35179.3,35200
87075.162,87088.308,1698912360,35200,35194.8
87085.444,87093.953,1698912420,35194.8,35167.3
87099.889,87078.802,1698912480,35167.3,35153.2
87043.976,87023.993,1698912540,35153.3,35151.8
86984.533,86983.414,1698912600,35151.7,35125.1
87024.172,87015.837,1698912660,35125,35109.3
87020.48,87019.396,1698912720,35109.4,35155.7
87031.41,87015.047,1698912780,35155.8,35192.1
87028.656,87031.108,1698912840,35192.1,35188.9
87062.11,87064.897,1698912900,35189,35226.2
87065.075,87093.821,1698912960,35226.3,35232.4
87098.355,87094.242,1698913020,35232.3,35233.5
87082.018,87091.382,1698913080,35233.6,35245
87100.014,87086.895,1698913140,35245,35240.6
87086.84,87086.84,1698913200,35240.7,35249
87099.515,87100.87,1698913260,35249,35224.1
87109.778,87101.487,1698913320,35224.1,35249.9
87105.577,87110.702,1698913380,35249.9,35264
87128.319,87114.242,1698913440,35264,35269.3
87119.185,87131.82,1698913500,35269.3,35269.4
87127.742,87134.79,1698913560,35269.4,35257.4
87141.584,87125.697,1698913620,35257.5,35234.4
87125.355,87128.163,1698913680,35234.5,35204.9
87149.071,87131.057,1698913740,35204.9,35210.8
87122.209,87123.26,1698913800,35210.9,35242.1
87129.456,87133.587,1698913860,35242.2,35237.8
87138.707,87138.721,1698913920,35237.9,35238.7
87135.555,87137.641,1698913980,35238.8,35253.1
87137.334,87137.089,1698914040,35253.1,35259.6
87142.362,87133.381,1698914100,35259.6,35241.6
87133.722,87127.34,1698914160,35241.6,35279.4
87167.688,87166.577,1698914220,35279.4,35279.9
87166.627,87175.93,1698914280,35279.9,35284
87190.46,87183.536,1698914340,35284,35280.7
87184.666,87188.673,1698914400,35280.6,35276.3
87181.901,87181.901,1698914460,35276.3,35270
87197.284,87213.139,1698914520,35270,35284.1
87216.376,87226.783,1698914580,35284.1,35280.6
87236.719,87243.61,1698914640,35280.6,35290.3
87245.325,87251.644,1698914700,35290.3,35293.2
87260.49,87262.587,1698914760,35293.1,35281.6
87267.748,87273.258,1698914820,35281.6,35282.8
87275.919,87280.769,1698914880,35282.8,35286.3
87290.783,87294.505,1698914940,35286.3,35283.7
87289.472,87279.184,1698915000,35283.6,35283.7
87285.358,87264.221,1698915060,35283.7,35285
87250.149,87247.261,1698915120,35285,35293.8
87250.649,87248.427,1698915180,35293.9,35289.1
87249.927,87257.451,1698915240,35289.1,35299.5
87269.787,87263.57,1698915300,35299.6,35300
87202.989,87208.129,1698915360,35300,35308.8
87199.067,87230.461,1698915420,35308.8,35317.7
87230.706,87230.779,1698915480,35317.6,35327.9
87238.948,87239.626,1698915540,35327.9,35325.6
87240.185,87223.17,1698915600,35325.5,35316.5
87222.205,87217.207,1698915660,35316.4,35310.8
87188.184,87187.855,1698915720,35310.9,35319.6
87193.838,87193.838,1698915780,35319.5,35300.8
87209.51,87202.438,1698915840,35300.8,35275.5
87093.361,87110.987,1698915900,35275.4,35285.7
87112.515,87110.001,1698915960,35285.8,35293.1
87112.37,87114.888,1698916020,35293.1,35297.6
87120.811,87114.019,1698916080,35297.5,35290.8
87102.411,87076.209,1698916140,35290.8,35290
87073.565,87072.273,1698916200,35289.9,35278.4
87074.955,87079.945,1698916260,35278.4,35285
87077.056,87070.012,1698916320,35284.9,35276.5
87064.705,87055.857,1698916380,35276.6,35275.4
87052.933,87053.87,1698916440,35275.4,35283.7
87056.357,87061.929,1698916500,35283.7,35280.1
87065.277,87060.166,1698916560,35280.1,35284.6
87054.497,87043.05,1698916620,35284.7,35313.7
87046.625,87054.307,1698916680,35313.7,35307.7
87049.259,87050.558,1698916740,35307.7,35273.6
87048.142,87042.765,1698916800,35273.7,35270.1
87046.814,87039.245,1698916860,35270,35270.6
87135.334,87130.166,1698916920,35270.6,35284.9
87123.849,87108.696,1698916980,35285,35293.2
87132.802,87160.43,1698917040,35293.3,35308.1
87167.933,87178.223,1698917100,35308.1,35318.1
87184.216,87184.216,1698917160,35318.1,35329.7
87200.838,87194.635,1698917220,35329.7,35336.4
87207.071,87213.159,1698917280,35336.3,35328.1
87157.012,87151.91,1698917340,35328,35328.5
87139.613,87139.206,1698917400,35328.5,35338.5
87139.155,87148.776,1698917460,35338.4,35346.1
87172.503,87205.393,1698917520,35346.1,35365.5
87190.093,87187.444,1698917580,35365.6,35363.3
87200.852,87246.753,1698917640,35363.2,35372.8
87243.759,87253.041,1698917700,35372.8,35356.1
87255.883,87287.673,1698917760,35356,35368.6
87294.435,87310.918,1698917820,35368.7,35350.1
87297.224,87290.379,1698917880,35350,35366.4
87290.978,87295.862,1698917940,35366.4,35377.3
87287.755,87296.137,1698918000,35377.3,35389.9
87294.672,87300.318,1698918060,35390,35375.6
87304.628,87309.208,1698918120,35375.7,35384.9
87165.675,87164.784,1698918180,35385,35401
87172.302,87164.393,1698918240,35401.1,35402.6
87262.233,87254.928,1698918300,35402.5,35419.5
87269.967,87362.455,1698918360,35419.6,35402.5
87401.324,87418.829,1698918420,35402.5,35400.1
87448.094,87448.094,1698918480,35400.1,35371.8
87386.74,87392.34,1698918540,35372,35386.3
87408.434,87416.36,1698918600,35386.2,35395.6
87456.041,87437.232,1698918660,35395.5,35382.2
87441.906,87458.568,1698918720,35382.2,35391.3
87480.748,87490.971,1698918780,35391.2,35390.7
87493.284,87494.904,1698918840,35390.8,35397
87508.316,87523.231,1698918900,35396.9,35388.1
87536.722,87521.492,1698918960,35388.1,35400.1
87529.641,87536.986,1698919020,35400,35385
87527.494,87531.695,1698919080,35385,35387
87532.608,87534.389,1698919140,35386.9,35377.8
87581.1,87580.738,1698919200,35377.7,35365.8
87594.47,87633.392,1698919260,35365.9,35359.5
87634.707,87647.367,1698919320,35359.5,35365.7
87650.441,87648.419,1698919380,35365.8,35360
87641.627,87650.593,1698919440,35360,35377.2
87655.651,87669.043,1698919500,35377.1,35387
87663.504,87652.866,1698919560,35387.1,35369.9
87661.714,87661.665,1698919620,35369.9,35390
87680.491,87702.346,1698919680,35390,35396.2
87713.399,87697.991,1698919740,35396.2,35404.7
87702.702,87702.702,1698919800,35404.7,35414.6
87697.838,87689.561,1698919860,35414.5,35419.9
87695.832,87691.718,1698919920,35419.9,35423.9
87693.896,87703.895,1698919980,35424,35400
87703.567,87716.103,1698920040,35400,35398.9
87715.219,87713.689,1698920100,35398.9,35422.2
87709.711,87713.883,1698920160,35422.2,35432.5
87715.149,87709.517,1698920220,35432.4,35428.8
87703.651,87713.955,1698920280,35428.7,35440
87701.734,87708.65,1698920340,35439.9,35449.9
87728.044,87740.689,1698920400,35450,35435.4
87718.368,87726.185,1698920460,35435.4,35455.6
87751.732,87792.123,1698920520,35455.6,35466.7
87824.408,87823.586,1698920580,35466.6,35447.6
87826.976,87821.496,1698920640,35447.6,35468
87814.831,87828.059,1698920700,35467.9,35453.6
87912.155,87949.621,1698920760,35453.5,35478.9
87954.206,87953.1,1698920820,35479,35463.3
87952.855,87953.392,1698920880,35463.3,35465.2
87967.411,88040.429,1698920940,35465.2,35483.1
88025.059,88026.639,1698921000,35483.1,35453.6
88006.163,88128.171,1698921060,35453.7,35484.9
88120.35,88120.35,1698921120,35485,35466
88122.942,88119.642,1698921180,35466,35459.6
88116.289,88109.218,1698921240,35459.6,35449.8
88129.047,88128.602,1698921300,35449.9,35430.2
88118.568,88120.313,1698921360,35430.2,35430.6
88116.734,88124.669,1698921420,35430.6,35422.8
88133.832,88133.803,1698921480,35422.9,35420.7
88143.983,88146.316,1698921540,35420.7,35419.6
88138.839,88126.137,1698921600,35419.7,35378.3
88064.632,88059.977,1698921660,35378.2,35399.6
88054.762,88058.687,1698921720,35399.5,35396.5
88064.547,88077.376,1698921780,35396.6,35405
88071.115,88067.336,1698921840,35405,35419.8
88072.957,88084.532,1698921900,35419.9,35408.4
88061.672,88082.114,1698921960,35408.5,35390.4
88078.385,88069.207,1698922020,35390.5,35390.3
88070.177,88070.087,1698922080,35390.3,35388.6
88061.248,88029.221,1698922140,35388.6,35385.3
88005.433,87974.186,1698922200,35385.2,35369
87890.88,87905.44,1698922260,35368.9,35383.5
87887.11,87889.738,1698922320,35383.4,35373.6
87877.711,87878.682,1698922380,35373.7,35370.8
87880.705,87890.165,1698922440,35370.8,35361.1
87852.31,87854.31,1698922500,35361.1,35381.3
87867.603,87867.603,1698922560,35381.3,35385.2
87904.722,87928.654,1698922620,35385.1,35390
87927.069,87966.614,1698922680,35390,35400.1
87988.086,87992.403,1698922740,35400,35375.3
87993.406,87988.977,1698922800,35375.4,35371.4
87993.942,87968.4,1698922860,35371.3,35370.9
87982.758,87992.378,1698922920,35370.9,35380.5
87994.381,87997.74,1698922980,35380.4,35365.9
87994.555,87996.403,1698923040,35365.8,35379.7
87998.339,87999.921,1698923100,35379.7,35368.1
88007.714,87991.936,1698923160,35368.2,35374.1
88004.02,88017.574,1698923220,35374,35359.6
88013.912,88005.276,1698923280,35359.7,35352.2
87936.441,87883.104,1698923340,35352.3,35320
87730.3,87737.001,1698923400,35319.9,35340.7
87735.68,87728.072,1698923460,35340.7,35336.3
87732.719,87723.751,1698923520,35336.3,35327.5
87734.127,87732.09,1698923580,35327.6,35338.2
87728.535,87691.365,1698923640,35338.2,35315.1
87683.724,87758.897,1698923700,35315,35332.3
87747.647,87741.498,1698923760,35332.3,35347.6
87731.321,87703.022,1698923820,35347.7,35376
87662.595,87701.909,1698923880,35375.9,35406.8
87721.674,87696.313,1698923940,35406.8,35401.2
87708.745,87708.745,1698924000,35401.2,35436.9
87709.548,87687.122,1698924060,35436.8,35430.1
87689.806,87703.622,1698924120,35430.1,35423.2
87713.606,87724.436,1698924180,35423.1,35419.3
87727.927,87727.293,1698924240,35419.3,35394.6
87751.618,87748.835,1698924300,35394.5,35373.4
87755.32,87768.831,1698924360,35373.3,35363.8
87789.161,87791.568,1698924420,35363.7,35343.2
87788.71,87842.474,1698924480,35343.2,35359
87849.28,87851.104,1698924540,35358.9,35360.5
87858.951,87874.23,1698924600,35360.6,35345.7
87864.148,87867.25,1698924660,35345.7,35367.4
87865.531,87864.059,1698924720,35367.5,35380
87879.961,87875.833,1698924780,35380,35387.3
87868.214,87883.303,1698924840,35387.3,35386.8
87881.145,87889.091,1698924900,35386.8,35397
87892.175,87888.314,1698924960,35396.9,35400
87941.476,87932.845,1698925020,35400,35413.3
87956.877,87954.795,1698925080,35413.3,35415.7
87966.752,87963.703,1698925140,35415.7,35405.7
87971.112,87975.833,1698925200,35405.7,35395.9
87973.396,88037.432,1698925260,35396,35415.1
88042.968,88050.788,1698925320,35415.1,35407.5
88049.831,88046.726,1698925380,35407.5,35412.6
88040.746,88044.144,1698925440,35412.6,35414.2
88043.273,88045.395,1698925500,35414.2,35406.8
88026.546,88026.488,1698925560,35406.8,35394.1
88021.467,88024.32,1698925620,35394.1,35389.1
88022.524,88016.399,1698925680,35389.1,35382.3
88010.407,88004.83,1698925740,35382.3,35369.9
88000.46,88000.46,1698925800,35370,35370
87989.163,87994.537,1698925860,35370.1,35355.3
87974.18,87960.377,1698925920,35355.3,35382.2
87958.34,87959.029,1698925980,35382.2,35390.6
87957.697,87996.086,1698926040,35390.6,35396.9
87999.456,87995.966,1698926100,35396.9,35385.1
87998.837,87987.587,1698926160,35385.1,35374.7
87982.911,87977.692,1698926220,35374.7,35374
87974.424,87973.533,1698926280,35374,35376.2
87973.803,87972.245,1698926340,35376.2,35377.5
87978.191,87980.225,1698926400,35377.6,35360.5
87957.699,87962.491,1698926460,35360.5,35366
87995.962,87994.647,1698926520,35366,35350.5
87960.547,87952.791,1698926580,35350.5,35328.7
87950.197,87959.165,1698926640,35328.6,35334.2
87980.985,87958.145,1698926700,35334.2,35324.2
87956.652,87915.633,1698926760,35324.2,35331.2
87939.079,87972.87,1698926820,35331.1,35340.5
87965.169,87972.91,1698926880,35340.6,35334.9
87964.956,87965.528,1698926940,35334.9,35341
87983.36,87975.689,1698927000,35341.1,35367.4
87947.711,87921.318,1698927060,35367.4,35350
87923.526,87913.313,1698927120,35350.1,35367.7
87884.329,87880.576,1698927180,35367.8,35351.2
87883.452,87882.796,1698927240,35351.3,35360
87873.391,87873.391,1698927300,35359.9,35354.2
87877.073,87884.368,1698927360,35354.3,35363.7
87884.002,87880.75,1698927420,35363.7,35387.2
87888.736,87893.663,1698927480,35387.3,35392
87901.219,87894.44,1698927540,35392,35398
87892.498,87862.19,1698927600,35398.1,35388.9
87865.117,87877.824,1698927660,35388.8,35388.9
87871.122,87870.832,1698927720,35388.8,35396.9
87880.99,87871.212,1698927780,35396.8,35407.8
87874.906,87876.605,1698927840,35407.8,35410.6
87917.947,87908.842,1698927900,35410.5,35397.5
87912.008,87914.278,1698927960,35397.5,35401.1
87934.815,87941.433,1698928020,35401,35353.6
87941.573,87889.828,1698928080,35353.5,35337.3
87896.984,87891.099,1698928140,35337.3,35321.5
87869.614,87881.257,1698928200,35321.4,35353
87896.076,87926.366,1698928260,35353,35346.6
87936.458,87916.765,1698928320,35346.6,35350.8
87924.198,87935.702,1698928380,35350.8,35361.5
87938.654,87920.864,1698928440,35361.4,35382.9
87923.602,87942.992,1698928500,35382.8,35376.1
87955.721,87950.987,1698928560,35376.1,35374.9
87963.257,87969.848,1698928620,35374.9,35384.5
87990.201,88016.872,1698928680,35384.4,35416.7
88053.743,88113.867,1698928740,35416.7,35439
88106.652,88106.652,1698928800,35438.9,35436.8
88118.397,88117.365,1698928860,35436.7,35420.9
88099.384,88099.234,1698928920,35421,35414.3
88074.938,88076.541,1698928980,35414.3,35425
88071.026,88080.656,1698929040,35424.9,35422.3
88096.79,88103.196,1698929100,35422.4,35419.8
88108.842,88122.852,1698929160,35419.8,35445
88119.556,88087.045,1698929220,35444.9,35447.7
88056.025,88081.684,1698929280,35447.6,35446.6
88131.273,88103.838,1698929340,35446.5,35457.1
88111.578,88125.119,1698929400,35457,35440
88112.598,88102.232,1698929460,35440,35421.7
88101.624,88100.174,1698929520,35421.6,35439.2
88097.91,88083.02,1698929580,35439.1,35423.6
88068.856,88083.304,1698929640,35423.5,35438
88088.156,88073.643,1698929700,35438,35400
88029.97,88041.117,1698929760,35400,35388.7
88033.512,88018.383,1698929820,35388.7,35370
88013.691,87994.587,1698929880,35370,35357.6
87995.646,88002.097,1698929940,35357.6,35357
88011.137,87941.064,1698930000,35356.9,35341.3
87938.13,87950.374,1698930060,35341.4,35343.5
87953.813,87951.894,1698930120,35343.4,35362.9
87946.075,87947.487,1698930180,35362.8,35369.9
87944.792,87944.792,1698930240,35370,35354.2
87946.542,87945.999,1698930300,35354.2,35334.8
87943.597,87895.409,1698930360,35334.7,35284.4
87655.693,87458.736,1698930420,35284.4,35252.8
87413.666,87408.637,1698930480,35252.7,35243
87403.728,87428.688,1698930540,35243,35241.3
87453.407,87502.695,1698930600,35241.4,35207.1
87544.156,87563.041,1698930660,35207,35239.9
87584.719,87588.185,1698930720,35239.9,35206.6
87554.25,87570.889,1698930780,35206.5,35165.3
87504.452,87482.523,1698930840,35165.4,35209
87455.839,87566.572,1698930900,35209,35190.1
87607.675,87602.128,1698930960,35190,35227
87585.005,87651.763,1698931020,35226.9,35231.3
87663.443,87704.505,1698931080,35231.3,35177.3
87663.625,87663.395,1698931140,35177.2,35191.3
87663.245,87677.39,1698931200,35191.3,35190.3
87697.715,87711.419,1698931260,35190.3,35225.5
87690.266,87704.149,1698931320,35225.5,35207.5
87710.089,87697.313,1698931380,35207.5,35212.3
87698.908,87717.92,1698931440,35212.3,35175.1
87742.785,87762.932,1698931500,35175,35209.2
87771.747,87650.146,1698931560,35209.2,35231.9
87681.303,87695.373,1698931620,35231.4,35198.3
87718.056,87730.601,1698931680,35198.2,35196.3
87747.3,87747.3,1698931740,35196.3,35164.5
87777.174,87832.734,1698931800,35164.4,35133.8
87878.397,87874.629,1698931860,35133.9,35181
87872.469,87880.933,1698931920,35181,35174.6
87876.866,87895.97,1698931980,35174.7,35177.6
87926.609,87926.836,1698932040,35177.7,35190
87955.069,88004.6,1698932100,35190,35188.5
88003.949,88012.667,1698932160,35188.4,35190.1
88053.746,88040.969,1698932220,35190,35215.5
88029.844,87943.418,1698932280,35215.4,35219
87954.763,87902.938,1698932340,35219,35215.9
87885.344,87861.403,1698932400,35215.9,35182.8
87935.994,87961.313,1698932460,35182.9,35144.3
87948.44,87990.687,1698932520,35144.2,35112.4
87994.594,88103.447,1698932580,35112.4,35084.6
86983.087,85918.416,1698932640,35084.5,34911.5
85817.768,85590.039,1698932700,34911.6,34897.7
85417.987,85246.274,1698932760,34897.8,34962.1
85084.201,85128.442,1698932820,34962.2,34946
85136.528,85031.017,1698932880,34945.9,34938.9
85092.315,85156.7,1698932940,34937.8,34987
85180.233,85242.294,1698933000,34986.7,35004.9
85242.02,85283.469,1698933060,35004.9,35004.7
85281.391,85326.244,1698933120,35004.7,35012.6
85359.378,85359.378,1698933180,35012.6,35009.7
85385.361,85417.31,1698933240,35010,34978
85476.254,85539.234,1698933300,34978,34979
85536.577,85582.3,1698933360,34979.1,34994.2
85605.729,85694.597,1698933420,34994.2,34960.2
85663.494,85669.299,1698933480,34960.2,34948.5
85674.253,85693.467,1698933540,34948.5,34931.4
85690.962,85662.764,1698933600,34931.5,34982.1
85683.952,85605.795,1698933660,34982,35028.1
85587.067,85572.684,1698933720,35028.1,35015
85672.259,85691.265,1698933780,35014.2,34995.2
85694.044,85665.673,1698933840,34995.2,34965.3
85624.186,85668.246,1698933900,34965.3,34958.7
85700.1,85732.62,1698933960,34958.7,34915.4
85735.049,85746.76,1698934020,34916,34883.2
85730.999,85768.141,1698934080,34883.2,34923.8
85785.599,85781.607,1698934140,34923.8,34868.5
85668.291,85694.522,1698934200,34868.6,34851.2
85670.437,85820.93,1698934260,34851.2,34888.2
85832.325,85793.29,1698934320,34888.3,34838.1
85728.546,85733.245,1698934380,34838.2,34857.9
85744.528,85746.216,1698934440,34857.8,34873.7
85753.698,85753.698,1698934500,34873.7,34876.2
85791.755,85799.397,1698934560,34876.3,34923.9
85857.574,85865.515,1698934620,34924,34941.7
85845.36,85866.612,1698934680,34941.6,34924.7
85869.671,85870.174,1698934740,34924.6,34917.4
85871.015,85863.866,1698934800,34917.5,34910
85850.432,85886.287,1698934860,34910,34918.6
85895.922,85911.14,1698934920,34918.7,34873.3
85909.494,85898.826,1698934980,34873.3,34824
85850.651,85833.514,1698935040,34824.1,34843.3
85749.258,85768.657,1698935100,34843.8,34829.3
85753.786,85808.723,1698935160,34829.4,34814.1
85828.893,85839.654,1698935220,34814.1,34823.2
85855.945,85853.74,1698935280,34823.2,34866.8
85834.498,85830.581,1698935340,34866.7,34843.9
85790.494,85807.502,1698935400,34844,34844.5
85787.837,85778.004,1698935460,34844.6,34841.5
85805.838,85789.051,1698935520,34841.5,34807.8
85796.242,85800.522,1698935580,34807.8,34859.1
85789.467,85777.871,1698935640,34858.8,34805
85738.768,85702.871,1698935700,34805,34783.2
85706.296,85741.707,1698935760,34783.1,34800.6
85572.761,85598.876,1698935820,34800.7,34801
85542.874,85542.874,1698935880,34800.9,34809.7
85552.114,85539.774,1698935940,34810,34850.5
85545.076,85554.075,1698936000,34850.5,34888.9
85565.427,85565.427,1698936060,34889,34903.3
85447.03,85529.622,1698936120,34903.4,34902.6
85556.32,85532.464,1698936180,34902.5,34914.5
85534.199,85526.031,1698936240,34914.6,34903.9
85503.302,85508.893,1698936300,34903.8,34873.9
85495.781,85523.78,1698936360,34873.8,34908.1
85547.355,85438.81,1698936420,34908,34927.6
85435.502,85433.298,1698936480,34927.5,34947.7
85433.715,85454.484,1698936540,34947.7,34950.3
85438.652,85440.829,1698936600,34950.2,34926.3
85435.586,85442.529,1698936660,34926.4,34936.1
85424.401,85454.644,1698936720,34936.1,34927.9
85459.507,85464.02,1698936780,34928,34953
85461.825,85461.092,1698936840,34953.1,34925.1
85457.12,85431.014,1698936900,34925.2,34913.9
85429.934,85434.569,1698936960,34914,34912.8
85442.085,85458.411,1698937020,34912.8,34940
85467.203,85459.332,1698937080,34940,34920.7
85459.213,85472.72,1698937140,34920.7,34933.9
85429.636,85375.337,1698937200,34933.9,34923.9
85387.878,85387.878,1698937260,34923.8,34913.4
85388.314,85394.3,1698937320,34913.4,34906
85413.481,85381.587,1698937380,34906,34887.7
85380.999,85388.889,1698937440,34887.8,34870.2
85425.005,85471.661,1698937500,34870.3,34843.8
85458.004,85372.39,1698937560,34843.8,34800.1
85352.594,85229.9,1698937620,34800.1,34797.5
85222.819,85160.553,1698937680,34797.5,34827
85128.025,85112.675,1698937740,34827,34829.6
85077.923,85027.755,1698937800,34829.5,34821.6
85004.402,85031.903,1698937860,34821.6,34807.1
85041.813,85050.538,1698937920,34807,34842.5
85042.962,85028.524,1698937980,34842.7,34824.5
85012.075,85011.882,1698938040,34824.5,34780.1
84962.987,84967.64,1698938100,34780,34786.1
84967.35,84949.266,1698938160,34786,34803
84969.741,84995.964,1698938220,34803,34824.1
84995.703,84959.165,1698938280,34824,34813.5
84952.326,84950.218,1698938340,34813.6,34794.2
84912.938,84919.158,1698938400,34794.2,34752.8
84721.136,84665.192,1698938460,34752.8,34702.1
84568.804,84568.804,1698938520,34702,34688.4
84523.494,84517.517,1698938580,34688.5,34724.5
84556.206,84553.966,1698938640,34724.6,34675.5
84552.254,84559.643,1698938700,34675.4,34689.9
84513.104,84511.225,1698938760,34690,34716.1
84494.292,84498.18,1698938820,34716.1,34722.3
84511.477,84523.232,1698938880,34722.4,34687
84542.376,84536.32,1698938940,34687.1,34659.5
84509.626,84548.863,1698939000,34659.4,34673
84543.187,84436.804,1698939060,34673,34566
84243.957,84229.363,1698939120,34565.9,34614.5
84251,84239.422,1698939180,34614.5,34636.2
84204.963,84189.836,1698939240,34636.1,34639.1
84145.727,84104.784,1698939300,34639,34680.4
84044.393,84027.543,1698939360,34681.5,34706.3
84087.231,84093.15,1698939420,34706.4,34722.4
84071.175,84063.528,1698939480,34722.5,34719.6
84088.023,84086.001,1698939540,34719.6,34705.5
84167.217,84098.549,1698939600,34705.5,34690.4
84108.864,84122.894,1698939660,34690.5,34725.5
84132.048,84122.837,1698939720,34726,34750
84135.707,84121.109,1698939780,34749.9,34742.5
84096.909,84024.355,1698939840,34742.4,34748.5
84013.632,84003.866,1698939900,34748.6,34732.3
84007.622,84007.622,1698939960,34732.2,34755.4
84012.866,84030.165,1698940020,34755.4,34742.8
83993.79,83950.909,1698940080,34742.9,34736.7
83937.956,83926.994,1698940140,34736.8,34737
83937.301,83969.326,1698940200,34737.1,34735.5
83954.82,83940.413,1698940260,34735.5,34725.7
83922.062,83914.578,1698940320,34725.7,34729.2
83920.789,83885.455,1698940380,34729.1,34710
83881.859,83840.961,1698940440,34710,34715
83834.835,83791.851,1698940500,34714.9,34689.5
83781.59,83753.463,1698940560,34689.6,34676.5
83761.789,83761.474,1698940620,34676,34684.4
83757.661,83733.958,1698940680,34684.5,34670.1
83704.564,83670.107,1698940740,34670,34645.2
83772.713,83800.648,1698940800,34645.1,34671.2
83809.347,83786.775,1698940860,34671.2,34620.7
83760.803,83771.925,1698940920,34620.8,34607.3
83786.819,83778.612,1698940980,34607.4,34611.5
83782.041,83805.617,1698941040,34611.6,34680
83847.516,83848.392,1698941100,34680,34696.5
83839.393,83809.418,1698941160,34696.4,34685.5
83784.947,83748.596,1698941220,34685.5,34691.6
83756.162,83756.162,1698941280,34691.7,34714.1
83706.602,83760.645,1698941340,34714,34732
83761.464,83750.022,1698941400,34731.9,34715.6
83744.589,83738.318,1698941460,34715.6,34716.9
83729.38,83708.453,1698941520,34716.8,34697.1
83716.261,83719.474,1698941580,34697,34710.8
83722.359,83695.555,1698941640,34710.7,34712
83670.746,83671.216,1698941700,34712,34736
83673.023,83678.161,1698941760,34736.1,34694.9
83621.317,83555.543,1698941820,34695,34678
83595,83455.548,1698941880,34678,34620.4
83404.72,83491.711,1698941940,34620.4,34585.3
83269.521,83349.941,1698942000,34585.2,34555
83314.222,83192.806,1698942060,34554.9,34538.8
83195.98,83183.128,1698942120,34538.7,34485.1
83166.359,83225.03,1698942180,34484.7,34494
83251.169,83281.724,1698942240,34493.7,34507.4
83296.839,83311.019,1698942300,34507.5,34463.2
83283.147,83266.263,1698942360,34463.2,34473.4
83270.828,83342.453,1698942420,34473.3,34457.2
83359.019,83355.669,1698942480,34457.3,34495.1
83349.808,83366.873,1698942540,34495.1,34456.4
83355.474,83195.535,1698942600,34456.5,34387.7
83050.272,82954.409,1698942660,34387.6,34408
82984.065,82943.594,1698942720,34407.9,34423
82968.901,82944.77,1698942780,34422.9,34473.4
82826.542,82826.542,1698942840,34473.5,34486
82860.128,82860.546,1698942900,34485.9,34516.3
82825.103,82688.168,1698942960,34516.2,34543.3
82707.996,82731.195,1698943020,34543.3,34555.1
82722.01,82701.553,1698943080,34555.1,34577
82717.622,82724.969,1698943140,34577,34584
82739.561,82717.218,1698943200,34583.9,34589
82616.988,82586.635,1698943260,34589.1,34564
82597.725,82608.281,1698943320,34564.1,34555
82608.508,82585.307,1698943380,34555.1,34605.1
82572.771,82608.131,1698943440,34605.1,34594
82576.885,82570.405,1698943500,34594,34606
82577.418,82538.804,1698943560,34605.9,34626.8
82480.177,82461.37,1698943620,34626.9,34605.2
82412.258,82441.374,1698943680,34605.3,34591.5
82439.02,82430.844,1698943740,34591.6,34576.4
82442.827,82413.142,1698943800,34576.4,34566
82392.066,82403.054,1698943860,34566,34605.8
82413.182,82407.727,1698943920,34605.9,34616.1
82374.576,82346.364,1698943980,34615.5,34632.8
82300.308,82318.092,1698944040,34632.8,34592.1
82311.101,82314.508,1698944100,34592.2,34620.4
82364.556,82364.556,1698944160,34620.4,34608.8
82347.667,82339.35,1698944220,34608.8,34634
82343.348,82367.108,1698944280,34634.1,34626.8
82372.89,82354.198,1698944340,34626.8,34647.1
82304.799,82306.537,1698944400,34647,34592
82266.296,82195.184,1698944460,34592.1,34600
82194.452,82170.552,1698944520,34599.9,34639.2
82166.104,82151.093,1698944580,34639.2,34584.9
82162.152,82138.991,1698944640,34584.8,34583.3
82162.127,82156.172,1698944700,34583.3,34589.2
82134.631,82132.554,1698944760,34589.2,34591.5
82111.998,82084.182,1698944820,34591.5,34619.8
82069.448,82057.609,1698944880,34619.7,34640
82039.809,82053.975,1698944940,34640,34623.5
82051.85,82058.787,1698945000,34623.5,34595
82055.67,82054.725,1698945060,34594.9,34624.6
82071.857,82071.184,1698945120,34624.5,34635
82084.146,82090.18,1698945180,34635,34630.9
82085.676,82069.933,1698945240,34630.8,34617.7
82055.746,82058.747,1698945300,34617.6,34589.1
82046.447,82082.103,1698945360,34589.2,34572.8
82099.303,82101.569,1698945420,34572.7,34562.7
82076.819,82063.003,1698945480,34563.8,34580.4
82069.075,82070.884,1698945540,34580.4,34609.9
81992.143,81992.143,1698945600,34609.8,34621.2
81945.105,81911.47,1698945660,34621.1,34635.5
81886.561,81883.008,1698945720,34635.6,34657.6
81809.375,81767.914,1698945780,34657.6,34625.7
81737.443,81719.686,1698945840,34625.6,34606.1
81719.92,81694.983,1698945900,34606,34594.1
81720.006,81736.227,1698945960,34594.1,34592.1
81733.877,81732.905,1698946020,34592.1,34605.9
81731.171,81730.366,1698946080,34605.5,34605.6
81709.59,81699.032,1698946140,34605.6,34600
81695.054,81707.294,1698946200,34600,34631.7
81714.78,81704.07,1698946260,34631.7,34638
81704.492,81711.568,1698946320,34637.9,34633.2
81699.363,81705.207,1698946380,34633.2,34669
81760.237,81822.671,1698946440,34669,34656.6
81806.617,81770.568,1698946500,34656.7,34675.8
81764.752,81779.516,1698946560,34675.9,34660.4
81793.757,81801.081,1698946620,34660.5,34660
81798.175,81791.29,1698946680,34660,34681.5
81785.451,81752.66,1698946740,34681.5,34670.8
81744.326,81743.293,1698946800,34670.7,34674.7
81752.702,81769.823,1698946860,34674.6,34678.4
81770.39,81766.888,1698946920,34678.5,34689.5
81766.325,81766.325,1698946980,34689.4,34687.6
81760.882,81729.424,1698947040,34687.6,34702.2
81706.172,81720.468,1698947100,34702.2,34700
81721.022,81736.687,1698947160,34700.1,34699.2
81731.719,81712.629,1698947220,34699.1,34713.3
81756.661,81696.281,1698947280,34713.2,34726.8
81697.842,81665.246,1698947340,34726.8,34733.9
81649.164,81672.949,1698947400,34733.8,34742.8
81555.5,81527.001,1698947460,34742.8,34736.1
81527.832,81535.033,1698947520,34736.2,34747
81574.269,81590.315,1698947580,34747,34744.4
81600.735,81589.945,1698947640,34744.4,34736.8
81608.116,81671.071,1698947700,34736.8,34745
81667.89,81662.292,1698947760,34745,34754.8
81655.341,81671.274,1698947820,34754.8,34746.8
81683.722,81693.149,1698947880,34746.8,34761.7
81666.422,81658.087,1698947940,34761.6,34776.4
81642.243,81643.114,1698948000,34776.3,34768
81624.54,81636.796,1698948060,34768.1,34795
81611.604,81522.497,1698948120,34795,34781.4
81552.999,81586.555,1698948180,34781.5,34753.4
81579.127,81594.089,1698948240,34753.5,34759.9
81613.309,81613.309,1698948300,34759.9,34752.8
81626.671,81629.866,1698948360,34752.7,34737.3
81575.842,81571.434,1698948420,34737.3,34731.6
81551.123,81557.42,1698948480,34731.6,34725.8
81555.971,81583.996,1698948540,34725.8,34770.7
81610.82,81604.306,1698948600,34770.6,34747.5
81605.026,81611.588,1698948660,34747.5,34761.5
81629.206,81624.918,1698948720,34761.5,34804.9
81614.603,81621.986,1698948780,34804.9,34830.5
81554.5,81514.766,1698948840,34830.5,34827
81459.392,81447.529,1698948900,34827,34832.5
81454.235,81444.843,1698948960,34832.5,34805.8
81443.949,81414.398,1698949020,34805.8,34777.2
81412.674,81400.033,1698949080,34777.2,34771.5
81374.376,81365.987,1698949140,34771.5,34775
81367.957,81379.759,1698949200,34775,34776.8
81374.797,81377.357,1698949260,34776.9,34807.1
81396.469,81374.411,1698949320,34807.1,34812
81371.9,81355.043,1698949380,34812,34806.6
81371.217,81379.147,1698949440,34806.6,34827.4
81420.884,81425.106,1698949500,34827.4,34817.7
81427.37,81427.37,1698949560,34817.7,34821
81434.678,81425.498,1698949620,34821,34811.2
81441.533,81444.529,1698949680,34811.2,34813.7
81442.387,81438.406,1698949740,34813.8,34813.9
81444.177,81442.418,1698949800,34813.9,34810.9
81442.332,81438.02,1698949860,34810.9,34801.3
81434.766,81440.369,1698949920,34801.4,34810.9
81435.709,81430.794,1698949980,34811,34810.1
81444.748,81445.767,1698950040,34810.1,34828.1
81443.993,81415.772,1698950100,34828.1,34844.2
81382.694,81381.557,1698950160,34844.1,34851
81440.751,81435.907,1698950220,34851,34840
81445.425,81454.381,1698950280,34840,34810.1
81447.475,81452.883,1698950340,34810,34832.6
81457.896,81463.912,1698950400,34832.7,34813.6
81460.123,81462.721,1698950460,34813.5,34832.8
81461.392,81464.292,1698950520,34832.9,34823.5
81468.495,81466.674,1698950580,34823.5,34838
81477.002,81452.722,1698950640,34837.9,34846.3
81449.91,81450.975,1698950700,34846.4,34843.7
81441.953,81444.902,1698950760,34843.7,34837
81445.004,81430.013,1698950820,34837.1,34807.1
81435.858,81395.586,1698950880,34807.2,34784.1
81419.86,81419.86,1698950940,34784.1,34799.9
81431.454,81436.102,1698951000,34799.9,34798.6
81434.03,81434.925,1698951060,34798.6,34812.3
81435.773,81442.804,1698951120,34812.3,34817.4
81437.699,81437.88,1698951180,34817.3,34836.6
81436.217,81416.066,1698951240,34836.5,34840.8
81401.957,81395.383,1698951300,34840.9,34849
81418.445,81408.171,1698951360,34849,34856
81395.479,81383.435,1698951420,34855.9,34852.8
81389.205,81387.713,1698951480,34852.8,34844.2
81383.869,81385.207,1698951540,34844.2,34844.9
81399.332,81380.452,1698951600,34844.9,34814.6
81401.848,81408.858,1698951660,34814.7,34837.5
81395.609,81384.213,1698951720,34837.5,34840.8
81379.77,81388.121,1698951780,34840.9,34844.5
81398.722,81404.659,1698951840,34844.5,34854.1
81391.285,81400.629,1698951900,34854,34854.6
81415.486,81416.027,1698951960,34854.6,34847
81395.728,81404.995,1698952020,34847.1,34858
81405.345,81403.472,1698952080,34857.9,34855.6
81405.514,81402.135,1698952140,34855.6,34844.1
81409.585,81422.835,1698952200,34844.3,34820
81428.836,81431.877,1698952260,34820,34822.7
81440.869,81440.869,1698952320,34822.8,34834.7
81444.309,81438.314,1698952380,34834.8,34838.2
81441.631,81433.604,1698952440,34838.2,34854.9
81460.107,81464.617,1698952500,34854.9,34855.1
81482.234,81492.537,1698952560,34855,34862.7
81496.864,81496.435,1698952620,34862.8,34864.6
81495.95,81503.531,1698952680,34864.6,34862.8
81506.86,81505.505,1698952740,34862.8,34839.2
81507.643,81499.645,1698952800,34839.1,34833.5
81504.402,81506.434,1698952860,34833.6,34849.9
81515.637,81526.121,1698952920,34849.9,34862.8
81532.168,81493.705,1698952980,34862.8,34870.6
81504.959,81507.027,1698953040,34870.5,34867.9
81506.319,81491.606,1698953100,34868,34875.9
81476.853,81294.026,1698953160,34875.9,34914.4
81267.725,81293.703,1698953220,34914.5,34915.6
81305.906,81305.816,1698953280,34915.5,34901.6
81311.844,81323.798,1698953340,34901.7,34907.5
81330.292,81338.796,1698953400,34907.6,34890.4
81334.035,81338.364,1698953460,34890.3,34889.2
81343.712,81337.651,1698953520,34889.2,34881
81337.575,81337.275,1698953580,34881,34886.7
81340.485,81346.911,1698953640,34886.8,34904.9
81347.802,81325.731,1698953700,34904.9,34895.1
81334.035,81334.035,1698953760,34895,34908.9
81352.997,81591.952,1698953820,34908.8,34928
81598.033,81576.735,1698953880,34928,34902.2
81610.165,81625.078,1698953940,34902.3,34915.4
81605.736,81601.178,1698954000,34915.5,34939
81594.508,81586.695,1698954060,34939,34930.5
81583.669,81563.593,1698954120,34930.5,34918.9
81569.242,81566.235,1698954180,34919,34934.4
81553.002,81523.938,1698954240,34934.4,34919.6
81529.001,81543.583,1698954300,34919.6,34929.7
81571.351,81580.535,1698954360,34929.8,34926.1
81580.498,81591.703,1698954420,34926.2,34928.4
81594.041,81581.058,1698954480,34928.4,34922.2
81575.605,81569.511,1698954540,34922.3,34914.2
81558.34,81534.798,1698954600,34914.2,34911.2
81547.031,81571.894,1698954660,34911.1,34929.1
81601.752,81605.6,1698954720,34929.1,34945.8
81603.768,81581.161,1698954780,34945.9,34959.8
81573.912,81569.801,1698954840,34959.9,34965.9
81629.821,81634.242,1698954900,34965.9,34966.3
81619.888,81620.129,1698954960,34966.2,34982.7
81628.862,81544.407,1698955020,34982.6,35002.1
81483.219,81457.143,1698955080,35002,35016.3
81443.499,81443.499,1698955140,35016.2,34998.2
81411.426,81399.048,1698955200,34998.2,35020.1
81404.819,81306.113,1698955260,35020,35011.4
81291.515,81312.213,1698955320,35011.5,34959.9
81334.973,81348.796,1698955380,34960,34934.6
81353.553,81384.274,1698955440,34934.7,34952.5
81393.489,81421.632,1698955500,34952.6,34975
81361.874,81357.994,1698955560,34975.2,34965.3
81373.422,81392.552,1698955620,34965.3,34988.5
81400.473,81469.423,1698955680,34988.5,35042.8
81461.191,81481.025,1698955740,35042.5,35075.3
81441.013,81438.047,1698955800,35075.1,35073.7
81463.546,81456.904,1698955860,35073.8,35041.5
81501.821,81528.515,1698955920,35041.5,35024.2
81550.171,81554.963,1698955980,35024.1,35058
81551.244,81557.066,1698956040,35058,35045.1
81572.26,81443.068,1698956100,35045.2,35079.2
81440.314,81453.421,1698956160,35079.1,35073.9
81460.43,81461.808,1698956220,35073.9,35075.5
81512.161,81518.551,1698956280,35075.5,35083.6
81551.167,81517.021,1698956340,35083.6,35044.7
81539.88,81543.103,1698956400,35044.7,35042.8
81577.741,81577.741,1698956460,35042.7,35055.5
81579.315,81578.54,1698956520,35055.6,34995.7
81524.725,81519.437,1698956580,34995.6,34924.7
81388.536,81394.716,1698956640,34924.6,34968.1
81406.506,81402.034,1698956700,34968,34932.1
81420.273,81413.063,1698956760,34932,34913
81376.728,81302.89,1698956820,34912.9,34881.5
81392.423,81429.567,1698956880,34881.6,34899.8
81453.71,81482.002,1698956940,34899.9,34897.6
81496.172,81484.559,1698957000,34897.6,34855.4
81390.714,81407.552,1698957060,34855.5,34860.5
81378.138,81330.136,1698957120,34860.6,34861.7
81315.401,81297.831,1698957180,34861.7,34836
81283.121,81230.967,1698957240,34835.9,34851.1
81257.868,81285.111,1698957300,34851.2,34872
81247.538,81242.139,1698957360,34872,34890
81239.852,81241.183,1698957420,34890,34869.6
81250.959,81256.734,1698957480,34869.5,34894.9
81225.918,81231.961,1698957540,34894.9,34887.6
81270.398,81252.597,1698957600,34887.6,34881.2
81255.19,81256.663,1698957660,34881.3,34875.8
81252.058,81227.434,1698957720,34875.8,34877.7
81223.379,81222.746,1698957780,34877.7,34880
81206.354,81206.354,1698957840,34879.9,34861.6
81206.729,81191.186,1698957900,34861.7,34881.3
81229.025,81216.009,1698957960,34881.3,34869.9
81218.471,81208.246,1698958020,34870,34874.6
81211.111,81214.976,1698958080,34874.5,34879.3
81213.787,81213.343,1698958140,34879.2,34855
81186.217,81177.25,1698958200,34855,34836
81170.057,81175.281,1698958260,34835.9,34846.4
81175.226,81175.82,1698958320,34846.4,34866.6
81175.264,81173.52,1698958380,34866.6,34912.8
81112.252,81039.722,1698958440,34912.9,34926.9
81038.398,81041.329,1698958500,34926.9,34931.2
81031.885,81038.564,1698958560,34931.2,34921.4
81021.336,81029.489,1698958620,34921.4,34893.2
81029.097,81019.187,1698958680,34893.1,34906.8
81016.386,80999.995,1698958740,34906.8,34903.3
81016.454,81023.457,1698958800,34903.3,34885.2
81026.777,81029.902,1698958860,34885.3,34890
81034.783,81039.68,1698958920,34889.9,34890.8
81037.975,81044.731,1698958980,34890.8,34874.8
81014.574,81007.243,1698959040,34874.9,34863.3
80981.714,80981.714,1698959100,34863.2,34909.2
80958.365,80923.52,1698959160,34909.3,34939.2
80969.769,80946.912,1698959220,34939.3,34942.4
80945.693,80938.665,1698959280,34942.4,34908.2
80943.045,80871.979,1698959340,34908.2,34885
80854.67,80860.022,1698959400,34885.1,34893.1
80859.407,80862.577,1698959460,34893.1,34908.5
80857.511,80851.432,1698959520,34908.6,34902.7
80853.016,80852.191,1698959580,34902.8,34917.7
80850.318,80866.473,1698959640,34917.7,34921
80835.565,80813.043,1698959700,34921.1,34918
80774.952,80779.941,1698959760,34918,34912
80776.182,80775.122,1698959820,34912,34930
80772.982,80771.428,1698959880,34930,34925.3
80771.403,80765.982,1698959940,34925.3,34919.8
80768.188,80762.667,1698960000,34919.9,34928.1
80755.652,80758.821,1698960060,34928.2,34946.6
80765.685,80760.022,1698960120,34946.6,34964.1
80758.136,80812.642,1698960180,34964.1,34940.1
80817.25,80808.4,1698960240,34940.1,34920.1
80798.435,80803.803,1698960300,34920,34899
80794.68,80794.68,1698960360,34899,34912
80785.369,80796.219,1698960420,34912,34921.8
80797.445,80797.445,1698960480,34921.8,34883.1
80819.625,80831.725,1698960540,34883.1,34894.7
80833.094,80833.879,1698960600,34894.8,34892.8
80839.724,80841.294,1698960660,34892.7,34871.2
80827.98,80826.444,1698960720,34871.2,34881.7
80828.705,80831.245,1698960780,34881.7,34885
80838.871,80838.18,1698960840,34885,34885.6
80837.622,80833.508,1698960900,34885.6,34893
80832.346,80834.238,1698960960,34893.1,34899
80841.366,80837.698,1698961020,34899,34886
80840.278,80838.131,1698961080,34886.1,34897.7
80837.691,80851.666,1698961140,34897.7,34886
80850.601,80847.794,1698961200,34886,34871.4
80850.766,80848.895,1698961260,34871.4,34850
80861.677,80871.362,1698961320,34850.1,34864.8
80865.096,80877.233,1698961380,34864.8,34860.5
80884.548,80902,1698961440,34860.5,34868
80906.721,80920.917,1698961500,34867.9,34869.9
80922.722,80924.7,1698961560,34869.9,34873.9
80941.588,80941.667,1698961620,34873.9,34875.1
80926.213,80939.29,1698961680,34875.2,34873.2
80941.679,80941.679,1698961740,34873.3,34873.3
80947.705,80954.663,1698961800,34873.4,34883.9
80942.721,80945.769,1698961860,34884,34881.4
80942.551,80940.851,1698961920,34881.4,34886.9
80933.22,80921.91,1698961980,34886.8,34886.8
80922.891,80923.075,1698962040,34886.9,34884
80920.19,80921.668,1698962100,34884.1,34881.8
80921.259,80925.044,1698962160,34881.8,34886.4
80926.406,80926.574,1698962220,34886.5,34886.9
80929.174,80909.379,1698962280,34887,34890
80910.516,80911.551,1698962340,34890.1,34926.9
80863.741,80859.449,1698962400,34926.9,34886.4
80881.021,80880.218,1698962460,34886.4,34866.1
80871.04,80892.184,1698962520,34866.1,34892.8
80889.16,80899.428,1698962580,34892.8,34919.8
80904.22,80903.876,1698962640,34919.8,34899.7
80905.738,80917.654,1698962700,34899.7,34903.2
80929.207,80949.11,1698962760,34903.2,34905.5
80961.253,80962.252,1698962820,34905.9,34895.1
80973.451,80979.492,1698962880,34895.1,34895.7
80984.441,80988.476,1698962940,34895.8,34880.5
80999.184,81003.86,1698963000,34880.4,34880.4
81002.839,81003.144,1698963060,34880.4,34879.9
81023.793,81023.793,1698963120,34879.9,34875.7
81024.113,81026.176,1698963180,34875.7,34860
81048.85,81078.419,1698963240,34859.9,34872
81092.068,81108.516,1698963300,34872.1,34860
81116.025,81091.224,1698963360,34860,34860
81139.224,81151.642,1698963420,34860.1,34876.8
81139.07,81138.684,1698963480,34876.6,34876
81134.207,81131.168,1698963540,34876,34894.3
81130.893,81131.862,1698963600,34894.4,34907
81127.433,81157.459,1698963660,34906.9,34894.9
81158.25,81171.243,1698963720,34894.8,34880.5
81169.8,81182.509,1698963780,34880.5,34889.9
81189.204,81193.324,1698963840,34889.9,34873
81195.073,81197.457,1698963900,34873,34872.5
81195.46,81195.559,1698963960,34872.6,34876.3
81201.15,81215.467,1698964020,34876.3,34883
81214.818,81220.82,1698964080,34883.1,34871.5
81220.663,81223.371,1698964140,34871.5,34872.2
81221.889,81219.235,1698964200,34872.1,34872.2
81223.105,81235.919,1698964260,34872.1,34875
81234.771,81235.048,1698964320,34875.1,34890
81237.35,81237.35,1698964380,34890,34891.2
81239.137,81238.904,1698964440,34891.2,34872.2
81251.196,81256.208,1698964500,34872.2,34875.7
81255.101,81257.174,1698964560,34875.6,34879.9
81260.84,81253.365,1698964620,34880,34867.3
81257.252,81263.953,1698964680,34867.3,34861.2
81274.958,81295.715,1698964740,34861.2,34856.2
81297.753,81297.147,1698964800,34856.3,34830.4
81297.599,81161.768,1698964860,34830.4,34798.3
81097.28,81095.127,1698964920,34798.2,34813.9
81121.075,81150.104,1698964980,34813.9,34783.3
81170.521,81187.632,1698965040,34783.3,34789.9
81203.846,81202.642,1698965100,34790,34802.5
81292.58,81302.204,1698965160,34802.6,34790.8
81329.308,81325.875,1698965220,34790.8,34782
81332.253,81339.725,1698965280,34781.9,34783.2
81343.957,81345.83,1698965340,34783.1,34767.9
81363.501,81347.726,1698965400,34768,34794
81344.564,81348.315,1698965460,34794,34781.9
81356.181,81358.279,1698965520,34782,34793.1
81376.791,81376.292,1698965580,34793,34776.7
81379.438,81371.516,1698965640,34777,34781
81368.003,81368.003,1698965700,34781.1,34782.4
81365.169,81361.105,1698965760,34782.4,34800.7
81369.469,81392.749,1698965820,34800.7,34789.6
81391.961,81387.734,1698965880,34789.6,34790.8
81394.407,81398.682,1698965940,34790.7,34786.3
81393.523,81392.023,1698966000,34786.3,34784.9
81400.934,81396.947,1698966060,34785,34766.8
81388.426,81386.395,1698966120,34766.9,34772.2
81383.553,81384.966,1698966180,34772.3,34773.9
81384.931,81382.893,1698966240,34774,34772
81386.659,81383.738,1698966300,34772.1,34767.4
81386.465,81393.329,1698966360,34767.3,34780.4
81392.778,81368.357,1698966420,34780.5,34753.1
81368.397,81393.216,1698966480,34753.1,34754.4
81392.462,81394.432,1698966540,34754.5,34770.8
81395.335,81392.578,1698966600,34770.9,34769.3
81395.261,81396.578,1698966660,34769.4,34727.9
81512.817,81489.253,1698966720,34727.9,34750.1
81471.598,81468.179,1698966780,34750.2,34770.9
81470.686,81469.623,1698966840,34770.9,34778.9
81481.26,81480.878,1698966900,34779,34789.1
81472.043,81468.689,1698966960,34789.1,34810.9
81471.843,81471.843,1698967020,34811,34824.3
81481.276,81574.401,1698967080,34824.3,34832
81548.399,81499.521,1698967140,34832.1,34843.9
81473.355,81428.651,1698967200,34844,34849.9
81414.996,81390.543,1698967260,34850,34859.5
81327.709,81310.672,1698967320,34859.5,34862.9
81309.455,81322.779,1698967380,34863,34858.5
81296.172,81306.481,1698967440,34858.6,34834.2
81289.807,81284.726,1698967500,34834.2,34853.5
81289.881,81288.368,1698967560,34853.5,34848.2
81292.775,81293.056,1698967620,34848.3,34847.1
81290.282,81291.689,1698967680,34847.1,34841.8
81292.874,81289.918,1698967740,34841.8,34844.3
81288.553,81289.388,1698967800,34844.2,34856.1
81298.553,81299.354,1698967860,34856.1,34872.6
81292.759,81308.108,1698967920,34872.6,34846.5
81316.844,81311.088,1698967980,34846.6,34840.6
81315.954,81314.517,1698968040,34840.5,34835
81322.919,81322.653,1698968100,34835,34805.9
81326.721,81320.215,1698968160,34805.9,34806.6
81317.827,81323.968,1698968220,34806.6,34833.3
81324.068,81327.445,1698968280,34833.3,34833.4
81333.386,81333.386,1698968340,34833.4,34836.5
81338.211,81353.289,1698968400,34836.6,34833.9
81358.174,81361.913,1698968460,34833.8,34839.5
81358.633,81356.452,1698968520,34839.5,34849.7
81354.484,81372.988,1698968580,34849.7,34856.1
81383.162,81393.695,1698968640,34856.1,34865.1
81393.429,81399.268,1698968700,34865.1,34863.8
81397.533,81403.764,1698968760,34864,34862.1
81411.262,81414.234,1698968820,34862.1,34880
81420.116,81415.296,1698968880,34880.1,34911.5
81405.689,81421.267,1698968940,34911.6,34920
81442.446,81461.528,1698969000,34920,34926.9
81455.136,81440.442,1698969060,34926.9,34920.8
81432.198,81435.207,1698969120,34920.8,34920
81437.083,81441.803,1698969180,34920,34912.5
81448.16,81455.248,1698969240,34912.5,34912.6
81460.438,81459.005,1698969300,34912.5,34918.9
81465.945,81464.268,1698969360,34919,34925.8
81459.755,81453.312,1698969420,34925.7,34931.2
81438.371,81434.791,1698969480,34931.2,34922
81442.904,81436.927,1698969540,34922.1,34940.1
81449.357,81450.025,1698969600,34940.1,34923.6
81479.853,81479.853,1698969660,34923.6,34894.3
81489.799,81508.787,1698969720,34894.3,34871.5
81467.906,81440.07,1698969780,34871.4,34855.4
81423.279,81403.324,1698969840,34855.4,34847.8
81393.917,81342.353,1698969900,34847.7,34854
81342.758,81333.596,1698969960,34854,34827.9
81302.068,81299.913,1698970020,34827.9,34882.9
81305.325,81297.172,1698970080,34882.9,34857.7
81305.527,81309.529,1698970140,34857.8,34857.8
81318.522,81315.569,1698970200,34857.9,34875.9
81319.032,81315.489,1698970260,34875.9,34894.9
81330.265,81327.023,1698970320,34895,34888.3
81320.071,81316.691,1698970380,34888.4,34871.5
81310.274,81312.89,1698970440,34871.6,34866.5
81316.377,81314.831,1698970500,34866.6,34834.7
81305.91,81303.914,1698970560,34834.7,34847.6
81300.15,81319.179,1698970620,34847.6,34817.7
81329.681,81329.783,1698970680,34817.7,34819.9
81331.251,81332.207,1698970740,34820,34846.9
81332.437,81333.719,1698970800,34846.9,34847.5
81329.447,81335.069,1698970860,34847.6,34836.3
81334.289,81335.863,1698970920,34836.3,34816.5
81350.055,81353.978,1698970980,34816.4,34829
81354.877,81354.877,1698971040,34829,34821
81360.914,81358.827,1698971100,34821.1,34826.5
81350.661,81346.377,1698971160,34826.4,34793
81325.462,81356.202,1698971220,34793,34795.7
81341.131,81352.09,1698971280,34795.6,34797
81350.534,81341.464,1698971340,34797,34765.7
81339.232,81292.531,1698971400,34765.8,34773.8
81318.8,81310.91,1698971460,34773.7,34759.9
81304.317,81299.969,1698971520,34760,34769.9
81298.359,81344.566,1698971580,34770,34745.2
81390.119,81415.651,1698971640,34745.2,34712.9
81485.268,81484.137,1698971700,34712.9,34716.3
81474.708,81438.456,1698971760,34716.4,34682.4
81507.824,81525.289,1698971820,34682.5,34677.5
81532.893,81587.763,1698971880,34677.6,34657.4
81604.194,81582.07,1698971940,34657.5,34706.2
81652.177,81626.455,1698972000,34706.1,34720
81607.24,81621.732,1698972060,34720,34711.4
81624.892,81636.554,1698972120,34711.2,34695.2
81655.758,81622.643,1698972180,34695.2,34727
81609.533,81652.773,1698972240,34727,34733.9
81670.479,81670.479,1698972300,34733.8,34762
81649.536,81672.705,1698972360,34762,34732.1
81674.571,81676.043,1698972420,34732,34712.2
81672.036,81710.436,1698972480,34712.3,34680.7
81696.264,81693.619,1698972540,34680.7,34672
81667.041,81640.302,1698972600,34672.5,34664
81669.146,81657.193,1698972660,34664.1,34650.2
81666.689,81657.519,1698972720,34650.1,34617.9
81501.709,81604.953,1698972780,34618,34549.9
81432.053,81459.937,1698972840,34550,34537.6
81347.63,81551.023,1698972900,34537.5,34486.6
81514.394,81541.73,1698972960,34486.5,34466.3
81866.228,81822.514,1698973020,34466.2,34506.2
81803.682,81818.23,1698973080,34506,34489.8
81865.55,81916.267,1698973140,34489.7,34512.5
81880.182,81928.621,1698973200,34512.5,34533.8
81930.231,81932.585,1698973260,34533.9,34494.7
81922.18,81945.236,1698973320,34494.7,34483.1
81961.076,81983.98,1698973380,34483,34524.2
82008.203,82070.721,1698973440,34524.2,34505.6
82069.439,82078.994,1698973500,34505.6,34530
82050.805,82052.395,1698973560,34530,34556.6
82031.999,82031.999,1698973620,34556.6,34569.9
82020.68,82019.237,1698973680,34569.9,34565
82018.357,82021.072,1698973740,34565.1,34540.2
82034.15,82097.346,1698973800,34540.3,34578.4
82067.974,82028.546,1698973860,34578.3,34539.8
81990.671,81962.417,1698973920,34539.8,34536.7
81959.204,81963.892,1698973980,34536.7,34546.1
81968.945,81966.94,1698974040,34546,34490
81953.719,81959.193,1698974100,34489.9,34435
81990.787,81999.305,1698974160,34435,34408.6
82009.516,81954.315,1698974220,34408.5,34429.6
81964.329,81916.912,1698974280,34429.7,34384.6
81929.554,81927.182,1698974340,34384.7,34398.9
81855.512,81869.158,1698974400,34399,34449.6
81853.765,81850.2,1698974460,34449.7,34423.5
81845.404,81883.524,1698974520,34423.5,34460
81895.973,81900.126,1698974580,34459.9,34475.8
81927.721,81854.614,1698974640,34475.9,34517.2
81880.634,81812.136,1698974700,34517.2,34524.8
81808.01,81802.108,1698974760,34524.7,34547.8
81787.186,81807.552,1698974820,34547.8,34560.7
81805.028,81804.745,1698974880,34560.8,34556.6
81807.218,81812.958,1698974940,34556.7,34570.4
81866.569,81823.484,1698975000,34570.4,34590.6
81784.475,81784.475,1698975060,34590.5,34585.4
81786.379,81744.443,1698975120,34585.5,34598.3
81740.36,81780.544,1698975180,34598.4,34612.6
81770.417,81807.63,1698975240,34612.5,34606.2
81819.977,81842.837,1698975300,34606.1,34588.9
81861.268,81853.447,1698975360,34588.9,34568.1
81871.184,81883.525,1698975420,34568,34571.8
81893.494,81899.71,1698975480,34571.8,34606
81935.052,81944.572,1698975540,34605.9,34589.7
81963.236,81956.241,1698975600,34589.7,34575.3
81961.656,81963.865,1698975660,34575.3,34588.2
81959.408,81967.902,1698975720,34588.2,34589.5
81961.833,81945.011,1698975780,34589.5,34594.9
81940.637,81945.09,1698975840,34594.8,34577.6
81959.542,81951.593,1698975900,34577.7,34564.5
81977.597,81973.881,1698975960,34564.4,34546.5
81973.49,81979.897,1698976020,34546.5,34567.2
81982.124,81953.953,1698976080,34567.1,34551.2
81941.573,81933.836,1698976140,34551.2,34536.8
81889.517,81892.012,1698976200,34536.8,34531.1
81896.798,81923.133,1698976260,34531.1,34515.8
81906.806,81906.806,1698976320,34515.9,34500.4
81908.324,81898.8,1698976380,34500.4,34546.1
81889.814,81946.345,1698976440,34545.7,34580
81979.876,81978.272,1698976500,34580,34579.9
81974.221,81952.609,1698976560,34580,34590.2
81947.691,81941.791,1698976620,34590.2,34610.8
81940.527,81929.756,1698976680,34610.9,34603.5
81900.824,81900.063,1698976740,34603.6,34590.7
81898.412,81912.781,1698976800,34590.4,34562.5
81942.724,81935.606,1698976860,34562.6,34562.1
81944.426,81947.376,1698976920,34562.1,34592.7
81950.852,81910.713,1698976980,34592.7,34627.3
81878.159,81869.24,1698977040,34627.4,34645.2
81867.509,81824.053,1698977100,34645.1,34634.9
81831.634,81829.908,1698977160,34634.8,34621.2
81828.792,81830.831,1698977220,34621.2,34622.9
81821.593,81823.213,1698977280,34622.9,34612.5
81816.164,81820.993,1698977340,34612.5,34633.9
81814.048,81809.245,1698977400,34634,34620.2
81795.662,81755.861,1698977460,34620.1,34625
81755.308,81748.888,1698977520,34625.1,34613.9
81752.338,81756.331,1698977580,34613.9,34633.2
81782.631,81782.733,1698977640,34633.3,34641.3
81792.97,81820.737,1698977700,34641.3,34634.2
81844.704,81844.704,1698977760,34634.1,34648.1
81842.206,81840.406,1698977820,34648.3,34631.3
81839.237,81840.383,1698977880,34631.4,34636.9
81834.229,81834.898,1698977940,34636.9,34650
81848.805,81853.557,1698978000,34650,34650.3
81837.903,81837.365,1698978060,34650.2,34650
81835.498,81835.887,1698978120,34650,34653.9
81825.53,81827.019,1698978180,34653.8,34653.8
81828.32,81824.511,1698978240,34653.8,34653.5
81802.029,81793.881,1698978300,34653.6,34672.4
81765.129,81757.985,1698978360,34672.4,34655.4
81762.654,81760.632,1698978420,34655.4,34677.5
81726.496,81718.445,1698978480,34677.6,34690.8
81728.457,81733.048,1698978540,34690.7,34685
81720.884,81726.808,1698978600,34684.9,34673.5
81740.004,81732.375,1698978660,34673.5,34703.9
81733.713,81728.327,1698978720,34703.8,34682.7
81716.857,81711.099,1698978780,34682.8,34671.3
81732.858,81722.188,1698978840,34671.3,34668.9
81721.939,81717.145,1698978900,34668.8,34653.9
81714.538,81704.653,1698978960,34653.8,34644.9
81676.772,81676.772,1698979020,34645,34640.4
81663.646,81655.774,1698979080,34640.4,34636.4
81651.135,81649.367,1698979140,34636.4,34670.1
81644.336,81629.35,1698979200,34670,34637.5
81621,81619.397,1698979260,34637.5,34639.6
81625.332,81620.96,1698979320,34639.7,34651
81636.798,81638.351,1698979380,34651,34657.7
81639.856,81640.068,1698979440,34657.7,34655.1
81638.71,81638.797,1698979500,34655.1,34641.3
81674.752,81682.108,1698979560,34641.3,34634.8
81684.141,81688.8,1698979620,34634.7,34622.3
81689.236,81711.075,1698979680,34622.2,34614.7
81694.563,81703.637,1698979740,34614.7,34634
81722.413,81714.023,1698979800,34633.9,34631.9
81715.972,81713.807,1698979860,34631.9,34625.9
81692.345,81687.706,1698979920,34626,34646.8
81682.295,81685.488,1698979980,34646.8,34661.8
81684.678,81683.917,1698980040,34661.7,34657.6
81687.757,81688.073,1698980100,34657.5,34669
81688.752,81695.421,1698980160,34668.9,34655
81697.02,81736.206,1698980220,34655,34671.9
81730.641,81730.852,1698980280,34671.9,34667.4
81728.87,81724.857,1698980340,34667.5,34676.4
81724.637,81731.527,1698980400,34676.3,34673.3
81731.16,81731.16,1698980460,34673.3,34673.3
81738.282,81733.875,1698980520,34673.3,34681
81731.614,81724.119,1698980580,34681,34690.7
81726.459,81789.132,1698980640,34690.7,34659.8
81804.318,81804.497,1698980700,34659.8,34651.9
81812.093,81822.809,1698980760,34651.9,34667.6
81824.578,81823.478,1698980820,34667.5,34678
81821.807,81821.274,1698980880,34677.9,34678.3
81820.808,81822.852,1698980940,34678.3,34656.7
81827.899,81834.452,1698981000,34656.8,34650.1
81838.811,81848.786,1698981060,34650.1,34649.9
81848.554,81854.199,1698981120,34649.9,34646.1
81862.568,81860.915,1698981180,34646,34633.2
81858.154,81850.061,1698981240,34633.2,34627.8
81848.225,81861.92,1698981300,34627.8,34635.4
81862.994,81862.73,1698981360,34635.4,34627.7
81859.156,81861.262,1698981420,34627.8,34633.6
81875.346,81876.79,1698981480,34633.6,34639.9
81876.863,81884.286,1698981540,34639.8,34651.9
81902.963,81905.141,1698981600,34651.9,34659.6
81905.57,81907.301,1698981660,34659.6,34672.3
81933.565,81930.059,1698981720,34672.3,34668
81938.341,81938.341,1698981780,34668,34650.6
81939.978,81953.822,1698981840,34650.6,34640.8
81953.185,81955.545,1698981900,34640.8,34659.8
81958.167,81951.536,1698981960,34659.8,34651
81947.194,81953.753,1698982020,34650.9,34641.6
81954.579,81953.089,1698982080,34641.5,34632.9
81949.474,81960.682,1698982140,34632.9,34634.5
81951.248,81959.952,1698982200,34634.4,34642.4
81991.483,81992.247,1698982260,34642.5,34654.9
81997.736,81998.458,1698982320,34655,34657.8
81993.417,81999.048,1698982380,34657.7,34651.9
82000.494,82003.678,1698982440,34651.9,34654.4
82007.648,82008.026,1698982500,34654.5,34669.1
82003.899,81999.16,1698982560,34669.1,34655.4
81993.316,81994.948,1698982620,34655.5,34659
81987.361,81983.762,1698982680,34658.9,34657.5
81983.762,82008.68,1698982740,34657.6,34673.7
82015.51,82023.123,1698982800,34673.7,34688.2
82015.264,82018.913,1698982860,34688.2,34676.1
82065.435,82059.161,1698982920,34676.1,34674.5
82075.11,82078.915,1698982980,34674.5,34669.7
82078.781,82078.283,1698983040,34669.8,34671.4
82070.923,82070.923,1698983100,34671.3,34669.4
82056.249,82047.37,1698983160,34669.4,34672.2
82040.338,82034.161,1698983220,34672.1,34660
82033.843,82037.503,1698983280,34660,34661.3
82036.727,82039.587,1698983340,34661.3,34663.6
82034.302,82030.596,1698983400,34663.6,34687.1
82009.899,82016.202,1698983460,34687.1,34693.3
82020.137,82026.405,1698983520,34693.3,34693.4
82026.508,82023.722,1698983580,34693.5,34693.3
82029.164,82029.595,1698983640,34693.3,34694.9
82034.891,82035.075,1698983700,34694.9,34695
82033.899,82032.037,1698983760,34695,34702.9
82031.209,82033.385,1698983820,34702.9,34693
82033.612,82019.575,1698983880,34693,34695.5
82018.056,82025.72,1698983940,34695.5,34680
82021.354,82007.381,1698984000,34680.1,34687.5
82017.4,82009.922,1698984060,34687.5,34693
82012.599,82017.797,1698984120,34693,34696.4
82027.115,82027.117,1698984180,34696.3,34700
82028.11,82025.795,1698984240,34699.9,34689.4
82026.368,82013.464,1698984300,34689.5,34665.8
82005.233,82005.233,1698984360,34666,34662.6
82007.874,82006.237,1698984420,34662.7,34644
82000.725,81998.95,1698984480,34644.6,34636.7
82001.82,82006.232,1698984540,34636.7,34655.7
82005.947,82011.3,1698984600,34655.7,34648
82011.795,82009.846,1698984660,34648,34643.2
82013.002,82000.502,1698984720,34643.1,34662.5
81998.422,81999.477,1698984780,34662.6,34646.6
81993.661,81987.183,1698984840,34646.5,34632.2
81994.168,81996.31,1698984900,34632.2,34649.9
81994.107,81987.986,1698984960,34650,34646.7
81990.666,81992.294,1698985020,34646.7,34640.5
81997.084,82009.989,1698985080,34640.4,34630.6
82015.309,82014.648,1698985140,34630.5,34627.6
82022.062,81992.115,1698985200,34627.6,34608.1
81959.129,81961.63,1698985260,34608.1,34616
81965.292,81964.568,1698985320,34616,34630.6
81966.924,81973.536,1698985380,34630.6,34629.5
81979.785,81980.588,1698985440,34629.4,34627.5
81991.012,81989.656,1698985500,34627.5,34620.8
81998.157,82002.363,1698985560,34620.9,34633.4
82003.833,81996.811,1698985620,34633.4,34648.1
81998.139,81986.522,1698985680,34648.2,34653.9
81996.187,81996.114,1698985740,34654,34650
81999.103,81999.204,1698985800,34650,34639.4
82007.91,82004.172,1698985860,34639.3,34644.6
82014.552,82014.552,1698985920,34644.6,34629.1
82015.121,82017.922,1698985980,34629.1,34617.7
82013.961,82042.411,1698986040,34617.6,34589.7
82038.474,82007.056,1698986100,34589.7,34593
82003.468,82001.935,1698986160,34593.1,34603
82005.277,82000.459,1698986220,34602.9,34617.2
82009.774,82007.243,1698986280,34617.3,34608.7
82000.302,82001.332,1698986340,34608.6,34596.7
81997.784,81972.298,1698986400,34596.7,34578.4
81975.568,81976.952,1698986460,34578.4,34574
81985.544,81982.351,1698986520,34573.9,34566.5
81998.627,81978.788,1698986580,34566.5,34545.8
81995.673,81996.097,1698986640,34545.8,34538.2
81989.014,81994.895,1698986700,34538.2,34524.3
82000.491,82003.197,1698986760,34524.3,34464.7
82102.297,82065.052,1698986820,34464.9,34467.1
82101.899,81994.876,1698986880,34467,34372.2
81996.837,81951.673,1698986940,34372.2,34397
81992.893,82064.548,1698987000,34396.9,34443.6
82142.548,82128.41,1698987060,34443.7,34452
82063.998,82070.01,1698987120,34452,34494.6
82103.511,82039.616,1698987180,34494.5,34419.9
82021.14,82021.14,1698987240,34420,34395.6
81989.621,82034.751,1698987300,34395.6,34368
81946.762,81862.024,1698987360,34368,34328.9
81881.369,81830.192,1698987420,34328.8,34361.1
81845.485,81890.091,1698987480,34361,34376.6
81893.795,81912.516,1698987540,34376.7,34406.5
81951.608,81941.899,1698987600,34406.5,34439.3
81983,82029.992,1698987660,34439.3,34450.2
82033.885,82033.885,1698987720,34450.4,34456
