"OI_open","OI_close","timestamp","price_open","price_close"
6135432,6137754,1698057300,29.668,29.661
6137299,6132067,1698057360,29.661,29.629
6129756,6133220,1698057420,29.628,29.609
6133735,6137439,1698057480,29.609,29.625
6137839,6137018,1698057540,29.625,29.672
6136507,6134991,1698057600,29.672,29.691
6134712,6135425,1698057660,29.69,29.674
6135943,6137154,1698057720,29.675,29.671
6137300,6137627,1698057780,29.67,29.659
6136455,6134047,1698057840,29.659,29.66
6131149,6129763,1698057900,29.66,29.67
6132134,6132285,1698057960,29.669,29.674
6131036,6133741,1698058020,29.675,29.71
6132920,6134647,1698058080,29.71,29.708
6133722,6132989,1698058140,29.707,29.701
6133793,6134077,1698058200,29.7,29.665
6134541,6133572,1698058260,29.664,29.624
6135892,6137962,1698058320,29.623,29.599
6139057,6139002,1698058380,29.598,29.577
6139322,6139322,1698058440,29.577,29.585
6139943,6137874,1698058500,29.584,29.577
6141534,6141534,1698058560,29.578,29.564
6144464,6129241,1698058620,29.564,29.546
6132411,6136082,1698058680,29.546,29.52
6136273,6134414,1698058740,29.52,29.501
6135481,6135902,1698058800,29.501,29.477
6134189,6139350,1698058860,29.477,29.552
6135042,6134944,1698058920,29.553,29.626
6127955,6126955,1698058980,29.627,29.584
6129842,6126097,1698059040,29.584,29.632
6126702,6124517,1698059100,29.632,29.655
6122190,6119902,1698059160,29.654,29.624
6121007,6121476,1698059220,29.624,29.629
6120851,6119833,1698059280,29.63,29.611
6122123,6122869,1698059340,29.611,29.58
6124193,6122186,1698059400,29.58,29.564
6125157,6127192,1698059460,29.564,29.558
6128720,6135910,1698059520,29.559,29.64
6137747,6137588,1698059580,29.64,29.57
6134072,6135558,1698059640,29.57,29.532
6134693,6133984,1698059700,29.533,29.575
6134181,6129254,1698059760,29.576,29.555
6128604,6129380,1698059820,29.553,29.565
6129363,6129188,1698059880,29.566,29.615
6127773,6129321,1698059940,29.615,29.648
6134021,6131460,1698060000,29.647,29.645
6130905,6129888,1698060060,29.646,29.617
6131346,6131950,1698060120,29.617,29.606
6132971,6132780,1698060180,29.607,29.609
6132112,6130018,1698060240,29.608,29.565
6132344,6127827,1698060300,29.565,29.55
6128871,6128611,1698060360,29.551,29.58
6130382,6131389,1698060420,29.581,29.618
6131665,6129830,1698060480,29.618,29.586
6129634,6128044,1698060540,29.586,29.602
6131443,6137663,1698060600,29.601,29.577
6136688,6137527,1698060660,29.578,29.567
6136950,6138640,1698060720,29.566,29.599
6138284,6139158,1698060780,29.599,29.628
6138797,6134610,1698060840,29.628,29.662
6134682,6135988,1698060900,29.662,29.617
6136482,6137035,1698060960,29.617,29.673
6136645,6136136,1698061020,29.674,29.671
6134134,6132580,1698061080,29.671,29.66
6132067,6131546,1698061140,29.659,29.671
6130990,6129223,1698061200,29.671,29.682
6132232,6133486,1698061260,29.681,29.729
6137555,6135667,1698061320,29.729,29.673
6137093,6137123,1698061380,29.674,29.677
6139776,6140675,1698061440,29.676,29.714
6141176,6145063,1698061500,29.714,29.697
6142965,6145826,1698061560,29.697,29.704
6143378,6142791,1698061620,29.704,29.681
6141002,6142770,1698061680,29.681,29.689
6146252,6147294,1698061740,29.69,29.686
6148315,6147299,1698061800,29.686,29.683
6145750,6146785,1698061860,29.683,29.708
6147273,6145825,1698061920,29.708,29.67
6145266,6145266,1698061980,29.67,29.673
6146057,6145308,1698062040,29.673,29.581
6140942,6137157,1698062100,29.582,29.57
6140383,6139895,1698062160,29.571,29.613
6138140,6143134,1698062220,29.616,29.675
6141126,6138245,1698062280,29.675,29.663
6137758,6131393,1698062340,29.662,29.69
6130524,6131141,1698062400,29.691,29.67
6130279,6129576,1698062460,29.669,29.697
6130343,6128608,1698062520,29.697,29.733
6128745,6127952,1698062580,29.73,29.717
6126830,6128529,1698062640,29.717,29.76
6129185,6127227,1698062700,29.759,29.824
6118981,6113025,1698062760,29.825,29.791
6114514,6105844,1698062820,29.792,29.681
6102603,6104047,1698062880,29.682,29.636
6100315,6101914,1698062940,29.637,29.6
6102671,6101327,1698063000,29.599,29.579
6103688,6103560,1698063060,29.577,29.572
6101352,6101255,1698063120,29.572,29.567
6102567,6104178,1698063180,29.567,29.549
6103589,6103997,1698063240,29.548,29.578
6104325,6108814,1698063300,29.577,29.558
6108651,6109518,1698063360,29.558,29.55
6111557,6116077,1698063420,29.55,29.62
6116868,6118141,1698063480,29.62,29.617
6117404,6113571,1698063540,29.615,29.612
6117824,6118815,1698063600,29.612,29.616
6118647,6111792,1698063660,29.617,29.668
6105618,6104183,1698063720,29.669,29.657
6101351,6098698,1698063780,29.657,29.69
6094379,6094317,1698063840,29.687,29.664
6093294,6086807,1698063900,29.663,29.59
6086026,6087397,1698063960,29.591,29.596
6088732,6087496,1698064020,29.597,29.576
6091375,6091266,1698064080,29.577,29.577
6091617,6092756,1698064140,29.579,29.582
6092274,6091977,1698064200,29.582,29.592
6091973,6095714,1698064260,29.591,29.561
6096828,6101568,1698064320,29.562,29.55
6106047,6104390,1698064380,29.55,29.505
6101163,6101168,1698064440,29.505,29.526
6102105,6103025,1698064500,29.526,29.511
6097708,6096833,1698064560,29.509,29.512
6088377,6089707,1698064620,29.511,29.498
6087224,6086597,1698064680,29.498,29.457
6078285,6074314,1698064740,29.457,29.476
6074535,6074535,1698064800,29.473,29.458
6067995,6068572,1698064860,29.457,29.474
6069195,6069826,1698064920,29.474,29.469
6071074,6071843,1698064980,29.47,29.473
6073348,6073087,1698065040,29.474,29.462
6070465,6070152,1698065100,29.463,29.511
6070054,6069122,1698065160,29.511,29.47
6070183,6069506,1698065220,29.469,29.445
6065394,6064885,1698065280,29.445,29.504
6063279,6059480,1698065340,29.503,29.533
6061665,6063145,1698065400,29.534,29.56
6059895,6059895,1698065460,29.561,29.551
6060959,6060056,1698065520,29.552,29.591
6059822,6058785,1698065580,29.59,29.571
6060594,6061724,1698065640,29.571,29.547
6062474,6061804,1698065700,29.546,29.542
6063214,6064416,1698065760,29.543,29.523
6064976,6065645,1698065820,29.524,29.553
6066761,6066336,1698065880,29.553,29.59
6065811,6066697,1698065940,29.59,29.591
6063531,6065289,1698066000,29.59,29.58
6064706,6064351,1698066060,29.579,29.519
6064174,6066387,1698066120,29.519,29.522
6069591,6069712,1698066180,29.523,29.517
6070229,6070978,1698066240,29.516,29.544
6071102,6071981,1698066300,29.545,29.518
6068364,6067169,1698066360,29.517,29.581
6066007,6067040,1698066420,29.581,29.617
6067702,6067328,1698066480,29.617,29.617
6067173,6069716,1698066540,29.617,29.624
6068704,6062819,1698066600,29.624,29.595
6058994,6061770,1698066660,29.596,29.633
6058326,6060713,1698066720,29.63,29.597
6059331,6059714,1698066780,29.6,29.571
6055983,6057148,1698066840,29.571,29.592
6057575,6058059,1698066900,29.591,29.535
6060287,6067421,1698066960,29.536,29.524
6068056,6053276,1698067020,29.525,29.489
6053858,6052530,1698067080,29.488,29.469
6049398,6046639,1698067140,29.469,29.408
6042776,6034889,1698067200,29.407,29.376
6035275,6038569,1698067260,29.375,29.377
6041519,6042942,1698067320,29.377,29.347
6057514,6061666,1698067380,29.347,29.321
6002816,6009205,1698067440,29.32,29.29
6006188,6008529,1698067500,29.288,29.17
6002231,5999670,1698067560,29.17,29.204
6001154,5997280,1698067620,29.203,29.217
6001430,6011485,1698067680,29.217,29.131
6006233,6008072,1698067740,29.132,29.141
6007377,6006175,1698067800,29.143,29.13
6009719,6015035,1698067860,29.131,29.075
6017328,6009738,1698067920,29.074,29.024
6018645,6044681,1698067980,29.022,29.07
6048200,6048200,1698068040,29.069,28.984
6059681,6054208,1698068100,28.983,29.033
6059263,6058577,1698068160,29.032,28.913
6039949,6040055,1698068220,28.912,28.893
6030107,6039190,1698068280,28.89,29.01
6036805,6036805,1698068340,29.009,29.028
6038285,6034974,1698068400,29.028,29.04
6040204,6040204,1698068460,29.04,29.081
6043609,6043231,1698068520,29.081,29.089
6048670,6052514,1698068580,29.089,29.141
6056274,6053743,1698068640,29.14,29.093
6057894,6057086,1698068700,29.093,29.16
6057835,6054395,1698068760,29.159,29.14
6055635,6055656,1698068820,29.137,29.115
6054037,6054324,1698068880,29.114,29.159
6050641,6043253,1698068940,29.159,29.157
6045915,6051235,1698069000,29.156,29.054
6051861,6053413,1698069060,29.051,29.031
6052141,6056509,1698069120,29.028,29.077
6052842,6056540,1698069180,29.078,29.115
6054963,6052246,1698069240,29.116,29.074
6055703,6055893,1698069300,29.074,29.122
6052597,6055126,1698069360,29.122,29.14
6056403,6058019,1698069420,29.139,29.175
6059996,6055767,1698069480,29.174,29.123
6052085,6051818,1698069540,29.123,29.126
6052169,6051432,1698069600,29.127,29.114
6054340,6054290,1698069660,29.113,29.104
6055800,6056753,1698069720,29.103,29.078
6055146,6055931,1698069780,29.078,29.063
6056730,6057584,1698069840,29.064,29.136
6056706,6060369,1698069900,29.136,29.169
6061534,6060834,1698069960,29.166,29.158
6055408,6055536,1698070020,29.156,29.238
6050076,6048735,1698070080,29.239,29.213
6048042,6047312,1698070140,29.214,29.213
6047590,6045896,1698070200,29.213,29.221
6045054,6046322,1698070260,29.221,29.195
6042116,6042494,1698070320,29.196,29.236
6040669,6038394,1698070380,29.237,29.269
6030337,6029145,1698070440,29.269,29.285
6026931,6027960,1698070500,29.287,29.239
6028334,6029342,1698070560,29.237,29.219
6028516,6026823,1698070620,29.219,29.256
6027747,6027790,1698070680,29.256,29.259
6028085,6026184,1698070740,29.259,29.214
6027342,6021596,1698070800,29.213,29.173
6023122,6024603,1698070860,29.175,29.12
6026175,6023088,1698070920,29.12,29.105
6028658,6030844,1698070980,29.105,29.13
6030685,6029611,1698071040,29.127,29.132
6028554,6026686,1698071100,29.129,29.165
6026353,6025290,1698071160,29.166,29.207
6023338,6020713,1698071220,29.208,29.12
6018968,6033460,1698071280,29.12,29.146
6034350,6034152,1698071340,29.147,29.132
6029139,6025289,1698071400,29.133,29.112
6024383,6018632,1698071460,29.112,29.105
6018514,6014081,1698071520,29.102,29.085
6008987,6008564,1698071580,29.085,29.023
6003789,6001341,1698071640,29.023,29.032
6000926,5994508,1698071700,29.032,28.996
5993876,5995957,1698071760,28.996,29.026
5992793,5955690,1698071820,29.025,28.941
5952564,5950090,1698071880,28.94,28.994
5950908,5950908,1698071940,28.994,29.055
5939119,5931352,1698072000,29.055,29.123
5923212,5921105,1698072060,29.122,29.119
5920626,5919202,1698072120,29.119,29.078
5917896,5918058,1698072180,29.073,29.106
5916547,5914319,1698072240,29.106,29.124
5920847,5913980,1698072300,29.125,29.069
5908035,5890556,1698072360,29.068,29.124
5891060,5891972,1698072420,29.125,29.149
5891265,5890121,1698072480,29.149,29.063
5889277,5886408,1698072540,29.06,29.051
5892196,5895408,1698072600,29.051,29.142
5892740,5897532,1698072660,29.141,29.226
5896755,5895757,1698072720,29.224,29.243
5918065,5913349,1698072780,29.241,29.257
5914190,5917839,1698072840,29.257,29.247
5910459,5915689,1698072900,29.247,29.284
5910854,5913295,1698072960,29.284,29.244
5911013,5908948,1698073020,29.245,29.217
5907976,5909475,1698073080,29.217,29.248
5909462,5910353,1698073140,29.249,29.23
5910103,5912711,1698073200,29.23,29.197
5904116,5878851,1698073260,29.192,29.188
5874394,5878487,1698073320,29.188,29.225
5877423,5881545,1698073380,29.225,29.185
5883084,5883557,1698073440,29.184,29.166
5882404,5879954,1698073500,29.166,29.083
5892724,5917644,1698073560,29.082,29.034
5913192,5916674,1698073620,29.035,29.091
5914397,5914653,1698073680,29.09,29.116
5917368,5919874,1698073740,29.115,29.088
5919992,5921840,1698073800,29.087,29.146
5915555,5915324,1698073860,29.147,29.169
5913606,5913204,1698073920,29.166,29.195
5912157,5913510,1698073980,29.195,29.205
5911645,5916489,1698074040,29.206,29.212
5920478,5922340,1698074100,29.212,29.222
5934301,5933233,1698074160,29.222,29.075
5928224,5924211,1698074220,29.078,28.965
5931719,5938505,1698074280,28.966,28.948
5940386,5945026,1698074340,28.949,28.927
5939208,5938803,1698074400,28.928,28.853
5935875,5935733,1698074460,28.852,28.908
5936471,5938737,1698074520,28.91,28.971
5942795,5944448,1698074580,28.972,28.976
5943205,5945878,1698074640,28.976,28.955
5943150,5943746,1698074700,28.956,28.964
5942061,5941378,1698074760,28.965,28.906
5944417,5955358,1698074820,28.906,28.877
5955144,5956162,1698074880,28.878,28.903
5956956,5956696,1698074940,28.903,28.915
5963275,5961180,1698075000,28.912,28.884
5966881,5966747,1698075060,28.886,28.872
5945906,5945712,1698075120,28.872,28.873
5939555,5941367,1698075180,28.874,28.882
5938994,5935578,1698075240,28.881,28.956
5919612,5918271,1698075300,28.955,29.046
5908455,5906834,1698075360,29.044,28.917
5907575,5904213,1698075420,28.917,28.964
5899081,5900098,1698075480,28.965,28.971
5902264,5901837,1698075540,28.971,28.966
5902902,5902902,1698075600,28.966,29.013
5908120,5905857,1698075660,29.014,29.038
5905581,5905163,1698075720,29.038,29.014
5904634,5906249,1698075780,29.015,29.004
5906617,5907563,1698075840,29.004,28.954
5907885,5908860,1698075900,28.955,28.955
5905861,5907110,1698075960,28.955,28.957
5907988,5906840,1698076020,28.954,28.968
5907631,5908980,1698076080,28.968,28.967
5909313,5909484,1698076140,28.965,28.999
5909846,5909701,1698076200,28.999,28.952
5910595,5908272,1698076260,28.952,28.945
5907274,5904181,1698076320,28.945,29.053
5905890,5903528,1698076380,29.054,29.102
5903916,5899450,1698076440,29.101,28.994
5893588,5888890,1698076500,28.994,28.894
5879050,5879060,1698076560,28.893,29.014
5881373,5882571,1698076620,29.014,28.979
5884426,5884881,1698076680,28.98,28.959
5887262,5885751,1698076740,28.96,28.966
5883156,5885418,1698076800,28.966,28.992
5889833,5891514,1698076860,28.993,29.085
5918368,5916683,1698076920,29.084,28.994
5921878,5921167,1698076980,28.994,28.945
5921830,5924321,1698077040,28.946,28.978
5925656,5924777,1698077100,28.979,29.065
5924841,5930271,1698077160,29.065,29.092
5929719,5928462,1698077220,29.09,29.108
5928046,5924142,1698077280,29.108,29.09
5920520,5917980,1698077340,29.09,29.115
5918612,5919944,1698077400,29.114,29.095
5921690,5920219,1698077460,29.095,29.052
5918500,5919445,1698077520,29.052,29.094
5918714,5918996,1698077580,29.094,29.075
5928200,5939688,1698077640,29.076,29.105
5943288,5939649,1698077700,29.102,29.115
5939672,5935042,1698077760,29.114,29.101
5933093,5931006,1698077820,29.102,29.125
5932889,5933718,1698077880,29.124,29.145
5933402,5932850,1698077940,29.144,29.153
5932553,5933189,1698078000,29.154,29.164
5936782,5932635,1698078060,29.164,29.106
5936646,5935558,1698078120,29.107,29.093
5935659,5935682,1698078180,29.095,29.067
5936552,5941092,1698078240,29.068,29.103
5952380,5955004,1698078300,29.104,29.035
5952879,5936434,1698078360,29.039,28.967
5933780,5933565,1698078420,28.965,29.005
5935952,5936814,1698078480,29.006,28.978
5934991,5909399,1698078540,28.978,28.92
5910603,5912884,1698078600,28.919,28.97
5911257,5923055,1698078660,28.969,28.948
5921284,5921284,1698078720,28.95,28.958
5922590,5922590,1698078780,28.96,29.007
5907345,5906758,1698078840,29.006,29.011
5906961,5906961,1698078900,29.01,28.995
5907062,5908898,1698078960,28.994,29.057
5907577,5903192,1698079020,29.06,29.134
5914308,5914812,1698079080,29.134,29.174
5911415,5912281,1698079140,29.172,29.202
5915781,5918001,1698079200,29.201,29.104
5921457,5921457,1698079260,29.104,29.093
5922345,5921674,1698079320,29.092,29.177
5926545,5924130,1698079380,29.177,29.213
5918543,5917882,1698079440,29.213,29.191
5915813,5922344,1698079500,29.188,29.169
5923601,5923493,1698079560,29.17,29.237
5924768,5916168,1698079620,29.236,29.269
5915954,5916306,1698079680,29.271,29.295
5922392,5923080,1698079740,29.296,29.366
5917457,5909546,1698079800,29.366,29.368
5912056,5912368,1698079860,29.367,29.398
5903485,5906688,1698079920,29.397,29.437
5905633,5904735,1698079980,29.434,29.451
5899341,5899522,1698080040,29.452,29.584
5876583,5868558,1698080100,29.585,29.686
5862068,5860322,1698080160,29.688,29.772
5857987,5848891,1698080220,29.772,29.63
5864771,5864771,1698080280,29.63,29.657
5861896,5853742,1698080340,29.66,29.551
5855269,5843309,1698080400,29.551,29.483
5838025,5838025,1698080460,29.483,29.41
5822130,5820120,1698080520,29.409,29.408
5821302,5821215,1698080580,29.409,29.351
5824323,5826991,1698080640,29.352,29.43
5824138,5823132,1698080700,29.429,29.543
5812024,5809373,1698080760,29.544,29.482
5809560,5812112,1698080820,29.48,29.631
5814352,5810322,1698080880,29.632,29.554
5822504,5820859,1698080940,29.551,29.576
5837311,5835013,1698081000,29.573,29.542
5834071,5826925,1698081060,29.542,29.426
5829849,5817895,1698081120,29.426,29.484
5820974,5820863,1698081180,29.485,29.489
5823073,5820420,1698081240,29.49,29.443
5819102,5814227,1698081300,29.441,29.337
5806902,5800234,1698081360,29.338,29.221
5797176,5796107,1698081420,29.221,29.268
5802435,5801586,1698081480,29.268,29.312
5800167,5800083,1698081540,29.312,29.254
5799368,5800228,1698081600,29.255,29.296
5798690,5799806,1698081660,29.297,29.282
5800335,5800701,1698081720,29.279,29.29
5802918,5804482,1698081780,29.289,29.205
5801251,5806525,1698081840,29.206,29.237
5806647,5810446,1698081900,29.237,29.111
5806773,5801059,1698081960,29.111,29.136
5805003,5805961,1698082020,29.135,29.132
5804008,5780294,1698082080,29.136,29.067
5771092,5774906,1698082140,29.069,29.111
5782698,5784782,1698082200,29.112,29.109
5787498,5790520,1698082260,29.104,29.194
5790229,5778260,1698082320,29.195,29.225
5780036,5780036,1698082380,29.225,29.231
5774830,5772775,1698082440,29.232,29.21
5778135,5782251,1698082500,29.21,29.262
5785288,5783177,1698082560,29.263,29.309
5778696,5780482,1698082620,29.305,29.263
5782904,5784805,1698082680,29.263,29.276
5784555,5782626,1698082740,29.274,29.256
5784805,5790190,1698082800,29.256,29.306
5790215,5796921,1698082860,29.304,29.355
5795110,5797439,1698082920,29.356,29.328
5798421,5798309,1698082980,29.329,29.36
5801145,5797179,1698083040,29.359,29.321
5793153,5787187,1698083100,29.319,29.305
5793327,5790571,1698083160,29.303,29.255
5791398,5793089,1698083220,29.256,29.282
5795092,5794581,1698083280,29.283,29.298
5797806,5798092,1698083340,29.298,29.339
5800267,5799025,1698083400,29.34,29.291
5798854,5798531,1698083460,29.293,29.363
5797124,5797040,1698083520,29.364,29.372
5799547,5798638,1698083580,29.372,29.391
5798972,5799559,1698083640,29.39,29.425
5792702,5792605,1698083700,29.425,29.446
5787618,5784494,1698083760,29.446,29.422
5782780,5782430,1698083820,29.423,29.411
5779125,5776724,1698083880,29.411,29.387
5775796,5777520,1698083940,29.387,29.331
5776370,5777104,1698084000,29.331,29.356
5778560,5779226,1698084060,29.354,29.391
5778594,5780282,1698084120,29.392,29.383
5779285,5779205,1698084180,29.38,29.444
5774416,5775114,1698084240,29.445,29.451
5770175,5777681,1698084300,29.452,29.479
5776702,5779248,1698084360,29.478,29.459
5781643,5783436,1698084420,29.46,29.414
5788675,5789833,1698084480,29.414,29.46
5801392,5803753,1698084540,29.46,29.476
5806012,5805947,1698084600,29.475,29.484
5810106,5808263,1698084660,29.484,29.505
5804346,5804540,1698084720,29.509,29.516
5804507,5805380,1698084780,29.515,29.515
5805243,5811185,1698084840,29.515,29.505
5815763,5813207,1698084900,29.505,29.489
5813423,5811955,1698084960,29.489,29.404
5805615,5804994,1698085020,29.403,29.418
5804523,5798603,1698085080,29.419,29.372
5804560,5805509,1698085140,29.373,29.386
5805765,5793133,1698085200,29.385,29.356
5791742,5792444,1698085260,29.357,29.419
5792399,5792564,1698085320,29.418,29.404
5792985,5792985,1698085380,29.403,29.407
5791808,5792040,1698085440,29.407,29.437
5790964,5790964,1698085500,29.437,29.387
5790199,5790275,1698085560,29.388,29.375
5790664,5790887,1698085620,29.375,29.342
5789743,5793094,1698085680,29.342,29.328
5795871,5797407,1698085740,29.328,29.321
5795819,5795640,1698085800,29.32,29.397
5791615,5790732,1698085860,29.398,29.37
5791968,5791368,1698085920,29.37,29.37
5791584,5792022,1698085980,29.371,29.37
5792565,5791397,1698086040,29.369,29.345
5792205,5791880,1698086100,29.346,29.387
5789892,5792679,1698086160,29.386,29.415
5793982,5794905,1698086220,29.416,29.392
5794657,5793792,1698086280,29.39,29.413
5794955,5795183,1698086340,29.413,29.433
5796003,5797347,1698086400,29.431,29.419
5795702,5795117,1698086460,29.418,29.441
5795555,5793534,1698086520,29.444,29.494
5796509,5794641,1698086580,29.495,29.495
5795015,5792782,1698086640,29.496,29.423
5787814,5787466,1698086700,29.424,29.424
5783251,5785205,1698086760,29.426,29.485
5779784,5778046,1698086820,29.485,29.483
5773686,5773709,1698086880,29.485,29.456
5778553,5772749,1698086940,29.456,29.487
5770188,5755918,1698087000,29.486,29.598
5756824,5762248,1698087060,29.598,29.592
5760038,5759170,1698087120,29.593,29.566
5759646,5761075,1698087180,29.566,29.661
5759431,5762650,1698087240,29.66,29.691
5760566,5758230,1698087300,29.693,29.684
5759245,5755504,1698087360,29.684,29.639
5751281,5751959,1698087420,29.641,29.682
5753987,5754629,1698087480,29.681,29.65
5756673,5757168,1698087540,29.652,29.689
5757591,5757537,1698087600,29.689,29.796
5749553,5776146,1698087660,29.796,29.803
5776074,5775100,1698087720,29.806,29.851
5773014,5775909,1698087780,29.851,29.788
5776376,5771201,1698087840,29.787,29.876
5770550,5763759,1698087900,29.877,29.858
5756118,5754673,1698087960,29.858,29.747
5758922,5758834,1698088020,29.748,29.837
5761834,5760077,1698088080,29.837,29.736
5763310,5759920,1698088140,29.737,29.708
5762349,5762028,1698088200,29.708,29.789
5761553,5757902,1698088260,29.789,29.827
5758947,5760584,1698088320,29.827,29.853
5766294,5765713,1698088380,29.852,29.858
5764516,5769028,1698088440,29.859,29.929
5772395,5773035,1698088500,29.929,29.856
5780096,5782380,1698088560,29.857,29.881
5776728,5776728,1698088620,29.88,29.825
5776763,5774315,1698088680,29.826,29.775
5773066,5770393,1698088740,29.775,29.694
5761301,5761706,1698088800,29.694,29.75
5765981,5769374,1698088860,29.749,29.749
5765929,5764123,1698088920,29.75,29.747
5762848,5765366,1698088980,29.747,29.698
5763154,5759446,1698089040,29.699,29.604
5759287,5763647,1698089100,29.604,29.676
5764062,5766190,1698089160,29.677,29.658
5769995,5765496,1698089220,29.657,29.68
5765793,5764962,1698089280,29.679,29.673
5765536,5764187,1698089340,29.675,29.662
5763499,5762683,1698089400,29.661,29.594
5759993,5762930,1698089460,29.595,29.625
5762886,5763938,1698089520,29.624,29.586
5763623,5771557,1698089580,29.586,29.57
5770588,5777842,1698089640,29.57,29.644
5775756,5773735,1698089700,29.645,29.685
5777077,5778449,1698089760,29.685,29.683
5775325,5774515,1698089820,29.682,29.709
5771788,5769659,1698089880,29.71,29.728
5769801,5767484,1698089940,29.729,29.757
5766731,5768866,1698090000,29.758,29.773
5770026,5771660,1698090060,29.774,29.794
5768763,5765833,1698090120,29.792,29.772
5761690,5761217,1698090180,29.773,29.752
5760794,5765540,1698090240,29.752,29.674
5762672,5762325,1698090300,29.673,29.74
5759100,5759017,1698090360,29.739,29.768
5756458,5755868,1698090420,29.767,29.762
5757828,5756958,1698090480,29.761,29.778
5755770,5754976,1698090540,29.779,29.791
5755849,5754395,1698090600,29.791,29.743
5751983,5756258,1698090660,29.743,29.818
5759062,5735118,1698090720,29.82,29.907
5729281,5724978,1698090780,29.907,29.883
5726353,5725311,1698090840,29.88,29.883
5727302,5726199,1698090900,29.882,29.922
5732836,5729647,1698090960,29.922,29.908
5727601,5728913,1698091020,29.908,29.941
5731617,5732130,1698091080,29.941,29.924
5741824,5741042,1698091140,29.923,29.891
5743148,5742347,1698091200,29.891,29.926
5745028,5739591,1698091260,29.927,29.817
5736454,5745874,1698091320,29.817,29.927
5749434,5753985,1698091380,29.927,29.881
5755214,5754696,1698091440,29.883,29.865
5754971,5756348,1698091500,29.862,29.836
5759240,5762155,1698091560,29.838,29.928
5762269,5759392,1698091620,29.928,29.847
5759595,5759940,1698091680,29.846,29.88
5761352,5761896,1698091740,29.884,29.876
5762915,5764898,1698091800,29.876,29.872
5769566,5769309,1698091860,29.87,29.883
5771005,5771766,1698091920,29.882,29.906
5770317,5770011,1698091980,29.907,29.899
5749110,5749110,1698092040,29.9,29.911
5749683,5754037,1698092100,29.91,29.926
5754173,5758533,1698092160,29.925,29.915
5753286,5753286,1698092220,29.917,29.928
5750910,5754348,1698092280,29.934,29.947
5753186,5744634,1698092340,29.948,29.958
5736520,5738081,1698092400,29.959,29.988
5739171,5742641,1698092460,29.989,29.94
5743989,5745613,1698092520,29.941,29.984
5745370,5747736,1698092580,29.983,30.011
5747367,5743586,1698092640,30.01,29.995
5740011,5738770,1698092700,29.996,30.02
5731876,5728033,1698092760,30.021,30.003
5737064,5736439,1698092820,30.004,29.93
5735141,5738794,1698092880,29.929,29.942
5741623,5743060,1698092940,29.942,29.937
5746966,5745721,1698093000,29.936,30.037
5745617,5742946,1698093060,30.037,29.99
5745750,5745419,1698093120,29.989,29.999
5746661,5748644,1698093180,29.999,30.027
5754869,5750737,1698093240,30.027,30.028
5751501,5748921,1698093300,30.029,30.046
5753367,5751345,1698093360,30.047,30.055
5766322,5764924,1698093420,30.056,30.128
5758688,5760838,1698093480,30.128,30.115
5762648,5765452,1698093540,30.118,30.123
5763059,5762629,1698093600,30.124,30.193
5762186,5761877,1698093660,30.193,30.205
5764125,5767143,1698093720,30.205,30.144
5767189,5771229,1698093780,30.143,30.009
5771440,5768240,1698093840,30.008,30.049
5770133,5766632,1698093900,30.052,30.024
5760082,5753154,1698093960,30.024,29.998
5753477,5753799,1698094020,30,30
5756460,5754448,1698094080,30,29.959
5748007,5744863,1698094140,29.958,29.891
5739699,5738272,1698094200,29.89,29.944
5738241,5730932,1698094260,29.943,29.827
5728528,5717841,1698094320,29.827,29.792
5713237,5704626,1698094380,29.792,29.76
5697664,5685724,1698094440,29.759,29.812
5681280,5679460,1698094500,29.813,29.826
5678099,5672056,1698094560,29.828,29.855
5668287,5667586,1698094620,29.856,29.815
5668239,5669097,1698094680,29.815,29.773
5671602,5668194,1698094740,29.773,29.818
5667899,5667899,1698094800,29.818,29.842
5672817,5672675,1698094860,29.841,29.879
5673965,5676797,1698094920,29.879,29.89
5678813,5678813,1698094980,29.895,29.888
5684542,5684770,1698095040,29.889,29.883
5683849,5681034,1698095100,29.884,29.848
5676714,5675686,1698095160,29.846,29.866
5674728,5675798,1698095220,29.865,29.833
5676594,5672584,1698095280,29.833,29.796
5675128,5673093,1698095340,29.796,29.791
5671750,5671846,1698095400,29.795,29.833
5670379,5669445,1698095460,29.832,29.896
5668924,5668439,1698095520,29.897,29.893
5667111,5664777,1698095580,29.892,29.887
5653471,5658327,1698095640,29.891,29.941
5656406,5659079,1698095700,29.941,29.88
5661730,5664667,1698095760,29.881,29.791
5669974,5663839,1698095820,29.791,29.859
5664670,5661369,1698095880,29.859,29.896
5661478,5659056,1698095940,29.894,29.894
5657648,5656935,1698096000,29.895,29.903
5657059,5658336,1698096060,29.904,29.888
5658798,5658759,1698096120,29.889,29.882
5659392,5659606,1698096180,29.882,29.867
5660165,5659875,1698096240,29.868,29.872
5659506,5659488,1698096300,29.873,29.9
5652562,5650290,1698096360,29.899,29.889
5626300,5629003,1698096420,29.89,29.776
5624431,5627197,1698096480,29.774,29.851
5627417,5627459,1698096540,29.851,29.841
5625606,5629135,1698096600,29.842,29.833
5628975,5633742,1698096660,29.833,29.902
5631964,5632838,1698096720,29.901,29.849
5633132,5633273,1698096780,29.849,29.89
5632938,5634407,1698096840,29.89,29.927
5635635,5635858,1698096900,29.927,29.983
5626446,5622047,1698096960,29.983,29.973
5621835,5625295,1698097020,29.972,30.025
5620590,5620214,1698097080,30.026,30.003
5622744,5621334,1698097140,30.003,30.028
5621204,5621742,1698097200,30.025,29.993
5622610,5622670,1698097260,29.993,29.978
5621627,5622726,1698097320,29.979,30.008
5615316,5615798,1698097380,30.008,30.017
5617087,5617261,1698097440,30.017,30.044
5616132,5614708,1698097500,30.044,30.013
5611378,5612456,1698097560,30.013,29.944
5612094,5611758,1698097620,29.945,29.982
5613539,5614320,1698097680,29.983,29.999
5615144,5615753,1698097740,29.999,29.993
5616538,5616231,1698097800,29.994,29.988
5617012,5617721,1698097860,29.988,29.979
5617493,5618810,1698097920,29.979,29.998
5618887,5618887,1698097980,29.998,29.975
5619044,5628732,1698098040,29.977,29.993
5628706,5628918,1698098100,29.993,29.985
5628748,5628813,1698098160,29.985,29.966
5629122,5628569,1698098220,29.967,30.006
5630539,5628628,1698098280,30.006,30.001
5630312,5629194,1698098340,29.999,29.985
5629570,5630044,1698098400,29.985,29.954
5631031,5634756,1698098460,29.955,30.058
5633538,5638846,1698098520,30.057,30.001
5638968,5640233,1698098580,30,30.011
5641691,5642357,1698098640,30.011,30.002
5644064,5644405,1698098700,30.003,29.989
5644456,5645874,1698098760,29.992,30.056
5644586,5644186,1698098820,30.058,30.071
5638142,5638783,1698098880,30.071,30.134
5643102,5642339,1698098940,30.133,30.164
5647867,5648931,1698099000,30.164,30.178
5647727,5648924,1698099060,30.177,30.167
5651861,5653642,1698099120,30.167,30.218
5655353,5655555,1698099180,30.219,30.152
5655063,5654646,1698099240,30.151,30.214
5653901,5655741,1698099300,30.214,30.19
5657421,5660248,1698099360,30.189,30.208
5660074,5656974,1698099420,30.207,30.247
5654441,5658908,1698099480,30.249,30.256
5669351,5669900,1698099540,30.255,30.231
5670922,5670219,1698099600,30.231,30.253
5670671,5668389,1698099660,30.252,30.182
5672579,5673933,1698099720,30.182,30.255
5674976,5674346,1698099780,30.256,30.174
5670745,5670557,1698099840,30.173,30.187
5666158,5667392,1698099900,30.186,30.18
5662149,5664437,1698099960,30.184,30.237
5665863,5662555,1698100020,30.236,30.328
5659167,5651146,1698100080,30.328,30.407
5645343,5630270,1698100140,30.407,30.52
5649586,5643756,1698100200,30.521,30.419
5642595,5645188,1698100260,30.418,30.501
5645622,5644049,1698100320,30.496,30.473
5643711,5639725,1698100380,30.478,30.412
5642588,5644278,1698100440,30.413,30.407
5644781,5647075,1698100500,30.406,30.466
5644573,5640978,1698100560,30.464,30.527
5626639,5624889,1698100620,30.526,30.636
5623543,5625196,1698100680,30.637,30.799
5616577,5627414,1698100740,30.8,30.958
5621203,5604254,1698100800,30.957,31.001
5575795,5586433,1698100860,31,31.699
5526538,5428549,1698100920,31.749,31.875
5435230,5439406,1698100980,31.874,31.765
5439104,5396354,1698101040,31.766,31.491
5395559,5381498,1698101100,31.519,31.311
5379556,5377530,1698101160,31.306,31.253
5380121,5383837,1698101220,31.254,31.226
5375119,5378814,1698101280,31.221,31.495
5366714,5382380,1698101340,31.499,31.795
5371625,5380348,1698101400,31.801,31.75
5393415,5393415,1698101460,31.763,31.959
5381823,5391853,1698101520,31.96,32.077
5399550,5409057,1698101580,32.079,32.431
5399937,5399937,1698101640,32.428,32.129
5396394,5396313,1698101700,32.131,32.252
5405541,5422356,1698101760,32.253,32.513
5419702,5415563,1698101820,32.51,32.338
5420310,5414145,1698101880,32.34,32.356
5424032,5420779,1698101940,32.355,32.442
5422679,5415160,1698102000,32.437,32.917
5414011,5412216,1698102060,32.918,32.494
5433444,5431986,1698102120,32.491,32.361
5426406,5413191,1698102180,32.359,32.252
5418654,5410448,1698102240,32.251,32.069
5405693,5408285,1698102300,32.07,32.028
5415828,5412845,1698102360,32.025,31.965
5408470,5408999,1698102420,31.964,31.781
5397813,5399755,1698102480,31.781,31.843
5405928,5405433,1698102540,31.842,31.792
5401148,5396624,1698102600,31.795,31.43
5406218,5408048,1698102660,31.434,31.526
5408661,5406360,1698102720,31.533,31.569
5407258,5405229,1698102780,31.567,31.677
5405118,5406491,1698102840,31.677,31.707
5403943,5397555,1698102900,31.708,31.704
5395174,5381910,1698102960,31.703,31.779
5412662,5410414,1698103020,31.781,31.927
5413690,5414604,1698103080,31.925,31.961
5413468,5420916,1698103140,31.964,32.255
5424852,5428225,1698103200,32.264,32.056
5436104,5429883,1698103260,32.06,31.936
5414009,5414236,1698103320,31.933,32.024
5419863,5428444,1698103380,32.024,32.159
5431805,5437362,1698103440,32.159,32.041
5442856,5445461,1698103500,32.044,31.972
5443202,5443804,1698103560,31.976,31.993
5444661,5445780,1698103620,31.987,31.924
5439846,5445839,1698103680,31.921,32.038
5447459,5446808,1698103740,32.039,32.124
5447315,5449416,1698103800,32.124,32.086
5453066,5457204,1698103860,32.08,32.146
5452558,5444956,1698103920,32.144,32.008
5448567,5450584,1698103980,32.008,32.049
5457968,5461158,1698104040,32.046,32.015
5462009,5461318,1698104100,32.014,31.827
5465769,5465748,1698104160,31.824,32.01
5466141,5466104,1698104220,32.007,31.828
5467754,5465113,1698104280,31.83,31.797
5458766,5471460,1698104340,31.796,31.693
5471109,5473889,1698104400,31.692,31.726
5471799,5469323,1698104460,31.73,31.885
5469797,5472126,1698104520,31.883,31.949
5472530,5469635,1698104580,31.949,31.785
5469760,5471136,1698104640,31.782,31.788
5467267,5467267,1698104700,31.787,31.792
5460917,5456601,1698104760,31.794,31.735
5454167,5454167,1698104820,31.735,31.813
5459082,5459530,1698104880,31.815,31.821
5461929,5463107,1698104940,31.818,31.814
5460768,5458485,1698105000,31.812,31.727
5457594,5463269,1698105060,31.731,31.689
5463646,5463120,1698105120,31.686,31.711
5464434,5464597,1698105180,31.711,31.816
5466133,5466786,1698105240,31.821,31.751
5467385,5468974,1698105300,31.757,31.777
5472589,5471872,1698105360,31.776,31.817
5469346,5464786,1698105420,31.816,31.968
5466278,5471084,1698105480,31.968,31.926
5470611,5476718,1698105540,31.929,31.902
5483365,5451690,1698105600,31.901,32.052
5456773,5455006,1698105660,32.049,31.887
5459216,5452202,1698105720,31.888,31.749
5455829,5455173,1698105780,31.75,31.866
5454345,5455241,1698105840,31.866,31.786
5454391,5444297,1698105900,31.783,31.767
5441981,5442341,1698105960,31.767,31.645
5433285,5447583,1698106020,31.644,31.684
5448482,5440885,1698106080,31.683,31.587
5450069,5451172,1698106140,31.586,31.475
5457969,5458044,1698106200,31.473,31.485
5462586,5463674,1698106260,31.485,31.605
5457543,5458914,1698106320,31.606,31.78
5447529,5481529,1698106380,31.785,31.751
5485123,5458684,1698106440,31.751,31.669
5457682,5458202,1698106500,31.667,31.732
5456511,5456045,1698106560,31.729,31.687
5454657,5457807,1698106620,31.688,31.735
5461819,5467014,1698106680,31.736,31.559
5467223,5469629,1698106740,31.56,31.802
5468254,5469861,1698106800,31.804,31.753
5475572,5494962,1698106860,31.756,31.936
5499361,5503005,1698106920,31.934,31.931
5502217,5476424,1698106980,31.932,31.92
5476625,5477763,1698107040,31.919,31.999
5473251,5474970,1698107100,31.996,31.931
5475012,5474246,1698107160,31.934,32.032
5472196,5471120,1698107220,32.034,31.925
5474129,5475947,1698107280,31.925,31.911
5471026,5469076,1698107340,31.908,32.012
5473253,5473636,1698107400,32.013,31.919
5482122,5473931,1698107460,31.919,32.134
5479889,5481847,1698107520,32.136,32.142
5479884,5498801,1698107580,32.143,32.259
5502003,5504564,1698107640,32.261,32.309
5504511,5502670,1698107700,32.31,32.243
5503430,5504807,1698107760,32.243,32.298
5496258,5496258,1698107820,32.297,32.114
5490335,5487482,1698107880,32.115,32.149
5487994,5485574,1698107940,32.149,32.058
5478151,5475931,1698108000,32.058,32.216
5482498,5483406,1698108060,32.215,32.238
5480954,5476910,1698108120,32.238,32.115
5477352,5477216,1698108180,32.115,32.16
5478528,5478344,1698108240,32.16,32.241
5457797,5459208,1698108300,32.241,32.119
5459574,5456512,1698108360,32.118,32.155
5454843,5454875,1698108420,32.158,32.251
5457229,5460259,1698108480,32.251,32.263
5464130,5465418,1698108540,32.263,32.281
5468045,5468972,1698108600,32.28,32.206
5471493,5472465,1698108660,32.209,32.223
5469547,5467674,1698108720,32.223,32.183
5466599,5467170,1698108780,32.189,32.242
5467712,5472904,1698108840,32.242,32.196
5471846,5469497,1698108900,32.2,32.26
5467210,5466270,1698108960,32.262,32.18
5468054,5466656,1698109020,32.181,32
5460906,5456880,1698109080,32.001,32.021
5456974,5449151,1698109140,32.018,31.825
5442636,5433708,1698109200,31.826,31.836
5432243,5435339,1698109260,31.835,31.758
5438621,5436099,1698109320,31.753,31.73
5443915,5456539,1698109380,31.73,31.897
5469190,5470841,1698109440,31.895,31.996
5469552,5470780,1698109500,31.994,31.97
5467647,5462165,1698109560,31.969,31.874
5473145,5472799,1698109620,31.875,31.893
5471904,5470749,1698109680,31.893,31.88
5467007,5465680,1698109740,31.88,31.828
5461838,5456940,1698109800,31.829,31.866
5452739,5443879,1698109860,31.867,31.797
5429689,5428760,1698109920,31.796,31.733
5426470,5423544,1698109980,31.733,31.698
5423678,5428051,1698110040,31.696,31.545
5434271,5442203,1698110100,31.546,31.547
5443407,5443919,1698110160,31.551,31.612
5445598,5445874,1698110220,31.607,31.657
5441352,5433546,1698110280,31.655,31.79
5428502,5428630,1698110340,31.789,31.723
5426508,5426673,1698110400,31.722,31.64
5427706,5426527,1698110460,31.642,31.523
5429612,5427801,1698110520,31.527,31.606
5431785,5431359,1698110580,31.607,31.603
5436458,5437461,1698110640,31.605,31.493
5436789,5443405,1698110700,31.493,31.525
5445594,5445594,1698110760,31.526,31.464
5447167,5434905,1698110820,31.461,31.391
5429218,5429218,1698110880,31.392,31.305
5427576,5412254,1698110940,31.305,31.484
5411568,5405495,1698111000,31.485,31.482
5406399,5402132,1698111060,31.485,31.542
5401325,5401302,1698111120,31.545,31.537
5400905,5402784,1698111180,31.537,31.484
5395829,5393986,1698111240,31.485,31.472
5393275,5395245,1698111300,31.473,31.356
5394490,5394482,1698111360,31.355,31.312
5392045,5391869,1698111420,31.313,31.356
5395666,5395387,1698111480,31.355,31.486
5381858,5385553,1698111540,31.487,31.44
5384722,5380819,1698111600,31.44,31.393
5380103,5379435,1698111660,31.392,31.414
5378382,5380642,1698111720,31.415,31.455
5379602,5377927,1698111780,31.454,31.462
5384440,5384706,1698111840,31.463,31.47
5385043,5387615,1698111900,31.47,31.515
5387323,5388198,1698111960,31.514,31.606
5370118,5364523,1698112020,31.604,31.621
5364232,5364627,1698112080,31.623,31.565
5364802,5364012,1698112140,31.564,31.603
5364424,5363579,1698112200,31.605,31.554
5359093,5359627,1698112260,31.552,31.549
5358930,5362734,1698112320,31.546,31.636
5355971,5354765,1698112380,31.638,31.592
5353390,5355012,1698112440,31.593,31.72
5355043,5355256,1698112500,31.721,31.62
5350904,5346991,1698112560,31.621,31.543
5348095,5342281,1698112620,31.545,31.534
5334708,5324980,1698112680,31.534,31.565
5312256,5310265,1698112740,31.565,31.569
5309584,5309245,1698112800,31.57,31.49
5309636,5307382,1698112860,31.49,31.569
5304140,5303173,1698112920,31.568,31.635
5303130,5301357,1698112980,31.635,31.721
5306987,5305115,1698113040,31.719,31.804
5301493,5297109,1698113100,31.803,31.61
5296497,5290607,1698113160,31.609,31.531
5290376,5287994,1698113220,31.529,31.668
5287055,5284875,1698113280,31.665,31.726
5283056,5279415,1698113340,31.725,31.664
5279322,5280274,1698113400,31.663,31.583
5279197,5280865,1698113460,31.583,31.678
5280762,5279097,1698113520,31.681,31.635
5279397,5276488,1698113580,31.636,31.59
5275252,5275252,1698113640,31.589,31.595
5277072,5276478,1698113700,31.596,31.671
5275340,5275340,1698113760,31.67,31.641
5272710,5273859,1698113820,31.638,31.707
5271120,5268087,1698113880,31.707,31.591
5265285,5265485,1698113940,31.588,31.665
5266887,5268892,1698114000,31.665,31.712
5266267,5264487,1698114060,31.711,31.772
5264659,5263773,1698114120,31.773,31.758
5264744,5264139,1698114180,31.759,31.732
5263101,5262661,1698114240,31.731,31.807
5271548,5272375,1698114300,31.811,31.875
5267272,5267503,1698114360,31.878,31.957
5267693,5268003,1698114420,31.959,31.919
5281134,5284887,1698114480,31.916,31.807
5280423,5271137,1698114540,31.816,31.671
5270855,5272237,1698114600,31.676,31.597
5267189,5268986,1698114660,31.598,31.674
5257287,5258752,1698114720,31.671,31.711
5259449,5259734,1698114780,31.714,31.725
5265406,5266037,1698114840,31.724,31.785
5267415,5267939,1698114900,31.785,31.79
5264209,5265938,1698114960,31.79,31.622
5263881,5264996,1698115020,31.621,31.676
5267818,5271233,1698115080,31.681,31.744
5273061,5270325,1698115140,31.742,31.802
5270485,5274839,1698115200,31.797,31.774
5268728,5275976,1698115260,31.773,31.806
5270433,5268540,1698115320,31.806,31.904
5269770,5273456,1698115380,31.907,32.055
5263400,5266219,1698115440,32.056,32.168
5267684,5266418,1698115500,32.166,32.207
5274097,5273842,1698115560,32.208,32.253
5269755,5280160,1698115620,32.258,32.31
5281920,5285709,1698115680,32.309,32.439
5291768,5285283,1698115740,32.434,32.445
5289720,5279652,1698115800,32.444,32.432
5289154,5292869,1698115860,32.433,32.32
5291300,5290642,1698115920,32.319,32.228
5285577,5287863,1698115980,32.223,32.07
5290366,5292544,1698116040,32.071,32.098
5297754,5302197,1698116100,32.1,32.174
5299976,5304365,1698116160,32.176,32.198
5304135,5305721,1698116220,32.2,32.168
5310504,5304252,1698116280,32.17,32.08
5304202,5305846,1698116340,32.078,32.029
5305930,5304420,1698116400,32.03,32.031
5292550,5292550,1698116460,32.029,31.895
5274655,5270927,1698116520,31.894,32.018
5273757,5273757,1698116580,32.019,32.043
5278090,5278511,1698116640,32.042,32.1
5281970,5281970,1698116700,32.1,32.139
5283128,5282921,1698116760,32.136,32.224
5283236,5281656,1698116820,32.224,32.15
5276771,5270181,1698116880,32.151,32.273
5252860,5252745,1698116940,32.27,32.207
5251472,5254949,1698117000,32.212,32.146
5256562,5258497,1698117060,32.146,32.29
5256235,5259643,1698117120,32.289,32.366
5266043,5276648,1698117180,32.363,32.414
5280630,5275560,1698117240,32.417,32.327
5279033,5276703,1698117300,32.329,32.209
5272396,5276222,1698117360,32.21,32.315
5277263,5281178,1698117420,32.315,32.229
5280183,5282284,1698117480,32.223,32.273
5288877,5287751,1698117540,32.274,32.323
5293002,5298344,1698117600,32.325,32.24
5297334,5296688,1698117660,32.241,32.308
5296277,5299133,1698117720,32.304,32.334
5298394,5299449,1698117780,32.332,32.264
5302619,5298846,1698117840,32.261,32.179
5297896,5301983,1698117900,32.179,32.22
5313451,5312970,1698117960,32.22,32.215
5311090,5309993,1698118020,32.215,32.234
5310996,5312045,1698118080,32.234,32.252
5312325,5311213,1698118140,32.252,32.175
5312194,5307451,1698118200,32.174,32.357
5302529,5306035,1698118260,32.358,32.12
5306137,5301195,1698118320,32.121,32.023
5293450,5290580,1698118380,32.023,32.016
5283180,5280287,1698118440,32.016,31.922
5273858,5268891,1698118500,31.921,31.731
5266260,5266374,1698118560,31.727,31.811
5265937,5266106,1698118620,31.822,31.765
5265798,5265094,1698118680,31.766,31.694
5269916,5274259,1698118740,31.694,31.701
5276231,5275445,1698118800,31.701,31.642
5278652,5271122,1698118860,31.642,31.604
5274047,5278689,1698118920,31.606,31.653
5268213,5266299,1698118980,31.658,31.583
5266179,5263626,1698119040,31.581,31.602
5264498,5264498,1698119100,31.602,31.539
5266961,5269329,1698119160,31.54,31.696
5267264,5267264,1698119220,31.697,31.658
5265377,5263115,1698119280,31.658,31.725
5262789,5257858,1698119340,31.725,31.605
5263810,5258943,1698119400,31.603,31.657
5258292,5252868,1698119460,31.658,31.555
5251252,5252861,1698119520,31.553,31.54
5256520,5254742,1698119580,31.54,31.64
5252936,5248939,1698119640,31.638,31.533
5251185,5256678,1698119700,31.529,31.587
5256113,5256370,1698119760,31.586,31.577
5260972,5262861,1698119820,31.577,31.595
5267551,5269047,1698119880,31.591,31.574
5265899,5247257,1698119940,31.575,31.38
5235137,5234878,1698120000,31.378,31.53
5232231,5240689,1698120060,31.531,31.586
5230651,5230196,1698120120,31.587,31.653
5227686,5225112,1698120180,31.652,31.662
5212866,5209244,1698120240,31.665,31.619
5205463,5206769,1698120300,31.618,31.672
5207375,5209549,1698120360,31.671,31.643
5210492,5207420,1698120420,31.643,31.611
5207960,5209637,1698120480,31.611,31.695
5211604,5210678,1698120540,31.695,31.706
5213364,5211361,1698120600,31.709,31.686
5209729,5210508,1698120660,31.685,31.688
5210901,5210142,1698120720,31.69,31.682
5211465,5212033,1698120780,31.681,31.696
5213259,5212750,1698120840,31.698,31.643
5213026,5213516,1698120900,31.641,31.695
5210501,5212425,1698120960,31.698,31.699
5214602,5214779,1698121020,31.698,31.665
5214419,5214901,1698121080,31.665,31.699
5215589,5215409,1698121140,31.7,31.699
5215631,5214900,1698121200,31.696,31.689
5215877,5215077,1698121260,31.691,31.696
5214896,5214833,1698121320,31.696,31.66
5217256,5214060,1698121380,31.659,31.6
5213863,5215149,1698121440,31.6,31.622
5213649,5216688,1698121500,31.622,31.677
5216900,5215936,1698121560,31.678,31.657
5214934,5214974,1698121620,31.659,31.679
5215226,5212707,1698121680,31.679,31.673
5213469,5212340,1698121740,31.675,31.664
5211897,5210546,1698121800,31.662,31.632
5211302,5210635,1698121860,31.632,31.555
5208220,5206208,1698121920,31.556,31.547
5206339,5204046,1698121980,31.548,31.533
5205098,5209339,1698122040,31.533,31.498
5210489,5211367,1698122100,31.501,31.549
5211867,5212368,1698122160,31.549,31.487
5216392,5215225,1698122220,31.487,31.416
5215794,5216821,1698122280,31.416,31.431
5217087,5215918,1698122340,31.43,31.39
5216364,5218664,1698122400,31.388,31.384
5217424,5217424,1698122460,31.384,31.426
5216855,5216777,1698122520,31.424,31.379
5217716,5217964,1698122580,31.379,31.325
5216073,5223920,1698122640,31.325,31.273
5244191,5244141,1698122700,31.275,31.324
5243537,5242666,1698122760,31.323,31.387
5241833,5235666,1698122820,31.387,31.423
5237239,5242171,1698122880,31.422,31.372
5241125,5243793,1698122940,31.373,31.323
5245597,5245358,1698123000,31.32,31.327
5246754,5248774,1698123060,31.327,31.272
5250327,5251676,1698123120,31.273,31.344
5252359,5251771,1698123180,31.344,31.406
5252234,5253654,1698123240,31.405,31.433
5248357,5247833,1698123300,31.433,31.468
5248142,5247354,1698123360,31.473,31.472
5253818,5253418,1698123420,31.472,31.437
5250818,5254226,1698123480,31.436,31.453
5255317,5256102,1698123540,31.453,31.43
5253082,5253632,1698123600,31.429,31.472
5253883,5254514,1698123660,31.472,31.422
5253761,5254534,1698123720,31.421,31.478
5255440,5258078,1698123780,31.477,31.532
5247989,5248522,1698123840,31.533,31.514
5251233,5251943,1698123900,31.513,31.54
5252468,5253207,1698123960,31.54,31.544
5252028,5253197,1698124020,31.544,31.506
5252804,5252604,1698124080,31.506,31.523
5254094,5254646,1698124140,31.522,31.491
5252733,5252698,1698124200,31.491,31.491
5253324,5263521,1698124260,31.491,31.497
5263438,5263453,1698124320,31.497,31.486
5264286,5263994,1698124380,31.486,31.485
5263868,5262112,1698124440,31.488,31.473
5263809,5264205,1698124500,31.473,31.447
5261929,5259565,1698124560,31.447,31.42
5255068,5249636,1698124620,31.421,31.34
5250751,5251815,1698124680,31.339,31.376
5260323,5260421,1698124740,31.376,31.437
5261286,5262857,1698124800,31.437,31.529
5260559,5259098,1698124860,31.528,31.55
5256690,5256712,1698124920,31.554,31.613
5255948,5253332,1698124980,31.614,31.684
5250415,5244038,1698125040,31.684,31.651
5242834,5242258,1698125100,31.651,31.63
5242012,5241121,1698125160,31.628,31.64
5242308,5241543,1698125220,31.639,31.647
5241180,5239882,1698125280,31.646,31.705
5237265,5237732,1698125340,31.703,31.757
5229405,5227631,1698125400,31.76,31.687
5227685,5226697,1698125460,31.686,31.665
5225650,5224891,1698125520,31.666,31.636
5225302,5222862,1698125580,31.636,31.62
5225160,5225926,1698125640,31.619,31.63
5223700,5225804,1698125700,31.63,31.678
5225300,5225300,1698125760,31.678,31.637
5223998,5223523,1698125820,31.638,31.672
5221135,5221135,1698125880,31.672,31.63
5219192,5218738,1698125940,31.631,31.698
5219799,5219379,1698126000,31.697,31.652
5219463,5216805,1698126060,31.653,31.69
5210608,5209282,1698126120,31.691,31.629
5211908,5211482,1698126180,31.633,31.578
5213025,5219903,1698126240,31.581,31.582
5219079,5225371,1698126300,31.581,31.573
5224231,5219228,1698126360,31.572,31.445
5206795,5205538,1698126420,31.443,31.341
5205763,5208679,1698126480,31.338,31.384
5205934,5220249,1698126540,31.384,31.026
5209097,5206909,1698126600,31.029,31.058
5206342,5202689,1698126660,31.058,31.171
5207112,5207385,1698126720,31.172,31.221
5210067,5211213,1698126780,31.222,31.204
5216732,5216029,1698126840,31.204,31.166
5217265,5214185,1698126900,31.163,31.128
5219712,5207103,1698126960,31.128,31.103
5206592,5210278,1698127020,31.102,31.095
5214741,5216629,1698127080,31.097,31.078
5222826,5224312,1698127140,31.079,31.1
5220972,5223238,1698127200,31.1,31.103
5228332,5228983,1698127260,31.106,31.084
5227376,5229566,1698127320,31.087,31.108
5231278,5230994,1698127380,31.109,31.222
5223919,5225058,1698127440,31.221,31.202
5225356,5221680,1698127500,31.201,31.15
5221979,5227420,1698127560,31.15,31.199
5228895,5229448,1698127620,31.197,31.208
5229652,5229761,1698127680,31.208,31.204
5230740,5230117,1698127740,31.203,31.191
5231678,5233123,1698127800,31.192,31.164
5233104,5233269,1698127860,31.165,31.108
5233247,5236316,1698127920,31.108,31.114
5235098,5232045,1698127980,31.114,31.07
5228382,5230325,1698128040,31.071,31.173
5231142,5231416,1698128100,31.173,31.108
5230809,5229208,1698128160,31.109,31.058
5230023,5226133,1698128220,31.059,30.972
5228179,5226881,1698128280,30.973,31.013
5227029,5231553,1698128340,31.013,31.025
5233662,5235830,1698128400,31.026,31.004
5234438,5234317,1698128460,31.007,30.97
5227226,5227226,1698128520,30.97,30.896
5218086,5223565,1698128580,30.896,30.926
5226436,5225334,1698128640,30.926,30.852
5227401,5219734,1698128700,30.852,30.955
5217599,5217135,1698128760,30.954,30.803
5223362,5222792,1698128820,30.798,30.865
5213978,5209299,1698128880,30.866,30.788
5209548,5208922,1698128940,30.789,30.741
5211575,5212767,1698129000,30.741,30.727
5213238,5211548,1698129060,30.729,30.81
5223735,5223110,1698129120,30.81,30.798
5224657,5229872,1698129180,30.798,30.842
5229912,5228947,1698129240,30.844,30.841
5228136,5232681,1698129300,30.841,30.901
5229518,5228246,1698129360,30.902,30.863
5233024,5233579,1698129420,30.863,30.819
5233580,5232648,1698129480,30.818,30.871
5233722,5234656,1698129540,30.871,30.851
5237136,5240100,1698129600,30.851,30.93
5241919,5240329,1698129660,30.929,30.862
5241422,5242842,1698129720,30.862,30.825
5242331,5243561,1698129780,30.827,30.834
5243934,5245007,1698129840,30.834,30.842
5245665,5249789,1698129900,30.842,30.889
5251996,5249425,1698129960,30.888,30.939
5248138,5246525,1698130020,30.94,30.94
5246999,5247950,1698130080,30.942,30.944
5246908,5244798,1698130140,30.945,30.892
5245640,5246559,1698130200,30.892,30.945
5246509,5250718,1698130260,30.945,30.903
5250816,5251961,1698130320,30.904,30.92
5253817,5255673,1698130380,30.921,30.865
5254690,5257085,1698130440,30.863,30.786
5256327,5253344,1698130500,30.785,30.733
5253007,5252695,1698130560,30.733,30.791
5251701,5254563,1698130620,30.793,30.825
5255561,5254281,1698130680,30.826,30.886
5254306,5258568,1698130740,30.886,30.887
5258670,5258307,1698130800,30.887,30.911
5258659,5259609,1698130860,30.911,30.913
5258138,5259292,1698130920,30.912,30.841
5258913,5264549,1698130980,30.841,30.818
5261597,5261610,1698131040,30.814,30.872
5261246,5262927,1698131100,30.873,30.845
5262732,5260925,1698131160,30.847,30.926
5263460,5263888,1698131220,30.926,30.904
5264334,5267173,1698131280,30.899,30.925
5267112,5267960,1698131340,30.925,30.906
5268716,5266169,1698131400,30.906,30.869
5265324,5264136,1698131460,30.868,30.849
5263232,5263319,1698131520,30.849,30.833
5262687,5262072,1698131580,30.833,30.907
5262404,5260419,1698131640,30.908,30.889
5260773,5260231,1698131700,30.889,30.882
5260571,5259607,1698131760,30.883,30.826
5259998,5259122,1698131820,30.827,30.903
5258396,5262024,1698131880,30.903,30.964
5263123,5264163,1698131940,30.964,31.049
5269381,5268911,1698132000,31.047,31.069
5270843,5271010,1698132060,31.07,31.054
5270363,5270791,1698132120,31.053,31.025
5271264,5268378,1698132180,31.022,31.015
5268875,5265697,1698132240,31.016,30.975
5266636,5268441,1698132300,30.975,30.939
5266627,5268970,1698132360,30.939,30.876
5263452,5262748,1698132420,30.876,30.854
5262753,5265285,1698132480,30.856,30.861
5265008,5265653,1698132540,30.862,30.817
5269748,5269638,1698132600,30.816,30.838
5268505,5269803,1698132660,30.838,30.89
5268740,5267161,1698132720,30.891,30.844
5267108,5267702,1698132780,30.844,30.787
5266402,5267383,1698132840,30.785,30.855
5271971,5270272,1698132900,30.855,30.849
5271668,5276186,1698132960,30.849,30.886
5274075,5273159,1698133020,30.884,30.872
5274306,5274413,1698133080,30.875,30.905
5273370,5276753,1698133140,30.905,30.909
5278469,5277272,1698133200,30.907,30.954
5277493,5274345,1698133260,30.953,31.015
5274107,5274669,1698133320,31.015,30.998
5273765,5274336,1698133380,30.998,31.056
5275707,5274911,1698133440,31.055,31.064
5276890,5273547,1698133500,31.064,31.13
5270869,5271055,1698133560,31.133,31.117
5269774,5268822,1698133620,31.117,31.111
5267997,5267203,1698133680,31.112,31.076
5266478,5266662,1698133740,31.077,31.156
5264496,5259834,1698133800,31.157,31.217
5258415,5258194,1698133860,31.215,31.187
5262791,5263365,1698133920,31.185,31.231
5260354,5257360,1698133980,31.231,31.203
5256893,5257019,1698134040,31.205,31.191
5258102,5258954,1698134100,31.19,31.184
5258782,5258329,1698134160,31.184,31.216
5258752,5261793,1698134220,31.213,31.201
5260196,5260394,1698134280,31.202,31.217
5262975,5260493,1698134340,31.216,31.237
5261299,5261630,1698134400,31.237,31.175
5261004,5259318,1698134460,31.176,31.192
5261056,5260253,1698134520,31.19,31.216
5261149,5262194,1698134580,31.216,31.286
5261960,5261769,1698134640,31.287,31.287
5262796,5261261,1698134700,31.287,31.283
5262720,5260580,1698134760,31.28,31.305
5260270,5250819,1698134820,31.305,31.339
5248474,5237091,1698134880,31.337,31.338
5236400,5237910,1698134940,31.337,31.367
5236055,5238747,1698135000,31.367,31.4
5234461,5230176,1698135060,31.392,31.409
5231581,5240024,1698135120,31.409,31.406
5240560,5241793,1698135180,31.408,31.409
5242891,5242343,1698135240,31.409,31.412
5245709,5245620,1698135300,31.412,31.399
5246559,5242340,1698135360,31.396,31.349
5233526,5231528,1698135420,31.348,31.315
5232190,5236363,1698135480,31.314,31.34
5236655,5238941,1698135540,31.34,31.303
5240465,5246715,1698135600,31.304,31.327
5246695,5247956,1698135660,31.329,31.377
5247322,5249210,1698135720,31.378,31.346
5248908,5248008,1698135780,31.347,31.402
5247365,5246980,1698135840,31.404,31.412
5246439,5243998,1698135900,31.413,31.426
5244041,5247428,1698135960,31.426,31.406
5247061,5245124,1698136020,31.405,31.424
5246466,5246122,1698136080,31.421,31.407
5245468,5245337,1698136140,31.406,31.391
5245785,5244796,1698136200,31.391,31.391
5246427,5245683,1698136260,31.39,31.376
5247225,5245404,1698136320,31.38,31.452
5245301,5245981,1698136380,31.452,31.37
5246832,5247933,1698136440,31.37,31.375
5246674,5249752,1698136500,31.374,31.336
5249512,5250266,1698136560,31.337,31.32
5251402,5252925,1698136620,31.316,31.356
5253241,5254465,1698136680,31.355,31.386
5251346,5251500,1698136740,31.386,31.412
5251664,5253496,1698136800,31.412,31.379
5254704,5256498,1698136860,31.38,31.365
5251989,5252053,1698136920,31.368,31.403
5252581,5255999,1698136980,31.404,31.443
5260157,5264559,1698137040,31.443,31.44
5259883,5259794,1698137100,31.441,31.394
5259463,5256981,1698137160,31.395,31.418
5257109,5256168,1698137220,31.417,31.435
5264794,5267555,1698137280,31.438,31.399
5264981,5267149,1698137340,31.397,31.398
5267662,5267930,1698137400,31.398,31.367
5267586,5267485,1698137460,31.366,31.415
5266938,5268683,1698137520,31.415,31.45
5267736,5267182,1698137580,31.448,31.396
5266602,5264852,1698137640,31.399,31.449
5265588,5267063,1698137700,31.449,31.486
5255987,5246926,1698137760,31.487,31.515
5248972,5247355,1698137820,31.515,31.469
5247117,5246770,1698137880,31.471,31.478
5244545,5245579,1698137940,31.478,31.484
5245068,5247078,1698138000,31.485,31.486
5248737,5244561,1698138060,31.485,31.4
5244531,5241219,1698138120,31.402,31.365
5242833,5244985,1698138180,31.361,31.349
5245030,5245699,1698138240,31.35,31.354
5249149,5249531,1698138300,31.354,31.435
5250639,5250635,1698138360,31.436,31.359
5250475,5249845,1698138420,31.359,31.369
5250009,5251254,1698138480,31.368,31.355
5251232,5253933,1698138540,31.357,31.372
5254900,5254920,1698138600,31.375,31.373
5254990,5253206,1698138660,31.371,31.421
5252577,5252378,1698138720,31.422,31.441
5252613,5253204,1698138780,31.446,31.459
5253270,5252201,1698138840,31.458,31.487
5252299,5251742,1698138900,31.484,31.49
5252494,5250395,1698138960,31.488,31.365
5250075,5249876,1698139020,31.363,31.354
5246298,5245851,1698139080,31.351,31.398
5245996,5247796,1698139140,31.399,31.39
5248598,5249336,1698139200,31.393,31.435
5247767,5248156,1698139260,31.434,31.461
5251380,5251002,1698139320,31.463,31.463
5249712,5251022,1698139380,31.465,31.459
5251699,5251844,1698139440,31.459,31.427
5253326,5250844,1698139500,31.427,31.441
5250553,5249126,1698139560,31.441,31.429
5248489,5249021,1698139620,31.429,31.439
5249970,5249338,1698139680,31.438,31.438
5249582,5250732,1698139740,31.438,31.445
5250300,5249786,1698139800,31.446,31.443
5249252,5247515,1698139860,31.443,31.48
5246459,5247358,1698139920,31.479,31.493
5246058,5239232,1698139980,31.493,31.532
5239629,5242978,1698140040,31.531,31.538
5242538,5241313,1698140100,31.537,31.546
5241827,5244377,1698140160,31.547,31.521
5244932,5248268,1698140220,31.521,31.582
5246199,5236947,1698140280,31.582,31.618
5236807,5237978,1698140340,31.617,31.617
5237359,5235358,1698140400,31.616,31.628
5229847,5226837,1698140460,31.627,31.661
5225843,5214822,1698140520,31.665,31.746
5216036,5217725,1698140580,31.742,31.663
5217956,5217002,1698140640,31.663,31.64
5217517,5217767,1698140700,31.642,31.68
5216777,5235189,1698140760,31.68,31.749
5233733,5230973,1698140820,31.748,31.794
5230628,5225540,1698140880,31.794,31.702
5222686,5217414,1698140940,31.701,31.684
5217236,5221442,1698141000,31.684,31.718
5223391,5231840,1698141060,31.719,31.725
5233244,5232200,1698141120,31.726,31.735
5234022,5232709,1698141180,31.735,31.727
5233033,5234334,1698141240,31.726,31.701
5233828,5234462,1698141300,31.7,31.662
5230113,5226489,1698141360,31.663,31.617
5223774,5220516,1698141420,31.617,31.609
5220269,5225753,1698141480,31.609,31.566
5227920,5225029,1698141540,31.566,31.616
5223937,5224464,1698141600,31.617,31.605
5223463,5221512,1698141660,31.606,31.715
5220947,5225216,1698141720,31.715,31.72
5224012,5232996,1698141780,31.72,31.723
5231685,5231163,1698141840,31.722,31.736
5230895,5235061,1698141900,31.735,31.743
5239349,5238640,1698141960,31.741,31.759
5230696,5238738,1698142020,31.758,31.789
5236378,5234967,1698142080,31.789,31.766
5236111,5238050,1698142140,31.765,31.749
5236021,5230325,1698142200,31.749,31.649
5227813,5223676,1698142260,31.65,31.634
5223446,5221764,1698142320,31.635,31.582
5221881,5219718,1698142380,31.582,31.599
5216546,5214899,1698142440,31.6,31.594
5215926,5217305,1698142500,31.592,31.572
5216692,5217792,1698142560,31.572,31.659
5217629,5218013,1698142620,31.663,31.64
5216936,5219988,1698142680,31.639,31.681
5219565,5219565,1698142740,31.683,31.63
5218873,5216791,1698142800,31.63,31.57
5216653,5219114,1698142860,31.571,31.621
5215668,5217322,1698142920,31.619,31.595
5219238,5220507,1698142980,31.596,31.591
5220784,5221253,1698143040,31.592,31.614
5222031,5227108,1698143100,31.613,31.62
5227242,5225824,1698143160,31.62,31.592
5226677,5225699,1698143220,31.596,31.627
5226580,5227980,1698143280,31.628,31.679
5232907,5232096,1698143340,31.679,31.715
5231455,5236176,1698143400,31.71,31.781
5234652,5231172,1698143460,31.782,31.711
5231157,5233455,1698143520,31.711,31.711
5234447,5233792,1698143580,31.711,31.697
5235348,5235435,1698143640,31.696,31.693
5236333,5238360,1698143700,31.691,31.679
5237467,5235508,1698143760,31.679,31.617
5230536,5227387,1698143820,31.616,31.609
5227746,5230272,1698143880,31.609,31.639
5231607,5231849,1698143940,31.64,31.691
5230309,5230878,1698144000,31.688,31.613
5231576,5231695,1698144060,31.613,31.593
5233194,5235187,1698144120,31.594,31.633
5234631,5236103,1698144180,31.633,31.67
5239428,5240505,1698144240,31.672,31.667
5240200,5239562,1698144300,31.666,31.66
5239741,5238935,1698144360,31.66,31.653
5241862,5243138,1698144420,31.652,31.671
5241289,5242588,1698144480,31.672,31.688
5242695,5242653,1698144540,31.688,31.699
5243516,5239092,1698144600,31.7,31.607
5239201,5238664,1698144660,31.606,31.568
5237574,5237850,1698144720,31.567,31.637
5236501,5236724,1698144780,31.633,31.653
5236195,5236587,1698144840,31.652,31.594
5237107,5231297,1698144900,31.594,31.643
5228455,5227919,1698144960,31.643,31.664
5227127,5224189,1698145020,31.661,31.736
5225191,5226534,1698145080,31.735,31.709
5219932,5219932,1698145140,31.708,31.712
5220608,5221013,1698145200,31.712,31.692
5221045,5220623,1698145260,31.694,31.727
5220776,5219097,1698145320,31.726,31.76
5222230,5220602,1698145380,31.76,31.661
5218022,5218599,1698145440,31.66,31.728
5216965,5216439,1698145500,31.728,31.674
5215590,5216682,1698145560,31.672,31.76
5217184,5217773,1698145620,31.761,31.738
5217531,5219943,1698145680,31.734,31.723
5219219,5219942,1698145740,31.723,31.753
5220034,5219283,1698145800,31.754,31.75
5218385,5218208,1698145860,31.75,31.765
5220978,5219886,1698145920,31.766,31.818
5219141,5212467,1698145980,31.811,31.813
5201612,5191477,1698146040,31.811,31.889
5191499,5189698,1698146100,31.889,31.904
5188889,5179772,1698146160,31.904,31.741
5177705,5176001,1698146220,31.742,31.789
5178344,5179387,1698146280,31.79,31.857
5180461,5180169,1698146340,31.858,31.91
5178074,5183045,1698146400,31.913,31.845
5183105,5184651,1698146460,31.849,31.774
5183485,5184326,1698146520,31.78,31.839
5184380,5189440,1698146580,31.839,31.737
5188805,5178209,1698146640,31.737,31.727
5180058,5181115,1698146700,31.734,31.743
5181915,5178987,1698146760,31.743,31.798
5176766,5176547,1698146820,31.796,31.719
5178403,5178431,1698146880,31.719,31.808
5177624,5174980,1698146940,31.808,31.755
5175247,5173749,1698147000,31.757,31.773
5174500,5172235,1698147060,31.773,31.749
5172393,5167748,1698147120,31.748,31.833
5170773,5160330,1698147180,31.835,31.882
5159273,5163059,1698147240,31.883,31.802
5162001,5163020,1698147300,31.801,31.774
5162931,5166725,1698147360,31.774,31.671
5168995,5160934,1698147420,31.672,31.625
5159624,5158737,1698147480,31.625,31.579
5161038,5161333,1698147540,31.58,31.641
5158675,5159494,1698147600,31.642,31.646
5158486,5157826,1698147660,31.648,31.674
5158292,5157259,1698147720,31.677,31.674
5159166,5157315,1698147780,31.674,31.593
5157368,5159595,1698147840,31.594,31.589
5157400,5145710,1698147900,31.589,31.622
5145664,5144736,1698147960,31.623,31.715
5145131,5148028,1698148020,31.713,31.675
5147822,5147072,1698148080,31.674,31.708
5145731,5145566,1698148140,31.708,31.676
5145186,5145160,1698148200,31.675,31.703
5145303,5143594,1698148260,31.705,31.752
5142738,5141898,1698148320,31.754,31.763
5140627,5140006,1698148380,31.763,31.739
5138436,5139485,1698148440,31.739,31.746
5139343,5141470,1698148500,31.745,31.881
5142444,5141747,1698148560,31.882,31.832
5141923,5142492,1698148620,31.833,31.831
5140913,5142197,1698148680,31.829,31.79
5143639,5143399,1698148740,31.789,31.833
5144511,5146288,1698148800,31.834,31.765
5144883,5148493,1698148860,31.762,31.837
5150837,5151322,1698148920,31.837,31.797
5150269,5150644,1698148980,31.8,31.868
5152256,5148013,1698149040,31.869,31.987
5147749,5138642,1698149100,31.988,31.99
5141837,5142977,1698149160,31.989,31.919
5144458,5152586,1698149220,31.918,32.019
5174955,5175218,1698149280,32.02,32.088
5175429,5175566,1698149340,32.089,32.016
5176156,5175421,1698149400,32.018,31.939
5171591,5166503,1698149460,31.937,31.816
5173616,5177799,1698149520,31.817,31.95
5180792,5181993,1698149580,31.951,31.9
5186088,5185746,1698149640,31.901,31.863
5189286,5183826,1698149700,31.86,31.822
5183337,5183153,1698149760,31.822,31.861
5183726,5181988,1698149820,31.861,31.801
5183296,5182920,1698149880,31.801,31.755
5181503,5181088,1698149940,31.756,31.779
5188300,5188515,1698150000,31.781,31.856
5190317,5191824,1698150060,31.86,31.797
5191961,5193210,1698150120,31.796,31.815
5192800,5194210,1698150180,31.816,31.789
5192779,5193391,1698150240,31.789,31.78
5197215,5197286,1698150300,31.779,31.713
5191650,5190202,1698150360,31.713,31.799
5190958,5184844,1698150420,31.798,31.668
5183549,5183833,1698150480,31.669,31.715
5184279,5185283,1698150540,31.715,31.716
5185361,5185200,1698150600,31.713,31.705
5184940,5182602,1698150660,31.706,31.768
5183534,5182815,1698150720,31.77,31.806
5183674,5185227,1698150780,31.807,31.858
5185370,5184915,1698150840,31.859,31.936
5187357,5184072,1698150900,31.933,32.178
5176493,5190260,1698150960,32.177,32.187
5186559,5187921,1698151020,32.187,32.158
5197382,5200726,1698151080,32.154,32.165
5204126,5202037,1698151140,32.164,32.179
5203842,5203926,1698151200,32.18,32.183
5206734,5206453,1698151260,32.184,32.242
5206673,5207550,1698151320,32.242,32.236
5204606,5210361,1698151380,32.235,32.239
5212539,5209939,1698151440,32.24,32.204
5215905,5212746,1698151500,32.205,32.157
5216024,5208775,1698151560,32.155,32.109
5209892,5212328,1698151620,32.107,32.135
5215530,5214773,1698151680,32.136,32.066
5214110,5214252,1698151740,32.065,32.04
5212265,5213312,1698151800,32.039,32.012
5206257,5207648,1698151860,32.019,32.09
5209544,5211414,1698151920,32.09,32.088
5213476,5215771,1698151980,32.088,32.004
5217702,5198506,1698152040,32.004,31.847
5200257,5198621,1698152100,31.841,31.862
5197259,5200903,1698152160,31.862,31.935
5199869,5200488,1698152220,31.94,31.849
5194947,5192133,1698152280,31.851,31.858
5190710,5192185,1698152340,31.857,31.885
5193129,5188084,1698152400,31.884,31.794
5187009,5185669,1698152460,31.794,31.712
5185370,5186954,1698152520,31.713,31.747
5184802,5189398,1698152580,31.746,31.712
5189615,5183539,1698152640,31.71,31.607
5185423,5184328,1698152700,31.608,31.614
5188939,5190473,1698152760,31.615,31.69
5192874,5192857,1698152820,31.685,31.723
5192799,5193996,1698152880,31.719,31.608
5193148,5194450,1698152940,31.607,31.666
5193408,5195116,1698153000,31.667,31.617
5205255,5100642,1698153060,31.615,31.188
5098338,5102366,1698153120,31.186,31.416
5103566,5107316,1698153180,31.418,31.419
5105434,5105489,1698153240,31.422,31.462
5107090,5108126,1698153300,31.462,31.345
5107981,5115065,1698153360,31.347,31.451
5119667,5122463,1698153420,31.45,31.558
5132009,5134904,1698153480,31.558,31.577
5137780,5127233,1698153540,31.573,31.567
5126245,5126857,1698153600,31.564,31.581
5127606,5127246,1698153660,31.58,31.608
5127915,5128308,1698153720,31.608,31.6
5127225,5123348,1698153780,31.599,31.583
5123969,5124178,1698153840,31.586,31.616
5124240,5126882,1698153900,31.615,31.585
5128993,5129435,1698153960,31.585,31.568
5127942,5124982,1698154020,31.567,31.513
5122297,5122094,1698154080,31.513,31.542
5122405,5121943,1698154140,31.541,31.532
5123346,5119410,1698154200,31.534,31.602
5118452,5117162,1698154260,31.604,31.675
5115391,5116300,1698154320,31.674,31.611
5116206,5113000,1698154380,31.611,31.692
5103401,5103662,1698154440,31.689,31.648
5102458,5101851,1698154500,31.649,31.581
5103453,5101650,1698154560,31.582,31.529
5100194,5099182,1698154620,31.529,31.512
5098043,5097458,1698154680,31.513,31.501
5096558,5096091,1698154740,31.502,31.557
5096441,5096125,1698154800,31.548,31.595
5097318,5096434,1698154860,31.597,31.553
5095870,5094984,1698154920,31.555,31.579
5094721,5095504,1698154980,31.58,31.597
5094885,5094844,1698155040,31.602,31.646
5095059,5094850,1698155100,31.645,31.543
5096163,5098284,1698155160,31.542,31.542
5099184,5099704,1698155220,31.54,31.619
5100630,5097134,1698155280,31.616,31.618
5096678,5095423,1698155340,31.612,31.582
5095275,5096674,1698155400,31.583,31.525
5096071,5073655,1698155460,31.524,31.435
5072554,5071328,1698155520,31.429,31.476
5070314,5070443,1698155580,31.477,31.541
5070617,5067427,1698155640,31.541,31.581
5067979,5067956,1698155700,31.582,31.589
5067750,5065294,1698155760,31.589,31.603
5064976,5064958,1698155820,31.603,31.62
5064629,5065863,1698155880,31.617,31.654
5065923,5065232,1698155940,31.654,31.634
5062544,5060341,1698156000,31.635,31.694
5059757,5061662,1698156060,31.694,31.599
5059902,5058741,1698156120,31.598,31.587
5060846,5057823,1698156180,31.587,31.557
5061585,5061638,1698156240,31.557,31.55
5063124,5063303,1698156300,31.548,31.562
5062540,5063776,1698156360,31.56,31.544
5065440,5065675,1698156420,31.543,31.491
5065537,5066094,1698156480,31.49,31.496
5065026,5064703,1698156540,31.496,31.52
5067035,5067896,1698156600,31.521,31.475
5067951,5069445,1698156660,31.473,31.512
5070723,5071913,1698156720,31.513,31.516
5071281,5070583,1698156780,31.517,31.463
5067982,5063672,1698156840,31.464,31.422
5066665,5066556,1698156900,31.421,31.479
5066786,5065502,1698156960,31.476,31.511
5074715,5075262,1698157020,31.512,31.478
5075241,5075169,1698157080,31.478,31.402
5071151,5070800,1698157140,31.4,31.477
5067019,5062735,1698157200,31.477,31.455
5064758,5063912,1698157260,31.454,31.408
5060802,5054476,1698157320,31.408,31.272
5046638,5045777,1698157380,31.268,31.354
5045471,5046814,1698157440,31.348,31.326
5042669,5042048,1698157500,31.325,31.281
5044549,5045969,1698157560,31.283,31.365
5045980,5046785,1698157620,31.364,31.314
5047762,5048166,1698157680,31.316,31.332
5048272,5048727,1698157740,31.333,31.367
5048191,5049009,1698157800,31.37,31.354
5051305,5051618,1698157860,31.352,31.428
5050251,5048354,1698157920,31.429,31.351
5047437,5049541,1698157980,31.351,31.435
5049641,5052876,1698158040,31.435,31.362
5049900,5049368,1698158100,31.36,31.373
5055702,5059601,1698158160,31.374,31.465
5057421,5057091,1698158220,31.466,31.5
5059144,5057452,1698158280,31.496,31.559
5057032,5058224,1698158340,31.559,31.56
5058978,5058092,1698158400,31.558,31.519
5058543,5056223,1698158460,31.519,31.517
5056180,5056180,1698158520,31.516,31.499
5056374,5060218,1698158580,31.5,31.481
5060052,5058575,1698158640,31.481,31.532
5059282,5060364,1698158700,31.532,31.546
5061076,5062317,1698158760,31.545,31.587
5064925,5062063,1698158820,31.586,31.638
5061669,5062936,1698158880,31.637,31.663
5063697,5063317,1698158940,31.663,31.656
5063992,5069250,1698159000,31.656,31.641
5066043,5067648,1698159060,31.645,31.696
5069710,5068943,1698159120,31.695,31.733
5070924,5063178,1698159180,31.734,31.806
5061900,5065609,1698159240,31.805,31.832
5070116,5072349,1698159300,31.833,31.824
5070719,5069667,1698159360,31.823,31.811
5069010,5069043,1698159420,31.768,31.863
5077336,5077336,1698159480,31.864,31.82
5078723,5078626,1698159540,31.821,31.894
5087932,5086005,1698159600,31.889,31.838
5083826,5081565,1698159660,31.84,31.837
5083446,5084229,1698159720,31.838,31.913
5092752,5091134,1698159780,31.912,31.848
5093519,5095386,1698159840,31.847,31.919
5096051,5098813,1698159900,31.92,31.953
5100071,5102564,1698159960,31.952,32.047
5101181,5106379,1698160020,32.045,32.109
5109946,5119764,1698160080,32.109,32.195
5114253,5116309,1698160140,32.195,32.261
5154489,5148458,1698160200,32.262,32.166
5145007,5147038,1698160260,32.169,32.115
5147194,5156325,1698160320,32.118,32.236
5167091,5195072,1698160380,32.236,32.44
5198256,5195770,1698160440,32.439,32.265
5193185,5228100,1698160500,32.263,32.289
5242104,5244045,1698160560,32.291,32.194
5239055,5237097,1698160620,32.196,32.085
5229946,5234405,1698160680,32.093,32.135
5233603,5209671,1698160740,32.136,31.958
5209543,5211321,1698160800,31.959,31.958
5204549,5210529,1698160860,31.958,31.85
5207459,5198779,1698160920,31.849,31.834
5208874,5212904,1698160980,31.72,31.631
5213305,5212072,1698161040,31.629,31.785
5219572,5221923,1698161100,31.686,31.683
5222850,5200670,1698161160,31.682,31.337
5194968,5189758,1698161220,31.345,31.554
5188787,5191889,1698161280,31.55,31.562
5194376,5194503,1698161340,31.562,31.298
5192365,5148634,1698161400,31.298,30.695
5140885,5126501,1698161460,30.696,30.986
5120223,5127451,1698161520,30.982,31.196
5122717,5105671,1698161580,31.193,31.404
5113698,5126011,1698161640,31.406,31.36
5120522,5118185,1698161700,31.364,31.238
5119856,5120577,1698161760,31.237,31.09
5110844,5096193,1698161820,31.088,30.874
5080621,5079252,1698161880,30.869,30.97
5081987,5091785,1698161940,30.968,30.551
5035904,5027418,1698162000,30.555,30.756
4981741,4961854,1698162060,30.752,30.476
4933225,4915802,1698162120,30.477,30.748
4915639,4936202,1698162180,30.746,30.767
4939481,4937384,1698162240,30.767,30.827
4940516,4944753,1698162300,30.826,30.911
4940339,4954636,1698162360,30.912,31.01
4965165,4967896,1698162420,31.013,31.01
4961908,4964927,1698162480,31.009,31.085
4969179,4971485,1698162540,31.126,31.134
4968740,4968685,1698162600,31.132,31.239
4965664,4963888,1698162660,31.237,31.035
4957856,4965548,1698162720,31.034,30.933
4965307,4966679,1698162780,30.931,31.028
4973105,4974160,1698162840,31.031,30.95
4979010,4980501,1698162900,30.951,30.957
4977002,4972050,1698162960,30.954,31.133
4978919,4980744,1698163020,31.134,30.979
4976085,4976909,1698163080,30.978,30.962
4981816,4980564,1698163140,30.963,30.894
4977755,4974051,1698163200,30.894,30.794
4959339,4961599,1698163260,30.797,30.601
4960331,4968381,1698163320,30.6,30.677
4969863,4970867,1698163380,30.679,30.514
4945423,4926554,1698163440,30.515,30.414
4927378,4914998,1698163500,30.411,30.357
4931218,4940737,1698163560,30.356,30.51
4938473,4915486,1698163620,30.5,30.66
4912521,4914028,1698163680,30.661,30.702
4926693,4925766,1698163740,30.701,30.778
4930112,4914792,1698163800,30.779,30.898
4910738,4918114,1698163860,30.901,30.92
4919540,4919540,1698163920,30.948,30.914
4917791,4921175,1698163980,30.907,30.814
4921436,4921436,1698164040,30.813,30.964
4940610,4940483,1698164100,30.969,30.96
4939160,4932625,1698164160,30.959,30.908
4932853,4936828,1698164220,30.906,31.068
4945343,4946989,1698164280,31.07,31.082
4954118,4958014,1698164340,31.083,30.95
4958366,4952209,1698164400,30.951,30.937
4938399,4937077,1698164460,30.933,30.91
4938739,4939863,1698164520,30.911,30.961
4940338,4945434,1698164580,30.96,30.944
4946596,4950555,1698164640,30.944,30.885
4951514,4951228,1698164700,30.885,30.866
4953948,4952873,1698164760,30.866,30.758
4947387,4945020,1698164820,30.757,30.763
4943669,4950240,1698164880,30.76,30.714
4950337,4949202,1698164940,30.711,30.7
4953220,4944439,1698165000,30.703,30.688
4940548,4943266,1698165060,30.69,30.681
4942714,4940800,1698165120,30.982,31.017
4938963,4937926,1698165180,31.018,31.029
4931170,4928158,1698165240,31.03,31.16
4928054,4920853,1698165300,31.156,31.117
4920645,4935211,1698165360,31.117,30.993
4929186,4928735,1698165420,30.995,31.054
4928930,4931488,1698165480,31.051,31.048
4932475,4927306,1698165540,31.047,30.967
4929446,4928201,1698165600,30.965,30.994
4928869,4930702,1698165660,30.992,31.018
4931383,4932347,1698165720,31.017,30.955
4931659,4933346,1698165780,30.955,30.983
4933744,4930786,1698165840,30.981,30.955
4931071,4919090,1698165900,30.954,30.894
4916012,4914343,1698165960,30.89,30.835
4914662,4914200,1698166020,30.839,30.844
4914480,4914654,1698166080,30.844,30.819
4916626,4923051,1698166140,30.816,30.8
4921584,4910179,1698166200,30.799,30.933
4910945,4911902,1698166260,30.93,30.951
4912914,4912589,1698166320,30.947,30.91
4912007,4910887,1698166380,30.911,30.945
4923706,4921919,1698166440,30.944,30.811
4914858,4913812,1698166500,30.811,30.815
4919213,4917614,1698166560,30.818,30.741
4921870,4925817,1698166620,30.742,30.663
4922669,4921619,1698166680,30.665,30.694
4918063,4919862,1698166740,30.693,30.652
4917528,4915609,1698166800,30.652,30.706
4916520,4917646,1698166860,30.707,30.671
4941404,4935031,1698166920,30.67,30.796
4932681,4932681,1698166980,30.797,30.764
4929490,4928559,1698167040,30.764,30.865
4925852,4924590,1698167100,30.866,30.944
4920974,4903657,1698167160,30.944,30.85
4902582,4902411,1698167220,30.851,30.933
4900789,4899492,1698167280,30.936,30.932
4897729,4896465,1698167340,30.934,30.89
4896547,4892898,1698167400,30.891,30.837
4893780,4894812,1698167460,30.837,30.786
4889826,4887837,1698167520,30.785,30.685
4904184,4904897,1698167580,30.686,30.715
4907912,4907046,1698167640,30.712,30.733
4907004,4908692,1698167700,30.732,30.713
4908965,4908553,1698167760,30.713,30.749
4907901,4912431,1698167820,30.747,30.727
4912004,4913041,1698167880,30.729,30.807
4913093,4911747,1698167940,30.804,30.824
4911029,4912589,1698168000,30.824,30.862
4910880,4911777,1698168060,30.862,30.82
4913778,4912735,1698168120,30.819,30.725
4911162,4911496,1698168180,30.72,30.731
4907650,4908267,1698168240,30.732,30.711
4907412,4908840,1698168300,30.71,30.802
4909958,4912556,1698168360,30.807,30.838
4911230,4910659,1698168420,30.838,30.745
4912979,4913197,1698168480,30.741,30.847
4913280,4918407,1698168540,30.846,30.888
4918605,4918172,1698168600,30.887,30.895
4917650,4918647,1698168660,30.893,30.795
4919134,4918579,1698168720,30.796,30.726
4915592,4906685,1698168780,30.726,30.718
4908829,4909989,1698168840,30.715,30.785
4907990,4907758,1698168900,30.783,30.842
4904520,4903733,1698168960,30.841,30.814
4901152,4901013,1698169020,30.812,30.795
4900950,4899514,1698169080,30.789,30.828
4899329,4898789,1698169140,30.827,30.83
4898481,4896924,1698169200,30.83,30.8
4899192,4896595,1698169260,30.799,30.734
4893252,4893109,1698169320,30.737,30.769
4892832,4892559,1698169380,30.771,30.813
4893024,4895619,1698169440,30.812,30.749
4899726,4900898,1698169500,30.749,30.716
4904559,4890317,1698169560,30.716,30.684
4889341,4889409,1698169620,30.683,30.606
4884740,4881820,1698169680,30.612,30.652
4886234,4898242,1698169740,30.654,30.604
4898984,4898309,1698169800,30.605,30.564
4896739,4895807,1698169860,30.561,30.647
4895565,4894134,1698169920,30.647,30.605
4897420,4901588,1698169980,30.605,30.614
4900905,4895912,1698170040,30.614,30.528
4895059,4886675,1698170100,30.528,30.506
4881942,4880542,1698170160,30.514,30.519
4879011,4879459,1698170220,30.522,30.471
4874749,4880023,1698170280,30.472,30.455
4879203,4878970,1698170340,30.454,30.475
4881084,4876506,1698170400,30.473,30.422
4876040,4877761,1698170460,30.425,30.473
4877328,4880560,1698170520,30.472,30.513
4880459,4883609,1698170580,30.512,30.435
4885268,4884706,1698170640,30.439,30.4
4881461,4884146,1698170700,30.406,30.313
4883693,4881203,1698170760,30.315,30.379
4882401,4885484,1698170820,30.38,30.482
4887465,4890993,1698170880,30.482,30.402
4890596,4895201,1698170940,30.398,30.49
4894992,4895473,1698171000,30.489,30.508
4896947,4894863,1698171060,30.505,30.465
4896794,4895397,1698171120,30.466,30.488
4895071,4898046,1698171180,30.49,30.526
4894923,4895231,1698171240,30.528,30.5
4896277,4896883,1698171300,30.5,30.52
4897203,4895475,1698171360,30.515,30.51
4895750,4901935,1698171420,30.512,30.364
4907198,4906367,1698171480,30.362,30.377
4908631,4907983,1698171540,30.371,30.362
4907920,4906515,1698171600,30.36,30.233
4902455,4904588,1698171660,30.237,30.13
4872469,4865197,1698171720,30.128,30.193
4869163,4869220,1698171780,30.189,30.128
4869980,4874512,1698171840,30.129,30.161
4872025,4881415,1698171900,30.164,30.058
4882931,4879337,1698171960,30.057,30.129
4879815,4875924,1698172020,30.131,30.123
4877181,4881712,1698172080,30.126,30.131
4879807,4881469,1698172140,30.132,30.106
4882740,4883617,1698172200,30.104,30.172
4884445,4885335,1698172260,30.171,30.207
4884089,4886242,1698172320,30.206,30.249
4886059,4885602,1698172380,30.248,30.334
4886551,4884639,1698172440,30.335,30.372
4882913,4877414,1698172500,30.373,30.38
4875679,4876244,1698172560,30.374,30.383
4879394,4879029,1698172620,30.383,30.428
4874889,4878185,1698172680,30.431,30.389
4878967,4878761,1698172740,30.387,30.418
4875241,4874732,1698172800,30.42,30.454
4873707,4874366,1698172860,30.454,30.412
4871091,4870225,1698172920,30.411,30.458
4870599,4866932,1698172980,30.458,30.498
4867191,4869790,1698173040,30.498,30.524
4869790,4867729,1698173100,30.525,30.607
4868108,4866252,1698173160,30.608,30.572
4869543,4870550,1698173220,30.568,30.625
4871142,4871520,1698173280,30.628,30.623
4872288,4871094,1698173340,30.623,30.632
4868834,4865855,1698173400,30.632,30.653
4866390,4873310,1698173460,30.656,30.663
4874113,4873365,1698173520,30.66,30.734
4877829,4873793,1698173580,30.732,30.752
4869467,4871487,1698173640,30.752,30.729
4867736,4864705,1698173700,30.729,30.682
4865393,4866377,1698173760,30.683,30.671
4865252,4859919,1698173820,30.673,30.688
4861373,4862657,1698173880,30.691,30.694
4864201,4865951,1698173940,30.693,30.675
4866378,4864798,1698174000,30.675,30.68
4865663,4865095,1698174060,30.68,30.74
4863537,4863826,1698174120,30.738,30.71
4861397,4861397,1698174180,30.707,30.755
4862009,4862427,1698174240,30.751,30.787
4864433,4865437,1698174300,30.787,30.742
4868777,4869560,1698174360,30.739,30.659
4872393,4869635,1698174420,30.658,30.634
4871526,4873023,1698174480,30.634,30.644
4872510,4872758,1698174540,30.646,30.658
4873040,4871743,1698174600,30.66,30.713
4872211,4872494,1698174660,30.714,30.718
4869012,4870258,1698174720,30.717,30.746
4873708,4873985,1698174780,30.743,30.777
4873979,4870187,1698174840,30.777,30.699
4868120,4865939,1698174900,30.698,30.644
4868487,4878421,1698174960,30.643,30.579
4876026,4879126,1698175020,30.582,30.513
4882041,4879906,1698175080,30.511,30.476
4874350,4871272,1698175140,30.476,30.474
4870482,4873703,1698175200,30.474,30.494
4872471,4876513,1698175260,30.493,30.563
4876986,4876567,1698175320,30.564,30.592
4879053,4879850,1698175380,30.592,30.515
4879516,4877415,1698175440,30.516,30.567
4878191,4877687,1698175500,30.565,30.571
4877781,4875686,1698175560,30.575,30.562
4875202,4874039,1698175620,30.561,30.553
4874289,4874384,1698175680,30.553,30.554
4877477,4875576,1698175740,30.555,30.56
4874875,4873497,1698175800,30.56,30.599
4873619,4875599,1698175860,30.597,30.634
4876036,4877341,1698175920,30.631,30.676
4876446,4876574,1698175980,30.675,30.624
4876921,4875884,1698176040,30.625,30.574
4877884,4879710,1698176100,30.573,30.514
4878267,4877531,1698176160,30.514,30.485
4877283,4876403,1698176220,30.486,30.5
4876585,4875011,1698176280,30.501,30.493
4875058,4869224,1698176340,30.493,30.574
4867516,4867059,1698176400,30.575,30.578
4867471,4863016,1698176460,30.577,30.533
4861196,4859080,1698176520,30.533,30.484
4858340,4857824,1698176580,30.484,30.508
4858099,4860850,1698176640,30.509,30.484
4861353,4862531,1698176700,30.484,30.518
4863486,4862845,1698176760,30.519,30.486
4863295,4861744,1698176820,30.488,30.523
4862024,4863000,1698176880,30.524,30.53
4863286,4862889,1698176940,30.53,30.587
4857799,4859573,1698177000,30.587,30.641
4855440,4856238,1698177060,30.639,30.583
4855181,4855399,1698177120,30.582,30.537
4855444,4858505,1698177180,30.536,30.488
4858398,4858432,1698177240,30.488,30.472
4859400,4859347,1698177300,30.472,30.528
4857892,4860348,1698177360,30.526,30.477
4862341,4861532,1698177420,30.477,30.517
4861349,4861294,1698177480,30.517,30.537
4861369,4860120,1698177540,30.535,30.496
4861599,4861479,1698177600,30.495,30.534
4871382,4871547,1698177660,30.535,30.552
4871791,4869607,1698177720,30.553,30.412
4866036,4867629,1698177780,30.413,30.342
4866976,4866129,1698177840,30.342,30.417
4864829,4868125,1698177900,30.42,30.355
4869595,4871641,1698177960,30.356,30.331
4872693,4872375,1698178020,30.332,30.388
4872982,4879934,1698178080,30.39,30.379
4883588,4884696,1698178140,30.379,30.408
4884802,4888236,1698178200,30.407,30.456
4891009,4889365,1698178260,30.457,30.548
4888619,4890221,1698178320,30.548,30.573
4893719,4891563,1698178380,30.571,30.524
4892039,4893089,1698178440,30.522,30.497
4892787,4892172,1698178500,30.495,30.491
4891820,4893195,1698178560,30.488,30.458
4893566,4893663,1698178620,30.459,30.446
4893296,4893305,1698178680,30.446,30.493
4893144,4893371,1698178740,30.493,30.544
4892506,4891190,1698178800,30.545,30.565
4890913,4888657,1698178860,30.565,30.657
4884475,4878814,1698178920,30.657,30.696
4881191,4880382,1698178980,30.699,30.656
4881217,4880846,1698179040,30.657,30.593
4881191,4883164,1698179100,30.595,30.615
4882965,4882836,1698179160,30.615,30.64
4884002,4882413,1698179220,30.641,30.616
4882695,4883608,1698179280,30.616,30.593
4882774,4882738,1698179340,30.59,30.631
4882552,4883880,1698179400,30.634,30.588
4887668,4886601,1698179460,30.588,30.593
4886866,4887776,1698179520,30.592,30.574
4887568,4887648,1698179580,30.575,30.638
4887940,4888821,1698179640,30.637,30.644
4889603,4889331,1698179700,30.644,30.737
4890633,4895694,1698179760,30.734,30.699
4898279,4903132,1698179820,30.698,30.782
4902501,4902076,1698179880,30.78,30.724
4902428,4905205,1698179940,30.724,30.717
4904471,4904262,1698180000,30.715,30.683
4904299,4904313,1698180060,30.684,30.738
4901969,4903368,1698180120,30.738,30.674
4903327,4907112,1698180180,30.681,30.483
4887014,4973007,1698180240,30.482,30.211
4944575,4939722,1698180300,30.212,30.275
4938216,4918554,1698180360,30.276,30.325
4917094,4914940,1698180420,30.326,30.328
4911187,4912487,1698180480,30.329,30.382
4913943,4915835,1698180540,30.383,30.335
4916686,4917072,1698180600,30.335,30.388
4914296,4916424,1698180660,30.388,30.37
4915519,4912063,1698180720,30.37,30.281
4910439,4910149,1698180780,30.282,30.244
4909677,4883299,1698180840,30.242,30.181
4874780,4863101,1698180900,30.181,30.115
4860274,4859222,1698180960,30.115,30.179
4857903,4859252,1698181020,30.175,30.193
4854712,4853274,1698181080,30.195,30.126
4853201,4857455,1698181140,30.127,30.163
4861795,4862273,1698181200,30.162,30.098
4869472,4868033,1698181260,30.1,30.013
4874493,4883234,1698181320,30.014,30.05
4881861,4886166,1698181380,30.052,29.964
4902032,4898615,1698181440,29.965,29.886
4884606,4881199,1698181500,29.885,29.874
4877654,4878459,1698181560,29.879,29.833
4894424,4946980,1698181620,29.833,29.777
4956254,4967456,1698181680,29.779,29.633
4970100,5001732,1698181740,29.633,29.55
5010184,4988714,1698181800,29.55,29.635
4993734,5005075,1698181860,29.636,29.76
5021001,5022642,1698181920,29.758,29.754
5024270,5027070,1698181980,29.752,29.743
5030702,5031458,1698182040,29.743,29.82
5021595,5020676,1698182100,29.82,29.85
5020824,5022541,1698182160,29.851,29.886
5018567,5022671,1698182220,29.885,29.937
5018627,5015325,1698182280,29.937,30.022
5007652,4999209,1698182340,30.021,30.012
5001665,4996981,1698182400,30.013,29.992
4994818,4995520,1698182460,29.992,30.07
4994528,4990550,1698182520,30.07,30.084
4991566,4987063,1698182580,30.081,30.06
4995035,4991789,1698182640,30.055,30.132
4967372,4968290,1698182700,30.129,30.156
4967626,4965694,1698182760,30.155,30.115
4963139,4961244,1698182820,30.115,30.108
4955138,4954236,1698182880,30.109,30.114
4954372,4959495,1698182940,30.114,30.141
4954462,4953329,1698183000,30.141,30.176
4952539,4950421,1698183060,30.174,30.118
4952665,4953409,1698183120,30.119,30.191
4952737,4953290,1698183180,30.192,30.197
4949643,4949688,1698183240,30.196,30.196
4946966,4946378,1698183300,30.195,30.174
4946432,4946884,1698183360,30.176,30.019
4932963,4930478,1698183420,30.021,29.986
4927513,4926681,1698183480,29.986,29.977
4926637,4934984,1698183540,29.976,29.885
4943761,4940886,1698183600,29.884,29.876
4943965,4943886,1698183660,29.875,29.955
4944584,4943663,1698183720,29.954,29.932
4944144,4943636,1698183780,29.933,29.982
4944193,4944072,1698183840,29.98,29.976
4942937,4948131,1698183900,29.977,29.953
4948712,4953389,1698183960,29.953,29.925
4953256,4953135,1698184020,29.925,29.927
4953283,4952161,1698184080,29.926,29.859
4948478,4951862,1698184140,29.859,29.864
4951512,4951219,1698184200,29.862,29.946
4950672,4950862,1698184260,29.948,30.059
4944170,4945753,1698184320,30.06,30.105
4944457,4923770,1698184380,30.106,30.326
4932744,4932766,1698184440,30.326,30.338
4937024,4942969,1698184500,30.337,30.318
4943914,4944510,1698184560,30.318,30.445
4945492,4949304,1698184620,30.44,30.428
4952250,4944695,1698184680,30.428,30.457
4946410,4951903,1698184740,30.454,30.407
4950351,4950066,1698184800,30.407,30.226
4930666,4930171,1698184860,30.225,30.21
4930971,4931232,1698184920,30.208,30.177
4931673,4927284,1698184980,30.178,30.137
4928967,4936016,1698185040,30.132,30.16
4937978,4937253,1698185100,30.16,30.079
4940161,4941311,1698185160,30.078,30.148
4940032,4938472,1698185220,30.149,30.135
4940187,4939352,1698185280,30.136,30.183
4938648,4932597,1698185340,30.187,30.149
4933082,4935385,1698185400,30.149,30.179
4936082,4936664,1698185460,30.179,30.232
4932514,4933565,1698185520,30.231,30.171
4933305,4934365,1698185580,30.172,30.139
4934387,4935572,1698185640,30.136,30.1
4933565,4934466,1698185700,30.101,30.045
4932137,4923881,1698185760,30.046,29.952
4931555,4945479,1698185820,29.951,29.876
4946062,4947358,1698185880,29.878,29.92
4947760,4948029,1698185940,29.92,29.956
4949109,4947578,1698186000,29.957,29.939
4950277,4950290,1698186060,29.94,29.983
4950996,4945900,1698186120,29.984,29.985
4941272,4944887,1698186180,29.985,30.018
4945533,4946229,1698186240,30.019,30.059
4947229,4955731,1698186300,30.058,30.063
4958960,4965376,1698186360,30.07,30.14
4957734,4954478,1698186420,30.142,30.089
4953688,4955834,1698186480,30.09,30.078
4955433,4954430,1698186540,30.078,30.025
4955809,4956196,1698186600,30.027,29.954
4953608,4953138,1698186660,29.951,29.955
4954449,4955811,1698186720,29.955,30.042
4955288,4956382,1698186780,30.042,30.068
4955811,4947562,1698186840,30.066,30.035
4947562,4947562,1698186900,30.041,30.029
