"timestamp","OI_open","OI_close","price_close"
1697725860,202796427,202784821,0.15279
1697725920,202780684,202825016,0.15284
1697725980,202851516,202855401,0.15285
1697726040,202953145,203066638,0.15324
1697726100,203059553,203072244,0.15322
1697726160,202970110,202902313,0.15298
1697726220,202891320,202888471,0.15301
1697726280,202927258,202921433,0.15287
1697726340,202922619,202966425,0.15306
1697726400,203008113,203023169,0.15306
1697726460,203023750,203040494,0.15325
1697726520,203027480,202998085,0.15332
1697726580,202960415,202940042,0.15309
1697726640,202953394,202921812,0.15298
1697726700,202922919,202908533,0.15289
1697726760,202950961,202928192,0.15311
1697726820,202909400,202826040,0.15319
1697726880,202867107,202731337,0.15295
1697726940,202748645,202839749,0.15316
1697727000,202884920,202985060,0.15331
1697727060,202936015,202992030,0.15364
1697727120,202890023,202890023,0.15355
1697727180,202892899,202897047,0.15348
1697727240,202888967,202888079,0.15346
1697727300,202886479,202916256,0.15351
1697727360,202934319,202931294,0.15363
1697727420,203001408,203029741,0.15386
1697727480,203043032,203227664,0.15395
1697727540,203309823,203243758,0.15399
1697727600,203226157,203217100,0.1543
1697727660,203198876,203177255,0.15421
1697727720,203119615,203480278,0.1545
1697727780,203518172,203606721,0.15466
1697727840,203674043,203697691,0.15465
1697727900,203648990,203570088,0.15459
1697727960,203566139,203362907,0.1539
1697728020,203424366,203269671,0.15374
1697728080,203274759,203419372,0.15377
1697728140,203433653,203516684,0.15367
1697728200,203523322,203558555,0.15368
1697728260,203579530,203636179,0.15373
1697728320,203650473,203613283,0.15373
1697728380,203561000,203519975,0.15353
1697728440,203503086,203528803,0.15348
1697728500,203544487,203474096,0.15339
1697728560,203463432,203506873,0.15351
1697728620,203524811,203495502,0.15355
1697728680,203530127,203567430,0.15351
1697728740,203624890,203589661,0.15351
1697728800,203601659,203636126,0.15357
1697728860,203657548,203641584,0.15344
1697728920,203548023,203532809,0.15338
1697728980,203486898,203481055,0.15383
1697729040,203444593,203610713,0.15409
1697729100,203613823,203636539,0.15422
1697729160,203616023,203572981,0.15382
1697729220,203659255,203725526,0.15386
1697729280,203748432,203726174,0.1539
1697729340,203779256,203763302,0.15397
1697729400,203771732,203771514,0.15405
1697729460,203816835,203745244,0.15446
1697729520,203943793,203949479,0.1545
1697729580,204071232,204095262,0.15456
1697729640,204130876,204170927,0.15449
1697729700,204827799,203963861,0.15519
1697729760,203839778,203837483,0.15583
1697729820,203856536,203837685,0.15571
1697729880,203824373,203782880,0.15606
1697729940,203626187,203663690,0.15539
1697730000,203632800,203953020,0.15564
1697730060,203953701,203928820,0.15557
1697730120,203932662,203894128,0.1555
1697730180,203293022,203304859,0.1544
1697730240,202958256,202759098,0.15381
1697730300,202730995,202910810,0.15398
1697730360,203020749,202974187,0.15367
1697730420,202739767,202674907,0.15357
1697730480,202731703,202687116,0.15396
1697730540,202736944,202743818,0.1536
1697730600,202794553,202777059,0.15374
1697730660,202786529,202900476,0.1537
1697730720,202858273,202782969,0.15334
1697730780,202823966,202845175,0.15329
1697730840,202882387,202720587,0.15316
1697730900,202750070,202921378,0.15333
1697730960,202951036,202973060,0.15344
1697731020,202964205,202938508,0.15329
1697731080,202904771,202962598,0.15366
1697731140,203017239,202990008,0.15396
1697731200,202957706,202845983,0.15442
1697731260,202874186,202824557,0.15482
1697731320,202879809,202868274,0.15434
1697731380,202809770,202830153,0.15446
1697731440,202881863,202914683,0.15437
1697731500,203002740,203048271,0.15491
1697731560,203112575,203149840,0.15474
1697731620,203266273,203083147,0.15584
1697731680,203007736,203050120,0.1556
1697731740,202939693,202934439,0.15493
1697731800,203123740,203235060,0.15525
1697731860,203255074,203242307,0.15486
1697731920,203181337,203138398,0.15463
1697731980,203191224,203234672,0.1549
1697732040,203266612,203257196,0.15491
1697732100,203252930,203308495,0.15513
1697732160,203315826,203288619,0.15562
1697732220,203270191,203288763,0.15565
1697732280,203287164,203271305,0.15566
1697732340,203270749,203290903,0.15584
1697732400,203254535,203193606,0.15541
1697732460,203165646,203131326,0.1554
1697732520,203125393,203125393,0.15537
1697732580,203163014,203172119,0.15552
1697732640,203172235,203171603,0.15558
1697732700,203158826,203134125,0.1554
1697732760,203128390,203128390,0.15563
1697732820,203203057,203354053,0.15572
1697732880,203324842,203197386,0.15601
1697732940,203227506,203211707,0.15556
1697733000,203135944,203124054,0.15604
1697733060,203187101,203295340,0.15588
1697733120,203242844,203188090,0.15597
1697733180,203170801,203227221,0.15583
1697733240,203195142,203184048,0.15516
1697733300,203184285,203061844,0.15512
1697733360,203043014,203037888,0.15504
1697733420,202898855,202911139,0.15484
1697733480,202943343,203006781,0.15484
1697733540,203004136,202990838,0.15509
1697733600,202966964,202982450,0.15485
1697733660,202999124,202968926,0.15467
1697733720,202964984,202978996,0.15432
1697733780,202920317,202942791,0.15462
1697733840,202968929,202921513,0.15473
1697733900,202958696,202935378,0.15446
1697733960,202936377,202916615,0.1543
1697734020,202993996,203063593,0.15422
1697734080,203256863,203309871,0.15453
1697734140,203327991,203321345,0.15447
1697734200,203294461,203251985,0.15486
1697734260,203235761,203206188,0.15481
1697734320,203215588,203246256,0.15487
1697734380,203267966,203191695,0.15511
1697734440,203194010,203194010,0.15507
1697734500,203190419,203161104,0.15511
1697734560,203182369,203139135,0.15468
1697734620,203123711,203097436,0.15462
1697734680,203132388,203157286,0.15455
1697734740,203179411,203253017,0.15466
1697734800,203309839,203514398,0.15485
1697734860,203600935,203602440,0.15479
1697734920,203611242,203622935,0.15494
1697734980,203610368,203614040,0.1549
1697735040,203597078,203584256,0.15466
1697735100,203612845,203623335,0.15477
1697735160,203622458,203590221,0.15436
1697735220,203587954,203595398,0.15458
1697735280,203576112,203583697,0.15469
1697735340,203586842,203570053,0.15473
1697735400,203559645,203560815,0.15454
1697735460,203591663,203564448,0.15432
1697735520,203546730,203546296,0.15442
1697735580,203537833,203467351,0.15449
1697735640,203474590,203473685,0.15464
1697735700,203477079,203468024,0.15476
1697735760,203474020,203459569,0.15483
1697735820,203456174,203464129,0.15486
1697735880,203470694,203471047,0.15475
1697735940,203488070,203495154,0.1548
1697736000,203499812,203500837,0.15479
1697736060,203503164,203505841,0.15483
1697736120,203520671,203504040,0.15455
1697736180,203511823,203522242,0.15488
1697736240,203513186,203507564,0.15492
1697736300,203465040,203453199,0.15516
1697736360,203470350,203468996,0.15488
1697736420,203463390,203460736,0.15456
1697736480,203460736,203394947,0.15443
1697736540,203362427,203358758,0.1544
1697736600,203348995,203386586,0.15485
1697736660,203396041,203376347,0.15487
1697736720,203383627,203367966,0.15484
1697736780,203386290,203464694,0.15492
1697736840,203472480,203461590,0.15491
1697736900,203426712,203407233,0.15486
1697736960,203407495,203400838,0.15475
1697737020,203442506,203441455,0.15491
1697737080,203421895,203428487,0.15492
1697737140,203450948,203444471,0.15485
1697737200,203449570,203470510,0.15486
1697737260,203503436,203529465,0.15474
1697737320,203500015,203504424,0.15453
1697737380,203504803,203503807,0.15382
1697737440,203615201,203559147,0.15358
1697737500,203543118,203559999,0.15378
1697737560,203551636,203534557,0.15412
1697737620,203578057,203599920,0.15412
1697737680,203604497,203597336,0.15386
1697737740,203662391,203645765,0.15382
1697737800,203656222,203635011,0.15352
1697737860,203652750,203661493,0.15326
1697737920,203587276,203505720,0.15319
1697737980,203491969,203489973,0.15335
1697738040,203505316,203510915,0.15326
1697738100,203523897,203514779,0.15346
1697738160,203519559,203521093,0.15341
1697738220,203538831,203540189,0.15328
1697738280,203506530,203505656,0.15326
1697738340,203501222,203501222,0.15336
1697738400,203490208,203685862,0.15395
1697738460,203723381,203675044,0.15414
1697738520,203862995,203921602,0.1541
1697738580,203942504,203965537,0.1537
1697738640,203956080,203971343,0.15371
1697738700,203977320,204006409,0.15386
1697738760,203985860,203970556,0.15381
1697738820,204008165,203963788,0.15356
1697738880,203989981,203996972,0.1535
1697738940,203978519,203951583,0.15345
1697739000,203926596,203968659,0.15354
1697739060,203970760,203962440,0.15354
1697739120,203924910,203945400,0.15374
1697739180,203975444,203970871,0.15383
1697739240,203963887,203962968,0.15382
1697739300,203958512,203961722,0.1539
1697739360,203927856,203923363,0.15388
1697739420,203958294,203956360,0.15389
1697739480,203948388,204008230,0.15358
1697739540,204026627,204034762,0.15359
1697739600,204035906,204028895,0.15357
1697739660,204028895,204044646,0.15359
1697739720,204053825,204053825,0.15356
1697739780,204078894,204073199,0.15389
1697739840,204077675,204202773,0.15362
1697739900,204204413,204205246,0.15357
1697739960,204217134,204184615,0.15364
1697740020,204199754,204207550,0.15373
1697740080,204198245,204198245,0.15379
1697740140,204203193,204199545,0.15389
1697740200,204172344,204177006,0.15414
1697740260,204142235,204144551,0.154
1697740320,204140572,204110139,0.15404
1697740380,204112224,204098727,0.1539
1697740440,204092704,204082645,0.15402
1697740500,203999361,204039588,0.15409
1697740560,204016447,204023109,0.154
1697740620,204021064,204018442,0.15383
1697740680,204012111,204003381,0.15338
1697740740,204001225,204001703,0.15353
1697740800,204008802,204054263,0.15317
1697740860,204181486,204105752,0.15338
1697740920,204066701,204069939,0.15321
1697740980,204078763,204068734,0.15318
1697741040,204014124,204058531,0.15328
1697741100,204095623,204090985,0.15318
1697741160,204092561,204095452,0.15318
1697741220,204095538,204033248,0.15317
1697741280,204060237,204057792,0.15308
1697741340,204044603,204049943,0.15314
1697741400,204057646,203882971,0.15285
1697741460,203788796,203775805,0.15284
1697741520,203790564,203765228,0.15304
1697741580,203779987,203779987,0.15289
1697741640,203771789,203772491,0.15291
1697741700,203757800,203788818,0.15303
1697741760,203765877,203768886,0.15302
1697741820,203728527,203728442,0.15315
1697741880,203705794,203730052,0.15318
1697741940,203722564,203708426,0.15314
1697742000,203700847,203688953,0.15345
1697742060,203694235,203682210,0.15348
1697742120,203634600,203651237,0.15347
1697742180,203646801,203648624,0.1537
1697742240,203522674,203506692,0.15364
1697742300,203494468,203509186,0.15372
1697742360,203497593,203484050,0.15364
1697742420,203391769,203358805,0.15352
1697742480,203359007,203335579,0.15338
1697742540,203300767,203286700,0.1532
1697742600,203290994,203367683,0.15322
1697742660,203284268,203259149,0.15332
1697742720,203274087,203251071,0.15338
1697742780,203251777,203261909,0.15352
1697742840,203268016,203264212,0.15356
1697742900,203276384,203317228,0.1534
1697742960,203354714,203321749,0.15359
1697743020,203374076,203374456,0.15365
1697743080,203331415,203441558,0.15338
1697743140,203442674,203448761,0.15339
1697743200,203433297,203436018,0.15334
1697743260,203447294,203385093,0.15339
1697743320,203384809,203394222,0.15338
1697743380,203391325,203385403,0.15333
1697743440,203411599,203416771,0.1534
1697743500,203400567,203371178,0.15333
1697743560,203417396,203417396,0.15336
1697743620,203432665,203412771,0.15338
1697743680,203412246,203418058,0.15339
1697743740,203410655,203405664,0.15325
1697743800,203400254,203398980,0.15329
1697743860,203388773,203388069,0.15349
1697743920,203416092,203466998,0.15335
1697743980,203457103,203461418,0.15343
1697744040,203467202,203443048,0.15357
1697744100,203466267,203496981,0.15379
1697744160,203469993,203438372,0.15404
1697744220,203362863,203367720,0.15384
1697744280,203365385,203340799,0.15367
1697744340,203328508,203369148,0.15369
1697744400,203364535,203351443,0.15367
1697744460,203355212,203443316,0.15331
1697744520,203419138,203438305,0.15344
1697744580,203405567,203397281,0.15343
1697744640,203398077,203621543,0.15371
1697744700,203602248,203600168,0.15376
1697744760,203630109,203605157,0.15353
1697744820,203592369,203570371,0.15358
1697744880,203574616,203583684,0.15366
1697744940,203586909,203578836,0.1537
1697745000,203597589,203501731,0.15414
1697745060,203442442,203446903,0.15404
1697745120,203358264,203331460,0.15388
1697745180,203343314,203342690,0.1538
1697745240,203339279,203339279,0.15371
1697745300,203288246,203333601,0.15354
1697745360,203351877,203342899,0.15354
1697745420,203329035,203329035,0.15345
1697745480,203325746,203326484,0.1536
1697745540,203283371,203270148,0.15344
1697745600,203216698,203050796,0.15285
1697745660,203006887,203052557,0.15284
1697745720,203058092,203089464,0.15296
1697745780,203133675,203185850,0.15285
1697745840,203166301,203146934,0.15283
1697745900,203151407,202989356,0.15266
1697745960,203007738,202941398,0.15265
1697746020,202950616,202862051,0.15278
1697746080,203035230,203002614,0.15275
1697746140,202974304,202987817,0.15275
1697746200,202986448,202694258,0.15296
1697746260,202701181,202735139,0.15296
1697746320,202684381,202701735,0.15295
1697746380,202700349,202714359,0.1529
1697746440,202714930,202651726,0.15278
1697746500,202679948,202672276,0.15272
1697746560,202694067,202707354,0.15285
1697746620,202689245,202671583,0.15269
1697746680,202660303,202632749,0.15253
1697746740,202621127,202662492,0.1525
1697746800,202624121,202622560,0.15244
1697746860,202657809,202683055,0.15236
1697746920,202749671,202653402,0.1521
1697746980,202650733,202650733,0.15178
1697747040,202706854,202738961,0.15195
1697747100,202748435,202748435,0.15183
1697747160,202702694,202723243,0.15201
1697747220,202553431,202505035,0.15225
1697747280,202486815,202457292,0.1522
1697747340,202462940,202461063,0.15221
1697747400,202485013,202497482,0.15219
1697747460,202492751,202472722,0.1521
1697747520,202496391,202476039,0.15217
1697747580,202501360,202501055,0.15245
1697747640,202419799,202411823,0.15234
1697747700,202389382,202413281,0.15226
1697747760,202408610,202381930,0.15233
1697747820,202387392,202420590,0.1525
1697747880,202415956,202443223,0.15245
1697747940,202443196,202449769,0.15249
1697748000,202411386,202385247,0.15263
1697748060,202384906,202402276,0.15259
1697748120,202403884,202377512,0.15261
1697748180,202447691,202297531,0.15299
1697748240,202352991,202370573,0.15308
1697748300,202407238,202335477,0.15321
1697748360,202328195,202320483,0.15317
1697748420,202250582,202270950,0.15327
1697748480,202244295,202223036,0.15346
1697748540,202208888,202223554,0.15338
1697748600,202211355,202163935,0.1537
1697748660,202139142,202168942,0.15383
1697748720,202141112,202104670,0.154
1697748780,202119709,202036964,0.15401
1697748840,201998231,202009098,0.154
1697748900,202033920,202032861,0.15425
1697748960,201969636,202070754,0.15479
1697749020,201973912,201971907,0.15486
1697749080,201978467,201974587,0.15478
1697749140,201936163,201803777,0.15461
1697749200,201730522,201689218,0.1544
1697749260,201681918,201760797,0.15428
1697749320,201756446,201730972,0.15422
1697749380,201732088,201759021,0.15427
1697749440,201729413,201674692,0.15401
1697749500,201633138,201659348,0.15413
1697749560,201572708,201560906,0.15431
1697749620,201534143,201476396,0.15369
1697749680,201322213,201389350,0.15343
1697749740,201396572,201399667,0.15308
1697749800,201443226,201462676,0.15259
1697749860,201409666,201484623,0.15245
1697749920,201463547,201417158,0.1525
1697749980,201396124,201354751,0.15218
1697750040,201178942,201199816,0.15209
1697750100,201249071,201100576,0.15245
1697750160,201063513,201050790,0.15256
1697750220,200956795,200940405,0.1526
1697750280,200958634,200957126,0.15249
1697750340,200961228,200947301,0.15252
1697750400,200921339,200920297,0.15242
1697750460,200932292,200932292,0.15238
1697750520,200933302,200960352,0.15244
1697750580,200949974,200949974,0.15245
1697750640,200959890,200958164,0.1527
1697750700,200927995,200790800,0.15302
1697750760,200777712,200738830,0.1528
1697750820,200675408,200661472,0.15284
1697750880,200663243,200659707,0.15285
1697750940,200667077,200666874,0.15302
1697751000,200692139,200680582,0.15243
1697751060,200875813,200881761,0.1523
1697751120,200886406,200893198,0.15221
1697751180,200900117,200913028,0.15217
1697751240,200921052,200912819,0.1522
1697751300,200900918,200906990,0.15215
1697751360,200893729,200906511,0.15246
1697751420,200922031,200984020,0.15247
1697751480,200945882,200949871,0.15217
1697751540,200908700,200916487,0.15235
1697751600,200914586,200906001,0.15243
1697751660,200877313,200869645,0.15222
1697751720,200880630,200884143,0.1522
1697751780,200901946,200901086,0.15222
1697751840,200892737,200891223,0.15233
1697751900,200901969,200927323,0.15232
1697751960,200921618,200912625,0.15223
1697752020,200885939,200890948,0.15218
1697752080,200892145,200856140,0.15215
1697752140,200838080,200846034,0.15222
1697752200,200842617,200842617,0.15226
1697752260,200846246,200855109,0.15238
1697752320,200797238,200797238,0.15244
1697752380,200778842,200769115,0.15243
1697752440,200777739,200777739,0.15239
1697752500,200775844,200786021,0.15234
1697752560,200793085,200798608,0.15227
1697752620,200810494,200807244,0.15226
1697752680,200809013,200851203,0.15221
1697752740,200839188,200843773,0.15219
1697752800,200861932,200889791,0.15251
1697752860,200887020,200853063,0.15256
1697752920,200848642,200886710,0.15246
1697752980,200891734,200894737,0.15242
1697753040,200893882,200903245,0.15238
1697753100,200911776,200953118,0.15252
1697753160,201015692,201035653,0.15256
1697753220,201020277,201000700,0.15224
1697753280,200906682,200850737,0.15198
1697753340,200849837,200852428,0.15202
1697753400,200849695,200838298,0.1518
1697753460,200870439,200871675,0.15192
1697753520,200862859,200916977,0.15196
1697753580,200930319,200929839,0.15206
1697753640,200925578,200903382,0.15217
1697753700,200898450,200901443,0.15214
1697753760,200865744,200875097,0.15217
1697753820,200871446,200880721,0.15215
1697753880,200878907,200912127,0.15229
1697753940,200903940,200902972,0.15221
1697754000,200920358,200882841,0.15211
1697754060,200891141,200897460,0.15206
1697754120,200897500,200903433,0.15204
1697754180,200900706,200900178,0.15201
1697754240,200904785,200904785,0.152
1697754300,201004795,200968034,0.15207
1697754360,200968986,200972338,0.15192
1697754420,200970415,200977700,0.15191
1697754480,200994575,200991006,0.15182
1697754540,201020085,201045684,0.15182
1697754600,201054336,200932275,0.15116
1697754660,200964815,200977851,0.1513
1697754720,200984128,200990992,0.15122
1697754780,201009594,200956517,0.15111
1697754840,200972666,200955171,0.15124
1697754900,200919520,200900271,0.1512
1697754960,200890644,200734060,0.15105
1697755020,200643350,200170055,0.15047
1697755080,200203685,200140233,0.15041
1697755140,200129635,200136947,0.1502
1697755200,199994949,200569891,0.1503
1697755260,200566036,200536038,0.1502
1697755320,200541527,200591003,0.15036
1697755380,200610110,200610110,0.15038
1697755440,200584133,200582674,0.15046
1697755500,200565470,200513066,0.15031
1697755560,200472154,200478217,0.15039
1697755620,200484208,200484208,0.15058
1697755680,200479811,200515561,0.15054
1697755740,200505778,200461003,0.15037
1697755800,200463370,200468642,0.15034
1697755860,200467807,200474214,0.15033
1697755920,200478345,200489102,0.15024
1697755980,200496632,200495078,0.15024
1697756040,200414958,200414958,0.15059
1697756100,200404626,200402602,0.15057
1697756160,200361930,200215643,0.15092
1697756220,200158767,200099874,0.15108
1697756280,200075387,200073949,0.15109
1697756340,200075241,200055324,0.15088
1697756400,200058680,199984701,0.15104
1697756460,199989132,199980224,0.15099
1697756520,199979652,199993978,0.15084
1697756580,200104771,200023950,0.15062
1697756640,200058887,200084542,0.15055
1697756700,200102890,200120866,0.15035
1697756760,200121771,200118508,0.15055
1697756820,200105237,200064907,0.15048
1697756880,200061296,200070792,0.1504
1697756940,200088283,200096364,0.15042
1697757000,200074977,200082360,0.15051
1697757060,200037672,200028195,0.15066
1697757120,200029566,200019580,0.15082
1697757180,200008459,200011196,0.15074
1697757240,200019928,199999420,0.15083
1697757300,199998036,199980402,0.15071
1697757360,199944946,199944946,0.1507
1697757420,199943217,199851845,0.15092
1697757480,199851886,199812248,0.15081
1697757540,199811669,199822119,0.15068
1697757600,199842304,199842304,0.15061
1697757660,199845114,199846025,0.15074
1697757720,199852651,199840571,0.15063
1697757780,199834942,199828140,0.15051
1697757840,199824463,199824463,0.15066
1697757900,199786067,199769365,0.15059
1697757960,199769717,199783888,0.15063
1697758020,199783790,199780082,0.15094
1697758080,199719104,199648792,0.15147
1697758140,199405413,199410773,0.15131
1697758200,199404694,199373570,0.15124
1697758260,199356454,199283693,0.1517
1697758320,199225709,199211104,0.1517
1697758380,199204996,199147569,0.15131
1697758440,199138433,199152024,0.15121
1697758500,199164731,199271750,0.15071
1697758560,199260235,199294873,0.15087
1697758620,199270951,199211464,0.1509
1697758680,199226158,199235023,0.1507
1697758740,199229548,199226348,0.15071
1697758800,199233788,199232753,0.1508
1697758860,199223159,199225767,0.15073
1697758920,199237127,199162697,0.15081
1697758980,199158979,199144121,0.15082
1697759040,199142451,199139086,0.15095
1697759100,199119871,199146266,0.15105
1697759160,199147714,199168103,0.15111
1697759220,199155647,199155121,0.15113
1697759280,199145375,199155093,0.15089
1697759340,199113795,199124270,0.15086
1697759400,199113861,199118883,0.15084
1697759460,199114452,199073093,0.15091
1697759520,199079134,199090241,0.15097
1697759580,199077506,199092188,0.15104
1697759640,199083445,199107027,0.15107
1697759700,199132498,199128741,0.15085
1697759760,199143465,199129816,0.15073
1697759820,199090714,199131418,0.15048
1697759880,199077863,199076123,0.15046
1697759940,199092806,199113833,0.15048
1697760000,199085361,199082573,0.15063
1697760060,199082955,199089898,0.15062
1697760120,199097767,199162058,0.15064
1697760180,199144224,199053925,0.15055
1697760240,198538754,198561995,0.15012
1697760300,198091199,198051148,0.14902
1697760360,197803632,197655178,0.14888
1697760420,197499829,197296695,0.14908
1697760480,197200996,197094913,0.14905
1697760540,197079995,197020394,0.14902
1697760600,197031315,197076705,0.14864
1697760660,197057950,197057950,0.14883
1697760720,197051667,197045501,0.14866
1697760780,197028619,196752181,0.14861
1697760840,196757953,196757953,0.14888
1697760900,196793248,196857258,0.14881
1697760960,196857504,196708302,0.14849
1697761020,196648446,196658609,0.1486
1697761080,196675401,196600252,0.14855
1697761140,196619180,196654002,0.14862
1697761200,196796360,196424000,0.14956
1697761260,196404981,196421614,0.14971
1697761320,196311607,196310734,0.14947
1697761380,196319687,196286981,0.14944
1697761440,196251402,196203509,0.14951
1697761500,196206111,196213422,0.14936
1697761560,196239462,196259967,0.14968
1697761620,196314174,196356761,0.14984
1697761680,196361763,196340053,0.14978
1697761740,196330402,196232782,0.15025
1697761800,196103492,196055942,0.15031
1697761860,196073881,196063379,0.15028
1697761920,196079215,196064772,0.15011
1697761980,196076005,196079403,0.14966
1697762040,195912793,195818922,0.1493
1697762100,195853236,195867911,0.14921
1697762160,195842475,195810204,0.14924
1697762220,195806197,195806197,0.14906
1697762280,195670934,195727383,0.14892
1697762340,195744584,195723805,0.14911
1697762400,195711337,195711337,0.14917
1697762460,195708516,195707790,0.14909
1697762520,195695993,195677510,0.14905
1697762580,195715418,195717350,0.14906
1697762640,195732793,195705994,0.14918
1697762700,195682613,195652494,0.14921
1697762760,195650007,195644645,0.1493
1697762820,195681745,195713322,0.14908
1697762880,195702821,195714463,0.149
1697762940,195725335,195723276,0.14894
1697763000,195711862,195731987,0.14903
1697763060,195748368,195742640,0.14913
1697763120,195713015,195707222,0.14886
1697763180,195751386,195748785,0.14879
1697763240,195757232,195739473,0.149
1697763300,195673950,195671591,0.14902
1697763360,195667726,195664462,0.14885
1697763420,195629949,195667317,0.14897
1697763480,195649352,195649445,0.1489
1697763540,195649833,195636397,0.14885
1697763600,195635169,195589648,0.14844
1697763660,195470610,195497144,0.14857
1697763720,195533863,195539351,0.14842
1697763780,195537041,195532730,0.14839
1697763840,195529125,195521732,0.14846
1697763900,195526458,195581785,0.14829
1697763960,195539785,195525042,0.14832
1697764020,195503070,195534175,0.14841
1697764080,195571047,195545499,0.14858
1697764140,195536300,195321649,0.14899
1697764200,195308386,195125234,0.14968
1697764260,195207047,195212941,0.14951
1697764320,195219690,195223371,0.1494
1697764380,195210403,195203143,0.14951
1697764440,195193796,195194015,0.14948
1697764500,195181919,195184238,0.14935
1697764560,195168226,195174525,0.14955
1697764620,195178020,195137622,0.14993
1697764680,195080461,195080727,0.14998
1697764740,195136488,195144186,0.14981
1697764800,195141864,195117845,0.14974
1697764860,195110972,195120651,0.14977
1697764920,195157109,195156255,0.14987
1697764980,195159555,195186848,0.14983
1697765040,195202597,195190491,0.14994
1697765100,195181131,195162351,0.14985
1697765160,195161144,195163182,0.15015
1697765220,195076848,195047794,0.14975
1697765280,194965373,194936436,0.14972
1697765340,194942130,194947371,0.14974
1697765400,194963499,194961934,0.14969
1697765460,194952028,194976377,0.14984
1697765520,194973730,194973730,0.15004
1697765580,195056635,195050015,0.15003
1697765640,195028865,194995115,0.15028
1697765700,194997746,194954758,0.15026
1697765760,194920386,194909070,0.15027
1697765820,194906358,194888663,0.15038
1697765880,194901997,194881771,0.15063
1697765940,194942673,194902467,0.1506
1697766000,194831040,194343090,0.15162
1697766060,194376251,194475517,0.1515
1697766120,194456964,194449564,0.15135
1697766180,194428754,194438308,0.15125
1697766240,194458324,194474574,0.1511
1697766300,194467571,194454205,0.15147
1697766360,194441311,194492047,0.15092
1697766420,194489078,194532174,0.15098
1697766480,194523911,194512443,0.15101
1697766540,194518898,194528169,0.15097
1697766600,194527392,194487742,0.15102
1697766660,194504832,194502163,0.15083
1697766720,194511855,194519859,0.15084
1697766780,194507339,194501665,0.15081
1697766840,194501700,194461671,0.15072
1697766900,194401211,194360220,0.15132
1697766960,194358420,194337257,0.15149
1697767020,194338003,194362315,0.15144
1697767080,194362693,194363217,0.15152
1697767140,194348162,194343485,0.15147
1697767200,194437660,194362305,0.15345
1697767260,193784491,193689563,0.15266
1697767320,193708663,193739106,0.15287
1697767380,193814060,193784079,0.15281
1697767440,193731060,193778119,0.15243
1697767500,193742598,193674786,0.15241
1697767560,193655976,193660532,0.1527
1697767620,193692184,193716052,0.15256
1697767680,193742696,193802250,0.15238
1697767740,193800439,193789634,0.15262
1697767800,193791467,193775885,0.15273
1697767860,193782587,193859243,0.15284
1697767920,193854977,193787350,0.15277
1697767980,193776291,193775105,0.15274
1697768040,193774265,193778276,0.15264
1697768100,193792041,193807648,0.15289
1697768160,193788706,193795051,0.15315
1697768220,193757693,193770262,0.15311
1697768280,193777415,193757842,0.15278
1697768340,193677430,193663152,0.15268
1697768400,193676737,193601961,0.15279
1697768460,193541450,193564168,0.15337
1697768520,193550248,193550248,0.1535
1697768580,193522819,193505689,0.1534
1697768640,193498360,193449005,0.15337
1697768700,193440295,193413828,0.15322
1697768760,193517817,193524962,0.15325
1697768820,193523153,193527506,0.15337
1697768880,193521170,193560357,0.15324
1697768940,193581817,193653508,0.15347
1697769000,193749691,193808576,0.15362
1697769060,193810581,193842559,0.15398
1697769120,193835310,193898852,0.15389
1697769180,193858043,193850071,0.15399
1697769240,193883039,193839401,0.15394
1697769300,193800410,193803168,0.15388
1697769360,193818322,193842967,0.15432
1697769420,193795286,193816024,0.15424
1697769480,193849767,193843788,0.15392
1697769540,193789227,193844569,0.15371
1697769600,193853459,193842108,0.15333
1697769660,193769333,193767695,0.15343
1697769720,193766830,193689249,0.15327
1697769780,193651237,193629309,0.15302
1697769840,193602839,193826918,0.15262
1697769900,193902559,193751917,0.15295
1697769960,193767952,193779989,0.15312
1697770020,193774903,193729549,0.15345
1697770080,193807397,193807397,0.15348
1697770140,193811084,193888571,0.1536
1697770200,193900144,193900144,0.15399
1697770260,193939064,194008057,0.15411
1697770320,194146844,195150730,0.1549
1697770380,195434251,195792204,0.15862
1697770440,195475776,196200669,0.15862
1697770500,196641617,196674220,0.1582
1697770560,196747238,197020595,0.15767
1697770620,197043076,197194501,0.15745
1697770680,197116886,197199952,0.15743
1697770740,197184654,197252052,0.15763
1697770800,197396355,197598895,0.15849
1697770860,198024850,197993869,0.15872
1697770920,197913261,197926245,0.15848
1697770980,197960516,197988163,0.15839
1697771040,198108765,198116743,0.15817
1697771100,198123015,198338334,0.15873
1697771160,198543562,198387553,0.15793
1697771220,198404742,198287212,0.15757
1697771280,198311728,198322410,0.15756
1697771340,198300150,198351934,0.15765
1697771400,198413929,198405335,0.15772
1697771460,198426685,198422023,0.15814
1697771520,198425250,198383884,0.15832
1697771580,198412124,198423183,0.1582
1697771640,198429630,198656679,0.15854
1697771700,198803808,198822496,0.15863
1697771760,198804670,198797311,0.15824
1697771820,198809189,198930549,0.15832
1697771880,198830432,198691484,0.15877
1697771940,198774983,198752333,0.15874
1697772000,198840938,198935606,0.15914
1697772060,198926821,198894990,0.15892
1697772120,198761013,198745760,0.15877
1697772180,198739364,198830250,0.1593
1697772240,199074036,198980425,0.15924
1697772300,198952950,198838538,0.15946
1697772360,198876082,199035475,0.16043
1697772420,199093037,199112370,0.16007
1697772480,199266085,199471726,0.16058
1697772540,199529874,199529230,0.15991
1697772600,199802441,199809700,0.15991
1697772660,199894299,199889666,0.15975
1697772720,199896521,200037518,0.1597
1697772780,200018772,200077071,0.15955
1697772840,200094949,200178416,0.15976
1697772900,200218567,200247535,0.15997
1697772960,200258548,200296033,0.15962
1697773020,200323950,200323950,0.16059
1697773080,200690367,200604862,0.16026
1697773140,200523215,200509951,0.15981
1697773200,200498142,200489442,0.16024
1697773260,200487519,200518468,0.15968
1697773320,200439909,200440679,0.15926
1697773380,200400288,200456807,0.15909
1697773440,200578785,200490959,0.15901
1697773500,200493203,200562914,0.15893
1697773560,200582932,200567616,0.15893
1697773620,200587988,200589499,0.15895
1697773680,200579363,200601520,0.15932
1697773740,200571069,200575411,0.15926
1697773800,200587903,200599650,0.15925
1697773860,200605396,200631139,0.15919
1697773920,200611704,200607504,0.15913
1697773980,200635671,200628773,0.15909
1697774040,200655192,200686136,0.15908
1697774100,200700326,200758508,0.15918
1697774160,200785958,200786883,0.15902
1697774220,200814700,200750845,0.15868
1697774280,200764465,200754963,0.15893
1697774340,200795598,200796562,0.15905
1697774400,200994221,200734248,0.15836
1697774460,200374967,200289195,0.15801
1697774520,200267936,200239120,0.15791
1697774580,200221540,200144837,0.15836
1697774640,200004727,200006216,0.15851
1697774700,199969522,199939812,0.15807
1697774760,199941387,199941387,0.15815
1697774820,199933398,199945492,0.15772
1697774880,199967427,199967427,0.15762
1697774940,199860725,199954458,0.15771
1697775000,199941229,199958593,0.1576
1697775060,199906681,199965327,0.157
1697775120,199930956,199923561,0.15739
1697775180,199787594,199760081,0.15756
1697775240,199741349,199722311,0.15764
1697775300,199669142,199685974,0.15759
1697775360,199716653,199669046,0.1578
1697775420,199696972,199706333,0.15804
1697775480,199712162,199631898,0.1581
1697775540,199634319,199614488,0.15824
1697775600,199608461,199699447,0.15859
1697775660,199710417,199715309,0.15831
1697775720,199753458,199731847,0.15842
1697775780,199726855,199745240,0.15821
1697775840,199738073,199757723,0.15832
1697775900,199725858,199700689,0.1587
1697775960,199678530,199784404,0.15884
1697776020,199769145,199762749,0.15879
1697776080,199746586,199723459,0.15893
1697776140,199718627,199712702,0.1587
1697776200,199695540,199697895,0.15878
1697776260,199715210,199719571,0.15869
1697776320,199751635,199859494,0.15885
1697776380,199862950,199837126,0.1592
1697776440,199842649,199837184,0.15907
1697776500,199817165,199806169,0.1593
1697776560,199825844,199930911,0.1593
1697776620,199952726,199977129,0.1592
1697776680,200004552,200005398,0.15917
1697776740,200010388,200027483,0.15921
1697776800,200039941,200039879,0.1594
1697776860,200083422,200108696,0.15922
1697776920,200117558,200112879,0.15929
1697776980,200110045,200029515,0.1603
1697777040,200508234,200467161,0.16014
1697777100,200448218,200431585,0.16145
1697777160,200328631,200714053,0.16092
1697777220,201525085,201509349,0.16057
1697777280,201618500,201706240,0.16066
1697777340,201709467,201986076,0.16052
1697777400,201988595,202394166,0.16153
1697777460,202302733,202081217,0.16172
1697777520,202039384,202009543,0.16154
1697777580,201930485,201908604,0.16161
1697777640,201926638,201820906,0.1615
1697777700,201836355,201655269,0.16174
1697777760,201644848,201804652,0.16184
1697777820,201851821,202176173,0.16257
1697777880,202033662,202441487,0.16221
1697777940,202449076,202449076,0.16217
1697778000,202391379,202104265,0.16183
1697778060,201985479,202170375,0.16332
1697778120,201943717,201943254,0.16339
1697778180,201841706,202027230,0.16338
1697778240,202018673,201956338,0.16399
1697778300,201551875,200842203,0.1631
1697778360,200641048,200801678,0.16225
1697778420,200744710,200688844,0.16296
1697778480,200624541,200661026,0.16357
1697778540,201074665,201158928,0.16403
1697778600,201248932,201380151,0.16429
1697778660,201469448,201476806,0.16438
1697778720,201528086,201629032,0.16479
1697778780,201614317,201700097,0.1648
1697778840,201869792,201988440,0.16544
1697778900,202047532,202226489,0.1653
1697778960,202309129,202153731,0.16451
1697779020,201942950,202063441,0.16444
1697779080,202086448,202077866,0.16432
1697779140,202050975,202058207,0.16454
1697779200,202105121,202303513,0.165
1697779260,202415628,202500930,0.16468
1697779320,202507219,202609519,0.16501
1697779380,202968540,203064202,0.16546
1697779440,203067327,202948871,0.16478
1697779500,202994672,203025005,0.16482
1697779560,203059578,203051850,0.16458
1697779620,203040072,203143986,0.16441
1697779680,203047016,203084576,0.16418
1697779740,203080283,203013068,0.16415
1697779800,203112894,203100319,0.16421
1697779860,203276112,203257474,0.16398
1697779920,203298437,203216901,0.1631
1697779980,203122340,203223947,0.16359
1697780040,203248852,203250326,0.16376
1697780100,203200716,203125660,0.16486
1697780160,203202620,203190978,0.16511
1697780220,203380212,203397401,0.16522
1697780280,203420014,203399966,0.16527
1697780340,203502423,203466165,0.16492
1697780400,203422606,203377697,0.16495
1697780460,203413319,203398556,0.16455
1697780520,203378213,203498646,0.16505
1697780580,203444270,203334188,0.1645
1697780640,203315314,203289250,0.16431
1697780700,203308528,203294577,0.16443
1697780760,203304498,203207587,0.16456
1697780820,203201564,203223284,0.16462
1697780880,203233513,203352027,0.16544
1697780940,203371646,203423750,0.16544
1697781000,203535053,203683848,0.1655
1697781060,203686028,203664232,0.16555
1697781120,203696857,203696857,0.16545
1697781180,203816128,203879278,0.1655
1697781240,204130827,204146706,0.16556
1697781300,204151652,204192212,0.16519
1697781360,204190837,204200249,0.1651
1697781420,204177661,204188126,0.16576
1697781480,204120799,204090345,0.16461
1697781540,203859129,203830777,0.16458
1697781600,203787879,203610489,0.16441
1697781660,203623880,203734086,0.1644
1697781720,203515535,203519979,0.16519
1697781780,203631016,203697531,0.16523
1697781840,203731658,203763593,0.16531
1697781900,203782831,203774396,0.1653
1697781960,203664861,203698844,0.16528
1697782020,203753214,203745025,0.16526
1697782080,203750597,203678909,0.16488
1697782140,203635451,203625160,0.16473
1697782200,203623208,203631522,0.16465
1697782260,203637379,203750978,0.165
1697782320,203770298,203783297,0.1651
1697782380,203771276,203799462,0.16548
1697782440,203865622,203966649,0.1658
1697782500,204000461,204158386,0.16551
1697782560,204150977,204261782,0.1656
1697782620,204261888,204088370,0.16616
1697782680,204091390,204218217,0.16627
1697782740,204220948,204220948,0.16604
1697782800,204230960,204026380,0.16531
1697782860,203990854,203914304,0.16598
1697782920,203968111,203973658,0.16626
1697782980,203956900,204043342,0.16623
1697783040,204092036,204050434,0.1659
1697783100,204045536,204018205,0.16589
1697783160,204025816,203965913,0.16595
1697783220,203987006,204022456,0.16589
1697783280,204152278,204136032,0.16575
1697783340,204215529,203813793,0.16471
1697783400,203785061,203788101,0.16489
1697783460,203706385,203735873,0.16565
1697783520,203734330,203704840,0.16548
1697783580,203710055,203794685,0.16538
1697783640,203796916,203911711,0.16594
1697783700,203836852,203951910,0.1663
1697783760,204133027,204138679,0.16627
1697783820,204114708,204117832,0.16583
1697783880,204123521,204109803,0.1661
1697783940,204162235,204068778,0.16562
1697784000,204042737,204082358,0.16533
1697784060,204084921,204083423,0.16537
1697784120,204083740,204151134,0.16538
1697784180,204182512,204158929,0.16538
1697784240,204145814,204173274,0.16548
1697784300,204273128,204274152,0.16525
1697784360,204250097,204214442,0.16543
1697784420,204212146,204135142,0.16598
1697784480,204137885,204220497,0.1662
1697784540,204074539,204041385,0.16606
1697784600,203900926,203814275,0.16606
1697784660,203861220,203863788,0.16618
1697784720,203863361,203946430,0.16586
1697784780,203942249,203897291,0.16577
1697784840,203913897,203883396,0.16569
1697784900,203920175,203985682,0.16629
1697784960,203943402,203985644,0.16628
1697785020,203975969,203971466,0.16592
1697785080,203962571,204261653,0.1665
1697785140,204246056,204165766,0.16665
1697785200,204381168,204480890,0.16738
1697785260,204629508,204799587,0.16735
1697785320,204983256,204962414,0.16736
1697785380,204884735,204751163,0.16684
1697785440,204849393,204864198,0.16679
1697785500,204911850,204976301,0.16677
1697785560,204992808,205050445,0.16695
1697785620,204865364,204833247,0.16718
1697785680,204798236,204801783,0.16701
1697785740,204823192,204826635,0.16711
1697785800,204831357,204777973,0.167
1697785860,204820015,204990910,0.16738
1697785920,204970900,204878054,0.16673
1697785980,204873437,204883697,0.16645
1697786040,204785992,204850825,0.16681
1697786100,204812840,204796631,0.16632
1697786160,204493185,204208503,0.16538
1697786220,204227741,204056343,0.16555
1697786280,203935962,203944379,0.16553
1697786340,203937016,203779038,0.16536
1697786400,203772171,203766811,0.16529
1697786460,203637758,203635131,0.1655
1697786520,203604938,203582953,0.16536
1697786580,203575444,203603474,0.16528
1697786640,203545775,203531926,0.16533
1697786700,203521802,203465005,0.16574
1697786760,203430933,203385975,0.16587
1697786820,203396047,203388063,0.16554
1697786880,203389506,203428687,0.16541
1697786940,203422213,203411025,0.16526
1697787000,203444595,203444595,0.16546
1697787060,203424141,203427211,0.16583
1697787120,203503925,203487845,0.1656
1697787180,203483072,203454672,0.16556
1697787240,203470690,203491710,0.16548
1697787300,203515609,203659777,0.16529
1697787360,203649469,203638559,0.16563
1697787420,203646294,203651682,0.16583
1697787480,203654045,203700989,0.16564
1697787540,203735694,203733521,0.16547
1697787600,203739472,203724176,0.16545
1697787660,203726887,203687826,0.1654
1697787720,203708210,203734191,0.16528
1697787780,203724242,203841614,0.1657
1697787840,203791598,203791057,0.16582
1697787900,203785537,203768335,0.16562
1697787960,203753016,203721230,0.16545
1697788020,203707292,203513661,0.16465
1697788080,203467840,203498380,0.16509
1697788140,203501504,203528694,0.16514
1697788200,203550375,203787356,0.16589
1697788260,203811727,203899834,0.16598
1697788320,203877491,204050192,0.16611
1697788380,204025063,204000982,0.16654
1697788440,204058822,204002879,0.16608
1697788500,203953679,203945403,0.16591
1697788560,203944638,203959148,0.1656
1697788620,203978877,203972532,0.16555
1697788680,203972022,204014161,0.16536
1697788740,203992087,204017365,0.16568
1697788800,204253331,203821466,0.16484
1697788860,203694359,203869987,0.16648
1697788920,203958708,204006362,0.16617
1697788980,204057575,204026326,0.16613
1697789040,204106526,204313092,0.16659
1697789100,204447975,204551266,0.16661
1697789160,204567272,204409116,0.16598
1697789220,204477675,204654240,0.16663
1697789280,204702767,204720786,0.16627
1697789340,204719009,204750831,0.16645
1697789400,204746609,204688692,0.16616
1697789460,204682424,204756055,0.16652
1697789520,204721358,204736035,0.16667
1697789580,204724574,204780950,0.16663
1697789640,204823834,204866382,0.16636
1697789700,204872203,204848326,0.16653
1697789760,204864042,204935465,0.1663
1697789820,204759874,204765104,0.16635
1697789880,204758201,204796898,0.16634
1697789940,204787044,204752389,0.1663
1697790000,204738785,204720621,0.16651
1697790060,204758737,204776194,0.16634
1697790120,204768016,204778051,0.16629
1697790180,204826379,204817382,0.1662
1697790240,204775083,204790906,0.16598
1697790300,204671616,204694147,0.16747
1697790360,203935534,203964278,0.16774
1697790420,203975825,203885996,0.16789
1697790480,203700995,203558811,0.16795
1697790540,203675283,203697058,0.1681
1697790600,203435586,203369667,0.16832
1697790660,203287197,203261711,0.1682
1697790720,203257099,203223882,0.16841
1697790780,203269954,203329879,0.16869
1697790840,203279119,203162329,0.16821
1697790900,203109769,202828113,0.16771
1697790960,202868393,202825693,0.16782
1697791020,202790637,202750571,0.16778
1697791080,202744216,202681979,0.16766
1697791140,202710331,202733767,0.16804
1697791200,202731976,202730757,0.16855
1697791260,202773986,202770670,0.16855
1697791320,202756341,202718916,0.1685
1697791380,202718324,202674428,0.16849
1697791440,202660807,202687429,0.16826
1697791500,202683155,202635866,0.1686
1697791560,202595922,202705417,0.16793
1697791620,202555238,202568101,0.16779
1697791680,202536333,202535052,0.16765
1697791740,202503177,202186152,0.16752
1697791800,202210283,202204705,0.1676
1697791860,202152088,202183085,0.16758
1697791920,202196157,202301674,0.16797
1697791980,202357262,202366930,0.16798
1697792040,202370426,202375231,0.16807
1697792100,202377471,202511094,0.16843
1697792160,202514699,202490592,0.16849
1697792220,202398427,202342626,0.16869
1697792280,202264809,202041270,0.16889
1697792340,202041461,202128009,0.16879
1697792400,202199898,202305299,0.16891
1697792460,202322808,202442732,0.16876
1697792520,202456082,202446496,0.16876
1697792580,202420527,202475934,0.16846
1697792640,202472326,202608248,0.16905
1697792700,202704465,202710738,0.17
1697792760,202603549,202540135,0.16985
1697792820,202177972,202129693,0.17004
1697792880,202313908,202285069,0.17048
1697792940,202406511,202252865,0.1709
1697793000,202174058,202174058,0.1707
1697793060,202186141,202339537,0.17095
1697793120,202361684,202415874,0.17119
1697793180,202381208,202316889,0.17062
1697793240,202339982,202158606,0.17063
1697793300,202173718,202291043,0.17129
1697793360,202270650,202309172,0.17099
1697793420,202392924,202340905,0.17057
1697793480,202335582,202347052,0.17037
1697793540,202336756,202422217,0.17063
1697793600,202417265,202402448,0.17037
1697793660,202463221,202415244,0.17049
1697793720,202437992,202487410,0.17096
1697793780,202468737,202457385,0.17117
1697793840,202489214,202638218,0.17149
1697793900,202577515,202662160,0.17151
1697793960,202784046,202780110,0.1717
1697794020,202795922,202979822,0.17173
1697794080,203138580,203092289,0.17164
1697794140,203034155,203173929,0.17169
1697794200,203237608,202986557,0.1711
1697794260,202901550,202812242,0.1708
1697794320,202817152,202664739,0.1708
1697794380,202624669,202650371,0.17047
1697794440,202578246,202627225,0.17061
1697794500,202612761,202656201,0.17057
1697794560,202636224,202667328,0.1708
1697794620,202662387,202679426,0.171
1697794680,202656690,202673238,0.1706
1697794740,202638876,202645360,0.17061
1697794800,202707533,202794532,0.17137
1697794860,202767773,202834757,0.17086
1697794920,202837139,202845569,0.17086
1697794980,202836642,202842025,0.17061
1697795040,202818359,202808660,0.17069
1697795100,202800197,202764056,0.1705
1697795160,202712208,202638903,0.17029
1697795220,202669482,202658364,0.1706
1697795280,202665027,202806264,0.17118
1697795340,202761360,202744957,0.17149
1697795400,202734306,202753537,0.17146
1697795460,202807814,202961464,0.17185
1697795520,202906441,202891340,0.17165
1697795580,202819071,202825961,0.17157
1697795640,202826159,202898211,0.17134
1697795700,202894816,202878018,0.17128
1697795760,202862524,202808269,0.17134
1697795820,202808737,202773310,0.17106
1697795880,202606227,202678653,0.17144
1697795940,202674732,202676555,0.17122
1697796000,202594023,202682612,0.17183
1697796060,202717013,202700351,0.17275
1697796120,202827239,202813478,0.17257
1697796180,202830673,202107183,0.1735
1697796240,202197798,202369299,0.17396
1697796300,202304762,202208041,0.17391
1697796360,202135805,202042385,0.17338
1697796420,202132749,202346746,0.17337
1697796480,202361821,202310152,0.1731
1697796540,202322053,202312899,0.17329
1697796600,202329073,202353587,0.17318
1697796660,202335291,202478255,0.1727
1697796720,202414742,202434229,0.17265
1697796780,202415229,202460517,0.17287
1697796840,202433730,202516408,0.17241
1697796900,202469828,202490682,0.17228
1697796960,202469192,202488562,0.17273
1697797020,203004948,203147023,0.17295
1697797080,203165908,203094241,0.17277
1697797140,203046942,203085137,0.17269
1697797200,203020810,203016051,0.17308
1697797260,203002331,203021436,0.17271
1697797320,203050538,203022841,0.17291
1697797380,203004312,203114559,0.1729
1697797440,203109997,203331716,0.17257
1697797500,203369347,203194767,0.17203
1697797560,203119529,203139366,0.17208
1697797620,203093546,203107767,0.17213
1697797680,203125322,203181048,0.17228
1697797740,203172487,203212673,0.17219
1697797800,203232501,203340317,0.17238
1697797860,203328853,203409326,0.173
1697797920,203517956,203443549,0.17287
1697797980,203415722,203481932,0.17293
1697798040,203441616,203541811,0.1733
1697798100,203408952,203348413,0.17292
1697798160,203342917,203354755,0.17316
1697798220,203390926,203394563,0.1735
1697798280,203586375,203584728,0.17317
1697798340,203660527,203725023,0.17338
1697798400,203780412,203768835,0.17328
1697798460,203960950,203921834,0.17329
1697798520,203992989,204219910,0.17343
1697798580,203984168,203865658,0.17283
1697798640,203877205,203781163,0.17332
1697798700,203871102,203675192,0.17243
1697798760,203532800,203558578,0.17303
1697798820,203601894,203804679,0.17374
1697798880,203833126,203749594,0.1737
1697798940,203877180,203756085,0.17377
1697799000,203816485,203644214,0.17318
1697799060,203646086,203665956,0.17293
1697799120,203609867,203630696,0.1723
1697799180,203558853,203477727,0.17188
1697799240,203427504,203212141,0.17159
1697799300,203210521,203142817,0.17245
1697799360,203159157,202790129,0.17147
1697799420,202681088,202739426,0.17176
1697799480,202861662,202898961,0.17227
1697799540,203048451,202996463,0.17068
1697799600,202959862,203160217,0.17065
1697799660,203174578,203185349,0.17064
1697799720,203311799,203204105,0.17054
1697799780,203532258,203523725,0.17113
1697799840,203627173,203377508,0.17197
1697799900,203384466,202943278,0.17349
1697799960,203330789,203226345,0.17271
1697800020,203414205,203393142,0.17235
1697800080,203532916,203396365,0.17193
1697800140,203403460,203425835,0.17196
1697800200,203386712,203502863,0.17201
1697800260,203471907,203482930,0.17198
1697800320,203400070,203308264,0.17224
1697800380,203337025,203223211,0.17222
1697800440,203241357,203262102,0.17216
1697800500,203275880,203330407,0.17188
1697800560,203319510,203385633,0.17175
1697800620,203332921,203426774,0.17219
1697800680,203512668,203528983,0.1723
1697800740,203523032,203622010,0.17201
1697800800,203636736,203650460,0.17171
1697800860,203741893,203727674,0.17165
1697800920,203600780,203626592,0.17148
1697800980,203653908,203650400,0.17154
1697801040,203682313,203702931,0.172
1697801100,203741682,203767507,0.17214
1697801160,203770110,203760735,0.17195
1697801220,203796851,203816771,0.17198
1697801280,203823126,203798877,0.17225
1697801340,203887603,203869074,0.17264
1697801400,203930686,203950441,0.17254
1697801460,204002759,203994067,0.17258
1697801520,203995565,204009923,0.17231
1697801580,203990866,203992032,0.17226
1697801640,203997942,203964199,0.17199
1697801700,203945008,203943443,0.1719
1697801760,203926470,203988484,0.17185
1697801820,203960295,203989933,0.17168
1697801880,203986629,203992080,0.17165
1697801940,204039195,204077322,0.17151
1697802000,204094758,204101519,0.17177
1697802060,204100232,204166325,0.17129
1697802120,204182509,204179856,0.17118
1697802180,204184639,204153912,0.17144
1697802240,204151093,204175282,0.17135
1697802300,204171358,204137361,0.17156
1697802360,204138231,204136686,0.17151
1697802420,204217087,204240321,0.17157
1697802480,204291828,204275239,0.17138
1697802540,204296186,204289847,0.17127
1697802600,204340342,204396209,0.17126
1697802660,204462819,204460868,0.17121
1697802720,204437188,204439622,0.17112
1697802780,204236858,204159743,0.17093
1697802840,204169533,204121129,0.17159
1697802900,204072496,204071248,0.17138
1697802960,204090847,204030848,0.17196
1697803020,204070367,204041603,0.17171
1697803080,204037566,204076569,0.17142
1697803140,204071163,204100846,0.17174
1697803200,204125249,204143608,0.17176
1697803260,204137743,204177264,0.17211
1697803320,204356185,204355727,0.17173
1697803380,204371461,204236408,0.17267
1697803440,204217762,204185292,0.17259
1697803500,204193272,204161182,0.17227
1697803560,204173512,204157144,0.17252
1697803620,204164698,204152092,0.17251
1697803680,204076162,204141756,0.17256
1697803740,204164114,204124367,0.17237
1697803800,204113972,204102063,0.17178
1697803860,204461103,204434983,0.17152
1697803920,204236169,204184122,0.17209
1697803980,204250012,204303027,0.17182
1697804040,204312698,204318692,0.17174
1697804100,204390185,204471271,0.17209
1697804160,204669246,204666209,0.1719
1697804220,204664176,204684487,0.1719
1697804280,204707405,204724354,0.172
1697804340,204751069,204749712,0.17199
1697804400,204767475,204795638,0.1724
1697804460,204855926,204834327,0.1723
1697804520,204834036,204890377,0.1721
1697804580,204934811,204974743,0.17192
1697804640,204960566,204909136,0.17321
1697804700,204480221,204425877,0.17251
1697804760,204452551,204420072,0.17219
1697804820,204395952,204329002,0.17153
1697804880,204300195,204233402,0.17076
1697804940,204415627,204495399,0.17131
1697805000,204311489,204388683,0.1707
1697805060,204417778,204459072,0.17154
1697805120,204361578,204377962,0.17149
1697805180,204409825,204409825,0.17167
1697805240,204447116,204511346,0.17177
1697805300,204506310,204620528,0.17194
1697805360,204628560,204738169,0.17176
1697805420,204692189,204719026,0.17159
1697805480,204758812,204784930,0.1717
1697805540,204775369,204775859,0.17179
1697805600,204804124,204769275,0.17146
1697805660,204782462,204829819,0.17165
1697805720,204883207,204902118,0.17135
1697805780,204914686,204895141,0.17134
1697805840,204971644,204997239,0.17148
1697805900,205067050,205049612,0.17156
1697805960,205035302,204987301,0.17122
1697806020,205026759,205117809,0.17134
1697806080,205117760,205104741,0.17124
1697806140,205099581,205117206,0.17132
1697806200,205171218,205212186,0.17131
1697806260,205265080,205250020,0.17097
1697806320,205266731,205240575,0.17124
1697806380,205249143,205311466,0.17152
1697806440,205347245,205339141,0.17164
1697806500,205313651,205217095,0.17199
1697806560,205387472,205320035,0.17224
1697806620,205347148,205371866,0.17205
1697806680,205420605,205441344,0.17238
1697806740,205568439,205568439,0.17231
1697806800,205572553,205580076,0.1727
1697806860,205591162,205616305,0.17284
1697806920,205646325,205444657,0.17326
1697806980,205363673,205405823,0.17302
1697807040,205550436,205569929,0.173
1697807100,205539098,205953363,0.17346
1697807160,206463970,206387213,0.17359
1697807220,206421442,206513745,0.17375
1697807280,206532674,206661539,0.17401
1697807340,206703599,206654855,0.17375
1697807400,206789091,206878435,0.17379
1697807460,206853795,206922365,0.17385
1697807520,206986741,206876340,0.17347
1697807580,206863701,206910335,0.17341
1697807640,206997226,207083974,0.17363
1697807700,207237106,207332138,0.17391
1697807760,207336599,207439782,0.17378
1697807820,207435449,207390892,0.17344
1697807880,207542806,207589066,0.17356
1697807940,207654568,207661781,0.17398
1697808000,207715124,207767935,0.17389
1697808060,207914127,208029534,0.17427
1697808120,208171371,208046796,0.17397
1697808180,208026030,208200849,0.1744
1697808240,208353003,208337653,0.174
1697808300,208319304,208392515,0.17409
1697808360,208699039,208677787,0.17414
1697808420,208737082,208878918,0.17455
1697808480,208990033,209079693,0.17432
1697808540,209097428,209099404,0.17426
1697808600,209092732,209207971,0.17402
1697808660,209378740,209388241,0.1735
1697808720,209165222,208611067,0.17343
1697808780,208626917,208752102,0.17392
1697808840,208884433,209019349,0.17655
1697808900,206764412,206838017,0.17577
1697808960,207133282,207259300,0.17562
1697809020,207196444,207172870,0.17578
1697809080,207142139,207139041,0.17606
1697809140,207148477,207283893,0.17575
1697809200,207358147,207635669,0.17583
1697809260,207556020,207515162,0.17562
1697809320,207454426,207562378,0.17553
1697809380,207488919,207425111,0.17531
1697809440,207447050,207230905,0.17484
1697809500,207559569,207578182,0.17377
1697809560,207342782,207388834,0.17348
1697809620,207432103,207366041,0.17347
1697809680,207391382,207291679,0.17456
1697809740,207346282,207068241,0.17619
1697809800,207147324,207226844,0.17545
1697809860,207290734,207325746,0.17523
1697809920,207511761,207585762,0.17546
1697809980,207518529,207520492,0.17543
1697810040,207539929,207565150,0.17539
1697810100,207570664,207624500,0.17546
1697810160,207630224,207705259,0.17535
1697810220,207752565,207721901,0.17505
1697810280,207749554,207725610,0.17501
1697810340,207667466,207704872,0.1747
1697810400,208091094,208204761,0.17539
1697810460,208201892,208247729,0.17555
1697810520,208239371,208269471,0.17576
1697810580,208275849,208231736,0.17613
1697810640,208333901,208422678,0.17638
1697810700,208428837,208634843,0.17598
1697810760,208843979,208901575,0.176
1697810820,208838933,208924779,0.17609
1697810880,209013946,208977483,0.17615
1697810940,208895021,208962160,0.176
1697811000,209006650,209038775,0.17615
1697811060,209058453,209071094,0.1759
1697811120,209181537,209181510,0.17562
1697811180,209183208,209223909,0.1754
1697811240,209102893,209244912,0.17431
1697811300,209228518,209406070,0.17422
1697811360,209292069,209325362,0.17386
1697811420,209547156,209461520,0.17443
1697811480,209470338,209631764,0.17431
1697811540,209651372,209717225,0.17415
1697811600,209800329,209809847,0.1737
1697811660,209865800,209861890,0.1733
1697811720,209894813,209961853,0.1737
1697811780,209906436,209889861,0.17358
1697811840,209887333,209914255,0.17338
1697811900,209903460,209960090,0.17306
1697811960,209862604,209978732,0.17282
1697812020,210105437,210133497,0.17313
1697812080,210216767,210227850,0.17313
1697812140,210300467,210073264,0.17358
1697812200,210061459,210142053,0.17337
1697812260,210166561,210268045,0.1738
1697812320,210228994,210256149,0.17215
1697812380,209876375,209884903,0.17125
1697812440,209940239,209974963,0.17177
1697812500,210206244,210139444,0.17198
1697812560,210297772,210198191,0.17225
1697812620,210300540,210234626,0.17215
1697812680,210237620,210222376,0.17199
1697812740,210262149,210229686,0.17196
1697812800,210232990,210273254,0.17238
1697812860,210396906,210561044,0.17266
1697812920,210666955,210614228,0.17268
1697812980,210624998,210652607,0.17283
1697813040,210704710,210790812,0.17227
1697813100,210880118,211010440,0.1741
1697813160,210678891,210450741,0.17438
1697813220,210388184,210560005,0.17435
1697813280,210612746,210778269,0.17416
1697813340,210821150,210920364,0.17373
1697813400,210880016,210863413,0.17414
1697813460,210845587,210759090,0.17395
1697813520,210803913,210829055,0.17407
1697813580,210778866,210748012,0.17387
1697813640,210716618,210680523,0.17389
1697813700,210682840,210686352,0.17395
1697813760,210730693,210748950,0.17429
1697813820,210736492,210691039,0.17427
1697813880,210769479,210778468,0.17396
1697813940,210819923,210823508,0.17389
1697814000,211037368,211015921,0.17358
1697814060,210761885,210668193,0.17317
1697814120,210752960,210669637,0.1736
1697814180,210632896,210592285,0.17396
1697814240,210615539,210704775,0.17418
1697814300,210781152,210835658,0.17492
1697814360,210821226,210571738,0.17634
1697814420,210254652,210428296,0.1757
1697814480,210528337,210562376,0.1756
1697814540,210727418,210706480,0.17545
1697814600,210748950,210837436,0.17517
1697814660,210943871,210994918,0.17552
1697814720,210940436,210967731,0.17533
1697814780,211002811,211027319,0.17497
1697814840,211058887,210984904,0.1751
1697814900,210957725,211076283,0.17488
1697814960,211088181,211072108,0.17484
1697815020,211101243,211131078,0.17508
1697815080,211106276,211112183,0.1748
1697815140,211206615,211209640,0.17477
1697815200,211228696,211281448,0.17487
1697815260,211283488,211341133,0.17497
1697815320,211266977,211257680,0.17512
1697815380,211271693,211292141,0.17538
1697815440,211217519,211378597,0.17545
1697815500,211424653,211454820,0.17565
1697815560,211471466,211482570,0.17613
1697815620,211465101,211433194,0.17593
1697815680,211464676,211478481,0.17593
1697815740,211478416,211528445,0.17584
1697815800,211534237,211675019,0.17591
1697815860,211688798,211575860,0.175
1697815920,211520228,211628194,0.17463
1697815980,211720881,211871771,0.17505
1697816040,211803588,211917944,0.17515
1697816100,211945133,212039964,0.17524
1697816160,212100608,212080045,0.17509
1697816220,212084921,212001322,0.17531
1697816280,212012236,212027011,0.17487
1697816340,212033070,212045775,0.17511
1697816400,212069588,212050634,0.17458
1697816460,211999965,212037871,0.17464
1697816520,211985402,211964577,0.17461
1697816580,211965843,211953768,0.17473
1697816640,212021867,212023076,0.1751
1697816700,212079464,212080230,0.17502
1697816760,212185465,212181426,0.1751
1697816820,212031561,212084987,0.1755
1697816880,212127516,212171116,0.17566
1697816940,212217989,212278776,0.17573
1697817000,212349244,212441698,0.1759
1697817060,212506643,212531092,0.17592
1697817120,212541893,212697680,0.17593
1697817180,212714376,212973191,0.17598
1697817240,212972076,212995422,0.17575
1697817300,213078742,213092995,0.17583
1697817360,213016380,213039902,0.17568
1697817420,213085256,213175878,0.17593
1697817480,213189663,213206509,0.17583
1697817540,213213478,213229961,0.17558
1697817600,213194548,213270242,0.17589
1697817660,213305656,213727869,0.17539
1697817720,213802254,213798566,0.17599
1697817780,213927844,213947923,0.17619
1697817840,213982743,214288984,0.176
1697817900,214236061,214352155,0.17653
1697817960,214318861,214300917,0.17619
1697818020,214333284,214049295,0.1746
1697818080,213949606,214055575,0.1754
1697818140,214062541,214097216,0.17557
1697818200,214177278,214235532,0.17576
1697818260,214260323,214248589,0.17592
1697818320,214239667,214243064,0.17571
1697818380,214246441,214243751,0.17576
1697818440,214338687,214359436,0.17592
1697818500,214395960,214485894,0.17604
1697818560,214463353,214478607,0.17567
1697818620,214199404,214156238,0.17578
1697818680,214188000,214120450,0.17581
1697818740,214121168,214155183,0.17589
1697818800,214198409,214279724,0.17665
1697818860,214222761,214197051,0.17654
1697818920,214309206,214372015,0.17651
1697818980,214450274,214693983,0.17634
1697819040,214844904,214596254,0.17658
1697819100,214679742,214775141,0.17674
1697819160,214747510,214766102,0.17686
1697819220,214754526,214774334,0.17677
1697819280,214907238,214932934,0.1765
1697819340,214936275,214917037,0.17635
1697819400,214912981,215021351,0.17719
1697819460,215221025,215402825,0.17882
1697819520,214482397,214613643,0.17814
1697819580,214665279,214872045,0.17825
1697819640,214990463,214966859,0.17846
1697819700,215044897,215076712,0.17938
1697819760,215097373,215224000,0.1791
1697819820,215285073,215235311,0.17879
1697819880,215365954,215382510,0.17888
1697819940,215623769,215760578,0.1791
1697820000,215857989,215853017,0.17886
1697820060,215866087,216125595,0.17963
1697820120,216263021,216371139,0.17971
1697820180,216431108,216594177,0.17966
1697820240,216604071,216604071,0.17888
1697820300,216459036,216658934,0.17958
1697820360,216769836,216830471,0.17934
1697820420,217009362,217068598,0.17962
1697820480,217205432,217363736,0.1797
1697820540,217367640,217510419,0.17974
1697820600,217484783,217513066,0.17934
1697820660,217438935,217463781,0.17857
1697820720,217283364,217372826,0.1786
1697820780,217410559,217457860,0.17881
1697820840,217399199,217403732,0.17934
1697820900,217429048,217468807,0.17893
1697820960,217485233,217629313,0.1788
1697821020,217601029,217623100,0.17923
1697821080,217695574,217613738,0.17881
1697821140,217699899,217495950,0.1779
1697821200,217361683,217727543,0.17878
1697821260,217717645,217570305,0.17926
1697821320,217669726,217496449,0.17769
1697821380,217293124,217432603,0.17755
1697821440,217314810,217276710,0.1767
1697821500,217277749,217279338,0.17691
1697821560,217302772,217323463,0.17694
1697821620,217328262,217219974,0.1767
1697821680,217030438,217116683,0.17721
1697821740,217101545,217091897,0.17689
1697821800,217122325,216868053,0.17633
1697821860,216856233,216814369,0.1761
1697821920,216843286,216719963,0.177
1697821980,216752895,216713743,0.17718
1697822040,216735059,216760538,0.17637
1697822100,216881353,216998560,0.17641
1697822160,217010203,216966692,0.1769
1697822220,216851425,216749065,0.17694
1697822280,216741822,216948967,0.17678
1697822340,216953897,217107874,0.17708
1697822400,217106330,217068394,0.17677
1697822460,217098530,217166589,0.17835
1697822520,217221758,217151038,0.17844
1697822580,217152037,217220788,0.17817
1697822640,217261946,217308432,0.17827
1697822700,217327482,217314653,0.17798
1697822760,217320831,217371782,0.17787
1697822820,217373095,217477478,0.17814
1697822880,217473167,217501146,0.17786
1697822940,217579433,217574901,0.17827
1697823000,217622774,217668455,0.17785
1697823060,217722551,217746978,0.1782
1697823120,217747503,217608195,0.17888
1697823180,217562591,217587010,0.17944
1697823240,217739963,217740270,0.17916
1697823300,217791385,217827842,0.17924
1697823360,217833646,217834513,0.17939
1697823420,217935361,218006012,0.1792
1697823480,217949389,217993735,0.17928
1697823540,218000577,217968573,0.17883
1697823600,218000820,218044585,0.17923
1697823660,218051859,218078499,0.17918
1697823720,218062393,217911762,0.17907
1697823780,217953062,218164761,0.17961
1697823840,218251247,218350880,0.17936
1697823900,218402141,218425196,0.17934
1697823960,218554474,218763933,0.17979
1697824020,218775397,219027672,0.17995
1697824080,218798593,218284782,0.18101
1697824140,218557887,218627805,0.1811
1697824200,218560783,218567234,0.18108
1697824260,218574495,218597153,0.18114
1697824320,218610149,218074910,0.18058
1697824380,218074422,218175726,0.18076
1697824440,218316973,218235467,0.18093
1697824500,218171538,217948983,0.18062
1697824560,218043268,218087830,0.1809
1697824620,218083255,218102966,0.18079
1697824680,218023424,217954582,0.1808
1697824740,217986022,217968038,0.18093
1697824800,218055141,218169218,0.18101
1697824860,218230277,218252455,0.18088
1697824920,218245879,218419383,0.18108
1697824980,218455542,218417692,0.18112
1697825040,218335027,218322625,0.18085
1697825100,218469297,218526831,0.18112
1697825160,218509240,218509267,0.18085
1697825220,218616291,218659622,0.18052
1697825280,218597777,218589718,0.1801
1697825340,218526122,218463558,0.1803
1697825400,218484219,218139919,0.1799
1697825460,218175288,218197298,0.17983
1697825520,218208657,218243398,0.17963
1697825580,218267409,218466868,0.1798
1697825640,218363666,218281600,0.18018
1697825700,218288686,218377968,0.1805
1697825760,218356917,218435722,0.1804
1697825820,218676328,218681054,0.18094
1697825880,218674592,218686504,0.18091
1697825940,218740138,218773984,0.18075
1697826000,218847896,218963124,0.18103
1697826060,218957890,218957294,0.18095
1697826120,218958912,219037666,0.181
1697826180,219070795,219186303,0.18135
1697826240,219305646,219284720,0.18128
1697826300,219261322,219163324,0.1812
1697826360,219201543,219220441,0.1815
1697826420,219368453,219434381,0.18217
1697826480,219697125,219755279,0.182
1697826540,219814928,219739665,0.182
1697826600,219803021,219812947,0.18229
1697826660,219803021,219803021,0.18226
