"OI_open","OI_close","timestamp","price_open","price_close"
615383.68,615694.47,1698932880,231.62,231.76
615677.5,615689.2,1698932940,231.76,231.86
615730.9,615913.65,1698933000,231.86,232.21
615963.61,616285.38,1698933060,232.2,232.23
616196.03,616227.34,1698933120,232.23,232.1
616252.15,616252.15,1698933180,232.1,231.89
616275.77,616599.01,1698933240,231.9,232.03
616989.97,617187.2,1698933300,232.03,232.07
616803.5,616801.08,1698933360,232.07,232.12
617273.93,617357.84,1698933420,232.12,231.98
617247.9,617108.65,1698933480,231.98,231.79
616911.68,616895.8,1698933540,231.8,231.84
617007.69,617314.17,1698933600,231.85,232.22
617323.72,617468.6,1698933660,232.22,232.29
617409.7,617960.38,1698933720,232.3,232.41
617964.11,617916.18,1698933780,232.4,232.29
618087.27,618140.41,1698933840,232.29,232.32
618213.49,618003.92,1698933900,232.32,232.2
617985.09,617782.42,1698933960,232.2,231.7
617912.28,617754.47,1698934020,231.7,231.36
617837.07,617718.93,1698934080,231.37,231.59
617533.82,618499.03,1698934140,231.59,230.87
618092.48,617980.19,1698934200,230.87,230.91
617815.44,616240.97,1698934260,230.91,231.11
616095.77,616159.31,1698934320,231.11,230.86
615136.13,614592.79,1698934380,230.85,230.66
614383.71,614375.94,1698934440,230.66,230.43
614484.32,614484.32,1698934500,230.43,230.42
614904.93,614731.89,1698934560,230.43,230.85
614736.49,614832.71,1698934620,230.86,231.08
614812.07,614907,1698934680,231.08,231.1
614975.8,614896.87,1698934740,231.11,230.93
614729.09,614991.85,1698934800,230.94,231.08
614920.44,614773.04,1698934860,231.08,231.02
614753.52,614904.92,1698934920,231.03,230.75
614897.55,615194.78,1698934980,230.76,230.52
614896.96,614642.49,1698935040,230.53,230.61
614578.63,614482.28,1698935100,230.62,230.4
614368.69,614251.32,1698935160,230.41,230.36
614467.41,614378.18,1698935220,230.36,230.39
614306.8,614224.56,1698935280,230.39,230.73
614550.82,614545.95,1698935340,230.74,230.6
614512.44,614521.53,1698935400,230.59,230.75
614663.27,614733,1698935460,230.75,230.78
615908.33,615657.6,1698935520,230.78,230.38
615630.66,615685.43,1698935580,230.39,230.92
615480.2,615557.4,1698935640,230.93,230.57
615555.84,615647.5,1698935700,230.58,230.27
615507.4,615402.79,1698935760,230.29,230.26
613999.36,613923.4,1698935820,230.26,230.14
614118.92,614118.92,1698935880,230.14,230.17
614233.96,614415.85,1698935940,230.17,230.4
613591.33,613650.53,1698936000,230.41,230.75
613753.75,613753.75,1698936060,230.76,230.93
613755.63,613743.7,1698936120,230.94,230.98
613953.95,614091.73,1698936180,230.97,231.17
614116.43,614802.63,1698936240,231.17,231.08
614885.58,614845.58,1698936300,231.08,230.93
614754.81,614961.82,1698936360,230.93,231.09
614863.12,615105.15,1698936420,231.09,231.3
615136.41,615140.94,1698936480,231.3,231.44
615180.57,615095.79,1698936540,231.44,231.32
614845.4,614875.52,1698936600,231.32,231.19
614849.15,614924.37,1698936660,231.19,231.4
614931.91,614797.46,1698936720,231.4,231.33
614875.67,615114.12,1698936780,231.33,231.55
615261.72,615413.3,1698936840,231.55,231.44
615382.92,615416.93,1698936900,231.44,231.36
615403.69,615322.28,1698936960,231.36,231.26
615121.21,615163.75,1698937020,231.26,231.34
615162.76,615132.36,1698937080,231.35,231.4
615178.92,615156.4,1698937140,231.4,231.52
615098.49,615434.88,1698937200,231.53,231.62
615307.37,615307.37,1698937260,231.63,231.5
615160.89,615489.17,1698937320,231.49,231.41
615644.32,615850.13,1698937380,231.42,231.19
615777.1,615651.23,1698937440,231.2,231.23
615635.51,615551.03,1698937500,231.23,230.89
615514.85,615398.41,1698937560,230.89,230.26
615163.24,615059,1698937620,230.26,230.38
615110.98,615041.47,1698937680,230.38,230.5
615005.68,614966.08,1698937740,230.5,230.53
614956.67,614875.84,1698937800,230.53,230.6
614822.49,615246.22,1698937860,230.6,230.45
615241.4,615255.36,1698937920,230.46,230.58
614978.01,614950.7,1698937980,230.59,230.27
614987.89,614894.6,1698938040,230.26,229.95
614526.52,614176.6,1698938100,229.95,229.76
614087.16,614035.19,1698938160,229.76,229.95
614059.19,614129.95,1698938220,229.96,230.19
614166.54,614198.69,1698938280,230.18,230.35
614095.58,614130.81,1698938340,230.35,230.01
614252.74,614030.5,1698938400,230.01,229.6
613196.8,612498.12,1698938460,229.61,229.26
612339.36,611856.78,1698938520,229.26,229.4
611792.91,611792.91,1698938580,229.41,229.6
611912.43,611734.16,1698938640,229.61,229.4
611721.76,611371.57,1698938700,229.41,229.52
611330.37,611428.68,1698938760,229.52,229.63
611430.8,611617.27,1698938820,229.63,229.76
611184.42,611166.13,1698938880,229.77,229.41
611055.96,611301.04,1698938940,229.41,229.18
611084.24,611240.12,1698939000,229.16,229.17
611170.68,610718.77,1698939060,229.18,228.28
609452.9,609484.61,1698939120,228.27,228.53
609310.93,609340.63,1698939180,228.53,228.8
609254.25,609416.18,1698939240,228.79,228.83
609279.48,609278.31,1698939300,228.84,229.24
608889,608832.34,1698939360,229.24,229.58
608824.17,608869.03,1698939420,229.58,229.65
608921.44,609146.93,1698939480,229.66,229.68
608747.68,608816.38,1698939540,229.68,230.11
608818.52,608794.35,1698939600,230.11,229.74
608747.82,609115.5,1698939660,229.74,230.02
609117.61,609520.27,1698939720,230.02,230.19
609443.24,609482.79,1698939780,230.19,230.03
609501.87,609484.37,1698939840,230.03,230.19
609369.03,609181.64,1698939900,230.2,230.19
609289.13,609407.12,1698939960,230.19,230.28
609433.18,609620.32,1698940020,230.29,230.15
609606.85,609601.8,1698940080,230.14,230.21
609617.16,609655.38,1698940140,230.21,230.16
609709.86,609709.86,1698940200,230.16,230.12
609597.14,609515.91,1698940260,230.13,230
609561.54,609551.57,1698940320,230.01,230.1
609637.86,609567.84,1698940380,230.1,229.99
609701.23,609940.34,1698940440,230,230.33
610036.29,610036.24,1698940500,230.34,230.24
610151.16,610160.71,1698940560,230.25,230.13
610077.46,610025.04,1698940620,230.13,230.03
609953.8,610473.75,1698940680,230.03,229.9
610363.77,610319.76,1698940740,229.9,229.57
610095.23,610278.54,1698940800,229.58,229.94
610261.59,610108.31,1698940860,229.94,229.45
610049.92,609784.74,1698940920,229.44,229.37
609792.68,609490.51,1698940980,229.36,229.3
609675.83,609643.42,1698941040,229.31,229.95
609570.67,609578.83,1698941100,229.94,230.22
609633.82,609634.58,1698941160,230.22,230.06
609815.44,609974.21,1698941220,230.06,230.23
610081.06,611208.11,1698941280,230.24,230.51
611102.62,611292.22,1698941340,230.52,230.67
611339.33,611519.21,1698941400,230.67,230.61
611491.2,611703.32,1698941460,230.62,230.75
611795.9,611849.91,1698941520,230.75,230.62
611810.16,612266.5,1698941580,230.63,230.78
612128.76,612128.76,1698941640,230.81,230.83
612294.85,612207.06,1698941700,230.84,230.93
612285.38,612215.55,1698941760,230.93,230.59
612162.95,612075.3,1698941820,230.6,230.54
611858.89,611418.59,1698941880,230.54,230.12
611183.02,610994,1698941940,230.12,229.76
610786.61,610710.7,1698942000,229.78,229.46
610449.91,610195.68,1698942060,229.45,229.38
609957.33,609914.86,1698942120,229.38,229.26
610017.91,610559,1698942180,229.26,229.31
610300.26,610359.72,1698942240,229.29,229.39
610349.51,610127.34,1698942300,229.4,229
609374.03,609124.48,1698942360,229,228.75
609123.93,609080.73,1698942420,228.75,228.7
609167.07,609053.9,1698942480,228.71,228.93
609135.65,609404.93,1698942540,228.92,228.69
609104.22,609051.73,1698942600,228.7,228.35
608431.16,607067.18,1698942660,228.36,228.57
607446.78,607899.35,1698942720,228.57,229.02
608090.82,608213.59,1698942780,229.02,229.19
608182.26,608294.02,1698942840,229.2,229.37
608234.46,608431.22,1698942900,229.37,229.57
608512.8,608490.95,1698942960,229.58,229.67
608609.52,608672.89,1698943020,229.68,229.64
608742.99,608562.64,1698943080,229.65,229.78
608575.49,608783.07,1698943140,229.78,229.83
608422.76,608422.76,1698943200,229.84,229.75
608473.16,608041.81,1698943260,229.75,229.43
608010.34,607990.44,1698943320,229.43,229.33
607981.95,608030.48,1698943380,229.33,229.69
608094.77,608148.11,1698943440,229.69,229.76
608289.21,608311.61,1698943500,229.76,229.83
608368.55,608425.91,1698943560,229.83,229.93
608703.26,608791.7,1698943620,229.93,230.14
608815.38,609177.71,1698943680,230.14,230.19
609377.51,609313.82,1698943740,230.2,230.11
609270.91,609354.98,1698943800,230.12,230.06
609319.45,609603.9,1698943860,230.06,230.43
609711.07,609887.57,1698943920,230.43,230.52
609975.39,610120.46,1698943980,230.51,230.53
610250.1,610326.4,1698944040,230.53,230.14
610314.64,610347.34,1698944100,230.15,230.31
610518.56,610638.4,1698944160,230.3,230.43
610710.57,610681.13,1698944220,230.44,230.49
610864.21,610840.43,1698944280,230.5,230.48
610816.99,610816.24,1698944340,230.48,230.45
611155.33,611118.95,1698944400,230.44,230.06
611098.98,610855.86,1698944460,230.07,230.09
610658.12,610759.63,1698944520,230.09,230.2
610791.77,610652.89,1698944580,230.2,229.91
610615.73,610224.97,1698944640,229.92,230.03
610235.78,610213.33,1698944700,230.03,230.12
610387.55,610366.34,1698944760,230.13,230.02
610151.65,610151.65,1698944820,230.01,230.2
610057,610290.32,1698944880,230.21,230.21
610525.3,610525.3,1698944940,230.21,230.19
610474.74,610469.64,1698945000,230.19,230
610393.45,610301.54,1698945060,230.01,230.31
610409.98,610793.36,1698945120,230.32,230.13
610738.47,610602.73,1698945180,230.12,230.05
610808.71,610859.33,1698945240,230.05,229.75
610944.98,611000.1,1698945300,229.75,229.48
611384.06,611477.8,1698945360,229.49,229.17
611421.61,611261.38,1698945420,229.18,229.16
611060.09,610735.66,1698945480,229.15,228.96
611147.55,611245.31,1698945540,228.97,229.32
612157.12,611978.97,1698945600,229.32,229.55
612148.55,612179.41,1698945660,229.54,229.54
612374.47,612180.41,1698945720,229.54,229.52
612077.24,612025.36,1698945780,229.53,229.39
611964.83,611867.36,1698945840,229.4,229.25
611649.19,611280.04,1698945900,229.26,229.07
611210.84,611105.29,1698945960,229.08,229.09
611059.41,611008.07,1698946020,229.1,229.2
611010.41,610873.28,1698946080,229.2,229.34
610856.5,610563.59,1698946140,229.34,229.59
610482.78,611045.49,1698946200,229.59,229.96
610989,610920.67,1698946260,229.96,230.25
610881.76,610841.71,1698946320,230.26,230.26
610925.09,610568.22,1698946380,230.27,230.37
610596.71,610596.71,1698946440,230.36,230.4
610701.02,610837.67,1698946500,230.41,230.46
610903.79,610508.22,1698946560,230.47,230.49
610203.37,610408.49,1698946620,230.49,230.61
610426.89,610315.01,1698946680,230.62,230.8
610284.08,610173.03,1698946740,230.8,230.81
610117.66,610212.23,1698946800,230.81,230.86
610411.02,610613.85,1698946860,230.85,230.91
610645.46,610693.35,1698946920,230.91,230.82
610491.65,610460.36,1698946980,230.81,230.82
610427.44,610275.17,1698947040,230.81,230.85
610079.96,610097.38,1698947100,230.85,230.86
609986.1,610179.18,1698947160,230.87,230.9
610026.88,610106.53,1698947220,230.9,230.99
610182.73,610197.04,1698947280,231,231.21
610074.96,610043.54,1698947340,231.21,231.17
609176.04,609248.23,1698947400,231.18,231.07
609249.02,610265.26,1698947460,231.06,231.13
610190.39,610211.22,1698947520,231.13,231.15
610178.07,610041.67,1698947580,231.16,231.29
609890.22,610013.43,1698947640,231.28,231.19
610445.2,610445.2,1698947700,231.2,231.28
610515.78,610495.12,1698947760,231.27,231.39
610464.94,610409.72,1698947820,231.4,231.35
610446.87,610576.59,1698947880,231.35,231.56
611348.89,611436.46,1698947940,231.57,231.64
611510.15,611766.74,1698948000,231.64,231.67
611846.54,611993.25,1698948060,231.67,231.76
611947.23,612006,1698948120,231.76,231.74
612003.53,611976.52,1698948180,231.75,231.52
611999.81,611991.81,1698948240,231.52,231.5
611796.35,611986.82,1698948300,231.49,231.34
612399.22,612000.12,1698948360,231.35,231.02
611783.09,611735.81,1698948420,231.03,230.99
611652.06,611727.05,1698948480,230.99,231.03
611999.6,611990.53,1698948540,231.04,231.21
612022.91,611989.02,1698948600,231.22,231.03
612235.04,612224.78,1698948660,231.04,231.2
612248.74,612200.61,1698948720,231.2,231.62
612258.71,612303.6,1698948780,231.62,231.83
612300.48,612477.69,1698948840,231.82,231.84
612332.63,612370.1,1698948900,231.85,231.86
612404.17,612442.73,1698948960,231.87,231.77
612426.98,612426.98,1698949020,231.78,231.77
612442.05,612299.67,1698949080,231.78,231.7
612274.24,612270.48,1698949140,231.7,231.82
612386.08,612389.37,1698949200,231.82,231.91
612466.92,612862.68,1698949260,231.91,231.98
612854.42,612602.11,1698949320,231.97,232.06
612607.34,612159.05,1698949380,232.06,232.03
612226.62,612255.08,1698949440,232.04,232.13
612320.92,612301.36,1698949500,232.14,232.1
612288.96,612387.67,1698949560,232.1,232.23
612242.3,612241.5,1698949620,232.23,232.18
612293.8,612315.7,1698949680,232.19,232.31
612319.74,612194.04,1698949740,232.32,232.26
612145.45,612112.45,1698949800,232.25,232.2
612207.88,612302.85,1698949860,232.2,232.3
612338.76,612347.36,1698949920,232.31,232.36
612251.95,612122.73,1698949980,232.35,232.28
612336.01,612278.93,1698950040,232.29,232.49
612421.5,612456.33,1698950100,232.49,232.5
612748.08,613460.41,1698950160,232.49,232.58
613337.15,613273.55,1698950220,232.58,232.44
613171.39,613434.7,1698950280,232.45,232.12
613359.97,613428.58,1698950340,232.12,232.33
613654.67,613666.93,1698950400,232.32,232.35
613766.29,613766.29,1698950460,232.36,232.42
613419.92,613452.19,1698950520,232.42,232.28
613455.12,613412.26,1698950580,232.28,232.42
613399.54,613562.79,1698950640,232.41,232.5
613550.93,613549.01,1698950700,232.5,232.38
613339.57,613312.54,1698950760,232.38,232.39
613306.57,613249.78,1698950820,232.39,232.04
613118.57,613023.66,1698950880,232.04,231.81
612981.79,612735.7,1698950940,231.82,231.97
612688.75,612649.33,1698951000,231.97,232.02
612799.65,612835.18,1698951060,232.02,232.2
612857.71,613010.78,1698951120,232.2,232.11
612659.22,612418.62,1698951180,232.11,232.24
612445.8,612437.38,1698951240,232.24,232.08
612341.52,612404.02,1698951300,232.08,232.03
612444.42,612375.03,1698951360,232.03,232.08
612306.94,612428.02,1698951420,232.07,231.83
612433.06,612334.35,1698951480,231.84,231.86
612326.07,612375.61,1698951540,231.86,231.94
612343.79,612159.42,1698951600,231.93,231.71
612204.59,612299.72,1698951660,231.71,231.76
612417.41,612503.38,1698951720,231.76,231.79
612368.52,612423.52,1698951780,231.78,231.83
612452.18,612543.65,1698951840,231.84,231.87
612597.49,612597.49,1698951900,231.87,231.96
612749.66,612551.48,1698951960,231.96,231.97
612546.76,612562.93,1698952020,231.98,231.92
612606.38,612649.01,1698952080,231.92,231.95
612628.77,612645.93,1698952140,231.94,231.93
612513.63,612439.39,1698952200,231.94,231.84
612129.01,612096,1698952260,231.84,231.83
612028.02,612013.29,1698952320,231.84,231.66
612120.91,611954.73,1698952380,231.67,231.6
611912.15,611973.89,1698952440,231.59,232.02
612236.07,612272.55,1698952500,232.02,231.84
612279.43,612312.41,1698952560,231.84,231.9
612340.42,612494.59,1698952620,231.89,231.87
612477.47,612535.15,1698952680,231.86,231.89
612545.41,612687.05,1698952740,231.9,231.79
612607.26,612598.58,1698952800,231.79,231.7
612546.25,612743.67,1698952860,231.71,231.98
612800.33,612872.43,1698952920,231.98,231.96
612865.26,612961.94,1698952980,231.96,231.96
612990.39,613041.25,1698953040,231.95,231.94
613145.02,613055.67,1698953100,231.93,232.01
613091.62,613077.69,1698953160,232.02,232.19
613107.55,612933.52,1698953220,232.2,232.27
612427.19,612370.45,1698953280,232.26,232.05
612370.55,612371.89,1698953340,232.05,232.04
612307.97,612307.97,1698953400,232.05,232.06
612342.8,612370.06,1698953460,232.05,232.1
612385.19,612371.43,1698953520,232.1,231.98
612440.6,612359.89,1698953580,231.97,232.03
612315.59,612237.41,1698953640,232.04,232.07
612189.46,612302.04,1698953700,232.08,232.2
612347.09,612486.82,1698953760,232.2,232.33
612524.32,612724.46,1698953820,232.33,232.39
612812.68,612809.69,1698953880,232.39,232.32
612333.2,612434.57,1698953940,232.31,232.43
612428.09,612414.68,1698954000,232.44,232.59
612417.12,612136.14,1698954060,232.59,232.44
612155.96,612167.32,1698954120,232.44,232.39
612181.22,612304.59,1698954180,232.39,232.54
612306.7,612302.04,1698954240,232.55,232.49
612307.44,612343.97,1698954300,232.5,232.53
612354.34,612321.9,1698954360,232.53,232.47
612310.43,612302.35,1698954420,232.48,232.29
612345.1,612240.81,1698954480,232.29,232.26
612273.01,612261.82,1698954540,232.27,232.16
612266.66,612233.61,1698954600,232.15,232.08
612311.8,612594.45,1698954660,232.09,232.32
612676.98,612705.37,1698954720,232.32,232.33
612699.61,612669.91,1698954780,232.33,232.44
612666.67,612759.06,1698954840,232.45,232.55
612735.81,612812.55,1698954900,232.57,232.51
612657.3,612657.3,1698954960,232.51,232.55
612615.84,612645.38,1698955020,232.56,232.64
612771.75,612961.08,1698955080,232.64,232.66
613079.56,613079.56,1698955140,232.66,232.67
613158.15,613193.9,1698955200,232.68,232.94
613280.72,614137.32,1698955260,232.94,232.84
614106.88,614246.08,1698955320,232.85,232.45
614127.34,614088.72,1698955380,232.45,232.27
613798.69,613788.28,1698955440,232.26,232.27
613879.14,613886.62,1698955500,232.28,232.38
613902.71,613832.16,1698955560,232.38,232.33
613882.17,613885.99,1698955620,232.32,232.39
613817.15,613781.74,1698955680,232.4,232.55
613794.53,613792.68,1698955740,232.55,232.68
613856.08,613856.74,1698955800,232.68,232.66
613940.46,613876.73,1698955860,232.65,232.54
613756,613753.97,1698955920,232.55,232.4
613837.15,613919.24,1698955980,232.39,232.45
613981.21,614528.35,1698956040,232.45,232.44
614262.67,614246.97,1698956100,232.44,232.45
614258.89,614276.13,1698956160,232.45,232.4
614183.31,614126.35,1698956220,232.4,232.34
614092.29,614045.68,1698956280,232.34,232.28
613744.5,613604.26,1698956340,232.27,231.86
613453.72,613302.78,1698956400,231.86,231.79
613297.82,613297.82,1698956460,231.79,231.83
613292.09,613219.36,1698956520,231.83,231.64
613198.49,613317.41,1698956580,231.64,231.47
613562.51,613341.82,1698956640,231.47,231.62
613317.64,613308.23,1698956700,231.62,231.58
613326.41,613141.72,1698956760,231.57,231.56
613064.56,613170.75,1698956820,231.55,231.25
613035.91,613081.94,1698956880,231.26,231.24
613084.49,613137.54,1698956940,231.25,231.17
613107.67,612964.59,1698957000,231.17,231.06
612859.76,612778.94,1698957060,231.06,231.04
612731.55,612621.45,1698957120,231.03,231.01
612634.86,612637.35,1698957180,231.01,230.96
612508.27,612351.42,1698957240,230.96,231.02
612355.28,612253.65,1698957300,231.01,231.06
612002.94,612017.13,1698957360,231.07,231.1
611939.95,611944.21,1698957420,231.1,231.02
611941.86,611934.08,1698957480,231.03,231.19
611900.83,611914.52,1698957540,231.2,231.1
611969.07,611897.67,1698957600,231.09,231.02
611900.48,611892.66,1698957660,231.02,231.02
611717.3,611717.3,1698957720,231.01,230.96
611677.18,611643.72,1698957780,230.96,230.99
611623.21,611621.14,1698957840,230.99,230.87
611609.41,611570.93,1698957900,230.87,230.96
611619.05,611568.86,1698957960,230.96,230.99
611551.96,611746.95,1698958020,230.99,231.15
611766.9,611776.57,1698958080,231.15,231.19
611813.8,611831.36,1698958140,231.19,230.99
611806.31,611766.86,1698958200,230.99,230.95
611746.3,611768.79,1698958260,230.95,231.03
611776.47,611790.62,1698958320,231.03,231.18
611783.41,611861.57,1698958380,231.18,231.58
612554.94,612527.07,1698958440,231.58,231.78
612613.77,612676.43,1698958500,231.79,231.85
612701.95,612718.97,1698958560,231.86,231.78
612727.22,612718.19,1698958620,231.78,231.56
612689.85,612645.59,1698958680,231.57,231.6
612598.32,612598.28,1698958740,231.6,231.55
612672.45,612688.99,1698958800,231.55,231.58
612687.27,612770.68,1698958860,231.58,231.71
612779.56,612861.55,1698958920,231.71,231.7
612844.22,612825.14,1698958980,231.7,231.55
612374.62,612299.3,1698959040,231.56,231.35
612349.38,612349.38,1698959100,231.35,231.46
612286.83,612254.87,1698959160,231.45,231.62
612209.01,612209.01,1698959220,231.62,231.5
612221.78,612222.4,1698959280,231.5,231.11
612190.77,612184.56,1698959340,231.1,231.04
612176.17,612204.55,1698959400,231.05,231.25
612235.43,612263.95,1698959460,231.26,231.34
612498.23,612501.81,1698959520,231.35,231.42
612769.66,612756.24,1698959580,231.43,231.51
612785.09,612798.44,1698959640,231.5,231.54
612780.58,612811.17,1698959700,231.54,231.61
612894.51,612883.29,1698959760,231.62,231.6
612886.09,612871.77,1698959820,231.59,231.64
612924.81,612913.5,1698959880,231.64,231.66
612861.29,612809.71,1698959940,231.67,231.68
612832.3,612812.13,1698960000,231.69,231.76
612852.29,612862.34,1698960060,231.76,231.94
612989.35,613035.38,1698960120,231.94,232
613063.31,613008.85,1698960180,231.99,231.91
612991.66,612975.88,1698960240,231.91,231.72
612836.14,612793.93,1698960300,231.72,231.57
612458.27,612474.2,1698960360,231.56,231.35
612493.22,612449.33,1698960420,231.36,231.53
612542.73,612542.73,1698960480,231.54,231.44
612539.49,612472.2,1698960540,231.42,231.45
612526.33,612526.33,1698960600,231.46,231.54
612759.57,612721.94,1698960660,231.55,231.53
612675.04,612677.12,1698960720,231.53,231.55
612672.1,612694.77,1698960780,231.55,231.58
612715.86,612898.85,1698960840,231.59,231.87
613057.24,613076.75,1698960900,231.88,231.88
613131.55,613096.39,1698960960,231.87,231.91
612966.4,612925.76,1698961020,231.91,231.9
613028.88,613013.83,1698961080,231.9,231.84
613004.53,613003.92,1698961140,231.84,231.85
613058.35,613050.49,1698961200,231.84,231.84
613063.75,612995.76,1698961260,231.84,231.59
612912.3,612953.46,1698961320,231.59,231.61
612942.14,612896.77,1698961380,231.62,231.61
612947.76,612942.51,1698961440,231.61,231.58
613105.71,613137.29,1698961500,231.59,231.78
613146.37,613239.89,1698961560,231.77,231.89
613229.52,613250.07,1698961620,231.89,231.96
613289.5,613258.64,1698961680,231.95,231.96
613282.4,613276.8,1698961740,231.96,231.98
613275.5,613275.5,1698961800,231.98,231.98
613275.51,613234.38,1698961860,231.98,231.94
613235.61,613235.61,1698961920,231.95,231.99
613248.81,613269.85,1698961980,232,231.99
613270.66,613271.94,1698962040,232,232
613290.88,613317.88,1698962100,231.99,231.92
613294.57,613115.44,1698962160,231.91,231.91
613099.35,613095.22,1698962220,231.91,231.88
613085.08,613067.29,1698962280,231.88,231.9
612989.54,613056.36,1698962340,231.9,232.01
613109.9,613150.21,1698962400,232.01,232.09
613289.11,613558.31,1698962460,232.09,231.73
613587.73,613578.75,1698962520,231.73,231.72
613544.86,613465.73,1698962580,231.73,231.79
613464.83,613464.91,1698962640,231.79,231.71
613457.82,613401.42,1698962700,231.71,231.71
613453.68,613456.54,1698962760,231.71,231.75
613459.2,613482.95,1698962820,231.75,231.69
613532.47,613452.62,1698962880,231.7,231.49
613459.41,613531.39,1698962940,231.49,231.43
613564.26,613619.9,1698963000,231.43,231.38
613627.67,613628.49,1698963060,231.39,231.39
613626.82,613626.82,1698963120,231.39,231.34
613610.13,613623.1,1698963180,231.34,231.21
613638.37,613639.58,1698963240,231.22,231.31
613583.33,613587.59,1698963300,231.3,231.29
613586.13,613581.26,1698963360,231.28,231.34
613612.02,613592.77,1698963420,231.34,231.51
613501.09,613503.04,1698963480,231.5,231.58
613463.94,613467.49,1698963540,231.59,231.66
613400.04,613387.23,1698963600,231.66,231.7
613087.38,613018.98,1698963660,231.71,231.68
612901.83,612678.5,1698963720,231.68,231.4
612647.93,612619.82,1698963780,231.4,231.47
612589.74,612638.58,1698963840,231.48,231.44
612649.27,612652.44,1698963900,231.44,231.4
612655.56,612655.63,1698963960,231.41,231.4
612583.53,612604.65,1698964020,231.4,231.5
612606.45,612600.86,1698964080,231.49,231.44
612598.56,612598.85,1698964140,231.45,231.46
612587.26,612586.71,1698964200,231.45,231.48
612587.19,612598.1,1698964260,231.47,231.56
612657.04,612646.11,1698964320,231.56,231.64
612657.1,612657.1,1698964380,231.65,231.51
612661.55,612690.52,1698964440,231.51,231.42
612662.15,612672.1,1698964500,231.42,231.33
612525.02,612610.24,1698964560,231.34,231.21
612614.97,612608.91,1698964620,231.2,231.07
612627.79,612622.75,1698964680,231.06,231.03
612619.29,612598.98,1698964740,231.03,230.97
612526.17,612517.16,1698964800,230.98,230.91
612551.63,612353.93,1698964860,230.91,230.87
612380.38,612449.78,1698964920,230.86,230.83
612549.89,612592.86,1698964980,230.83,230.73
612686.55,612683.05,1698965040,230.73,230.95
612881.35,612906.76,1698965100,230.94,230.95
612987.62,613063.98,1698965160,230.95,230.9
613122.2,613146.89,1698965220,230.9,231
613153.53,613211.46,1698965280,231,230.89
613263.37,613302.14,1698965340,230.89,230.95
613241.29,613336.64,1698965400,230.94,230.88
613414.89,613541.98,1698965460,230.88,230.67
613589.04,613845.62,1698965520,230.68,230.82
613915.93,613915.07,1698965580,230.82,230.8
613998.59,614171.05,1698965640,230.81,231.06
614173.32,614173.32,1698965700,231.05,230.92
614345.54,614336.4,1698965760,230.92,231
614340.63,614340.63,1698965820,230.99,230.92
614240.6,614245.67,1698965880,230.93,230.83
614230.07,614194.57,1698965940,230.82,230.66
614159.47,614210.08,1698966000,230.66,230.67
614168.73,614108.14,1698966060,230.67,230.65
613798.23,613650.36,1698966120,230.65,230.85
613629.84,613658.02,1698966180,230.84,231.05
613674.71,613336.51,1698966240,231.05,230.98
613369.71,613126.48,1698966300,230.98,230.94
613256.75,613234.51,1698966360,230.95,231.07
613237.83,613622.52,1698966420,231.06,231
613586.79,613597.79,1698966480,231,230.97
613644.42,613657.83,1698966540,230.97,231.03
613523.09,613679.94,1698966600,231.04,230.89
613669.85,613622.34,1698966660,230.91,230.68
613549.76,613588.86,1698966720,230.69,230.71
613603.69,613663.74,1698966780,230.72,230.8
613655.92,613652.15,1698966840,230.79,230.81
613687.38,613648.19,1698966900,230.82,230.91
613729.52,613726.13,1698966960,230.91,231.07
613733.86,613776.55,1698967020,231.07,231.16
613922.09,613935.61,1698967080,231.17,231.19
613935.2,613935.2,1698967140,231.19,231.21
613953.94,613968.01,1698967200,231.21,231.21
613986.71,614000.01,1698967260,231.22,231.24
614035.37,614096.6,1698967320,231.25,231.37
614079.28,613874.61,1698967380,231.37,231.44
613819.78,613814.57,1698967440,231.43,231.37
613726.36,613725.79,1698967500,231.37,231.31
613691.6,613698.33,1698967560,231.31,231.34
613680.81,613663.48,1698967620,231.33,231.25
613595.22,613521.93,1698967680,231.26,231.13
613494.78,613471.08,1698967740,231.13,231.16
613519.77,613491.02,1698967800,231.17,231.2
613484.55,613574,1698967860,231.2,231.27
613548.67,613538.5,1698967920,231.27,231.14
613431.33,613426.62,1698967980,231.15,231.1
613381.73,613266.56,1698968040,231.11,230.97
613263.01,613235.99,1698968100,230.98,230.79
613193.08,613193.93,1698968160,230.78,230.87
613178.94,613173.37,1698968220,230.87,230.95
613141.31,612902.1,1698968280,230.96,231.17
612979.89,612979.89,1698968340,231.17,231.18
612973.27,612963.19,1698968400,231.17,231.23
613076.25,613129.57,1698968460,231.24,231.32
613129.74,613123.29,1698968520,231.33,231.41
613194.87,613295.02,1698968580,231.41,231.43
613288.75,613322.39,1698968640,231.43,231.45
613190.28,613214.74,1698968700,231.45,231.47
613221.37,613235.98,1698968760,231.48,231.47
613265.53,613305.44,1698968820,231.47,231.54
613552.85,613938.91,1698968880,231.54,231.76
613947.16,613991.02,1698968940,231.75,231.87
613991.28,614072.55,1698969000,231.88,231.87
614259.66,615943.92,1698969060,231.88,231.95
616026.97,616080.78,1698969120,231.95,231.95
616062.92,616191.09,1698969180,231.95,231.91
616311.39,616311.39,1698969240,231.92,231.93
616371.37,616436.18,1698969300,231.93,231.9
616471.8,616599.29,1698969360,231.9,231.91
616669.28,616669.08,1698969420,231.91,231.9
616650.66,616678.22,1698969480,231.9,231.91
616678.7,616698.16,1698969540,231.92,232.03
617182.93,617257.68,1698969600,232.02,232.02
617411.32,617411.32,1698969660,232.03,231.97
617701.09,617856.17,1698969720,231.97,232.06
617992.45,618263.08,1698969780,232.06,232.04
618591.12,618877.55,1698969840,232.04,231.94
618961.17,619009.83,1698969900,231.94,232.04
619032.92,619096.13,1698969960,232.04,231.89
619339.82,619349.74,1698970020,231.88,232.12
619350.16,619353.65,1698970080,232.12,231.96
619409.83,619442.02,1698970140,231.97,231.92
619508.46,619518.98,1698970200,231.92,232.15
619652.11,619951.78,1698970260,232.15,232.49
620159.14,620329.11,1698970320,232.5,232.58
620503.92,620788.96,1698970380,232.58,232.57
620845.84,620936.19,1698970440,232.57,232.16
620905.41,620951.49,1698970500,232.15,231.98
620990.18,621137.6,1698970560,231.98,232.1
621118.11,621079.65,1698970620,232.1,231.85
622137.21,622041.67,1698970680,231.84,231.78
622068.85,622066.17,1698970740,231.78,231.96
622180.63,622259.12,1698970800,231.97,231.96
622312.75,622337.24,1698970860,231.95,231.98
622324.23,622480.53,1698970920,231.97,231.98
622615.93,622725.43,1698970980,231.97,232.1
622844.77,622927.07,1698971040,232.11,231.98
623031.19,623216.5,1698971100,231.98,231.69
622735.97,622735.97,1698971160,231.68,231.2
622203.33,621788.8,1698971220,231.19,231.19
621598.92,621575.66,1698971280,231.2,231.21
621541.72,621214.07,1698971340,231.22,231
621184.51,621310.66,1698971400,230.99,231.26
621406.93,621382.47,1698971460,231.26,231.07
621447.86,621337.51,1698971520,231.08,231.06
621337.49,621264.17,1698971580,231.06,230.85
621230.07,620946.56,1698971640,230.85,230.51
620849.11,620827.5,1698971700,230.51,230.59
620678.15,620489.63,1698971760,230.59,230.49
620538.89,620537.59,1698971820,230.49,230.47
620546.78,620512.64,1698971880,230.47,230.42
618849.05,618875.69,1698971940,230.42,230.94
618713.2,618781.66,1698972000,230.93,230.96
618780.28,618881.51,1698972060,230.95,230.85
618863.48,618877.32,1698972120,230.84,230.68
618913.94,618988.33,1698972180,230.68,230.82
619045.13,618972.1,1698972240,230.82,230.87
618890.51,618890.51,1698972300,230.87,231.2
619150.22,619137.05,1698972360,231.2,230.96
619204.77,618909.87,1698972420,230.96,230.61
618918.49,618847.54,1698972480,230.61,230.45
618862.44,618882.87,1698972540,230.46,230.38
618821.82,618853.94,1698972600,230.38,230.28
618414.25,617247.51,1698972660,230.28,229.92
616921.21,616983.49,1698972720,229.92,229.73
617023.06,616374.77,1698972780,229.73,229.38
615613.99,615690.68,1698972840,229.38,229.51
615939.93,615773.07,1698972900,229.51,229.36
615736.32,615437.1,1698972960,229.35,228.99
613679.12,614116.9,1698973020,228.99,229.21
614019.18,614114.02,1698973080,229.2,229.27
614095.8,614023.88,1698973140,229.28,229.33
613856.46,613553.85,1698973200,229.33,229.23
613372.68,613251.63,1698973260,229.23,229.04
613014.01,613096.52,1698973320,229.05,228.85
612960.74,612987.15,1698973380,228.85,229.17
613039.11,612888.24,1698973440,229.18,228.71
612806.15,612727.78,1698973500,228.73,228.84
612740.3,612939.97,1698973560,228.85,228.99
612942.05,612934.08,1698973620,229,229.3
612937.85,612940.97,1698973680,229.3,229.3
612993.63,613018.34,1698973740,229.31,229.03
613043.34,613049.04,1698973800,229.03,229.31
613060.11,612995.05,1698973860,229.3,228.84
612920.27,612920.27,1698973920,228.86,228.86
612793.69,612770.63,1698973980,228.86,228.86
612745.52,612554.53,1698974040,228.86,228.51
612366.29,612290.22,1698974100,228.5,228.27
611620.19,611251.25,1698974160,228.26,228.13
610334.97,609970.56,1698974220,228.13,228.12
609735.48,608514.3,1698974280,228.11,227.59
607241.12,607042.26,1698974340,227.61,227.66
607268.79,607090.94,1698974400,227.67,227.95
606967.95,606895.85,1698974460,227.95,227.77
607094.29,606899.38,1698974520,227.78,227.86
607139.81,607063.11,1698974580,227.87,228.18
606968.71,607078.43,1698974640,228.18,228.27
607147.56,607261.8,1698974700,228.27,228.44
607294.67,607244.93,1698974760,228.45,228.58
607437.09,607411.34,1698974820,228.58,228.69
607389.88,607229,1698974880,228.69,228.5
607216.27,607432.34,1698974940,228.51,228.64
607558.67,607455.66,1698975000,228.64,228.93
607200.43,607246.43,1698975060,228.94,228.99
607257.71,607298.39,1698975120,228.99,229.11
607184.08,607553.51,1698975180,229.13,229.54
607589.33,607589.33,1698975240,229.55,229.62
607316.06,607056.25,1698975300,229.61,229.42
606854.83,606854.83,1698975360,229.42,229.17
606846.82,606792.18,1698975420,229.17,229.23
606804.5,606793.18,1698975480,229.23,229.45
606776.8,606469.51,1698975540,229.44,229.21
606504.85,606443.68,1698975600,229.2,229.27
606446.04,606464.12,1698975660,229.28,229.35
606467.91,606354.02,1698975720,229.35,229.41
606395.04,607108.46,1698975780,229.42,229.71
606954.26,606882.76,1698975840,229.71,229.44
606796.68,606852.42,1698975900,229.43,229.41
607122.56,606957.22,1698975960,229.41,229.13
606799.37,606909.28,1698976020,229.13,229.37
606519.77,606443.1,1698976080,229.37,229.26
606446.32,606408.46,1698976140,229.26,229.15
606482.35,606420.31,1698976200,229.14,229.28
606344.91,606492.37,1698976260,229.27,229.18
606334.2,606036.26,1698976320,229.18,229.01
606214.44,606203.47,1698976380,229,229.29
606053.37,606128.64,1698976440,229.3,229.69
606019.56,606003.91,1698976500,229.69,229.61
606080.47,606080.47,1698976560,229.62,229.72
606145.26,606128.13,1698976620,229.73,229.84
606334.64,606388.18,1698976680,229.84,229.89
606494.13,606554.98,1698976740,229.89,229.78
605696.66,605876.16,1698976800,229.77,229.69
605646.05,605564.24,1698976860,229.69,229.84
605578.46,605984.59,1698976920,229.84,230.05
606063.18,606051.23,1698976980,230.06,230.19
606230.21,606347.23,1698977040,230.19,230.29
606341.62,606452.92,1698977100,230.29,230.29
606378.63,606415.09,1698977160,230.3,230.18
606410.83,606490.57,1698977220,230.18,230.12
606473.6,606403.32,1698977280,230.11,230.02
606377.79,606500.84,1698977340,230.03,230.11
606587.95,606875.84,1698977400,230.1,230.09
606728.21,606708.4,1698977460,230.09,230.1
606740.17,606269.13,1698977520,230.09,229.91
606304.18,606339.3,1698977580,229.91,230.07
606492.52,606514.91,1698977640,230.06,230.2
606486.99,606553.75,1698977700,230.21,230.12
606385.57,606251.91,1698977760,230.13,230.33
606242.94,606206.19,1698977820,230.32,230.23
606167.09,606087,1698977880,230.22,230.24
606062.3,606109.24,1698977940,230.25,230.33
606065.16,606025.44,1698978000,230.34,230.25
606111.49,606095.45,1698978060,230.24,230.29
606158.31,606275.78,1698978120,230.29,230.34
606367.35,606367.35,1698978180,230.35,230.29
606393.97,606333.94,1698978240,230.3,230.3
606443.36,606477.8,1698978300,230.31,230.29
606474.85,606547.57,1698978360,230.28,230.08
606460.48,606614.73,1698978420,230.07,230.11
606641.05,606637.91,1698978480,230.1,230.15
606592.74,606473.51,1698978540,230.15,230.17
606419.49,606374.94,1698978600,230.16,229.82
605884.17,605836.01,1698978660,229.83,230.01
605855.34,605922.42,1698978720,230.01,229.84
605908.57,605851.04,1698978780,229.85,229.74
605825.08,605784.58,1698978840,229.75,229.75
605784.22,605704.98,1698978900,229.74,229.6
605659.74,605628.42,1698978960,229.6,229.55
605618.33,605426.72,1698979020,229.54,229.47
605456.66,605449.59,1698979080,229.47,229.52
605547.01,605664.77,1698979140,229.51,229.76
605594.08,605573.42,1698979200,229.76,229.54
605657.49,605645.62,1698979260,229.53,229.51
605686.08,605665.03,1698979320,229.51,229.49
605679.5,605777.09,1698979380,229.49,229.61
605726.39,605719.52,1698979440,229.6,229.63
605678.46,605514.8,1698979500,229.64,229.54
605520.5,605567.16,1698979560,229.54,229.57
605574.34,605674.64,1698979620,229.56,229.53
605654.52,605635.01,1698979680,229.53,229.54
605596.49,605715.11,1698979740,229.55,229.87
605674.97,605644.39,1698979800,229.87,229.97
605683.11,605683.11,1698979860,229.96,229.92
605494.08,605623.98,1698979920,229.92,230
605627.83,605627.83,1698979980,230,230.09
605630.24,605581.23,1698980040,230.1,230.03
605591.25,605765.9,1698980100,230.04,230.23
605730.98,605678.46,1698980160,230.22,229.98
605599.55,605631.52,1698980220,229.98,230.09
605712.22,605702.42,1698980280,230.09,230.09
605732.37,605736.11,1698980340,230.1,230.17
605673.98,605716.74,1698980400,230.18,230.17
605691.95,605746.95,1698980460,230.17,230.13
605657.55,605646.17,1698980520,230.13,230.07
605575.62,605574.56,1698980580,230.06,230.09
605567.87,605460.44,1698980640,230.09,229.92
605464.53,605441.29,1698980700,229.91,229.77
605498.39,605515.59,1698980760,229.77,229.97
605480.42,605505.05,1698980820,229.96,230.02
605448.07,605548.59,1698980880,230.02,230.11
605344.82,605396.43,1698980940,230.12,230.08
605304.86,605313.28,1698981000,230.08,230.08
605301.99,605327.33,1698981060,230.08,230.1
605460.75,605241.62,1698981120,230.11,229.84
605351.93,605354.93,1698981180,229.84,229.9
605535.82,605536.18,1698981240,229.9,230.01
605613.17,605560.78,1698981300,230.01,230.11
605563.12,605571.61,1698981360,230.11,230
605585.04,605542.11,1698981420,229.99,230
605565.54,605565.54,1698981480,230,230.03
605563.46,605858.32,1698981540,230.04,230.11
605785.12,605845.46,1698981600,230.12,230.19
605868.13,605887.31,1698981660,230.2,230.27
606303.14,606289.78,1698981720,230.27,230.31
606263.53,606180.57,1698981780,230.3,230.15
606086.34,606030.31,1698981840,230.16,230.05
606047.76,606134.42,1698981900,230.04,230.32
606124.81,606033.47,1698981960,230.32,230.21
605909.54,605885.82,1698982020,230.22,230.13
605883.04,605808.98,1698982080,230.14,230.07
605787.66,605813.16,1698982140,230.06,230.16
606002.38,606013.01,1698982200,230.16,230.23
606005.65,606014.78,1698982260,230.23,230.29
605994.32,606014.62,1698982320,230.28,230.3
606068.15,606053.17,1698982380,230.29,230.25
606042.92,606044.17,1698982440,230.25,230.17
606689.65,606703.84,1698982500,230.16,230.33
606704.72,606642.31,1698982560,230.33,230.26
606642.66,606664.32,1698982620,230.26,230.21
606534.03,606536.87,1698982680,230.22,230.18
606555.09,606544.18,1698982740,230.17,230.28
606546.06,606563.83,1698982800,230.28,230.3
606550.21,606550.21,1698982860,230.29,230.12
606450.7,606453.58,1698982920,230.12,230.15
606457.98,606154.14,1698982980,230.15,229.99
605825.14,605811.58,1698983040,229.99,230.04
605819.29,605970.48,1698983100,230.04,230.19
605901.5,605906.61,1698983160,230.19,230.16
605893.77,605885.14,1698983220,230.16,230.11
605870.62,605880.01,1698983280,230.11,230.21
605896.87,605891.67,1698983340,230.21,230.25
605921.51,605959.99,1698983400,230.24,230.28
605961.09,606001.23,1698983460,230.28,230.28
606021.41,606242.4,1698983520,230.28,230.3
606221.57,606226.52,1698983580,230.3,230.31
606196.98,606164.85,1698983640,230.31,230.28
606131.32,606078.86,1698983700,230.28,230.28
606073.75,606172.87,1698983760,230.27,230.35
606132.01,606069.92,1698983820,230.36,230.08
606041.71,606068.53,1698983880,230.08,230.12
606054.54,605997.56,1698983940,230.11,230.03
606089.86,606103.21,1698984000,230.04,230.07
606096.3,606164.73,1698984060,230.08,230.06
606063.5,606081.33,1698984120,230.06,230.07
606131.7,606149.05,1698984180,230.07,230.06
606135.72,606100.95,1698984240,230.06,229.97
606028.36,605815.05,1698984300,229.97,229.77
605683.22,605683.22,1698984360,229.78,229.65
605637.61,605568.92,1698984420,229.66,229.58
605438.74,605487.45,1698984480,229.58,229.49
605555.5,605555.5,1698984540,229.5,229.69
605534.67,605422.16,1698984600,229.69,229.54
605519.65,605513.5,1698984660,229.53,229.53
605470.33,605439.94,1698984720,229.53,229.61
605502.37,605504.33,1698984780,229.6,229.5
605476.48,605434.32,1698984840,229.5,229.44
605422.48,605406.9,1698984900,229.44,229.6
605473.72,605574.35,1698984960,229.6,229.54
605548.14,605597.69,1698985020,229.54,229.5
605564.78,605555.13,1698985080,229.5,229.38
605553.39,605718.04,1698985140,229.38,229.37
605676.52,605716.17,1698985200,229.38,229.3
605665.52,605708.92,1698985260,229.32,229.42
605762.18,605924.64,1698985320,229.42,229.33
606020.31,606003.93,1698985380,229.32,229.32
606001.28,605911.43,1698985440,229.31,229.24
605871.66,605849.27,1698985500,229.24,229.22
605808.47,605761.83,1698985560,229.22,229.26
605720.76,605734.32,1698985620,229.27,229.24
605711.44,605698.33,1698985680,229.25,229.25
605642.13,605538.32,1698985740,229.25,229.28
605620.13,605595.41,1698985800,229.28,229.22
605429.24,605429.24,1698985860,229.22,229.17
605369.39,605218.76,1698985920,229.17,229.13
605198.65,605141.1,1698985980,229.14,229.04
605121.56,605053.01,1698986040,229.05,228.9
604855.93,604783.06,1698986100,228.9,229
604733.43,604599.6,1698986160,229,228.98
604570.59,604570.53,1698986220,228.98,229.14
604578.2,604629.62,1698986280,229.14,229.32
604511.44,604460.13,1698986340,229.32,229
604231.89,604020.27,1698986400,229,228.84
603947.43,603908.39,1698986460,228.84,228.84
603979.5,603948.72,1698986520,228.84,228.84
603948.61,603790.76,1698986580,228.85,228.77
603788.58,603831.4,1698986640,228.76,228.73
603896.78,603888.83,1698986700,228.74,228.75
603866.61,603771.28,1698986760,228.75,228.58
601964.07,601471.69,1698986820,228.57,228.46
601528.56,601441.2,1698986880,228.46,228.12
601372.08,601229.08,1698986940,228.13,228.48
600792,600740.84,1698987000,228.47,228.65
600753.31,600723.27,1698987060,228.65,228.64
600836.87,600836.87,1698987120,228.64,228.89
600832.63,600868.67,1698987180,228.89,228.65
600871.47,600844.17,1698987240,228.66,228.52
600776.7,600776.7,1698987300,228.52,228.42
600642.71,600683.21,1698987360,228.42,228.35
600651.07,600663.56,1698987420,228.34,228.38
600694.86,600703.6,1698987480,228.38,228.46
600697.28,600780.71,1698987540,228.47,228.63
600856.39,600804.78,1698987600,228.63,228.64
600800.45,601011.64,1698987660,228.65,228.83
601202.36,601196.53,1698987720,228.84,228.77
600956.1,601099.71,1698987780,228.77,228.71
601175.24,601284.49,1698987840,228.71,228.56
601455.73,601455.35,1698987900,228.56,228.32
601382.39,601438.37,1698987960,228.32,228.49
601460.42,601454.68,1698988020,228.49,228.41
601440.22,601458.44,1698988080,228.41,228.51
601602.66,601471.57,1698988140,228.5,228.56
601468.24,601371.5,1698988200,228.56,228.83
601335.15,601232.7,1698988260,228.83,228.65
601235.72,601242.38,1698988320,228.66,228.62
601238.37,601154.39,1698988380,228.62,228.56
601186.11,601168.68,1698988440,228.55,228.55
601436.13,601271.2,1698988500,228.56,228.78
601168.38,601160.99,1698988560,228.78,228.74
601122.21,601250.85,1698988620,228.74,228.99
601333.27,601333.27,1698988680,229,229.06
601192.8,601183.16,1698988740,229.06,229
601186.21,601230.86,1698988800,229.01,228.88
601167.19,601182.19,1698988860,228.88,228.88
601199.5,601253.52,1698988920,228.89,229.07
601261.69,601281.69,1698988980,229.08,229.13
601288.52,601300.7,1698989040,229.13,229.09
601313.11,601152.19,1698989100,229.1,229.02
601091.27,601196.58,1698989160,229.03,229.18
601171.19,601151.88,1698989220,229.18,229.18
601168.53,601215.49,1698989280,229.18,229.3
601362.22,601398.1,1698989340,229.31,229.56
601378.28,601380.67,1698989400,229.56,229.67
601277.62,601270.87,1698989460,229.67,229.66
601240.52,601176.11,1698989520,229.67,229.71
601102.37,601088.41,1698989580,229.71,229.7
601007,601025.38,1698989640,229.71,229.67
601190.27,601151.54,1698989700,229.67,229.66
600833.97,600751.94,1698989760,229.66,229.58
600707.56,600714.2,1698989820,229.58,229.67
600705.86,600740.22,1698989880,229.67,229.74
600765.1,600765.1,1698989940,229.73,229.79
600710.55,600720.43,1698990000,229.79,229.77
600633.42,600693.84,1698990060,229.77,229.67
600715.83,600705.05,1698990120,229.66,229.61
600335.96,600319.49,1698990180,229.62,229.7
600424.38,600538.81,1698990240,229.69,229.71
600586.1,600777.92,1698990300,229.72,229.7
600738.7,600732.76,1698990360,229.71,229.74
600800.22,600827.27,1698990420,229.74,229.77
600913.01,602239.06,1698990480,229.77,230
602339.16,602373.19,1698990540,230,229.97
602478.65,602363.66,1698990600,229.97,230.05
602355.49,602558.76,1698990660,230.04,230.05
602559.85,602568.58,1698990720,230.05,230.1
602633.37,602574.32,1698990780,230.1,229.98
602303.79,602383.34,1698990840,229.99,230.09
602402.56,602473.5,1698990900,230.09,230.13
602709.67,602718.38,1698990960,230.12,230.2
602746.87,602830.41,1698991020,230.21,230.22
602836.25,602837.7,1698991080,230.21,230.21
602884.27,602859.19,1698991140,230.21,230.28
602729.55,602680.72,1698991200,230.29,230.35
602677.01,605599.58,1698991260,230.34,230.57
605309.15,605280.79,1698991320,230.58,230.45
605297.66,605297.66,1698991380,230.45,230.66
605316.92,605164.71,1698991440,230.66,230.55
604907,604955.72,1698991500,230.56,230.72
605224.05,605215.69,1698991560,230.71,230.7
605009.69,605541.21,1698991620,230.7,230.76
605709.76,605767,1698991680,230.76,230.88
605860.98,605791.75,1698991740,230.89,230.86
605830.51,605873.74,1698991800,230.86,230.85
605915.08,605949.07,1698991860,230.85,230.88
605919.23,606219.86,1698991920,230.88,230.9
606167.38,606172.86,1698991980,230.9,230.92
605695.7,605688.18,1698992040,230.91,230.9
605645.19,605460.51,1698992100,230.91,230.64
604652.96,604644.59,1698992160,230.65,230.56
604560.75,604512.74,1698992220,230.57,230.75
604478.67,604455.49,1698992280,230.76,230.71
604437.33,604453.06,1698992340,230.71,230.73
604433.11,604513.42,1698992400,230.73,230.85
604590.74,604615.55,1698992460,230.84,230.86
604629.24,604866.39,1698992520,230.87,231.02
605024.78,605087.45,1698992580,231.03,231.06
605042.92,605008.9,1698992640,231.06,231.13
605059.9,604986.33,1698992700,231.12,231.21
604977.3,605012.52,1698992760,231.22,231.2
605090.08,605090.08,1698992820,231.19,231.24
605116.2,605103.81,1698992880,231.24,231.28
605161.96,605337.35,1698992940,231.28,231.28
606138.29,606115.76,1698993000,231.29,231.31
606015.28,606019.39,1698993060,231.32,231.23
605952.36,605979.94,1698993120,231.24,231.24
605889.81,605785.75,1698993180,231.25,231.04
605743.25,605824.61,1698993240,231.05,231.06
605786.97,605841.62,1698993300,231.05,231.08
605873.86,605816.52,1698993360,231.08,230.82
605812.36,605501.89,1698993420,230.83,230.88
605466.78,605498.62,1698993480,230.89,230.72
605504.02,605481.8,1698993540,230.72,230.81
605406,605146.39,1698993600,230.81,230.77
605063.93,605024.19,1698993660,230.77,230.9
605119.99,605287.17,1698993720,230.9,231.06
605229.9,605189.18,1698993780,231.06,231
605285.6,605315.52,1698993840,231,231.2
605368.32,605374.44,1698993900,231.2,231.19
605364.88,605239.73,1698993960,231.19,231.03
605289.7,605298.61,1698994020,231.02,230.97
605624.85,605727.46,1698994080,230.97,231.08
605776,605815.36,1698994140,231.08,230.96
605793.04,605769.66,1698994200,230.97,230.8
605683.37,605581.14,1698994260,230.8,230.77
605667.45,605667.45,1698994320,230.77,230.75
605735.14,605863.63,1698994380,230.76,230.85
605895.51,606067.84,1698994440,230.85,231
606139.98,606124.35,1698994500,231,230.92
606318.92,606326.46,1698994560,230.92,230.93
606392.5,606568.89,1698994620,230.93,230.98
606578.51,606616.37,1698994680,230.98,231.1
606695.11,606699,1698994740,231.1,231.01
606582.78,606514.6,1698994800,231,230.86
606542.64,606460.6,1698994860,230.86,230.62
606324.08,606517.82,1698994920,230.61,230.81
606686.72,606687.62,1698994980,230.81,230.79
606740.62,606902.22,1698995040,230.8,230.98
606880.63,607378.34,1698995100,230.98,231.37
607401.56,607590.24,1698995160,231.36,231.36
607603.2,609392.66,1698995220,231.36,231.34
609377.6,609177.61,1698995280,231.33,231.13
609165.47,608842.67,1698995340,231.13,230.99
608830.68,608824.79,1698995400,230.99,230.96
608589.32,608609.07,1698995460,230.95,230.94
608618.27,608795.49,1698995520,230.94,231.12
608658.8,608605.65,1698995580,231.12,231.05
608614.23,608601.34,1698995640,231.04,231.06
608499.94,608577.92,1698995700,231.05,231.1
608524.53,608563.36,1698995760,231.1,231.07
608475.51,608404.89,1698995820,231.07,231.05
608276.05,608256.77,1698995880,231.05,231.04
608082.26,608082.26,1698995940,231.05,230.88
607926.02,608063.85,1698996000,230.89,231.1
608129.14,607501.92,1698996060,231.1,230.96
607410.28,607420.43,1698996120,230.97,230.93
607393.17,607393.17,1698996180,230.92,230.92
607391.81,607367.97,1698996240,230.93,230.97
607743.43,607745.06,1698996300,230.97,231.06
607733.61,607719.13,1698996360,231.06,231.05
607746.04,607721.54,1698996420,231.05,231.11
607724.74,607726.1,1698996480,231.11,231.11
607653.45,607648.84,1698996540,231.12,231.19
607549.84,607476,1698996600,231.19,231.01
607467.72,607469.89,1698996660,231.01,231.02
607450.87,607650.49,1698996720,231.02,231.26
607652.32,607580.94,1698996780,231.26,231.11
607684.6,607684.82,1698996840,231.11,231.05
607706.2,607679.97,1698996900,231.05,230.96
607706.14,607689.7,1698996960,230.96,230.87
607662.19,607660.57,1698997020,230.88,230.84
607644.01,607583.23,1698997080,230.84,230.65
607609.09,607603.16,1698997140,230.65,230.6
607553.75,607629.22,1698997200,230.61,230.49
607651.42,607728.09,1698997260,230.49,230.49
607735.66,607659.83,1698997320,230.49,230.35
607509.94,607251.62,1698997380,230.36,230.33
607266.2,607252.96,1698997440,230.34,230.47
607332.35,607319.56,1698997500,230.47,230.29
607374.51,607329,1698997560,230.29,230.26
607346.07,607330.13,1698997620,230.27,230.1
607374.13,607553.05,1698997680,230.09,230.12
607654.4,607722.03,1698997740,230.11,230.07
608464.46,608562.94,1698997800,230.06,229.96
609050.81,609368.27,1698997860,229.95,229.96
609549.14,609580.12,1698997920,229.97,230.05
609624.63,609787.04,1698997980,230.06,229.84
609773.68,609748.15,1698998040,229.85,229.85
610028.9,610051.88,1698998100,229.85,230.02
610080.03,610131.28,1698998160,230.02,230.01
610126.56,609908.92,1698998220,230.02,229.92
609873.59,609807.68,1698998280,229.92,229.99
609864.26,609925.2,1698998340,230,229.96
609909.95,609818.5,1698998400,229.97,229.67
609505.38,609640.88,1698998460,229.67,229.74
609521.36,609475.57,1698998520,229.73,229.5
609519.69,609579.57,1698998580,229.49,229.39
609490.14,609598.11,1698998640,229.39,229.48
609569.56,609542.71,1698998700,229.47,229.66
609628.33,609995.79,1698998760,229.66,229.81
610226.18,610226.18,1698998820,229.81,229.84
610256.26,610336.59,1698998880,229.84,229.82
610304.19,610371.66,1698998940,229.82,229.9
610411.62,610376.41,1698999000,229.9,230.19
610500.39,611410.47,1698999060,230.2,230.1
611419.91,611465.4,1698999120,230.09,230.17
611471.93,611596.68,1698999180,230.17,230.15
611579.45,612065.52,1698999240,230.14,229.98
612210.07,612159.14,1698999300,229.98,229.86
612222.31,612127.31,1698999360,229.86,229.85
612180.09,612244.38,1698999420,229.85,230.21
611168.81,611164.25,1698999480,230.21,230
610906.35,610896.71,1698999540,229.99,230.07
610854.91,610845.49,1698999600,230.07,230.05
610998.97,611226.93,1698999660,230.05,230.03
611217.38,611760.22,1698999720,230.02,230.02
611796.93,611754.61,1698999780,230.02,230
611760.52,611761.4,1698999840,230,230.04
611791.75,611940.39,1698999900,230.04,229.73
611835.53,611835.53,1698999960,229.74,229.95
611924.39,611904.18,1699000020,229.94,229.89
611901.2,613566.52,1699000080,229.88,228.92
613200.57,607729.63,1699000140,228.97,228.64
605382.82,605385.58,1699000200,228.68,229.11
605443.9,605445.63,1699000260,229.1,229.22
605495.93,605395.4,1699000320,229.22,229.3
605441.43,605407.36,1699000380,229.31,229.34
605396.05,605225.37,1699000440,229.33,229.27
605210.62,605236.02,1699000500,229.27,229.38
605309.78,605261.93,1699000560,229.38,229.29
605299.6,605324.51,1699000620,229.3,229.34
605319.5,605266.8,1699000680,229.33,229.23
605309.19,605290.73,1699000740,229.24,229.12
605223.53,605173,1699000800,229.13,228.9
605376.96,605343.69,1699000860,228.89,228.45
604621.58,605071.69,1699000920,228.46,228.78
605175.05,605223.19,1699000980,228.78,228.78
605189.46,603781.99,1699001040,228.78,228.56
603656.09,603174.96,1699001100,228.57,228.7
603182.87,603096.2,1699001160,228.7,228.85
603135.4,603278.71,1699001220,228.86,228.43
603250.88,603381.83,1699001280,228.44,228.48
603639.64,603830.87,1699001340,228.47,228.83
603691.59,603746.16,1699001400,228.84,228.75
603881.23,603627.61,1699001460,228.75,228.77
603665.41,603682.41,1699001520,228.76,228.96
603694.77,603767.02,1699001580,228.95,228.89
603845.04,603949.96,1699001640,228.88,228.98
604013.71,603980.17,1699001700,228.98,228.91
603990.28,604073.09,1699001760,228.9,228.76
604069.11,604182.57,1699001820,228.75,228.88
604217.25,604285.67,1699001880,228.88,228.88
604260.13,604331.67,1699001940,228.88,228.69
604474.42,604516.42,1699002000,228.69,228.5
604486.3,604477.24,1699002060,228.5,228.4
604539.32,604633.29,1699002120,228.41,228.35
604674.72,602924.35,1699002180,228.35,228.26
602932.55,603038.22,1699002240,228.26,228.37
603042.42,603032.48,1699002300,228.37,228.49
603090.38,603832.82,1699002360,228.49,228.5
603873.85,603872.48,1699002420,228.5,228.44
603894.98,603867.96,1699002480,228.45,228.47
603814.83,603773.42,1699002540,228.46,228.5
603740.1,603795.28,1699002600,228.5,228.7
603890.39,603773.51,1699002660,228.69,228.56
603668.38,603706.57,1699002720,228.56,228.59
603723.78,603502.28,1699002780,228.6,228.3
603526.79,603509.73,1699002840,228.3,228.39
603508.56,603480.99,1699002900,228.39,228.48
603478.74,603417.19,1699002960,228.48,228.31
603435.14,603435.14,1699003020,228.32,228.44
603392.81,603504.76,1699003080,228.43,228.5
603482.34,603467.39,1699003140,228.51,228.48
603445.63,603194.37,1699003200,228.49,228.29
603032.73,603005.17,1699003260,228.3,228.23
602918,602870.96,1699003320,228.24,228.2
602831.61,602821.27,1699003380,228.21,228.23
602827.68,602847.87,1699003440,228.23,228.2
602804.58,602724.13,1699003500,228.2,228.13
602734.34,602747.67,1699003560,228.13,228.16
602739.92,602792.98,1699003620,228.16,228.16
602780.53,602802.09,1699003680,228.16,228.18
602777.31,602829.7,1699003740,228.2,228.19
602835.39,602841.95,1699003800,228.19,228.19
602834,602883.25,1699003860,228.19,228.09
602802.68,602868.38,1699003920,228.09,228.18
603055.85,603115.72,1699003980,228.19,228.22
603069.79,602993.79,1699004040,228.23,228.18
602972.16,602962.6,1699004100,228.18,228.15
602978.84,603041.48,1699004160,228.16,228.15
603048.87,603113.56,1699004220,228.14,228.17
603149.29,603126.85,1699004280,228.17,228.08
603117.45,603046.08,1699004340,228.08,228.2
603052.89,603079.77,1699004400,228.19,228.1
603075.37,603096.02,1699004460,228.11,228.24
603021.74,602985.69,1699004520,228.23,228.24
602990.57,602990.88,1699004580,228.25,228.31
602968.49,603000.77,1699004640,228.31,228.3
603170.59,603150.19,1699004700,228.31,228.38
603154.94,603151.42,1699004760,228.37,228.55
603147.91,603156.23,1699004820,228.54,228.44
603072.98,603007.15,1699004880,228.45,228.31
603090.74,603089.5,1699004940,228.3,228.27
603075.53,602991.09,1699005000,228.28,228.23
602953.88,602946.97,1699005060,228.24,228.2
602922.98,602853.52,1699005120,228.21,228.21
602897.54,602963.83,1699005180,228.21,228.11
602820.6,602791.75,1699005240,228.1,228.11
602826.5,602652.85,1699005300,228.12,228.05
602578.99,602584.52,1699005360,228.06,228.09
602597.16,602648.16,1699005420,228.1,228.07
602634.66,602615.91,1699005480,228.08,228.15
602629.14,602643.91,1699005540,228.15,228.16
602643.98,602621.04,1699005600,228.17,227.98
602603.57,601429.99,1699005660,227.98,227.9
601428.84,601015.05,1699005720,227.91,227.95
601014.87,599588.35,1699005780,227.96,227.62
599177.54,599412.29,1699005840,227.61,227.51
600400.31,599836.74,1699005900,227.52,227.32
599435.14,597671.55,1699005960,227.33,227.48
597716.54,597654.79,1699006020,227.47,227.5
597565.9,597413.28,1699006080,227.51,227.39
597280.66,597129.83,1699006140,227.39,227.22
597332.2,597340.37,1699006200,227.22,227.37
597122.82,597112.14,1699006260,227.37,227.14
597026.3,596899.38,1699006320,227.15,227.13
596902.72,596945.04,1699006380,227.13,227.18
596600.83,596496.8,1699006440,227.18,227.26
596431.53,596220.95,1699006500,227.25,226.84
595366.05,595291.14,1699006560,226.84,226.85
595271.1,595251.41,1699006620,226.86,226.63
593916.51,592137.1,1699006680,226.62,226.1
590331.5,589023.41,1699006740,226.15,225.96
588112.71,587832.01,1699006800,225.96,226.06
587726.98,587137.14,1699006860,226.05,226.65
586895.41,586754.88,1699006920,226.66,226.59
586596.02,586609.17,1699006980,226.59,226.74
586804.43,586571.79,1699007040,226.73,226.8
586559.17,586464.25,1699007100,226.8,226.79
586434.19,586346.4,1699007160,226.8,226.8
586334.2,586300.59,1699007220,226.81,226.84
586293.89,586170.98,1699007280,226.84,226.92
586194.94,586497.36,1699007340,226.91,226.7
586511.56,586644.2,1699007400,226.7,226.67
586746.82,586767.21,1699007460,226.68,226.6
586735.09,586694.57,1699007520,226.61,226.64
586691.25,586688.36,1699007580,226.64,226.8
586590.49,586694.34,1699007640,226.81,226.67
586694.45,586532.1,1699007700,226.67,226.24
586366.08,586415.57,1699007760,226.24,226.36
586462.46,586509.89,1699007820,226.37,226.4
586520.57,586477.17,1699007880,226.4,226.25
586458.23,586461.28,1699007940,226.26,226.2
586510.27,586460.09,1699008000,226.2,226.37
586576.92,586565.47,1699008060,226.37,226.53
586565.57,586496.8,1699008120,226.54,226.75
586418.05,586430,1699008180,226.75,226.76
586528.62,586441.3,1699008240,226.76,227.03
586563.61,586555.54,1699008300,227.04,227.18
586455.69,586451.44,1699008360,227.18,227.13
586572.63,586604.47,1699008420,227.14,226.99
586516.68,586538.92,1699008480,226.98,226.9
586537.64,586612.54,1699008540,226.91,226.92
586614.78,586752.65,1699008600,226.92,226.97
586750.42,586971.56,1699008660,226.96,227.25
586957.78,586962.33,1699008720,227.25,227.36
586943.54,586870.72,1699008780,227.35,227.36
586889.25,586741.27,1699008840,227.37,227.42
586717.6,586660.81,1699008900,227.41,227.3
586648.97,586762.85,1699008960,227.31,227.42
586700,586686.14,1699009020,227.43,227.38
586741.44,586737.66,1699009080,227.38,227.41
586833.59,586901.44,1699009140,227.42,227.62
586177.13,585950.01,1699009200,227.62,227.24
585875.29,585782.38,1699009260,227.24,227.34
585830.96,585841.95,1699009320,227.34,227.27
585981.66,586001.02,1699009380,227.28,227.43
586252.3,586235.95,1699009440,227.43,227.52
586093.4,586018.86,1699009500,227.52,227.29
585998.85,585932.96,1699009560,227.29,227.27
585912.83,585906.16,1699009620,227.27,227.19
585907.85,585901.15,1699009680,227.19,227.16
585869.38,586103.16,1699009740,227.16,227.01
586093.42,586085.16,1699009800,227.01,227.18
586182.09,586182.09,1699009860,227.17,227.31
586112.91,586077.21,1699009920,227.32,227.34
586119.79,586069.38,1699009980,227.34,227.23
586039.07,586023.05,1699010040,227.23,227.2
586134.99,586163.71,1699010100,227.19,227.23
586104.76,586145.6,1699010160,227.22,227.47
586197.77,586208.4,1699010220,227.47,227.55
586109.36,586088.27,1699010280,227.55,227.42
586072.03,586051.27,1699010340,227.41,227.34
586036.39,585961.42,1699010400,227.34,227.28
585959.22,585957.19,1699010460,227.28,227.21
585884.8,585902.92,1699010520,227.21,227
585901.67,585841.97,1699010580,227.01,226.97
585840.6,585976.38,1699010640,226.97,226.96
586059.75,586076.79,1699010700,226.96,227.08
586016.37,586028.43,1699010760,227.07,227.18
586114.51,586139.46,1699010820,227.19,227.26
586114.89,586091.23,1699010880,227.25,227.28
586081.08,585999.86,1699010940,227.28,227.15
585987.67,585951.5,1699011000,227.15,227.02
585992.27,586012.53,1699011060,227.03,227.21
585960.24,585935.79,1699011120,227.22,227.22
585899.47,585881.6,1699011180,227.23,227.22
585893.05,585893.05,1699011240,227.22,227.08
585837.27,585910.79,1699011300,227.08,227.21
585857.1,586098.1,1699011360,227.21,227.06
586131.16,586467.23,1699011420,227.06,227.29
586497.05,586475.34,1699011480,227.29,227.32
586251.13,586313.78,1699011540,227.32,227.43
586262.42,586263.25,1699011600,227.43,227.57
586304.71,586242.52,1699011660,227.57,227.52
586151.36,586103.26,1699011720,227.52,227.51
586180.77,586193.91,1699011780,227.52,227.58
586303.78,586435.97,1699011840,227.58,227.56
586576.79,586593.78,1699011900,227.56,227.6
586577.35,586632.2,1699011960,227.6,227.7
586636.53,586583.58,1699012020,227.7,227.53
586730.1,586760.11,1699012080,227.53,227.52
586741.29,586787.58,1699012140,227.52,227.59
586871.05,586900.63,1699012200,227.59,227.44
586926.84,587004.14,1699012260,227.45,227.67
587003.49,587042.22,1699012320,227.67,227.6
587027.1,587026.81,1699012380,227.6,227.57
587128.91,587202.76,1699012440,227.56,227.62
587234.08,587157.14,1699012500,227.62,227.52
587215.82,587215.82,1699012560,227.52,227.61
587331.35,587449.83,1699012620,227.61,227.73
587466.6,587432.75,1699012680,227.73,227.8
587484.98,587512.87,1699012740,227.81,227.7
587407.98,587337.32,1699012800,227.69,227.49
587342.44,587363.19,1699012860,227.49,227.41
587169.06,587160.29,1699012920,227.36,227.32
587180.33,587217.05,1699012980,227.32,227.19
587205.51,587790.38,1699013040,227.18,227.28
587842.01,587802.1,1699013100,227.29,227.11
587835.83,587811.18,1699013160,227.11,227.05
587919.16,587986.22,1699013220,227.05,227.04
588163.16,588175.45,1699013280,227.04,227.07
588209.74,588191.99,1699013340,227.07,226.99
588202.97,588247.13,1699013400,226.99,227.12
588322.2,588330.48,1699013460,227.12,227.03
588361.45,588319.62,1699013520,227.02,226.95
588389.88,588394.75,1699013580,226.95,227.02
588395.76,588396.77,1699013640,227.03,226.89
588329.23,588295.21,1699013700,226.89,226.78
587582.12,587603.43,1699013760,226.77,226.81
587673.17,587645.65,1699013820,226.82,226.78
587674.19,587674.19,1699013880,226.78,226.89
587660.04,587653.96,1699013940,226.88,226.85
587611.02,587670.74,1699014000,226.85,227.05
587705.31,587641.01,1699014060,227.06,227.27
587642.3,587681.81,1699014120,227.27,227.34
587721.16,587711.11,1699014180,227.34,227.23
587735.47,587771.03,1699014240,227.23,227.23
587763.6,587874.28,1699014300,227.24,227.19
587901.54,587992.13,1699014360,227.2,227.16
588027.39,588323.42,1699014420,227.16,227.19
588265.79,588300.33,1699014480,227.18,227.2
588229.35,588268.55,1699014540,227.2,227.19
588346.29,588413.75,1699014600,227.2,227.7
588361.98,588188.1,1699014660,227.72,227.89
588339,588345,1699014720,227.9,227.81
587669.33,587508.11,1699014780,227.81,227.35
587521.14,587536.86,1699014840,227.35,227.72
587519.26,587490.63,1699014900,227.72,227.54
587532.93,587509.2,1699014960,227.54,227.66
587269.62,587444.04,1699015020,227.66,227.71
587398.73,587362.84,1699015080,227.7,227.95
586931.37,586919.05,1699015140,227.96,227.89
586820.47,586816.51,1699015200,227.89,227.97
586749.94,586749.94,1699015260,227.97,228.11
586618.83,586594.35,1699015320,228.11,228.13
586552.6,586650.32,1699015380,228.14,228.14
586630.65,586627.24,1699015440,228.15,228.08
586742.68,586734.82,1699015500,228.08,228.16
586751.22,586678.06,1699015560,228.17,228.07
586627.47,586631.7,1699015620,228.08,228.26
586637.39,586658.88,1699015680,228.26,228.37
586594.88,586266.49,1699015740,228.38,228.3
586331.9,586253.34,1699015800,228.3,228.24
586202.04,586100.62,1699015860,228.24,228.24
586099.27,586133.94,1699015920,228.25,228.3
586253.35,586163.68,1699015980,228.3,228.41
586158.61,586127.76,1699016040,228.41,228.38
586084.9,586077.81,1699016100,228.39,228.28
586096.72,586086.16,1699016160,228.28,228.33
586082.38,586028.93,1699016220,228.33,228.15
585864.8,585861.9,1699016280,228.15,228.31
585840.21,585824.89,1699016340,228.31,228.19
585844.07,585823.83,1699016400,228.2,228.31
585900.93,585900.93,1699016460,228.32,228.4
585832.22,585762.13,1699016520,228.4,228.26
584091.27,583833.03,1699016580,228.27,228.32
583813.56,583760.51,1699016640,228.32,228.28
583817.19,583676.94,1699016700,228.29,228.1
583569.25,583126.54,1699016760,228.1,227.83
583119.24,583122.83,1699016820,227.84,227.92
583028.44,582985.66,1699016880,227.93,227.77
582910.32,582944,1699016940,227.78,227.7
583160.13,583254.49,1699017000,227.7,227.58
583297.77,583180.19,1699017060,227.58,227.59
583140.92,583105.49,1699017120,227.6,227.52
583062.82,582981.96,1699017180,227.53,227.69
582848.14,582864.75,1699017240,227.7,227.73
582914.14,582849.57,1699017300,227.74,227.83
582847.66,582690.92,1699017360,227.84,227.69
582703.94,582649.77,1699017420,227.7,227.69
582687.02,582738.29,1699017480,227.69,227.61
582640.25,582622.04,1699017540,227.61,227.59
582697.33,582702.69,1699017600,227.58,227.6
582726.66,582722.68,1699017660,227.61,227.63
582679.1,582698.3,1699017720,227.64,227.53
582701.42,582735.9,1699017780,227.53,227.52
582806.49,582800.89,1699017840,227.53,227.54
582809.28,582794.27,1699017900,227.55,227.55
582824.49,582824.49,1699017960,227.56,227.58
582832.15,582778.9,1699018020,227.59,227.56
582780.54,582785.1,1699018080,227.57,227.54
582746.82,582717.51,1699018140,227.55,227.39
582859.18,582891.64,1699018200,227.39,227.35
582773.64,582864.95,1699018260,227.35,227.64
582926.81,582915.16,1699018320,227.64,227.79
582929.08,582806.97,1699018380,227.8,228.01
582765.44,582648.36,1699018440,228.02,227.77
582637.63,582761.96,1699018500,227.77,227.94
582800.61,582786,1699018560,227.95,228.03
582769.72,582875.35,1699018620,228.03,228.01
582860.56,582894.3,1699018680,228,227.98
582926.45,582943.18,1699018740,227.97,227.9
582945.35,582941.26,1699018800,227.91,227.94
583002.25,582978.83,1699018860,227.95,228.05
582989.6,582883.33,1699018920,228.05,227.94
582848.39,582847.95,1699018980,227.93,227.84
582886.62,582881.67,1699019040,227.85,227.78
582961.67,582929.47,1699019100,227.79,228.02
583021.65,583050.12,1699019160,228.02,228.08
583025.43,583028.4,1699019220,228.08,228.28
582908.34,582766.78,1699019280,228.29,228.31
582736.1,582736.1,1699019340,228.32,228.4
582733.7,582696.58,1699019400,228.41,228.44
582725.49,582586.48,1699019460,228.44,228.68
582714.69,582554.97,1699019520,228.68,228.62
582511.13,582718.19,1699019580,228.62,228.79
582747.35,582685.36,1699019640,228.79,228.85
582683.18,582711.82,1699019700,228.85,228.79
582706.58,582622.25,1699019760,228.78,228.87
582690.41,582584.56,1699019820,228.88,228.95
582663.62,582596.04,1699019880,228.95,228.93
582516.63,582480.78,1699019940,228.93,229.17
582505.64,582160.43,1699020000,229.18,228.99
581950.92,581957.52,1699020060,228.99,229.2
581977.03,581789.03,1699020120,229.19,229.14
581789.77,581762.17,1699020180,229.14,228.96
581672.89,581562.82,1699020240,228.97,228.78
581571.13,581628.19,1699020300,228.79,228.79
581600.84,581613.98,1699020360,228.8,228.75
581419.29,581512.17,1699020420,228.76,228.9
581805.47,581917.56,1699020480,228.89,228.85
581744.38,581274.7,1699020540,228.86,228.66
581182.82,581197.27,1699020600,228.66,228.58
581109.7,581069.03,1699020660,228.59,228.47
581026.85,581026.85,1699020720,228.47,228.38
581040.55,581080.5,1699020780,228.39,228.42
581123.6,581126.51,1699020840,228.42,228.31
581019.8,581069.81,1699020900,228.32,228.4
581022.95,581183.63,1699020960,228.41,228.44
581559.63,581517.4,1699021020,228.44,228.2
580201.88,580221.38,1699021080,228.21,228.32
580235.18,580282.09,1699021140,228.33,228.25
580305.08,580266.7,1699021200,228.25,228.43
580305.84,580304.66,1699021260,228.44,228.53
580313.45,580311.32,1699021320,228.54,228.58
580302.55,580268.85,1699021380,228.59,228.79
580485.09,580328.02,1699021440,228.8,228.94
580321.07,580046.83,1699021500,228.94,229.27
579964.05,579903.52,1699021560,229.26,229.1
579885.73,579861.27,1699021620,229.11,229.16
579861.53,579950.51,1699021680,229.17,229.22
579951.07,580080.92,1699021740,229.23,229.29
580153.18,580082.27,1699021800,229.29,229.35
580099.64,579865.37,1699021860,229.36,229.14
579811.32,579616.71,1699021920,229.15,228.9
579641.53,579602.03,1699021980,228.91,228.71
579593.25,579486.86,1699022040,228.72,228.78
579465.22,579465.22,1699022100,228.78,228.74
579487.37,579465.71,1699022160,228.75,228.77
579482.12,579543.95,1699022220,228.78,228.89
579649.25,579741.4,1699022280,228.89,228.97
579683.98,579733.32,1699022340,228.98,228.89
579693.79,579711.94,1699022400,228.89,229.17
579727.23,579668.96,1699022460,229.18,229.09
579671.88,579739.94,1699022520,229.09,229.2
579742.76,579739.19,1699022580,229.21,229.17
579703.27,579658.27,1699022640,229.18,229
579382.17,579356.3,1699022700,229.01,229.02
579356.01,579398.62,1699022760,229.02,229.22
579427.69,579488.97,1699022820,229.2,229.14
579829.4,579844.88,1699022880,229.14,229.12
580076.44,580261.72,1699022940,229.12,228.85
580195.9,580207.99,1699023000,228.85,228.78
580256.2,580357.48,1699023060,228.78,228.75
580429.3,580427.88,1699023120,228.75,228.72
580464.09,580453.32,1699023180,228.71,228.62
580540.88,580567.25,1699023240,228.62,228.6
580674.72,580739.04,1699023300,228.61,228.61
580787.06,580939.21,1699023360,228.62,228.64
580897.07,581028.11,1699023420,228.63,228.56
581094.3,581080.49,1699023480,228.56,228.73
581140.22,581130.01,1699023540,228.74,228.75
581183.81,581183.81,1699023600,228.74,228.76
581194.92,581163.61,1699023660,228.77,228.54
581123.08,581129.6,1699023720,228.55,228.63
581111.82,580953.6,1699023780,228.62,228.95
580931.68,580968.43,1699023840,228.96,228.92
580963.4,580996.15,1699023900,228.92,228.87
580964.34,580914.01,1699023960,228.88,228.78
580911.69,581024.26,1699024020,228.79,228.73
580974.01,580917.9,1699024080,228.74,228.55
580954.51,580854.22,1699024140,228.56,228.62
580859.89,580811.65,1699024200,228.62,228.47
580766.74,580741.44,1699024260,228.47,228.35
580817.12,580876.27,1699024320,228.36,228.77
580937.67,580941.62,1699024380,228.78,228.77
580888.41,580846.2,1699024440,228.77,228.83
580782.17,580762.06,1699024500,228.83,228.8
580761.56,580772.63,1699024560,228.79,228.77
580797.05,580757.38,1699024620,228.78,228.83
580751.46,580758.92,1699024680,228.84,228.85
580768.07,580815.35,1699024740,228.86,228.84
580824.18,580770.81,1699024800,228.85,229.02
580786.13,580511.7,1699024860,229.01,229.14
580531.1,580540.96,1699024920,229.13,229.21
580419.83,580325.27,1699024980,229.21,229.21
580256.22,580212.61,1699025040,229.21,229.17
580338.81,580334.67,1699025100,229.18,229.22
580427.66,580412.52,1699025160,229.23,229.27
580390.84,580390.84,1699025220,229.27,229.26
580398.33,580352.98,1699025280,229.27,229.19
580247.45,580272.82,1699025340,229.2,229.2
580185.05,580146.51,1699025400,229.19,229.22
580102.91,580540.44,1699025460,229.22,229.15
580501.61,580572.19,1699025520,229.15,229.31
580626.24,580623.77,1699025580,229.3,229.2
580566.12,580547.09,1699025640,229.2,229.24
580496.35,580392.99,1699025700,229.23,229.41
580350.14,580352.03,1699025760,229.42,229.4
580304.89,580273.9,1699025820,229.41,229.48
580303.62,580263.15,1699025880,229.48,229.4
580258.77,580260.13,1699025940,229.4,229.24
580384.78,580359.23,1699026000,229.25,229.28
580372.11,580370.87,1699026060,229.28,229.39
580342.15,580241.91,1699026120,229.39,229.21
580199.73,580194.36,1699026180,229.22,229.28
580177.99,580221.5,1699026240,229.29,229.4
579982.4,579909.46,1699026300,229.4,229.31
579872.87,579836.46,1699026360,229.32,229.3
579828.46,579710.37,1699026420,229.3,229.36
579710.37,579710.37,1699026480,229.36,229.43
