"OI_open","OI_close","timestamp","price_open","price_close"
34613385,34613522,1698531600,0.3997,0.3996
34609581,34611263,1698531660,0.3996,0.3993
34602603,34589535,1698531720,0.3993,0.3987
34570226,34568457,1698531780,0.3987,0.3988
34564024,34565213,1698531840,0.3988,0.3988
34562640,34563348,1698531900,0.3988,0.3994
34563789,34565600,1698531960,0.3994,0.3994
34565693,34564455,1698532020,0.3994,0.3992
34564870,34564219,1698532080,0.3993,0.3989
34554314,34553848,1698532140,0.3987,0.3984
34559059,34559059,1698532200,0.3984,0.3983
34545716,34550187,1698532260,0.3984,0.3984
34550589,34551141,1698532320,0.3985,0.398
34547674,34535923,1698532380,0.398,0.398
34489064,34489090,1698532440,0.398,0.3981
34493757,34498715,1698532500,0.3981,0.3985
34492800,34494537,1698532560,0.3986,0.399
34494373,34492522,1698532620,0.3989,0.3989
34490311,34490148,1698532680,0.3989,0.3989
34490066,34484947,1698532740,0.399,0.3986
34488754,34486753,1698532800,0.3986,0.3991
34487155,34488381,1698532860,0.3992,0.399
34488345,34489637,1698532920,0.3991,0.399
34491207,34492056,1698532980,0.3989,0.3993
34493991,34496386,1698533040,0.3993,0.3995
34505960,34504703,1698533100,0.3994,0.3991
34501252,34494208,1698533160,0.399,0.399
34494405,34494073,1698533220,0.3991,0.399
34495936,34495816,1698533280,0.3989,0.3989
34495906,34495959,1698533340,0.3989,0.3989
34499025,34498805,1698533400,0.399,0.399
34498367,34501404,1698533460,0.399,0.3992
34499205,34499969,1698533520,0.3993,0.3991
34499461,34504189,1698533580,0.399,0.3989
34494698,34494364,1698533640,0.3989,0.3987
34495259,34496268,1698533700,0.3986,0.3985
34496598,34493317,1698533760,0.3985,0.3986
34493072,34493036,1698533820,0.3987,0.3987
34496478,34495889,1698533880,0.3987,0.3987
34496130,34497568,1698533940,0.3987,0.3989
34493333,34490121,1698534000,0.3988,0.3989
34488273,34488852,1698534060,0.3989,0.3985
34491113,34484715,1698534120,0.3985,0.3986
34482978,34475877,1698534180,0.3986,0.3984
34471912,34472308,1698534240,0.3984,0.3983
34469018,34468613,1698534300,0.3982,0.3976
34413832,34423003,1698534360,0.3975,0.3971
34423369,34424422,1698534420,0.3971,0.3974
34421900,34421371,1698534480,0.3973,0.3973
34413980,34412491,1698534540,0.3973,0.3974
34382348,34374826,1698534600,0.3974,0.398
34374113,34373810,1698534660,0.3979,0.3979
34369461,34368510,1698534720,0.398,0.3978
34368227,34368227,1698534780,0.3978,0.3975
34367549,34369061,1698534840,0.3975,0.3971
34368422,34375834,1698534900,0.397,0.3975
34379976,34460840,1698534960,0.3975,0.3972
34440418,34429043,1698535020,0.3972,0.3969
34410628,34407086,1698535080,0.3969,0.3968
34405232,34400530,1698535140,0.3968,0.397
34400486,34396943,1698535200,0.3971,0.3975
34391021,34386741,1698535260,0.3975,0.3979
34392799,34393090,1698535320,0.3979,0.3979
34393460,34393460,1698535380,0.3978,0.398
34389395,34389395,1698535440,0.3979,0.3979
34389849,34382829,1698535500,0.3979,0.3979
34381724,34382847,1698535560,0.398,0.3981
34382811,34382313,1698535620,0.3982,0.3981
34383611,34383582,1698535680,0.3982,0.3983
34381974,34379812,1698535740,0.3983,0.3983
34378662,34379886,1698535800,0.3983,0.3982
34382307,34390779,1698535860,0.3983,0.3981
34388979,34383503,1698535920,0.3981,0.398
34382857,34384225,1698535980,0.398,0.398
34386101,34357117,1698536040,0.398,0.3978
34357576,34356826,1698536100,0.3979,0.3981
34356785,34356823,1698536160,0.398,0.3979
34353870,34353870,1698536220,0.3978,0.398
34353701,34354906,1698536280,0.3981,0.3981
34354151,34357652,1698536340,0.398,0.3981
34357646,34359171,1698536400,0.3982,0.398
34356832,34357455,1698536460,0.3979,0.3981
34356608,34355317,1698536520,0.3981,0.3983
34353531,34351425,1698536580,0.3982,0.3979
34348610,34349299,1698536640,0.3979,0.3983
34348848,34349378,1698536700,0.3983,0.3982
34350464,34350055,1698536760,0.3981,0.3984
34347690,34348874,1698536820,0.3983,0.3983
34348958,34349703,1698536880,0.3982,0.3982
34349250,34349193,1698536940,0.3982,0.398
34346579,34347650,1698537000,0.398,0.3979
34347650,34351182,1698537060,0.3979,0.398
34346118,34344254,1698537120,0.3981,0.3979
34347188,34350139,1698537180,0.398,0.3983
34349257,34347890,1698537240,0.3983,0.3985
34342545,34335762,1698537300,0.3985,0.3985
34333454,34333127,1698537360,0.3984,0.3978
34334281,34334086,1698537420,0.3979,0.398
34341820,34340354,1698537480,0.3979,0.3978
34342352,34341128,1698537540,0.3979,0.3979
34334213,34334213,1698537600,0.398,0.3979
34339063,34319482,1698537660,0.3978,0.397
34319482,34313551,1698537720,0.3969,0.3967
34317063,34316813,1698537780,0.3966,0.3968
34312207,34306472,1698537840,0.3968,0.397
34325628,34319142,1698537900,0.397,0.3963
34316058,34309639,1698537960,0.3963,0.397
34318106,34318106,1698538020,0.3969,0.3968
34315315,34342049,1698538080,0.3968,0.3972
34328850,34328850,1698538140,0.3971,0.3967
34331233,34323483,1698538200,0.3968,0.3965
34321539,34318503,1698538260,0.3965,0.3966
34304653,34359494,1698538320,0.3966,0.3962
34358764,34439539,1698538380,0.3961,0.3947
34429089,34430072,1698538440,0.3948,0.3957
34425931,34429572,1698538500,0.3956,0.3962
34423485,34417763,1698538560,0.3962,0.3963
34416012,34409442,1698538620,0.3964,0.3962
34407386,34398874,1698538680,0.3962,0.3962
34384620,34379529,1698538740,0.3962,0.3969
34384265,34388712,1698538800,0.3969,0.3973
34389007,34384133,1698538860,0.3973,0.3971
34385361,34383490,1698538920,0.3971,0.3972
34384093,34385385,1698538980,0.3972,0.3963
34387254,34384516,1698539040,0.3963,0.3964
34364707,34367216,1698539100,0.3964,0.3966
34368743,34370196,1698539160,0.3966,0.397
34370288,34373159,1698539220,0.3971,0.3976
34372929,34375625,1698539280,0.3975,0.3974
34376318,34376318,1698539340,0.3974,0.3976
34376281,34374420,1698539400,0.3976,0.3975
34375000,34374621,1698539460,0.3974,0.397
34368405,34365787,1698539520,0.397,0.396
34367303,34348280,1698539580,0.396,0.3964
34339573,34344779,1698539640,0.3965,0.3965
34346021,34346085,1698539700,0.3964,0.3959
34344768,34345825,1698539760,0.396,0.3962
34346266,34352357,1698539820,0.3963,0.3968
34356690,34356690,1698539880,0.3969,0.3971
34355866,34357717,1698539940,0.3972,0.3973
34359794,34364990,1698540000,0.3974,0.3981
34365395,34358513,1698540060,0.3981,0.3984
34357195,34364049,1698540120,0.3983,0.3984
34360597,34358354,1698540180,0.3984,0.3986
34350796,34350732,1698540240,0.3986,0.3989
34345341,34347418,1698540300,0.3989,0.3989
34341606,34347338,1698540360,0.399,0.3991
34340046,34334904,1698540420,0.3991,0.3992
34357776,34357067,1698540480,0.3992,0.3988
34351339,34351425,1698540540,0.3988,0.3991
34348953,34348303,1698540600,0.3991,0.3989
34347716,34363121,1698540660,0.399,0.3994
34362405,34362291,1698540720,0.3994,0.3988
34379183,34384100,1698540780,0.3989,0.3974
34367952,34357835,1698540840,0.3973,0.3972
34364468,34373994,1698540900,0.3971,0.3976
34366177,34365433,1698540960,0.3976,0.3972
34363466,34369352,1698541020,0.3971,0.3971
34369420,34368147,1698541080,0.397,0.3964
34377179,34364347,1698541140,0.3965,0.397
34332509,34325242,1698541200,0.3971,0.3976
34324238,34317261,1698541260,0.3975,0.3964
34320041,34318064,1698541320,0.3964,0.3976
34338050,34336390,1698541380,0.3976,0.3977
34337597,34328624,1698541440,0.3976,0.3972
34329026,34327036,1698541500,0.3972,0.397
34320085,34322264,1698541560,0.3971,0.3975
34322220,34319977,1698541620,0.3976,0.3973
34314780,34313411,1698541680,0.3973,0.3971
34313608,34314734,1698541740,0.3972,0.3975
34314370,34308173,1698541800,0.3976,0.3973
34306922,34309224,1698541860,0.3972,0.3973
34307452,34308523,1698541920,0.3972,0.3965
34307839,34311542,1698541980,0.3965,0.3953
34319977,34316152,1698542040,0.3953,0.3957
34310061,34308072,1698542100,0.3958,0.3958
34306934,34306479,1698542160,0.3958,0.396
34304033,34300781,1698542220,0.396,0.3957
34295461,34298019,1698542280,0.3957,0.3948
34250766,34249542,1698542340,0.3947,0.395
34248379,34247708,1698542400,0.3951,0.394
34224917,34219851,1698542460,0.3941,0.3938
34209692,34205043,1698542520,0.3938,0.3938
34168756,34172821,1698542580,0.3938,0.3919
34067169,34075866,1698542640,0.392,0.3925
34085752,34082335,1698542700,0.3925,0.3932
34094446,34086801,1698542760,0.3931,0.3932
34090147,34081804,1698542820,0.3931,0.3923
34080992,34077060,1698542880,0.3923,0.3923
34075817,34077887,1698542940,0.3923,0.3926
34078054,34085356,1698543000,0.3926,0.392
34084895,34073535,1698543060,0.3919,0.3914
34077911,34087174,1698543120,0.3915,0.3925
34083494,34086146,1698543180,0.3926,0.393
34086707,34080070,1698543240,0.393,0.3929
34081313,34086733,1698543300,0.3929,0.3934
34093066,34091010,1698543360,0.3934,0.3933
34088891,34087582,1698543420,0.3934,0.3939
34086454,34085149,1698543480,0.3939,0.3941
34087589,34089521,1698543540,0.394,0.3936
34089154,34088423,1698543600,0.3936,0.3939
34100689,34103169,1698543660,0.394,0.3944
34110011,34108875,1698543720,0.3944,0.3943
34107434,34107748,1698543780,0.3943,0.3944
34110347,34084729,1698543840,0.3945,0.3945
34091709,34094820,1698543900,0.3944,0.3949
34095549,34100384,1698543960,0.3949,0.3941
34101782,34099919,1698544020,0.3941,0.3942
34097620,34096650,1698544080,0.3942,0.3943
34096230,34097865,1698544140,0.3943,0.3948
34093377,34095937,1698544200,0.3947,0.3946
34095898,34095109,1698544260,0.3945,0.3944
34095823,34095823,1698544320,0.3944,0.3947
34091436,34089822,1698544380,0.3947,0.3946
34087052,34087052,1698544440,0.3946,0.3949
34089508,34090905,1698544500,0.395,0.3951
34091902,34097593,1698544560,0.3952,0.3954
34095580,34094854,1698544620,0.3953,0.3952
34094846,34094846,1698544680,0.3953,0.3954
34095604,34096712,1698544740,0.3953,0.395
34096299,34101285,1698544800,0.395,0.3951
34079012,34079012,1698544860,0.3951,0.3943
34079883,34078475,1698544920,0.3944,0.3941
34080083,34079280,1698544980,0.394,0.3935
34095321,34093432,1698545040,0.3936,0.3931
34087659,34094289,1698545100,0.3931,0.3935
34096478,34083697,1698545160,0.3936,0.3944
34083597,34088963,1698545220,0.3944,0.3948
34090360,34085413,1698545280,0.3947,0.3946
34085043,34087656,1698545340,0.3945,0.3949
34087844,34087686,1698545400,0.3949,0.3948
34088054,34087572,1698545460,0.3947,0.3946
34087578,34086373,1698545520,0.3945,0.3945
34086373,34084113,1698545580,0.3945,0.3942
34083956,34083741,1698545640,0.3941,0.3943
34087543,34084641,1698545700,0.3943,0.3938
34094773,34099130,1698545760,0.3938,0.3945
34099674,34099674,1698545820,0.3945,0.3946
34097127,34094801,1698545880,0.3945,0.3945
34095480,34094393,1698545940,0.3945,0.3947
34097988,34098908,1698546000,0.3947,0.3949
34098241,34098761,1698546060,0.3949,0.3951
34098602,34099278,1698546120,0.3951,0.395
34099158,34101222,1698546180,0.3951,0.3953
34102568,34102568,1698546240,0.3954,0.3954
34102691,34095300,1698546300,0.3955,0.3951
34093908,34102045,1698546360,0.3951,0.3947
34102045,34102381,1698546420,0.3948,0.3948
34104045,34108681,1698546480,0.3948,0.3946
34109422,34107761,1698546540,0.3946,0.3947
34105726,34111876,1698546600,0.3946,0.3945
34111492,34097620,1698546660,0.3945,0.394
34097354,34098848,1698546720,0.394,0.3939
34096101,34096205,1698546780,0.394,0.3942
34098264,34093868,1698546840,0.3943,0.3939
34093402,34096843,1698546900,0.3939,0.3941
34092550,34093141,1698546960,0.394,0.3933
34091669,34090632,1698547020,0.3932,0.3933
34094236,34095021,1698547080,0.3932,0.3932
34095168,34150940,1698547140,0.3932,0.3926
34156572,34173912,1698547200,0.3925,0.3928
34173471,34174556,1698547260,0.3929,0.3927
34174171,34160471,1698547320,0.3928,0.3926
34160968,34159381,1698547380,0.3929,0.393
34159624,34161872,1698547440,0.3931,0.3932
34162151,34163270,1698547500,0.3931,0.3935
34163239,34167054,1698547560,0.3935,0.3932
34171546,34175114,1698547620,0.3932,0.3932
34178999,34186296,1698547680,0.3932,0.393
34186190,34189358,1698547740,0.393,0.3929
34191315,34200804,1698547800,0.3929,0.3925
34203976,34204600,1698547860,0.3925,0.393
34204618,34205700,1698547920,0.393,0.3932
34205521,34205842,1698547980,0.3932,0.3934
34203204,34199759,1698548040,0.3934,0.3934
34199500,34198586,1698548100,0.3934,0.3932
34196977,34193326,1698548160,0.3931,0.3935
34192542,34192637,1698548220,0.3936,0.3937
34167672,34168189,1698548280,0.3938,0.3942
34164858,34164069,1698548340,0.3941,0.3938
34165272,34161964,1698548400,0.3938,0.3938
34165121,34165185,1698548460,0.3939,0.3942
34163191,34163191,1698548520,0.3941,0.3941
34160835,34161374,1698548580,0.394,0.3939
34161808,34161585,1698548640,0.3939,0.3939
34167795,34152131,1698548700,0.3939,0.3937
34150832,34150832,1698548760,0.3937,0.3936
34133863,34120102,1698548820,0.3936,0.3936
34114297,34122411,1698548880,0.3936,0.3942
34122125,34108099,1698548940,0.3942,0.394
34105753,34105171,1698549000,0.394,0.3939
34104015,34103634,1698549060,0.3939,0.394
34102944,34103199,1698549120,0.394,0.3942
34098561,34094270,1698549180,0.3941,0.3941
34089390,34090835,1698549240,0.3942,0.3944
34129747,34128996,1698549300,0.3945,0.395
34128173,34121598,1698549360,0.395,0.3949
34093330,34092046,1698549420,0.3948,0.3945
34093805,34039192,1698549480,0.3945,0.3955
34029669,34020729,1698549540,0.3955,0.3955
34019051,34013646,1698549600,0.3954,0.3956
34015220,34007108,1698549660,0.3956,0.3956
34007170,34008923,1698549720,0.3958,0.3963
34006794,34014758,1698549780,0.3962,0.3965
34007169,34013279,1698549840,0.3965,0.3964
34006172,34003148,1698549900,0.3964,0.3963
33990267,33992254,1698549960,0.3964,0.3959
33990140,33990140,1698550020,0.3959,0.3958
33991140,33992723,1698550080,0.3958,0.3961
33971101,33971101,1698550140,0.396,0.3957
33975460,33971334,1698550200,0.3958,0.396
33972765,33970448,1698550260,0.3959,0.3955
33966603,33963711,1698550320,0.3954,0.3957
33968563,33968038,1698550380,0.3957,0.3957
33970194,33974287,1698550440,0.3958,0.3957
33974287,33976694,1698550500,0.3956,0.3955
33977478,33976193,1698550560,0.3954,0.3953
33976171,33974561,1698550620,0.3953,0.3951
33967509,33967720,1698550680,0.3951,0.3952
33967912,33967688,1698550740,0.3953,0.3954
33967806,33970532,1698550800,0.3953,0.3954
33971168,33968962,1698550860,0.3954,0.3953
33969576,33971308,1698550920,0.3953,0.3953
33970427,33968045,1698550980,0.3953,0.395
33969480,33968859,1698551040,0.3949,0.3951
33967365,33956450,1698551100,0.3951,0.3951
33958088,33953238,1698551160,0.3951,0.3948
33953556,33953556,1698551220,0.3949,0.3948
33953217,33953441,1698551280,0.3948,0.3946
33950314,33951063,1698551340,0.3946,0.3947
33951139,33953435,1698551400,0.3946,0.3941
33954026,33968086,1698551460,0.394,0.3941
33971437,33970872,1698551520,0.3941,0.3934
33964869,33963456,1698551580,0.3934,0.3934
33963606,33962975,1698551640,0.3935,0.393
33961787,33961434,1698551700,0.3931,0.3935
33965988,33964998,1698551760,0.3934,0.3936
33964343,33964222,1698551820,0.3936,0.3937
33965331,33973278,1698551880,0.3936,0.3935
33972892,33974439,1698551940,0.3936,0.3939
33975641,33973487,1698552000,0.3939,0.3937
33975190,33975663,1698552060,0.3936,0.3931
33975131,33974554,1698552120,0.3931,0.3933
33975809,33975402,1698552180,0.3932,0.3931
33968135,33966901,1698552240,0.3931,0.3931
33963938,33966254,1698552300,0.3932,0.3935
33966518,33967706,1698552360,0.3935,0.3936
33967356,33971884,1698552420,0.3938,0.3941
33966829,33960214,1698552480,0.394,0.3941
33959104,33960922,1698552540,0.394,0.3942
33960922,33960860,1698552600,0.3944,0.3944
33961065,33962116,1698552660,0.3945,0.3944
33962080,33953463,1698552720,0.3945,0.3949
33950462,33951874,1698552780,0.3948,0.3945
33950817,33950146,1698552840,0.3946,0.3951
33950146,33950789,1698552900,0.3951,0.3951
33949765,33949765,1698552960,0.3951,0.3951
33948344,33947216,1698553020,0.3951,0.3948
33951228,33951287,1698553080,0.3949,0.3951
33951888,33951888,1698553140,0.3952,0.3953
33956913,33957590,1698553200,0.3953,0.3954
33958367,33958592,1698553260,0.3955,0.3956
33958416,33959671,1698553320,0.3956,0.3956
33960388,33959229,1698553380,0.3956,0.3956
33959423,33960586,1698553440,0.3956,0.3956
33956050,33957439,1698553500,0.3956,0.3958
33955748,33955819,1698553560,0.3957,0.3955
33955961,33956839,1698553620,0.3955,0.3955
33957880,33957782,1698553680,0.3956,0.3957
33953963,33953580,1698553740,0.3956,0.3959
33952884,33951894,1698553800,0.3959,0.3955
33951894,33952273,1698553860,0.3956,0.3954
33953492,33953992,1698553920,0.3954,0.3958
33953954,33954209,1698553980,0.3958,0.3959
33932243,33932243,1698554040,0.3959,0.3963
33932719,33931556,1698554100,0.3962,0.3961
33932689,33932606,1698554160,0.3961,0.3965
33935933,33936252,1698554220,0.3966,0.3966
33934942,33933783,1698554280,0.3966,0.3964
33932039,33931402,1698554340,0.3964,0.3961
33921915,33922976,1698554400,0.3961,0.3963
33921459,33920520,1698554460,0.3963,0.396
33920486,33920655,1698554520,0.3961,0.3961
33921138,33922018,1698554580,0.3961,0.3963
33922346,33922346,1698554640,0.3963,0.3962
33924517,33927226,1698554700,0.3963,0.3963
33929194,33934786,1698554760,0.3963,0.3966
33936382,33936089,1698554820,0.3967,0.397
33930733,33930117,1698554880,0.3969,0.3964
33930117,33928472,1698554940,0.3965,0.3965
33928920,33926164,1698555000,0.3965,0.3966
33923595,33928566,1698555060,0.3966,0.3968
33929006,33928788,1698555120,0.3968,0.3964
33933457,33935494,1698555180,0.3964,0.3964
33936241,33937550,1698555240,0.3964,0.3963
33937015,33936815,1698555300,0.3964,0.3963
33938113,33937941,1698555360,0.3963,0.3961
33938354,33940779,1698555420,0.3962,0.3961
33940749,33940978,1698555480,0.3961,0.3964
33940978,33940384,1698555540,0.3964,0.3964
33941003,33937802,1698555600,0.3964,0.3963
33940184,33940184,1698555660,0.3962,0.3963
33940487,33941948,1698555720,0.3963,0.3965
33934276,33934083,1698555780,0.3965,0.3964
33933595,33933202,1698555840,0.3964,0.3967
33933007,33924837,1698555900,0.3966,0.3969
33924520,33924515,1698555960,0.3969,0.3969
33923038,33923388,1698556020,0.3969,0.3972
33923148,33923313,1698556080,0.3972,0.3972
33919485,33919499,1698556140,0.3972,0.3973
33916553,33921313,1698556200,0.3972,0.3971
33916798,33916002,1698556260,0.3971,0.397
33914169,33913922,1698556320,0.397,0.3971
33913465,33912106,1698556380,0.3971,0.3972
33914136,33912457,1698556440,0.3973,0.3975
33912444,33909331,1698556500,0.3974,0.3974
33910470,33909544,1698556560,0.3974,0.3976
33907918,33907748,1698556620,0.3976,0.3974
33909230,33909511,1698556680,0.3975,0.3975
33906855,33907048,1698556740,0.3974,0.3972
33896696,33917429,1698556800,0.3971,0.3964
33909116,33910810,1698556860,0.3964,0.3962
33917708,33911898,1698556920,0.3962,0.396
33913679,33913679,1698556980,0.3961,0.3961
33917757,33922520,1698557040,0.3962,0.396
33920459,33919960,1698557100,0.3959,0.3958
33917705,33918125,1698557160,0.3959,0.3958
33915817,33916370,1698557220,0.3958,0.3961
33916648,33917708,1698557280,0.3961,0.3963
33917723,33917829,1698557340,0.3963,0.3965
33917761,33918261,1698557400,0.3964,0.3964
33921340,33924748,1698557460,0.3965,0.3966
33922245,33922208,1698557520,0.3966,0.3966
33924231,33924244,1698557580,0.3966,0.3969
33924455,33928468,1698557640,0.3967,0.3969
33928741,33924575,1698557700,0.397,0.3971
33924840,33923682,1698557760,0.3971,0.3969
33923777,33920237,1698557820,0.3969,0.3968
33920225,33908527,1698557880,0.3968,0.3963
33903393,33903408,1698557940,0.3963,0.3961
33901251,33901606,1698558000,0.3961,0.3956
33917776,33923738,1698558060,0.3956,0.3959
33923305,33924012,1698558120,0.3959,0.396
33923976,33924012,1698558180,0.3961,0.3961
33929041,33930357,1698558240,0.3962,0.3962
33935816,33935816,1698558300,0.3964,0.3964
33935866,33932755,1698558360,0.3963,0.3961
33932656,33932656,1698558420,0.396,0.3961
33932531,33939095,1698558480,0.3961,0.3963
33940087,33940326,1698558540,0.3963,0.3964
33941561,33941561,1698558600,0.3963,0.3964
33944469,33944469,1698558660,0.3965,0.3967
33942389,33940540,1698558720,0.3967,0.3967
33941418,33938297,1698558780,0.3967,0.3964
33935054,33933879,1698558840,0.3963,0.3964
33934691,33934826,1698558900,0.3964,0.3964
33939326,33938356,1698558960,0.3964,0.3964
33941236,33941236,1698559020,0.3964,0.3964
33884146,33884146,1698560100,0.3964,0.398
33883893,33883866,1698560160,0.398,0.398
33883360,33884198,1698560220,0.398,0.3981
33887427,33887427,1698560280,0.3981,0.398
33887399,33887345,1698560340,0.398,0.398
33886451,33887075,1698560400,0.398,0.3978
33868533,33868100,1698560460,0.3978,0.3977
33873137,33873213,1698560520,0.3978,0.398
33870657,33852758,1698560580,0.398,0.398
33845712,33844933,1698560640,0.398,0.3976
33846304,33845302,1698560700,0.3976,0.3975
33845954,33847338,1698560760,0.3975,0.398
33844423,33845401,1698560820,0.3982,0.3983
33845401,33845041,1698560880,0.3984,0.3983
33851400,33852687,1698560940,0.3983,0.3984
33851775,33850684,1698561000,0.3984,0.3983
33850805,33850805,1698561060,0.3983,0.3988
33845796,33845678,1698561120,0.3988,0.3991
33851886,33846052,1698561180,0.399,0.3991
33847901,33845531,1698561240,0.3991,0.3992
33826935,33824155,1698561300,0.3991,0.3994
33821734,33821004,1698561360,0.3994,0.3994
33820988,33820739,1698561420,0.3993,0.3993
33819411,33819411,1698561480,0.3993,0.3994
33815871,33824750,1698561540,0.3994,0.3994
33815681,33815681,1698561600,0.3993,0.3993
33814398,33814398,1698561660,0.3993,0.3992
33814014,33819182,1698561720,0.3992,0.3992
33818305,33818574,1698561780,0.3992,0.3996
33817293,33817381,1698561840,0.3996,0.3996
33817311,33815344,1698561900,0.3997,0.3996
33814402,33807977,1698561960,0.3997,0.4001
33803765,33799772,1698562020,0.4001,0.4001
33801104,33776848,1698562080,0.4,0.3998
33774152,33769568,1698562140,0.3998,0.3997
33762464,33766687,1698562200,0.3997,0.3996
33768904,33769442,1698562260,0.3997,0.3999
33768319,33785454,1698562320,0.3998,0.3992
33788692,33788360,1698562380,0.3992,0.3991
33788488,33790315,1698562440,0.3991,0.3993
33792561,33792342,1698562500,0.3992,0.3995
33788881,33787444,1698562560,0.3994,0.3996
33788651,33788651,1698562620,0.3995,0.3996
33789790,33789790,1698562800,0.3995,0.3995
33789560,33789560,1698562860,0.3994,0.3996
33834884,33834884,1698562920,0.4009,0.4013
33852041,33852114,1698562980,0.4012,0.4012
33844680,33844680,1698563040,0.4012,0.4011
33870737,33890452,1698563100,0.4011,0.4011
33899164,33899164,1698563160,0.4011,0.402
33890857,33892045,1698563220,0.402,0.4018
33889964,33888151,1698563280,0.4016,0.4014
33888445,33888354,1698563340,0.4014,0.4012
33888445,33891598,1698563400,0.4012,0.4014
33890539,33886103,1698563460,0.4014,0.402
33864802,33864802,1698563520,0.4019,0.4017
33864837,33865397,1698563580,0.4013,0.4012
33867150,33874113,1698563640,0.4012,0.4015
33873131,33887258,1698563700,0.4015,0.4012
33887865,33900519,1698563760,0.4012,0.4015
33908547,33908547,1698563820,0.4015,0.4023
33906347,33920774,1698563880,0.4023,0.4024
33945838,33986842,1698563940,0.4024,0.402
33987551,33985387,1698564000,0.402,0.4026
33984772,33999662,1698564060,0.4026,0.4038
33962395,33951411,1698564120,0.4038,0.4064
33929823,33905940,1698564180,0.4064,0.4054
33903818,33909493,1698564240,0.4054,0.4081
33987061,33955732,1698564300,0.408,0.4075
33949686,33939939,1698564360,0.4075,0.4068
33915875,33906146,1698564420,0.4068,0.4084
33946365,33966643,1698564480,0.4085,0.4087
33972552,33949645,1698564540,0.4085,0.4098
33965343,33939594,1698564600,0.4098,0.4079
33911991,33872987,1698564660,0.4079,0.4078
33872325,33874358,1698564720,0.4078,0.4087
33878138,33912195,1698564780,0.4086,0.4074
33833260,33828807,1698564840,0.4074,0.4056
33821964,33826467,1698564900,0.4056,0.4062
33819059,33804225,1698564960,0.4062,0.4065
33805023,33816888,1698565020,0.4065,0.4057
33811744,33802063,1698565080,0.4057,0.4067
33808077,33827923,1698565140,0.4066,0.4068
33861427,33848186,1698565200,0.4069,0.4068
33845789,33831249,1698565260,0.4068,0.4066
33817682,33819383,1698565320,0.4066,0.4058
33817894,33824905,1698565380,0.4058,0.4065
33821438,33813916,1698565440,0.4064,0.406
33813068,33813834,1698565500,0.406,0.4077
33813242,33817777,1698565560,0.4076,0.4067
33817081,33814305,1698565620,0.4066,0.4066
33809001,33811963,1698565680,0.4066,0.4076
33809423,33807562,1698565740,0.4076,0.4076
33807018,33818512,1698565800,0.4076,0.408
33816832,33815431,1698565860,0.4081,0.4078
33812025,33804609,1698565920,0.4078,0.4075
33798394,33794886,1698565980,0.4075,0.4073
33796522,33798836,1698566040,0.4072,0.4071
33796037,33810954,1698566100,0.4071,0.4066
33807504,33813569,1698566160,0.4066,0.4068
33812581,33815381,1698566220,0.4067,0.4073
33812555,33808986,1698566280,0.4072,0.4075
33810563,33810427,1698566340,0.4074,0.4074
33787581,33794490,1698566400,0.4074,0.4067
33797910,33789465,1698566460,0.4068,0.4071
33793487,33803163,1698566520,0.4071,0.4081
33800615,33801140,1698566580,0.4081,0.4077
33796198,33793374,1698566640,0.4076,0.4078
33809578,33832467,1698566700,0.4079,0.409
33837849,33867284,1698566760,0.409,0.41
33877206,33913555,1698566820,0.4099,0.4097
33907110,33905504,1698566880,0.4097,0.4096
33920630,33906354,1698566940,0.4095,0.4097
33902356,33889153,1698567000,0.4098,0.409
33853282,33835213,1698567060,0.4089,0.4077
33816251,33801587,1698567120,0.4077,0.4081
33795091,33789554,1698567180,0.408,0.4074
33789029,33788681,1698567240,0.4073,0.4074
33788309,33784391,1698567300,0.4075,0.4076
33781784,33785234,1698567360,0.4075,0.4077
33782521,33781690,1698567420,0.4077,0.4076
33781289,33781793,1698567480,0.4076,0.4075
33788639,33789706,1698567540,0.4076,0.4076
33783403,33782297,1698567600,0.4076,0.4068
33722941,33716272,1698567660,0.4068,0.407
33714652,33716657,1698567720,0.4071,0.4069
33713885,33728712,1698567780,0.407,0.4075
33726794,33727430,1698567840,0.4075,0.4078
33741064,33739267,1698567900,0.4078,0.4079
33743928,33743442,1698567960,0.4079,0.4083
33747146,33747225,1698568020,0.4084,0.4083
33737591,33736380,1698568080,0.4082,0.4076
33736670,33737726,1698568140,0.4075,0.4077
33739396,33736966,1698568200,0.4077,0.408
33742029,33739659,1698568260,0.4081,0.407
33735163,33727941,1698568320,0.407,0.4068
33718984,33734601,1698568380,0.4068,0.407
33735000,33744146,1698568440,0.407,0.4066
33748777,33750653,1698568500,0.4065,0.407
33750632,33757027,1698568560,0.407,0.4066
33746288,33745768,1698568620,0.4066,0.4074
33734829,33737276,1698568680,0.4074,0.4075
33737262,33738215,1698568740,0.4075,0.4071
33734405,33742112,1698568800,0.4072,0.4073
33741884,33741884,1698568860,0.4072,0.4073
33743799,33733293,1698568920,0.4073,0.4073
33733342,33741444,1698568980,0.4074,0.4075
33741697,33744276,1698569040,0.4076,0.4077
33745620,33751016,1698569100,0.4078,0.4082
33744202,33744202,1698569160,0.4081,0.4076
33744303,33683876,1698569220,0.4077,0.407
33682860,33683149,1698569280,0.4069,0.407
33678321,33674370,1698569340,0.407,0.4071
33674813,33677287,1698569400,0.407,0.4071
33677310,33679447,1698569460,0.4071,0.4069
33678205,33677284,1698569520,0.4068,0.4074
33673797,33674097,1698569580,0.4074,0.4079
33673013,33674455,1698569640,0.4079,0.4079
33672340,33680514,1698569700,0.4079,0.4086
33721801,33720281,1698569760,0.4086,0.4083
33726762,33729271,1698569820,0.4085,0.4087
33740714,33739142,1698569880,0.4087,0.409
33740273,33741906,1698569940,0.409,0.409
33742534,33737312,1698570000,0.409,0.4089
33732432,33729598,1698570060,0.4088,0.4085
33732084,33730491,1698570120,0.4086,0.4087
33734059,33733096,1698570180,0.4086,0.4082
33744381,33743943,1698570240,0.4082,0.408
33742408,33739455,1698570300,0.408,0.4081
33740997,33751405,1698570360,0.4082,0.4081
33751819,33755950,1698570420,0.408,0.4084
33763499,33763499,1698570480,0.4084,0.4086
33774102,33771367,1698570540,0.4086,0.4085
33769361,33769361,1698570600,0.4085,0.4084
33769603,33767188,1698570660,0.4084,0.4081
33773822,33773822,1698570720,0.408,0.4074
33779837,33781767,1698570780,0.4074,0.4075
33782737,33789115,1698570840,0.4075,0.4077
33792409,33792878,1698570900,0.4077,0.4076
33716142,33743672,1698570960,0.4075,0.4057
33750063,33750750,1698571020,0.4058,0.406
33749753,33752047,1698571080,0.406,0.4051
33671763,33667723,1698571140,0.405,0.406
33675851,33672825,1698571200,0.4061,0.4065
33668181,33667821,1698571260,0.4065,0.4066
33662359,33661895,1698571320,0.4065,0.4062
33660828,33662524,1698571380,0.4062,0.4066
33662752,33657848,1698571440,0.4066,0.4068
33657600,33650551,1698571500,0.4067,0.4064
33642872,33652938,1698571560,0.4063,0.4065
33647226,33647429,1698571620,0.4065,0.4069
33652737,33652410,1698571680,0.4069,0.4069
33654118,33653255,1698571740,0.4069,0.4069
33655505,33655918,1698571800,0.4069,0.4063
33659002,33658860,1698571860,0.4064,0.4066
33655311,33653073,1698571920,0.4066,0.4069
33653549,33649744,1698571980,0.4069,0.4066
33668264,33668038,1698572040,0.4065,0.4069
33666049,33663410,1698572100,0.4069,0.4069
33660751,33658449,1698572160,0.407,0.4065
33652071,33648108,1698572220,0.4066,0.4065
33648611,33644203,1698572280,0.4065,0.4064
33641832,33637099,1698572340,0.4064,0.406
33638895,33635268,1698572400,0.4061,0.4053
33633684,33633684,1698572460,0.4053,0.4058
33639596,33638845,1698572520,0.4058,0.4053
33639343,33642479,1698572580,0.4053,0.4054
33639169,33659930,1698572640,0.4054,0.4054
33660292,33667860,1698572700,0.4054,0.4052
33668906,33688991,1698572760,0.4053,0.4043
33685970,33704124,1698572820,0.4044,0.4046
33704379,33707080,1698572880,0.4047,0.4053
33705556,33705056,1698572940,0.4054,0.405
33791675,33785576,1698573000,0.4051,0.4059
33760485,33757462,1698573060,0.406,0.4057
33758606,33758777,1698573120,0.4058,0.4054
33757013,33753990,1698573180,0.4052,0.4054
33753554,33752320,1698573240,0.4055,0.4052
33757935,33758564,1698573300,0.4052,0.405
33754601,33751235,1698573360,0.405,0.4046
33752237,33742688,1698573420,0.4046,0.4053
33741642,33740962,1698573480,0.4052,0.4054
33741514,33747023,1698573540,0.4053,0.4057
33746184,33740078,1698573600,0.4058,0.4055
33735097,33735293,1698573660,0.4054,0.4052
33726851,33728650,1698573720,0.4051,0.4051
33724725,33725415,1698573780,0.405,0.4049
33719412,33722899,1698573840,0.4048,0.405
33721500,33728322,1698573900,0.4051,0.4051
33721972,33715329,1698573960,0.4051,0.4045
33713670,33711371,1698574020,0.4044,0.4044
33702061,33702061,1698574080,0.4043,0.4037
33700004,33700563,1698574140,0.4037,0.404
33712356,33672294,1698574200,0.4041,0.4044
33675611,33675611,1698574260,0.4045,0.404
33674652,33675312,1698574320,0.4041,0.4041
33676681,33678315,1698574380,0.4041,0.4045
33676898,33676898,1698574440,0.4045,0.4045
33676403,33671317,1698574500,0.4044,0.4042
33667686,33667758,1698574560,0.4043,0.404
33663866,33670024,1698574620,0.4041,0.4044
33667357,33651763,1698574680,0.4044,0.4043
33649137,33648589,1698574740,0.4044,0.4049
33648659,33657338,1698574800,0.4048,0.4044
33648092,33649208,1698574860,0.4045,0.4049
33648388,33648847,1698574920,0.4049,0.405
33655334,33647681,1698574980,0.4049,0.4055
33644227,33645921,1698575040,0.4055,0.4054
33648475,33641282,1698575100,0.4055,0.4056
33637442,33633438,1698575160,0.4056,0.4056
33638414,33646031,1698575220,0.4056,0.406
33640897,33636698,1698575280,0.406,0.4054
33635526,33636376,1698575340,0.4055,0.4059
33641369,33641369,1698575400,0.406,0.4064
33642193,33636736,1698575460,0.4063,0.4067
33631309,33627861,1698575520,0.4067,0.4063
33641228,33641228,1698575580,0.4062,0.406
33641969,33641605,1698575640,0.4059,0.4063
33638035,33634583,1698575700,0.4062,0.4065
33636628,33625661,1698575760,0.4065,0.4058
33619842,33618408,1698575820,0.4059,0.4061
33616728,33612712,1698575880,0.4061,0.4058
33608918,33609411,1698575940,0.4058,0.4061
33610493,33611095,1698576000,0.4061,0.4059
33608054,33610392,1698576060,0.406,0.4064
33611312,33611318,1698576120,0.4064,0.4066
33600170,33602208,1698576180,0.4067,0.4069
33611299,33616448,1698576240,0.407,0.4074
33626813,33625898,1698576300,0.4074,0.4069
33629403,33626764,1698576360,0.407,0.4068
33626985,33626375,1698576420,0.4067,0.4072
33626068,33625991,1698576480,0.4073,0.4074
33624529,33636274,1698576540,0.4075,0.4071
33622606,33619767,1698576600,0.4072,0.4077
33620140,33623856,1698576660,0.4076,0.4076
33624945,33629081,1698576720,0.4077,0.4078
33630218,33623317,1698576780,0.4078,0.4079
33621622,33621622,1698576840,0.4079,0.4081
33625032,33618793,1698576900,0.4081,0.4079
33641121,33640415,1698576960,0.408,0.4083
33641768,33657260,1698577020,0.4084,0.4084
33666203,33671604,1698577080,0.4084,0.4085
33670836,33660488,1698577140,0.4085,0.4087
33658910,33678673,1698577200,0.4087,0.408
33683515,33680960,1698577260,0.408,0.4089
33745168,33764278,1698577320,0.4088,0.4091
33818989,33829010,1698577380,0.4091,0.4089
33834928,33844966,1698577440,0.4089,0.4088
33851843,33850218,1698577500,0.4087,0.4089
33856210,33858502,1698577560,0.409,0.4076
33874799,33878236,1698577620,0.4076,0.4079
33879147,33888275,1698577680,0.408,0.4081
33894529,33894529,1698577740,0.4081,0.4084
33897720,33897231,1698577800,0.4084,0.4078
33889401,33887520,1698577860,0.4078,0.4075
33895574,33897040,1698577920,0.4076,0.4082
33890558,33888865,1698577980,0.4081,0.4084
33888865,33892330,1698578040,0.4083,0.408
33903449,33902060,1698578100,0.408,0.4081
33901771,33907407,1698578160,0.4081,0.4088
33907392,33899812,1698578220,0.4089,0.4089
33903600,33907700,1698578280,0.4089,0.4095
33916227,33915828,1698578340,0.4094,0.4097
33926078,33943020,1698578400,0.4096,0.4094
33943693,34012272,1698578460,0.4094,0.4094
34011327,34023174,1698578520,0.4094,0.4089
34021446,34023674,1698578580,0.4088,0.4086
34021499,34007811,1698578640,0.4085,0.4087
34007639,34009854,1698578700,0.4086,0.4087
34008780,34009016,1698578760,0.4087,0.4095
34014332,34009712,1698578820,0.4096,0.4101
34021248,34024483,1698578880,0.4101,0.4099
34023615,34005717,1698578940,0.4099,0.4096
34009850,33991815,1698579000,0.4097,0.4082
33983704,33991272,1698579060,0.4082,0.4079
33981530,33974971,1698579120,0.4079,0.4082
33974593,33967092,1698579180,0.4082,0.4081
33971079,33965384,1698579240,0.4082,0.4078
33971541,33976415,1698579300,0.4077,0.4079
33990487,33995777,1698579360,0.4079,0.4077
33996058,33966968,1698579420,0.4077,0.4075
33966943,33963944,1698579480,0.4076,0.4077
33960273,33965485,1698579540,0.4076,0.4077
33965346,33964902,1698579600,0.4077,0.4074
33964884,33966144,1698579660,0.4074,0.4074
33978630,33982019,1698579720,0.4074,0.4078
33982156,33982156,1698579780,0.4079,0.4078
33991889,33993170,1698579840,0.4078,0.4076
34000834,33989113,1698579900,0.4076,0.4077
33979039,33979039,1698579960,0.4076,0.4073
33978965,33983555,1698580020,0.4074,0.407
33983020,33983789,1698580080,0.407,0.4071
33984149,33987608,1698580140,0.4072,0.4072
33990627,33989300,1698580200,0.4073,0.4072
33983163,33998169,1698580260,0.4072,0.4076
33998784,34007726,1698580320,0.4076,0.4073
34009475,34009701,1698580380,0.4074,0.4076
34009452,34009452,1698580440,0.4076,0.4082
34017961,34016983,1698580500,0.4081,0.4077
34016429,34016845,1698580560,0.4078,0.4076
34016291,34016800,1698580620,0.4076,0.4074
34046207,34042808,1698580680,0.4074,0.4072
34022879,34023414,1698580740,0.4072,0.4076
34038707,34040137,1698580800,0.4076,0.4075
34037880,34038458,1698580860,0.4076,0.4074
34034070,34034845,1698580920,0.4075,0.4074
34034530,34033375,1698580980,0.4075,0.4077
34032841,34032841,1698581040,0.4076,0.4074
34033464,34031354,1698581100,0.4073,0.4079
34032134,34027858,1698581160,0.4079,0.4077
34026696,34024940,1698581220,0.4077,0.4079
34026032,34019348,1698581280,0.4079,0.4077
34008054,33997205,1698581340,0.4076,0.4077
33997398,33996753,1698581400,0.4078,0.4075
33998683,33998105,1698581460,0.4074,0.4074
34000976,34002663,1698581520,0.4072,0.407
33992825,33995691,1698581580,0.407,0.4067
33996726,34005966,1698581640,0.4067,0.4065
34001147,34014599,1698581700,0.4065,0.4071
34015841,34027451,1698581760,0.4071,0.4088
34048969,34048261,1698581820,0.4087,0.4091
34048067,34057407,1698581880,0.4091,0.4094
34056450,34070302,1698581940,0.4093,0.4091
34061190,34057874,1698582000,0.4091,0.4095
34064267,34077274,1698582060,0.4096,0.4093
34077432,34079649,1698582120,0.4093,0.4088
34078401,34078408,1698582180,0.4088,0.4089
34078660,34080066,1698582240,0.409,0.4088
34079859,34082104,1698582300,0.4088,0.4085
34078254,34078254,1698582360,0.4085,0.4092
34085096,34087177,1698582420,0.4092,0.4094
34085181,34073953,1698582480,0.4093,0.409
34073113,34071893,1698582540,0.409,0.4091
34073852,34073852,1698582600,0.409,0.4096
34072610,34089051,1698582660,0.4096,0.41
34116163,34089544,1698582720,0.4099,0.4096
34090579,34090567,1698582780,0.4096,0.4096
34097004,34098912,1698582840,0.4096,0.4097
34098912,34103240,1698582900,0.4097,0.4094
34121421,34124903,1698582960,0.4094,0.4096
34123034,34109763,1698583020,0.4096,0.4093
34111802,34111479,1698583080,0.4093,0.4089
34120274,34126619,1698583140,0.409,0.4096
34139355,34144414,1698583200,0.4096,0.4097
34162924,34183945,1698583260,0.4098,0.4103
34194190,34226044,1698583320,0.4102,0.4103
34222098,34223103,1698583380,0.4104,0.4105
34246225,34258204,1698583440,0.4106,0.4108
34263672,34319222,1698583500,0.4108,0.4123
34335395,34300084,1698583560,0.4123,0.4113
34298189,34297753,1698583620,0.4112,0.411
34354286,34345353,1698583680,0.4109,0.4104
34431049,34427464,1698583740,0.4104,0.4107
34421703,34478842,1698583800,0.4107,0.4111
34478939,34462562,1698583860,0.4111,0.4111
34541590,34541998,1698583920,0.411,0.4109
34544387,34536706,1698583980,0.4108,0.411
34537288,34588313,1698584040,0.411,0.411
34723165,34723165,1698584100,0.4109,0.4121
34716352,35155962,1698584160,0.4121,0.4136
35178571,35205965,1698584220,0.4137,0.4134
35191663,35348247,1698584280,0.4134,0.4129
35345520,35338919,1698584340,0.413,0.4131
35344821,35406787,1698584400,0.4132,0.4138
35513645,35543455,1698584460,0.4139,0.4147
35557447,35561053,1698584520,0.4146,0.4138
35571253,35563062,1698584580,0.4138,0.413
35544589,35388505,1698584640,0.413,0.4115
35376397,35376227,1698584700,0.4115,0.4131
35496952,35497417,1698584760,0.4131,0.4127
35499638,35498980,1698584820,0.4126,0.4138
35486461,35482860,1698584880,0.4137,0.4122
35382667,35388249,1698584940,0.4123,0.4128
35395389,35394444,1698585000,0.4128,0.4123
35549479,35537511,1698585060,0.4122,0.4115
35535612,35608452,1698585120,0.4116,0.4118
35600591,35605604,1698585180,0.4118,0.4113
35645618,35651191,1698585240,0.4114,0.4118
35658966,35738455,1698585300,0.4119,0.4116
35816274,35830839,1698585360,0.4116,0.412
35825372,35828911,1698585420,0.412,0.412
35834655,35831538,1698585480,0.412,0.412
35820790,35820790,1698585540,0.4121,0.4132
35826042,35828433,1698585600,0.4133,0.4133
35810508,35795025,1698585660,0.4133,0.4133
35792472,35782602,1698585720,0.4133,0.413
35781799,35777049,1698585780,0.413,0.4134
35788094,35784867,1698585840,0.4134,0.413
35785196,35785576,1698585900,0.4131,0.4127
35800670,35759515,1698585960,0.4126,0.4129
35866714,35857589,1698586020,0.413,0.4122
35841770,35839217,1698586080,0.4123,0.413
35918354,35910217,1698586140,0.413,0.4132
35904307,35906661,1698586200,0.4131,0.412
36011997,36001600,1698586260,0.4121,0.4132
36008041,36011116,1698586320,0.4132,0.4133
36009509,36008516,1698586380,0.4133,0.4132
36012415,36012129,1698586440,0.4132,0.4128
36010663,36098368,1698586500,0.4128,0.4131
36104458,36108113,1698586560,0.4132,0.413
36112898,36109488,1698586620,0.4129,0.4118
36074230,36062348,1698586680,0.4117,0.4115
36054951,36069455,1698586740,0.4116,0.4115
36092823,36092823,1698586800,0.4115,0.4117
36073488,36106359,1698586860,0.4117,0.4121
36105557,36094243,1698586920,0.4121,0.4117
36095004,36176782,1698586980,0.4116,0.4113
36220206,36325484,1698587040,0.4113,0.4122
36335558,36415647,1698587100,0.4121,0.4118
36425169,36462247,1698587160,0.4118,0.4134
36483374,36506786,1698587220,0.4135,0.4137
36506637,36509886,1698587280,0.4137,0.4134
36513101,36519769,1698587340,0.4136,0.4132
36510205,36509984,1698587400,0.4132,0.4131
36509268,36503762,1698587460,0.413,0.4121
36506365,36506237,1698587520,0.412,0.4116
36493260,36491627,1698587580,0.4116,0.4119
36491826,36487515,1698587640,0.4118,0.4138
36507128,36491759,1698587700,0.4138,0.419
36468620,36398691,1698587760,0.4192,0.4177
36356293,36599531,1698587820,0.4178,0.4206
36598327,36577927,1698587880,0.4205,0.4203
38707380,40950707,1698587940,0.4204,0.4402
41424454,41651458,1698588000,0.4401,0.4365
41945847,41946287,1698588060,0.4366,0.4382
42167506,42167506,1698588120,0.4383,0.4365
42174114,42119777,1698588180,0.4364,0.4328
42137679,43050994,1698588240,0.4326,0.4376
43015904,43135966,1698588300,0.4376,0.4325
43040530,43002830,1698588360,0.4324,0.4323
43041731,43045988,1698588420,0.4324,0.4305
43004992,42984827,1698588480,0.4305,0.4278
42955266,42935339,1698588540,0.4278,0.4291
42937667,42986100,1698588600,0.429,0.4302
42875916,42848123,1698588660,0.4302,0.431
42854253,42916268,1698588720,0.431,0.4302
42928905,42967012,1698588780,0.4302,0.4303
42957935,42963966,1698588840,0.4303,0.4294
42970629,43018207,1698588900,0.4294,0.432
43030967,43037863,1698588960,0.4314,0.4291
43015056,43057125,1698589020,0.4292,0.4317
43086663,43127198,1698589080,0.4317,0.4307
43119364,43180017,1698589140,0.4306,0.4313
43193772,43152242,1698589200,0.4313,0.4307
43180028,43178404,1698589260,0.4308,0.4383
44312222,44278774,1698589320,0.4384,0.4359
44260103,44296776,1698589380,0.436,0.4361
44253191,44282319,1698589440,0.4362,0.4352
44238666,44159446,1698589500,0.4352,0.4345
44148617,44148010,1698589560,0.4345,0.4324
44156626,44155201,1698589620,0.4325,0.4333
44181685,44193106,1698589680,0.4333,0.4328
44184731,44186303,1698589740,0.4328,0.434
44202954,44228262,1698589800,0.4339,0.4334
44216430,44207767,1698589860,0.4334,0.434
44195478,44226160,1698589920,0.434,0.4336
44239701,44261687,1698589980,0.4336,0.4336
44262682,44282282,1698590040,0.4335,0.4343
44277038,44291955,1698590100,0.4342,0.4347
44377021,44391951,1698590160,0.4345,0.4342
44402088,44405606,1698590220,0.4343,0.4344
44405194,44407319,1698590280,0.4343,0.434
44417897,44442099,1698590340,0.4341,0.4342
44434824,44432582,1698590400,0.4343,0.4347
45302375,45216075,1698590460,0.4348,0.4405
45209220,45172991,1698590520,0.4406,0.4395
45206701,45199398,1698590580,0.4395,0.4406
45180072,45188378,1698590640,0.4405,0.4393
45173056,45259736,1698590700,0.4393,0.4411
45247686,45261655,1698590760,0.441,0.4412
45284974,45348662,1698590820,0.4413,0.4438
45323904,45361369,1698590880,0.4438,0.4434
45361983,46202471,1698590940,0.4433,0.4471
46146376,46233393,1698591000,0.4472,0.4471
46239370,46242448,1698591060,0.4469,0.4453
46192738,46192738,1698591120,0.4453,0.4449
46208106,46208502,1698591180,0.4449,0.4429
46115633,46088114,1698591240,0.4429,0.4417
46054955,46053066,1698591300,0.4418,0.4413
46116017,46121078,1698591360,0.4412,0.4401
46096249,45946972,1698591420,0.4401,0.4397
45951134,45926964,1698591480,0.4397,0.4396
45917260,45874795,1698591540,0.4396,0.4399
45854147,45869538,1698591600,0.4398,0.4402
45876258,45893874,1698591660,0.4403,0.4401
45902328,45919385,1698591720,0.44,0.4404
45943036,46000042,1698591780,0.4404,0.4397
45951453,45958515,1698591840,0.4397,0.4399
45974511,46003466,1698591900,0.4399,0.4403
46018711,46009741,1698591960,0.4403,0.4401
46014023,46039007,1698592020,0.44,0.4396
46140885,46148429,1698592080,0.4396,0.4397
46537632,46477689,1698592140,0.4397,0.4363
46452713,46495133,1698592200,0.4362,0.4374
46485208,46468799,1698592260,0.4374,0.4392
46458688,46460372,1698592320,0.4392,0.4404
46460599,46523393,1698592380,0.4404,0.4419
46516971,46532660,1698592440,0.4419,0.4405
46525558,46541594,1698592500,0.4405,0.4386
46551915,46545893,1698592560,0.4387,0.4404
46468969,46470301,1698592620,0.4403,0.4411
46472362,46478622,1698592680,0.4411,0.441
46514550,46514550,1698592740,0.441,0.4411
46521459,46496968,1698592800,0.4411,0.4405
46542066,46644995,1698592860,0.4406,0.4396
46612497,46600001,1698592920,0.4397,0.4421
46596489,46599861,1698592980,0.4421,0.4453
46536523,46562838,1698593040,0.4452,0.4431
46596301,46594273,1698593100,0.4432,0.4412
46589403,46614623,1698593160,0.4412,0.4425
46597017,46603248,1698593220,0.4425,0.4414
46595555,46595383,1698593280,0.4413,0.4405
46605484,46604204,1698593340,0.4404,0.441
46591414,46561746,1698593400,0.4411,0.4403
46567571,46596703,1698593460,0.4402,0.4402
46571613,46569887,1698593520,0.4402,0.439
46539734,46562495,1698593580,0.4391,0.4381
46568236,46563284,1698593640,0.438,0.4387
46594810,46582813,1698593700,0.4387,0.4387
46582342,46521288,1698593760,0.4387,0.438
46492393,46495994,1698593820,0.438,0.4384
46492998,46501241,1698593880,0.4384,0.4367
46493512,46536693,1698593940,0.4367,0.4372
46531382,46539692,1698594000,0.4372,0.4372
46532014,46534620,1698594060,0.4372,0.4372
46522691,46538012,1698594120,0.4373,0.4368
46549758,46560287,1698594180,0.4368,0.4371
46569039,46587036,1698594240,0.4371,0.4372
46586203,46607842,1698594300,0.4371,0.4369
46606629,46614012,1698594360,0.4369,0.4369
46623718,46623718,1698594420,0.437,0.4367
46633391,46631501,1698594480,0.4366,0.4355
46586976,46595053,1698594540,0.4355,0.4357
46594037,46588935,1698594600,0.4357,0.4363
46602655,46595443,1698594660,0.4363,0.4368
46603536,46583417,1698594720,0.4368,0.4362
46588426,46595983,1698594780,0.4362,0.4345
46603390,46631232,1698594840,0.4346,0.4351
46613144,46627830,1698594900,0.435,0.435
46629791,46628491,1698594960,0.4351,0.4349
46621554,46640019,1698595020,0.435,0.4351
46640144,46678238,1698595080,0.4351,0.4355
46682545,46697392,1698595140,0.4356,0.435
46688879,46681671,1698595200,0.435,0.436
46662895,46668318,1698595260,0.436,0.4355
46675128,46683293,1698595320,0.4354,0.4339
46682709,46692165,1698595380,0.4338,0.4339
46680165,46680944,1698595440,0.4339,0.4352
46673491,46679922,1698595500,0.4351,0.434
46671092,46664367,1698595560,0.434,0.4341
46659012,46653993,1698595620,0.4342,0.4343
46638905,46653825,1698595680,0.4343,0.4328
46631385,46617724,1698595740,0.4328,0.4336
46610649,46640019,1698595800,0.4337,0.4347
46642198,46660204,1698595860,0.4348,0.4361
46723189,46723189,1698595920,0.4361,0.4359
46721110,46722674,1698595980,0.4359,0.4363
46691098,46678096,1698596040,0.4364,0.435
46663042,46630442,1698596100,0.4351,0.4356
46622783,46607469,1698596160,0.4357,0.4357
46602312,46589727,1698596220,0.4357,0.4361
46591703,46554509,1698596280,0.4361,0.4373
46539822,46521497,1698596340,0.4374,0.4361
46518414,46491200,1698596400,0.4361,0.4349
46491052,46452661,1698596460,0.435,0.4343
46451335,46456303,1698596520,0.4344,0.435
46451642,46439721,1698596580,0.4351,0.4352
46434496,46438158,1698596640,0.4353,0.4353
46455897,46472170,1698596700,0.4354,0.4363
46476539,46486256,1698596760,0.4364,0.4361
46479933,46477060,1698596820,0.4361,0.4357
46474333,46472111,1698596880,0.4357,0.436
46475335,46469943,1698596940,0.436,0.4367
46459835,46467717,1698597000,0.4368,0.4363
46467074,46469006,1698597060,0.4363,0.4366
46482542,46489022,1698597120,0.4367,0.4368
46494746,46499915,1698597180,0.4368,0.4375
46505042,46494227,1698597240,0.4376,0.4371
46494343,46489004,1698597300,0.437,0.4357
46488905,46489468,1698597360,0.4358,0.4359
46455255,46456573,1698597420,0.4358,0.4361
46446390,46445076,1698597480,0.4362,0.4366
46465850,46485872,1698597540,0.4365,0.4374
46489705,46489654,1698597600,0.4373,0.4362
46487951,46486596,1698597660,0.436,0.4356
46491470,46494994,1698597720,0.4356,0.4356
46488812,46499511,1698597780,0.4356,0.4353
46495296,46508166,1698597840,0.4353,0.4361
46507854,46525083,1698597900,0.4361,0.4361
46521272,46490109,1698597960,0.4361,0.4351
46486971,46486253,1698598020,0.435,0.4355
46477873,46491408,1698598080,0.4354,0.4351
46487382,46483820,1698598140,0.4352,0.4353
46493154,46493131,1698598200,0.4353,0.4353
46495099,46496876,1698598260,0.4353,0.4357
46492783,46490118,1698598320,0.4356,0.4347
46481282,46485487,1698598380,0.4348,0.4348
46527393,46522286,1698598440,0.4349,0.4351
46518761,46524644,1698598500,0.4351,0.4351
46541450,46550368,1698598560,0.4351,0.435
46559073,46557107,1698598620,0.435,0.4347
46565267,46565731,1698598680,0.4348,0.4347
46559189,46565886,1698598740,0.4347,0.4351
46574932,46571021,1698598800,0.4351,0.434
46570956,46572978,1698598860,0.4339,0.4341
46563330,46506452,1698598920,0.434,0.4331
46514678,46516503,1698598980,0.433,0.4332
46507960,46521487,1698599040,0.4331,0.4334
46546596,46546596,1698599100,0.4335,0.4338
46553503,46557255,1698599160,0.4338,0.4339
46558882,46560164,1698599220,0.4339,0.4337
46568189,46568785,1698599280,0.4337,0.4335
46589113,46589634,1698599340,0.4335,0.4344
46578485,46576445,1698599400,0.4345,0.4341
46570809,46562459,1698599460,0.434,0.4342
46562481,46557286,1698599520,0.4342,0.4341
46556958,46549263,1698599580,0.4342,0.4338
46546871,46548218,1698599640,0.4338,0.4339
46556055,46561660,1698599700,0.4339,0.4338
46573771,46598235,1698599760,0.4339,0.4338
46599879,46590793,1698599820,0.4339,0.4342
46581078,46573428,1698599880,0.4342,0.4343
46572025,46571449,1698599940,0.4342,0.4348
46569236,46564710,1698600000,0.4347,0.4344
46553584,46544780,1698600060,0.4345,0.4347
46537890,46537310,1698600120,0.4347,0.4346
46539293,46536479,1698600180,0.4346,0.4348
46545586,46547440,1698600240,0.4349,0.435
46548396,46550408,1698600300,0.435,0.4349
46549886,46553535,1698600360,0.435,0.4352
46553097,46579981,1698600420,0.4352,0.4351
46579400,46585153,1698600480,0.4352,0.4355
46589232,46589232,1698600540,0.4354,0.4349
46588464,46585175,1698600600,0.435,0.4344
46583825,46574241,1698600660,0.4344,0.4345
46574537,46577279,1698600720,0.4345,0.434
46572352,46569473,1698600780,0.4341,0.4344
46556785,46559778,1698600840,0.4344,0.4342
46562314,46557558,1698600900,0.4342,0.4341
46560113,46566778,1698600960,0.4342,0.436
46574423,46567942,1698601020,0.436,0.436
46566237,46602304,1698601080,0.436,0.4361
46602007,46565108,1698601140,0.436,0.4357
46565174,46565801,1698601200,0.4358,0.4353
46566122,46556333,1698601260,0.4353,0.4355
46570527,46620545,1698601320,0.4354,0.4358
46619533,46623916,1698601380,0.4357,0.4356
46622867,46588359,1698601440,0.4356,0.4345
46571282,46554241,1698601500,0.4345,0.4347
46552478,46544207,1698601560,0.4346,0.4347
46542308,46537266,1698601620,0.4348,0.4342
46533268,46555435,1698601680,0.4342,0.4341
46527897,46435378,1698601740,0.434,0.4335
46433866,46437934,1698601800,0.4335,0.4338
46428251,46428251,1698601860,0.4338,0.4338
46427332,46474857,1698601920,0.434,0.4337
46460165,46451832,1698601980,0.4337,0.4337
46443454,46438101,1698602040,0.4338,0.4335
46431433,46431433,1698602100,0.4335,0.4335
46431306,46443722,1698602160,0.4334,0.4342
46399479,46398444,1698602220,0.4342,0.4341
46437431,46433411,1698602280,0.4341,0.4343
46422892,46392024,1698602340,0.4342,0.4346
46366754,46355345,1698602400,0.4346,0.4345
46359516,46349750,1698602460,0.4344,0.4355
46344291,46336547,1698602520,0.4355,0.4354
46335067,46333094,1698602580,0.4354,0.4357
46334285,46331887,1698602640,0.4357,0.4354
46363692,46360771,1698602700,0.4353,0.4369
46399574,46405681,1698602760,0.4369,0.4363
46445604,46443496,1698602820,0.4362,0.4364
46439122,46445235,1698602880,0.4364,0.4365
46446041,46462199,1698602940,0.4366,0.4363
46458403,46455261,1698603000,0.4362,0.4362
46459034,46450847,1698603060,0.4362,0.4361
46433704,46433355,1698603120,0.436,0.4353
46433361,46434740,1698603180,0.4353,0.4354
46433412,46436327,1698603240,0.4354,0.436
46452836,46451151,1698603300,0.436,0.4361
46449178,46447530,1698603360,0.436,0.4354
46446033,46449442,1698603420,0.4354,0.4347
46450377,46437828,1698603480,0.4347,0.4342
46451898,46449654,1698603540,0.4342,0.4341
46450392,46449230,1698603600,0.4341,0.4348
46439332,46441400,1698603660,0.4348,0.4345
46443373,46441380,1698603720,0.4344,0.4347
46438364,46434958,1698603780,0.4347,0.4348
46434464,46437014,1698603840,0.4348,0.435
46436374,46433262,1698603900,0.4349,0.4346
46433120,46425643,1698603960,0.4345,0.434
46423370,46446636,1698604020,0.434,0.4343
46445772,46446688,1698604080,0.4343,0.4341
46438199,46440265,1698604140,0.434,0.434
46441605,46429174,1698604200,0.4341,0.4345
46423368,46423988,1698604260,0.4345,0.434
46429002,46430441,1698604320,0.434,0.4339
46432977,46438382,1698604380,0.4339,0.4331
46462920,46465399,1698604440,0.4331,0.4334
46458246,46455525,1698604500,0.4333,0.4332
46455534,46452200,1698604560,0.4331,0.4326
46429393,46414287,1698604620,0.4325,0.4327
46432373,46432373,1698604680,0.4328,0.4329
46421258,46420482,1698604740,0.4329,0.4327
46425667,46427723,1698604800,0.4327,0.4322
46435100,46431717,1698604860,0.4322,0.4322
46435411,46445584,1698604920,0.4322,0.432
46449271,46450771,1698604980,0.4321,0.4319
46435637,46432177,1698605040,0.4318,0.4322
46431773,46427673,1698605100,0.4321,0.4328
46428016,46419659,1698605160,0.4329,0.4336
46416201,46425154,1698605220,0.4336,0.4335
46424327,46437214,1698605280,0.4335,0.4336
46442906,46441947,1698605340,0.4335,0.4333
46440683,46436159,1698605400,0.4333,0.4338
46408953,46399395,1698605460,0.4339,0.4347
46405091,46409345,1698605520,0.4346,0.4347
46413431,46422754,1698605580,0.4348,0.435
46410222,46417870,1698605640,0.4351,0.4343
46422010,46415076,1698605700,0.4344,0.4343
46412248,46425586,1698605760,0.4343,0.4347
46424527,46414279,1698605820,0.4346,0.4353
46420809,46407941,1698605880,0.4353,0.4347
46396942,46417871,1698605940,0.4347,0.4355
46411606,46398857,1698606000,0.4355,0.4353
46399571,46406415,1698606060,0.4352,0.4343
46399462,46401897,1698606120,0.4343,0.4341
46400130,46395184,1698606180,0.4342,0.4335
46403315,46396707,1698606240,0.4336,0.4336
46395151,46392217,1698606300,0.4338,0.434
46394631,46393276,1698606360,0.4341,0.4338
46397322,46401472,1698606420,0.4338,0.4333
46403233,46385404,1698606480,0.4333,0.4326
46379408,46371653,1698606540,0.4326,0.4328
46370572,46375774,1698606600,0.4328,0.4327
46373954,46381487,1698606660,0.4328,0.4323
46377622,46337085,1698606720,0.4324,0.4323
46323182,46322018,1698606780,0.4323,0.4326
46319162,46317928,1698606840,0.4326,0.4324
46320426,46299460,1698606900,0.4324,0.4319
46305813,46302764,1698606960,0.4319,0.4316
46304690,46296400,1698607020,0.4317,0.4313
46295375,46291399,1698607080,0.4314,0.4312
46296719,46304225,1698607140,0.4312,0.4317
46302860,46304183,1698607200,0.4316,0.431
46302728,46294035,1698607260,0.4311,0.4317
46280169,46278016,1698607320,0.4317,0.4314
46292597,46295892,1698607380,0.4314,0.4316
46292768,46295889,1698607440,0.4316,0.4316
46295789,46295789,1698607500,0.4316,0.4315
46300950,46307288,1698607560,0.4314,0.4314
46302009,46305540,1698607620,0.4315,0.4316
46311406,46310658,1698607680,0.4315,0.4312
46316236,46312035,1698607740,0.4312,0.4312
46316227,46352523,1698607800,0.4312,0.4321
46356309,46356309,1698607860,0.432,0.4327
46383141,46379681,1698607920,0.4328,0.4329
46383364,46389065,1698607980,0.433,0.4329
46393040,46400587,1698608040,0.433,0.4326
46402753,46400121,1698608100,0.4326,0.4329
46396917,46398636,1698608160,0.4329,0.4327
46397034,46394619,1698608220,0.4326,0.4329
46396452,46395761,1698608280,0.433,0.4329
46391331,46396501,1698608340,0.4329,0.4332
46398049,46402743,1698608400,0.4333,0.4328
46402953,46404087,1698608460,0.4328,0.4327
46402339,46406399,1698608520,0.4327,0.4332
46401788,46392829,1698608580,0.4331,0.4328
46391995,46394607,1698608640,0.4327,0.4324
46374538,46378755,1698608700,0.4324,0.4324
46388263,46385602,1698608760,0.4324,0.4317
46380149,46385083,1698608820,0.4317,0.4318
46387456,46392610,1698608880,0.4318,0.4315
46402699,46403902,1698608940,0.4316,0.4316
46402895,46407174,1698609000,0.4316,0.4316
46407344,46409863,1698609060,0.4316,0.4313
46410650,46410650,1698609120,0.4313,0.4313
46406816,46401244,1698609180,0.4313,0.4314
46397000,46398570,1698609240,0.4315,0.4316
46397370,46399944,1698609300,0.4317,0.4315
46409196,46403830,1698609360,0.4315,0.4321
46410574,46409257,1698609420,0.4321,0.4316
46409257,46409936,1698609480,0.4316,0.4315
46409771,46408981,1698609540,0.4314,0.4313
46396741,46393547,1698609600,0.4312,0.4318
46389814,46391346,1698609660,0.4319,0.4324
46394088,46394600,1698609720,0.4325,0.4324
46394106,46395412,1698609780,0.4323,0.4321
46391500,46391804,1698609840,0.4321,0.4319
46384599,46386600,1698609900,0.432,0.4315
46396996,46399519,1698609960,0.4315,0.432
46402538,46399785,1698610020,0.432,0.4318
46404801,46412354,1698610080,0.4318,0.4315
46422555,46425350,1698610140,0.4315,0.4314
46433372,46450600,1698610200,0.4314,0.4317
46449431,46450397,1698610260,0.4317,0.4316
46450447,46450975,1698610320,0.4316,0.4316
46451244,46452431,1698610380,0.4315,0.4313
46451014,46446639,1698610440,0.4313,0.4313
46445955,46446657,1698610500,0.4312,0.4311
46458003,46458958,1698610560,0.4311,0.4311
46463836,46463963,1698610620,0.4311,0.4312
46458252,46459644,1698610680,0.4312,0.4311
46460078,46460138,1698610740,0.4311,0.431
46460138,46460138,1698559080,0.3968,0.3967
46460138,46460138,1698559380,0.397,0.397
46460138,46460138,1698562680,0.3995,0.3994
46460138,46460138,1698610800,0.4311,0.4313
