"OI_open","OI_close","timestamp","price_open","price_close"
134260757,134260757,1698091560,0.1124,0.1126
134379102,134328196,1698091620,0.1127,0.1125
134265369,134150266,1698091680,0.1124,0.1125
134128848,134124862,1698091740,0.1126,0.1125
134163495,134117354,1698091800,0.1125,0.1125
134113958,133991869,1698091860,0.1125,0.1126
134002889,134016258,1698091920,0.1125,0.1126
134024046,133995499,1698091980,0.1125,0.1124
133805256,133776210,1698092040,0.1125,0.1125
133756592,133852969,1698092100,0.1125,0.1125
133862048,133942565,1698092160,0.1125,0.1126
133871955,133831350,1698092220,0.1127,0.1127
133793670,133825380,1698092280,0.1127,0.1127
133738030,133682298,1698092340,0.1128,0.1129
133743087,133743087,1698092400,0.1129,0.1129
133772224,133828324,1698092460,0.113,0.1127
133820878,133837533,1698092520,0.1127,0.1128
133816673,133794505,1698092580,0.1129,0.1129
133775869,133689708,1698092640,0.113,0.1129
133666399,133691352,1698092700,0.1129,0.1129
133699417,133777854,1698092760,0.1129,0.1128
133762843,133762843,1698092820,0.1128,0.1126
133672742,133687053,1698092880,0.1126,0.1125
133683185,133590127,1698092940,0.1125,0.1124
133514697,133499928,1698093000,0.1124,0.1126
133515821,133520969,1698093060,0.1127,0.1127
133538686,133477525,1698093120,0.1127,0.1126
133479606,133460531,1698093180,0.1126,0.1127
133438579,133421081,1698093240,0.1128,0.1127
133384797,133407245,1698093300,0.1128,0.1128
133456399,133370997,1698093360,0.1128,0.1128
133372375,133480377,1698093420,0.1129,0.113
133401469,133353138,1698093480,0.113,0.113
133351219,133413148,1698093540,0.113,0.1129
133548805,133560718,1698093600,0.1129,0.113
133603276,133587108,1698093660,0.1131,0.1131
133615697,133573205,1698093720,0.1131,0.113
133658014,133571454,1698093780,0.1131,0.1127
133564221,133564484,1698093840,0.1127,0.1128
133682867,133682867,1698093900,0.1128,0.1128
133664564,133726785,1698093960,0.1128,0.1127
133748800,133748800,1698094020,0.1128,0.1128
133780388,133755022,1698094080,0.1129,0.1127
133777403,133711811,1698094140,0.1127,0.1126
133708514,133708514,1698094200,0.1125,0.1125
133605535,133361076,1698094260,0.1125,0.1123
133369521,133395273,1698094320,0.1123,0.1122
133431981,133400850,1698094380,0.1122,0.112
133480777,133386225,1698094440,0.1121,0.112
133431879,133341693,1698094500,0.112,0.1123
133337016,133330799,1698094560,0.1123,0.1123
133359693,133384162,1698094620,0.1123,0.1121
133379388,133373426,1698094680,0.1121,0.112
133334200,133301275,1698094740,0.112,0.1122
133194143,133186908,1698094800,0.1122,0.1123
133331790,133388540,1698094860,0.1123,0.1126
133426109,133213748,1698094920,0.1126,0.1128
133221511,133334638,1698094980,0.1127,0.1128
133324147,133223859,1698095040,0.1129,0.1128
133228837,133228837,1698095100,0.1127,0.1127
133108403,133032347,1698095160,0.1127,0.1126
133028782,133028782,1698095220,0.1126,0.1125
133041492,133048778,1698095280,0.1125,0.1124
133047000,133047000,1698095340,0.1123,0.1122
133031796,133023422,1698095400,0.1122,0.1122
133074747,133024913,1698095460,0.1121,0.1121
133012606,133024110,1698095520,0.1121,0.1121
132953587,132918441,1698095580,0.1121,0.1119
132915445,132883804,1698095640,0.1119,0.1121
132894962,132940370,1698095700,0.1122,0.1119
131861426,132002520,1698095760,0.1119,0.1118
132022497,132017716,1698095820,0.1117,0.112
131968633,131957678,1698095880,0.1119,0.1121
131971879,131964813,1698095940,0.1121,0.1122
131960753,131971592,1698096000,0.1122,0.1122
131893401,131987835,1698096060,0.1122,0.1121
131914557,131914557,1698096120,0.1122,0.1122
131915085,131929032,1698096180,0.1121,0.1122
131940293,131952145,1698096240,0.1122,0.1124
131956599,132003695,1698096300,0.1124,0.1123
132010813,131996711,1698096360,0.1123,0.1123
131958519,131789849,1698096420,0.1124,0.1123
131793173,131777410,1698096480,0.1124,0.1124
131652543,131647276,1698096540,0.1124,0.1125
131635281,131636773,1698096600,0.1124,0.1125
131636773,131638482,1698096660,0.1124,0.1124
131641914,131676155,1698096720,0.1124,0.1124
131672649,131682277,1698096780,0.1123,0.1124
131689175,131689175,1698096840,0.1124,0.1125
131726425,131725019,1698096900,0.1125,0.1128
131867525,131881810,1698096960,0.1127,0.1129
131898575,131923901,1698097020,0.1129,0.1129
132023060,131997723,1698097080,0.1129,0.1129
132001937,132013456,1698097140,0.1129,0.113
132151204,132144087,1698097200,0.1131,0.1128
132301235,132303931,1698097260,0.1128,0.1128
132303931,132245547,1698097320,0.1127,0.1127
132245345,132196756,1698097380,0.1128,0.1127
132277773,132471208,1698097440,0.1128,0.1129
132485510,132479725,1698097500,0.1128,0.1129
132478273,132577170,1698097560,0.113,0.113
132552599,132557585,1698097620,0.1129,0.1127
132564992,132530633,1698097680,0.1128,0.1128
132530710,132542655,1698097740,0.1129,0.1129
132542752,132480189,1698097800,0.1128,0.1129
132481479,132482935,1698097860,0.1129,0.1129
132444547,132475490,1698097920,0.1129,0.1129
132494138,132494187,1698097980,0.1129,0.113
132494342,132494342,1698098040,0.113,0.113
132494727,132477240,1698098100,0.113,0.1131
132464911,132484281,1698098160,0.113,0.113
132529523,132525345,1698098220,0.113,0.1129
132558912,132558912,1698098280,0.1129,0.113
132561591,132561153,1698098340,0.113,0.1129
132557685,132497158,1698098400,0.113,0.1129
132507043,132506864,1698098460,0.1129,0.1129
132674389,132670255,1698098520,0.1128,0.1128
132675002,132622245,1698098580,0.1128,0.1128
132597564,132581548,1698098640,0.1129,0.1129
132568913,132570248,1698098700,0.1129,0.1129
132557480,132638527,1698098760,0.1128,0.113
132529767,132497570,1698098820,0.1131,0.1132
132414657,132344776,1698098880,0.1131,0.1134
132188387,132191819,1698098940,0.1134,0.1133
131922298,131953281,1698099000,0.1133,0.1136
131993415,132018208,1698099060,0.1135,0.1137
131969481,131810551,1698099120,0.1136,0.1138
131700683,131658963,1698099180,0.1139,0.1137
131653040,131659388,1698099240,0.1136,0.1138
131742337,131735490,1698099300,0.1137,0.1137
131825722,131785352,1698099360,0.1137,0.1136
131712730,131712730,1698099420,0.1136,0.1137
131684613,131705426,1698099480,0.1136,0.1135
131740690,131636364,1698099540,0.1136,0.1135
131580771,131643333,1698099600,0.1135,0.1135
131644731,131707618,1698099660,0.1134,0.1132
131618601,131710175,1698099720,0.1133,0.1134
131421979,131421979,1698099780,0.1134,0.1132
131341647,131312843,1698099840,0.1132,0.1133
131247733,131287151,1698099900,0.1134,0.1133
131311271,131299017,1698099960,0.1134,0.1136
131375360,131394880,1698100020,0.1136,0.1136
131393502,131422626,1698100080,0.1136,0.1138
131317677,131237873,1698100140,0.1138,0.1139
131298430,131160943,1698100200,0.1139,0.1135
131508494,131517898,1698100260,0.1135,0.1138
131591487,131599231,1698100320,0.1138,0.1138
131549053,131583706,1698100380,0.1137,0.1136
131774815,131782621,1698100440,0.1136,0.1137
131871557,131870101,1698100500,0.1138,0.1139
131805974,131812416,1698100560,0.114,0.1142
131823468,131866979,1698100620,0.1141,0.1141
131918750,131974408,1698100680,0.1142,0.1144
132015996,132015996,1698100740,0.1144,0.1146
131946837,131939314,1698100800,0.1146,0.1148
131752575,131535718,1698100860,0.1148,0.1163
131782175,131567160,1698100920,0.1162,0.1167
130926195,130241001,1698100980,0.1165,0.1168
130213271,130257736,1698101040,0.1168,0.1158
130017199,130418153,1698101100,0.1159,0.1154
130120714,130092956,1698101160,0.1154,0.1151
129931627,129953715,1698101220,0.1151,0.1149
130172827,129929735,1698101280,0.1148,0.1156
130114251,130058015,1698101340,0.1156,0.1161
130053643,130190301,1698101400,0.116,0.1156
130089099,130199661,1698101460,0.1156,0.1161
130170811,130204939,1698101520,0.1161,0.1161
130191222,130638368,1698101580,0.1161,0.1162
130783017,130711803,1698101640,0.1161,0.1158
130870142,130874645,1698101700,0.1158,0.1164
130835767,130853714,1698101760,0.1163,0.1164
131700594,131719071,1698101820,0.1164,0.1163
131656560,131589433,1698101880,0.1163,0.1165
131576754,131663122,1698101940,0.1166,0.1166
132047100,133102845,1698102000,0.1167,0.1174
133450679,133445966,1698102060,0.1175,0.1168
133329449,132396388,1698102120,0.1168,0.1164
132285434,132285434,1698102180,0.1164,0.1162
132411965,132376710,1698102240,0.1162,0.1164
132299305,132334589,1698102300,0.1164,0.1163
132395443,132451339,1698102360,0.1163,0.1162
132440983,132352180,1698102420,0.1163,0.1162
132474652,132530913,1698102480,0.1162,0.1161
132558207,132576909,1698102540,0.1161,0.116
132479404,132266014,1698102600,0.116,0.1151
132455215,132606329,1698102660,0.1151,0.1151
132862460,132931630,1698102720,0.1151,0.1152
133306311,133392807,1698102780,0.1153,0.1154
133310861,133300292,1698102840,0.1154,0.1154
133309011,133423670,1698102900,0.1154,0.1155
133368038,133252098,1698102960,0.1156,0.116
133451206,133434018,1698103020,0.116,0.1161
133455453,133372387,1698103080,0.116,0.1161
133402796,133505784,1698103140,0.1161,0.1162
133445121,133449356,1698103200,0.1163,0.116
133270947,133270947,1698103260,0.116,0.116
133166440,133101143,1698103320,0.116,0.1161
133067982,133152123,1698103380,0.1161,0.1164
133100370,133070716,1698103440,0.1163,0.1161
133458548,133430445,1698103500,0.116,0.116
133458369,133057940,1698103560,0.116,0.1161
133084339,133084339,1698103620,0.1161,0.1159
132966926,132966617,1698103680,0.1159,0.116
132987376,132899746,1698103740,0.116,0.1162
132832672,132792318,1698103800,0.1162,0.1163
132822833,132839806,1698103860,0.1163,0.1164
132847443,132925503,1698103920,0.1164,0.1166
133104548,133145829,1698103980,0.1165,0.1167
132982661,132962375,1698104040,0.1167,0.1166
133047040,132924475,1698104100,0.1165,0.1161
132872597,132859660,1698104160,0.116,0.1164
132917273,133039993,1698104220,0.1164,0.1162
133061099,133041502,1698104280,0.1162,0.1162
133014762,132798147,1698104340,0.1162,0.116
132739201,132673742,1698104400,0.1159,0.116
132765169,132757823,1698104460,0.1161,0.1161
132524205,132470468,1698104520,0.1161,0.1161
132505852,132505852,1698104580,0.1162,0.1158
132642264,132933524,1698104640,0.1159,0.1158
132931061,132876172,1698104700,0.1159,0.116
132901193,132901193,1698104760,0.1161,0.1159
132863093,132924737,1698104820,0.1158,0.1163
133354276,133436867,1698104880,0.1163,0.1164
133442403,133463165,1698104940,0.1165,0.1165
133491940,133478964,1698105000,0.1165,0.1162
133398072,133368765,1698105060,0.1163,0.1162
133178323,133168726,1698105120,0.1164,0.1164
133203193,133176770,1698105180,0.1164,0.1164
133185019,133142120,1698105240,0.1164,0.1163
133044816,133060127,1698105300,0.1163,0.1165
133041799,133102001,1698105360,0.1164,0.1165
133108687,133117045,1698105420,0.1165,0.1167
133139924,133160565,1698105480,0.1167,0.1169
133117547,133109911,1698105540,0.1169,0.117
133232184,133123845,1698105600,0.117,0.1173
133153717,133184275,1698105660,0.1172,0.1173
133112530,133061260,1698105720,0.1174,0.1172
132813445,132805532,1698105780,0.1172,0.1178
132871684,132972281,1698105840,0.1178,0.1173
132958390,133072646,1698105900,0.1173,0.1168
133062546,133062546,1698105960,0.1168,0.1165
132995066,132854154,1698106020,0.1166,0.1166
132798713,132851210,1698106080,0.1165,0.1164
132626862,132615687,1698106140,0.1164,0.1162
132645338,132631664,1698106200,0.1161,0.1161
132601668,132356065,1698106260,0.116,0.1165
132395194,132541618,1698106320,0.1165,0.117
134325279,134356966,1698106380,0.117,0.1171
134334536,134275689,1698106440,0.1171,0.117
134206531,134213739,1698106500,0.1169,0.1171
134079969,134066124,1698106560,0.117,0.117
134042300,134220156,1698106620,0.117,0.1172
134135704,134149919,1698106680,0.1172,0.1169
134154798,134113112,1698106740,0.1169,0.1173
134121227,134042245,1698106800,0.1174,0.1175
134007848,133855328,1698106860,0.1175,0.1178
133893648,133960156,1698106920,0.1178,0.118
134126692,134266328,1698106980,0.118,0.118
134843254,134762873,1698107040,0.1179,0.1181
134950811,134817446,1698107100,0.1181,0.118
134837798,134837798,1698107160,0.1179,0.1181
134621338,134683984,1698107220,0.1181,0.1182
134755512,134755512,1698107280,0.1181,0.118
134770561,134585142,1698107340,0.118,0.1184
134434034,134424727,1698107400,0.1184,0.1182
134527217,134571001,1698107460,0.1182,0.1188
134344460,134229392,1698107520,0.1188,0.1189
134028096,133978531,1698107580,0.119,0.1192
133888311,133972031,1698107640,0.1192,0.1193
134393756,135396656,1698107700,0.1194,0.1196
135465189,135542026,1698107760,0.1197,0.1197
135866146,136306424,1698107820,0.1197,0.1194
137176341,137456166,1698107880,0.1194,0.1197
137458297,137119547,1698107940,0.1197,0.1193
136927470,136974258,1698108000,0.1192,0.1199
136173961,136052776,1698108060,0.1199,0.1202
136228153,136866941,1698108120,0.1202,0.1206
137172185,136911751,1698108180,0.1207,0.1203
137066122,136431545,1698108240,0.1203,0.1205
136457269,136328423,1698108300,0.1206,0.1203
136172846,136273924,1698108360,0.1203,0.1207
136185917,136429851,1698108420,0.1208,0.121
136654888,136712061,1698108480,0.121,0.1211
137016570,136853550,1698108540,0.1212,0.1216
136930868,136930868,1698108600,0.1216,0.1214
136924291,136724343,1698108660,0.1215,0.1215
136469577,136675372,1698108720,0.1216,0.1215
136647165,136507447,1698108780,0.1214,0.1223
136804907,136941054,1698108840,0.1223,0.1225
137169669,137628151,1698108900,0.1226,0.1231
137610546,137670459,1698108960,0.1231,0.1233
137500619,137254133,1698109020,0.1233,0.1222
137254679,137464836,1698109080,0.1223,0.1227
137265617,137294982,1698109140,0.1227,0.1226
137410078,137136968,1698109200,0.1226,0.1217
136861420,134788679,1698109260,0.1218,0.1213
135006729,135156147,1698109320,0.1212,0.1212
135011022,134946195,1698109380,0.1213,0.1219
134612648,134527312,1698109440,0.122,0.1223
135295209,135400918,1698109500,0.1223,0.1225
135373376,135775772,1698109560,0.1225,0.1225
135911503,135891178,1698109620,0.1225,0.1231
135547669,135537050,1698109680,0.1231,0.1232
135531906,135531906,1698109740,0.1232,0.123
135081474,135721305,1698109800,0.1229,0.1238
136356814,137332643,1698109860,0.1237,0.1243
138244398,137999429,1698109920,0.1242,0.1237
138036048,138807901,1698109980,0.1237,0.123
138626429,144330027,1698110040,0.123,0.1238
144893331,145618141,1698110100,0.1238,0.1238
146028175,146644774,1698110160,0.1238,0.1248
146744040,147105325,1698110220,0.1247,0.1248
147504362,147919768,1698110280,0.1249,0.1262
146586399,146006715,1698110340,0.1262,0.1264
145156742,145323845,1698110400,0.1264,0.1267
145088208,145186600,1698110460,0.1267,0.1263
144897212,144882098,1698110520,0.1263,0.1259
144371838,144265722,1698110580,0.1259,0.1258
144093673,143743036,1698110640,0.1258,0.125
146330505,147104969,1698110700,0.125,0.1264
147604313,147424432,1698110760,0.1265,0.126
147250421,147467527,1698110820,0.126,0.1261
147522226,147529734,1698110880,0.1261,0.1257
147785728,147627740,1698110940,0.1258,0.1262
147675809,147667253,1698111000,0.1263,0.1253
148034324,148034324,1698111060,0.1253,0.1252
147835950,147042940,1698111120,0.1253,0.125
146883532,146883532,1698111180,0.1249,0.1246
146719615,146577717,1698111240,0.1246,0.1244
146578372,146525525,1698111300,0.1245,0.1236
144808079,144853764,1698111360,0.1235,0.1235
144267926,143876215,1698111420,0.1234,0.1233
143964172,144057099,1698111480,0.1233,0.1234
143763008,143790652,1698111540,0.1234,0.1231
143653438,143549607,1698111600,0.1231,0.1233
143786078,143746075,1698111660,0.1233,0.1236
143874048,143871323,1698111720,0.1237,0.1236
144051867,144053029,1698111780,0.1237,0.1236
144023997,144088189,1698111840,0.1237,0.1236
144367053,144218317,1698111900,0.1236,0.1238
143886888,144065889,1698111960,0.1239,0.1235
144057010,143986224,1698112020,0.1235,0.1235
143694460,143585547,1698112080,0.1235,0.1229
143502745,143539273,1698112140,0.123,0.1232
143381817,143403509,1698112200,0.1232,0.1227
143367938,143319942,1698112260,0.1227,0.123
143378310,143339300,1698112320,0.123,0.1231
143336808,143278055,1698112380,0.123,0.1231
143195594,143231403,1698112440,0.123,0.1231
143279085,143348776,1698112500,0.123,0.123
143373727,143373727,1698112560,0.1229,0.1227
143287059,143280234,1698112620,0.1227,0.1234
143223113,143207488,1698112680,0.1235,0.1236
143361570,143328271,1698112740,0.1236,0.124
143289156,143233617,1698112800,0.1239,0.1232
143579075,143616170,1698112860,0.1232,0.1234
143722723,143860898,1698112920,0.1233,0.1232
144036820,144170440,1698112980,0.1233,0.1235
144070722,144013689,1698113040,0.1235,0.1235
143700068,143588797,1698113100,0.1235,0.1228
143466275,143176868,1698113160,0.1227,0.1221
143274378,143266754,1698113220,0.1221,0.1224
143309421,143056607,1698113280,0.1224,0.1222
143244545,143129903,1698113340,0.1221,0.1219
143073174,142926191,1698113400,0.122,0.1219
142819559,142819559,1698113460,0.122,0.1222
142854552,142879502,1698113520,0.1221,0.1223
142883119,142893644,1698113580,0.1223,0.1223
142755120,142560381,1698113640,0.1222,0.1221
142592999,142618770,1698113700,0.1221,0.1225
142482489,142193790,1698113760,0.1225,0.1224
141812113,141713149,1698113820,0.1224,0.1232
141552120,141555953,1698113880,0.1232,0.1229
141529193,141440094,1698113940,0.1228,0.1227
141368809,141500271,1698114000,0.1228,0.1232
141169841,141215443,1698114060,0.1231,0.1236
141164000,141013076,1698114120,0.1236,0.1232
141154277,141180411,1698114180,0.1233,0.1232
140920155,140956369,1698114240,0.1232,0.1236
141077357,141370772,1698114300,0.1236,0.1237
141790573,141666127,1698114360,0.1237,0.1241
141691490,141841886,1698114420,0.124,0.1239
141752729,141642252,1698114480,0.1239,0.1236
141751466,141357242,1698114540,0.1235,0.1229
141791405,141791405,1698114600,0.1229,0.1227
141748543,141712919,1698114660,0.1228,0.1229
141719831,141777167,1698114720,0.1229,0.1228
141701897,141611326,1698114780,0.1227,0.1232
141909793,141881441,1698114840,0.1232,0.1235
141869882,141871815,1698114900,0.1235,0.1239
142691549,142894424,1698114960,0.1239,0.123
143019172,142938444,1698115020,0.123,0.123
142957935,142892980,1698115080,0.123,0.1232
142880309,142849964,1698115140,0.1233,0.1234
142787313,142815371,1698115200,0.1234,0.1236
142834452,142780071,1698115260,0.1236,0.1237
142816020,142796804,1698115320,0.1237,0.1238
142951578,143370633,1698115380,0.1238,0.1245
143676558,143574535,1698115440,0.1245,0.1247
143458538,143652518,1698115500,0.1246,0.125
143902532,143854449,1698115560,0.125,0.1254
143672769,143688882,1698115620,0.1254,0.1255
144140561,144157742,1698115680,0.1254,0.1256
144123960,144123960,1698115740,0.1256,0.1253
143991251,143915866,1698115800,0.1254,0.1251
143841941,143883809,1698115860,0.1251,0.1248
143729801,143868909,1698115920,0.1247,0.1247
143782080,144369079,1698115980,0.1247,0.1246
144341444,144068524,1698116040,0.1245,0.1245
144040434,144087856,1698116100,0.1245,0.1248
144249970,144310308,1698116160,0.1249,0.1248
144282406,144352280,1698116220,0.1247,0.1247
144332701,144348512,1698116280,0.1248,0.1245
144337714,144264730,1698116340,0.1245,0.1244
143953443,143710361,1698116400,0.1244,0.1241
143619683,143408927,1698116460,0.1242,0.124
143272573,143285239,1698116520,0.1239,0.1243
143236314,143256289,1698116580,0.1243,0.1244
143342880,143398994,1698116640,0.1243,0.1244
143426427,143368031,1698116700,0.1244,0.1247
143274540,143260211,1698116760,0.1247,0.1251
143224054,143282111,1698116820,0.1251,0.125
143298844,143298844,1698116880,0.125,0.1255
143292481,143149693,1698116940,0.1254,0.1249
143151853,143640740,1698117000,0.1249,0.1248
143623431,143623431,1698117060,0.1248,0.1251
143510869,143554100,1698117120,0.1251,0.1258
143522218,143646647,1698117180,0.1258,0.1258
143686999,143657134,1698117240,0.1259,0.1261
143850548,143938511,1698117300,0.1261,0.1255
143873018,143808123,1698117360,0.1254,0.1259
143807570,143913772,1698117420,0.1259,0.1257
144056432,144043826,1698117480,0.1258,0.1257
144051947,144146699,1698117540,0.1257,0.1255
143670142,143645893,1698117600,0.1255,0.1251
143545512,143478859,1698117660,0.1251,0.1252
143452817,143344129,1698117720,0.1252,0.1252
143341267,143343777,1698117780,0.1251,0.125
143436977,143024305,1698117840,0.1251,0.1247
143015524,143224850,1698117900,0.1247,0.1249
143251075,143267175,1698117960,0.125,0.125
143276874,143385420,1698118020,0.125,0.1249
143325193,143341973,1698118080,0.1249,0.1251
143365643,143348347,1698118140,0.125,0.1247
143340696,143247605,1698118200,0.1247,0.1249
143222370,143301830,1698118260,0.1249,0.1248
143357228,143264703,1698118320,0.1248,0.1243
143345317,143351711,1698118380,0.1243,0.1244
143258249,143096921,1698118440,0.1244,0.124
142968908,142934182,1698118500,0.124,0.1232
142456776,142502594,1698118560,0.1231,0.1236
142414744,142414744,1698118620,0.1236,0.1235
142349602,142346463,1698118680,0.1235,0.1233
142489470,142489470,1698118740,0.1233,0.1237
142484037,142562960,1698118800,0.1237,0.1234
142388659,142301922,1698118860,0.1234,0.1233
142301786,142232689,1698118920,0.1232,0.1233
142228296,142157107,1698118980,0.1232,0.123
142106233,142592670,1698119040,0.1231,0.1229
142527690,142589212,1698119100,0.123,0.1228
142021503,141782243,1698119160,0.1228,0.1229
141776230,141546401,1698119220,0.123,0.1223
141366107,141114929,1698119280,0.1223,0.123
141219345,141275520,1698119340,0.1229,0.1226
141177964,141120112,1698119400,0.1226,0.1225
141140540,141098218,1698119460,0.1225,0.1225
141068016,141032580,1698119520,0.1224,0.1221
140826636,140823024,1698119580,0.1221,0.1225
140768087,140719849,1698119640,0.1224,0.122
140766414,140360365,1698119700,0.1221,0.1224
140351419,140268762,1698119760,0.1223,0.122
140268621,140024817,1698119820,0.122,0.1217
139897330,139841438,1698119880,0.1218,0.1218
140556787,140337297,1698119940,0.1218,0.121
139361491,139361491,1698120000,0.1209,0.1221
139572057,139998504,1698120060,0.122,0.122
139882009,139873964,1698120120,0.122,0.1224
139866779,140071217,1698120180,0.1225,0.1225
140225561,140334410,1698120240,0.1225,0.1229
140226026,140215762,1698120300,0.1229,0.1232
140396151,140394114,1698120360,0.1232,0.1235
140374587,140454368,1698120420,0.1235,0.1236
140442256,140540509,1698120480,0.1237,0.1239
140677825,140641762,1698120540,0.1238,0.124
140608944,140658822,1698120600,0.124,0.1241
140661537,140784347,1698120660,0.124,0.1238
140561725,140482340,1698120720,0.1238,0.1237
140454628,140344484,1698120780,0.1236,0.1236
140213126,140201251,1698120840,0.1236,0.1234
140287509,140365387,1698120900,0.1234,0.1237
140450977,140560467,1698120960,0.1236,0.1237
140544146,140885901,1698121020,0.1237,0.1238
141169870,141433199,1698121080,0.1237,0.1238
141418077,141413881,1698121140,0.1239,0.1239
141556057,141351754,1698121200,0.1239,0.1239
141024671,141222988,1698121260,0.1238,0.1237
141278747,141278747,1698121320,0.1237,0.1239
141485739,141750228,1698121380,0.1239,0.124
141861643,142182730,1698121440,0.1241,0.1244
142272564,142392839,1698121500,0.1244,0.1247
142387671,142403687,1698121560,0.1246,0.1247
142420694,142471716,1698121620,0.1247,0.1247
142577950,142657545,1698121680,0.1248,0.1249
142707470,142773991,1698121740,0.125,0.1248
142862045,142834340,1698121800,0.1249,0.1249
142811156,142941959,1698121860,0.1249,0.1247
142842072,142856994,1698121920,0.1247,0.1247
142818993,142887910,1698121980,0.1248,0.1248
142916527,143116950,1698122040,0.1247,0.1254
144387817,144625710,1698122100,0.1254,0.1256
146296551,146563663,1698122160,0.1257,0.1252
147648078,147780746,1698122220,0.1251,0.1251
147923066,147764608,1698122280,0.1251,0.1246
147512038,147512038,1698122340,0.1245,0.1243
147631307,147605519,1698122400,0.1244,0.1245
147731762,147703527,1698122460,0.1246,0.1248
147856655,147961961,1698122520,0.1248,0.1252
149892717,150794336,1698122580,0.1252,0.126
150563852,150563852,1698122640,0.1261,0.1255
150339220,150637642,1698122700,0.1256,0.1256
150676674,150676674,1698122760,0.1256,0.1262
150815133,150914833,1698122820,0.1263,0.1268
152862580,155667471,1698122880,0.1268,0.128
156288609,158543960,1698122940,0.128,0.1288
158971820,159193191,1698123000,0.1287,0.1303
159938859,160609234,1698123060,0.1303,0.1311
160832790,161125340,1698123120,0.131,0.1327
162240956,162240289,1698123180,0.1327,0.1333
163463162,163905882,1698123240,0.1334,0.1342
164014481,163853910,1698123300,0.1342,0.1343
164096006,164180290,1698123360,0.1342,0.1342
164678951,164699311,1698123420,0.1342,0.1338
165312663,165069275,1698123480,0.1339,0.1345
166683848,165788093,1698123540,0.1344,0.1343
166221613,165889824,1698123600,0.1344,0.1336
166399507,167500716,1698123660,0.1337,0.1354
167932342,168008421,1698123720,0.1354,0.1352
167948404,167948404,1698123780,0.1352,0.1369
168531456,169396255,1698123840,0.1369,0.1378
169786787,169966837,1698123900,0.1379,0.1384
167344303,167795206,1698123960,0.1383,0.1374
165368968,166368267,1698124020,0.1373,0.1374
166859074,166173512,1698124080,0.1373,0.1368
166560356,166696116,1698124140,0.1368,0.1362
165819915,165841257,1698124200,0.1363,0.1365
165805727,165842045,1698124260,0.1364,0.1364
166123204,166008993,1698124320,0.1365,0.1349
164263534,165012893,1698124380,0.1349,0.1345
165818569,165613826,1698124440,0.1344,0.134
165285581,165218656,1698124500,0.134,0.1339
165117808,164769976,1698124560,0.1338,0.1329
164244703,163833658,1698124620,0.1329,0.1309
162238142,162565170,1698124680,0.131,0.1307
161901308,161954787,1698124740,0.1308,0.131
161892886,161676325,1698124800,0.1309,0.1314
161431519,161316338,1698124860,0.1314,0.1322
161136263,161183573,1698124920,0.1322,0.1316
161212350,161405320,1698124980,0.1316,0.1323
161686107,161811947,1698125040,0.1322,0.133
161736338,161736338,1698125100,0.133,0.1325
161511983,161515366,1698125160,0.1325,0.1327
161240283,161240283,1698125220,0.1328,0.1325
161181937,161128765,1698125280,0.1325,0.1324
161270785,160947403,1698125340,0.1324,0.1322
160856381,160843484,1698125400,0.1322,0.1319
160799286,160860360,1698125460,0.1319,0.132
160808448,160294633,1698125520,0.132,0.1315
160515076,160830877,1698125580,0.1315,0.1323
160750851,160475758,1698125640,0.1324,0.1332
161119150,161019830,1698125700,0.1332,0.1328
160968927,160971938,1698125760,0.1327,0.1328
160929922,160930858,1698125820,0.1328,0.1325
160978849,160948644,1698125880,0.1325,0.1323
160826196,160841624,1698125940,0.1324,0.1325
160903962,160832863,1698126000,0.1324,0.1325
160703914,160835618,1698126060,0.1324,0.133
160865763,160835938,1698126120,0.1329,0.1325
160648535,160882547,1698126180,0.1325,0.1326
160831589,160768286,1698126240,0.1326,0.1327
160800578,160617502,1698126300,0.1327,0.1323
160398524,160338253,1698126360,0.1323,0.1312
160141461,159379427,1698126420,0.1312,0.1307
159477250,159477250,1698126480,0.1308,0.1308
159944293,159405031,1698126540,0.1307,0.1294
158586650,158001339,1698126600,0.1294,0.1297
158207718,158838534,1698126660,0.1296,0.1307
158703334,158780983,1698126720,0.1306,0.1305
158782918,158965351,1698126780,0.1306,0.1306
159098210,159185691,1698126840,0.1305,0.1312
159087497,159066445,1698126900,0.1311,0.1313
159121109,158780982,1698126960,0.1312,0.1305
158309789,158353317,1698127020,0.1306,0.1304
158418217,158454190,1698127080,0.1303,0.1299
158416186,158452573,1698127140,0.1299,0.13
158650161,158425051,1698127200,0.1301,0.1295
158267668,158206177,1698127260,0.1296,0.13
158811537,159272690,1698127320,0.13,0.1303
159123890,159217115,1698127380,0.1303,0.1307
159187137,159226860,1698127440,0.1306,0.1302
159325453,159609554,1698127500,0.1302,0.1301
159796797,159767529,1698127560,0.1301,0.1301
159738434,159715024,1698127620,0.1301,0.13
159703548,159797440,1698127680,0.13,0.1301
159774981,159867197,1698127740,0.1301,0.1298
159735254,159716701,1698127800,0.1298,0.1298
159684399,159637381,1698127860,0.1297,0.1296
159635542,159865099,1698127920,0.1296,0.1295
159575315,159267079,1698127980,0.1294,0.129
159365107,159365107,1698128040,0.129,0.1292
159451901,159412020,1698128100,0.1292,0.1284
157829501,158067380,1698128160,0.1285,0.1275
159162469,158248467,1698128220,0.1274,0.127
158173412,158184290,1698128280,0.127,0.1273
158173044,157996200,1698128340,0.1273,0.1273
158065357,157876902,1698128400,0.1273,0.127
157822111,157761069,1698128460,0.1271,0.1269
157480267,157375434,1698128520,0.1269,0.1263
156852143,157115538,1698128580,0.1263,0.1268
156977712,156836544,1698128640,0.1267,0.1261
156922799,156773021,1698128700,0.126,0.1266
156737083,156752986,1698128760,0.1265,0.1252
157176945,156047731,1698128820,0.1251,0.1257
156167297,156219598,1698128880,0.1257,0.1255
155814286,155823998,1698128940,0.1255,0.1251
155810594,155765092,1698129000,0.1251,0.1247
155720566,156126505,1698129060,0.1246,0.1253
156084165,155937772,1698129120,0.1253,0.1251
155894884,155930664,1698129180,0.1252,0.1249
156016806,156452291,1698129240,0.1249,0.1245
156535936,156483879,1698129300,0.1244,0.1246
156595716,156575920,1698129360,0.1247,0.125
156482175,156822422,1698129420,0.125,0.1254
156894560,156841755,1698129480,0.1253,0.1258
156852863,157148442,1698129540,0.1258,0.1261
157215426,157698666,1698129600,0.1261,0.1266
157491275,157491641,1698129660,0.1266,0.1265
157496312,157609616,1698129720,0.1264,0.1261
156778104,156949330,1698129780,0.1261,0.1262
157002708,157140464,1698129840,0.1263,0.1266
157033846,156730626,1698129900,0.1266,0.127
156726159,156717649,1698129960,0.1271,0.1272
156732682,156752454,1698130020,0.1273,0.1274
156799090,156663231,1698130080,0.1274,0.1272
156772319,156607596,1698130140,0.1273,0.1271
157451926,157488376,1698130200,0.1272,0.1278
158700693,159362797,1698130260,0.1278,0.1284
159430250,159646346,1698130320,0.1285,0.1284
159793875,159739537,1698130380,0.1284,0.128
159755293,159867861,1698130440,0.1281,0.1276
159847789,160021137,1698130500,0.1276,0.1276
159932754,159847019,1698130560,0.1277,0.1276
159962042,159947223,1698130620,0.1276,0.1278
159960894,159646301,1698130680,0.1277,0.1272
159350874,159384794,1698130740,0.1272,0.1274
159475160,159544539,1698130800,0.1274,0.1275
159777607,159895496,1698130860,0.1275,0.1273
159906400,159977968,1698130920,0.1272,0.1274
160046736,159664739,1698130980,0.1273,0.127
159624583,159772291,1698131040,0.1271,0.1271
159702398,159741262,1698131100,0.127,0.1272
160488038,160866446,1698131160,0.1273,0.1285
161033620,160914351,1698131220,0.1285,0.1282
161113975,161595549,1698131280,0.1283,0.1294
161414222,161160570,1698131340,0.1293,0.1287
161163320,161436850,1698131400,0.1287,0.1287
161464838,161215891,1698131460,0.1287,0.1288
161266418,161571059,1698131520,0.1287,0.1287
161281291,161019406,1698131580,0.1287,0.1289
161278066,161149261,1698131640,0.1289,0.1285
161124585,161171931,1698131700,0.1285,0.1286
161206196,161367880,1698131760,0.1286,0.1289
161395672,161673046,1698131820,0.1289,0.1293
162060399,162038464,1698131880,0.1293,0.1291
161986899,162052328,1698131940,0.1291,0.1293
162100877,162132297,1698132000,0.1294,0.1293
162160036,162033606,1698132060,0.1293,0.1294
162021313,162017261,1698132120,0.1295,0.1292
161974965,161795559,1698132180,0.1291,0.1289
161693194,160768994,1698132240,0.1288,0.1281
160715560,160583609,1698132300,0.1282,0.1282
160521106,160471544,1698132360,0.1282,0.1281
160572670,160547360,1698132420,0.1282,0.1283
160654608,160628018,1698132480,0.1282,0.1283
160656275,160571727,1698132540,0.1284,0.128
160574048,160993791,1698132600,0.128,0.1281
161067422,161191528,1698132660,0.1282,0.1287
161300933,161311164,1698132720,0.1287,0.1286
161330155,161411800,1698132780,0.1285,0.129
162094835,162054917,1698132840,0.129,0.1293
162038075,162066133,1698132900,0.1292,0.1287
162824186,162548812,1698132960,0.1287,0.1285
162510611,162689705,1698133020,0.1286,0.1287
162672120,162573061,1698133080,0.1287,0.1286
162912039,163030409,1698133140,0.1287,0.1288
163059562,162994868,1698133200,0.1288,0.1293
162729372,162312636,1698133260,0.1292,0.1291
162374086,162194214,1698133320,0.1291,0.1287
162167474,162168790,1698133380,0.1287,0.1292
161777138,161762095,1698133440,0.1291,0.1296
161882322,161768853,1698133500,0.1296,0.1301
161814078,164154063,1698133560,0.1302,0.1312
164033497,164057703,1698133620,0.1312,0.131
164042869,165243665,1698133680,0.131,0.1309
165649221,165649221,1698133740,0.1309,0.1311
165763268,165977879,1698133800,0.1311,0.1309
165889270,165946000,1698133860,0.1309,0.1313
166323468,166812735,1698133920,0.1312,0.1316
167044695,167272229,1698133980,0.1316,0.132
167296464,167463939,1698134040,0.1321,0.1323
167423955,167603380,1698134100,0.1322,0.1324
167800638,167748007,1698134160,0.1324,0.1328
167192852,167585937,1698134220,0.1329,0.1323
167404772,167518966,1698134280,0.1323,0.1322
167517556,167428668,1698134340,0.1323,0.1322
167374887,167699525,1698134400,0.1322,0.1311
166597476,166556477,1698134460,0.1312,0.131
166792783,167007348,1698134520,0.1309,0.1326
167281449,167067919,1698134580,0.1327,0.1321
167109123,167278003,1698134640,0.1322,0.1316
167380589,167662961,1698134700,0.1316,0.1312
167658376,167727939,1698134760,0.1311,0.1312
167893709,168228356,1698134820,0.1312,0.1313
168453196,168467047,1698134880,0.1313,0.1311
168470745,168376174,1698134940,0.1311,0.1308
168311567,168351320,1698135000,0.1308,0.1316
168387682,168316687,1698135060,0.1315,0.1314
168347278,168332481,1698135120,0.1314,0.1312
168325706,168343102,1698135180,0.1312,0.1314
168444222,168470294,1698135240,0.1315,0.1315
168381565,168259860,1698135300,0.1316,0.1315
168203406,168271404,1698135360,0.1314,0.1312
168228034,167990044,1698135420,0.1312,0.1308
167773058,167819004,1698135480,0.1307,0.1302
167784313,167721328,1698135540,0.1303,0.1302
167645994,166199536,1698135600,0.1303,0.1297
166134169,166023895,1698135660,0.1296,0.13
166215919,166270410,1698135720,0.13,0.1303
166467619,167158653,1698135780,0.1304,0.1305
167091066,167063318,1698135840,0.1305,0.1302
167099469,167103688,1698135900,0.1303,0.1303
167175654,167153641,1698135960,0.1303,0.1305
167147601,167154158,1698136020,0.1305,0.1304
167184768,167155714,1698136080,0.1304,0.1302
167144155,167140355,1698136140,0.1301,0.1304
167154341,167162966,1698136200,0.1304,0.1304
167397115,167362358,1698136260,0.1304,0.1308
167369622,167559443,1698136320,0.1308,0.1307
167539547,167539547,1698136380,0.1307,0.1309
167313434,167350843,1698136440,0.1308,0.131
167370140,167430058,1698136500,0.131,0.1313
167504175,167456539,1698136560,0.1313,0.1313
167465024,167096302,1698136620,0.1313,0.131
167064935,166892369,1698136680,0.131,0.1308
166831633,166831333,1698136740,0.1308,0.1313
166884483,166846735,1698136800,0.1312,0.1309
166881042,167024162,1698136860,0.1308,0.1313
166966529,167017470,1698136920,0.1313,0.1315
167029229,167005814,1698136980,0.1314,0.1315
167049127,167060207,1698137040,0.1315,0.1314
167029334,166953415,1698137100,0.1314,0.1309
166874901,166944813,1698137160,0.131,0.1309
166790505,166789845,1698137220,0.131,0.1313
166790805,166252199,1698137280,0.1313,0.1313
166301413,166217015,1698137340,0.1313,0.1314
166234914,166210476,1698137400,0.1314,0.1314
166165641,166182626,1698137460,0.1315,0.1318
166145170,166136444,1698137520,0.1317,0.1322
165945704,166063498,1698137580,0.1322,0.1325
166205063,166097076,1698137640,0.1325,0.1326
166328722,166539347,1698137700,0.1325,0.1324
166470130,166517578,1698137760,0.1324,0.1323
166520453,166440199,1698137820,0.1323,0.1322
166448873,166406555,1698137880,0.1322,0.1328
167762736,167712598,1698137940,0.1328,0.1323
167696399,167618856,1698138000,0.1324,0.132
167564126,167488184,1698138060,0.132,0.1316
167500970,167352908,1698138120,0.1316,0.132
167452589,167454237,1698138180,0.132,0.1318
167412507,167460107,1698138240,0.1318,0.1315
167473504,167649812,1698138300,0.1316,0.1316
167706886,167573298,1698138360,0.1316,0.1313
167565677,167530053,1698138420,0.1313,0.1312
167207426,167184602,1698138480,0.1312,0.1313
166674716,166672182,1698138540,0.1313,0.1314
166660309,166732675,1698138600,0.1314,0.1317
166817559,166792881,1698138660,0.1317,0.1319
166845746,167032545,1698138720,0.132,0.1322
167184838,167198264,1698138780,0.1322,0.1325
167355200,167414916,1698138840,0.1324,0.1324
167490831,167465797,1698138900,0.1325,0.1322
167396179,167425938,1698138960,0.1322,0.1319
167926193,167910743,1698139020,0.1319,0.1319
167758836,167758836,1698139080,0.1319,0.1319
167893161,167860985,1698139140,0.132,0.1321
167774719,167777977,1698139200,0.1321,0.1326
167700479,167915945,1698139260,0.1325,0.133
168054712,169481184,1698139320,0.133,0.1333
169473315,170224545,1698139380,0.1333,0.1334
170186124,168964164,1698139440,0.1333,0.1385
172461347,175460831,1698139500,0.1384,0.1392
178300953,177606851,1698139560,0.1391,0.1405
177541066,176641455,1698139620,0.1406,0.1401
175435391,175217747,1698139680,0.1402,0.1385
174912640,174857473,1698139740,0.1385,0.1374
175498579,175996635,1698139800,0.1373,0.1379
175848949,176077564,1698139860,0.1378,0.1381
176003129,175873931,1698139920,0.138,0.1377
176088945,176105863,1698139980,0.1377,0.1374
176028653,176631455,1698140040,0.1374,0.1377
176774608,176500110,1698140100,0.1377,0.1364
176669824,176268801,1698140160,0.1363,0.1364
176177079,175891408,1698140220,0.1364,0.1369
175929362,175929362,1698140280,0.137,0.137
175802654,175441915,1698140340,0.137,0.1366
175486037,175568802,1698140400,0.1367,0.1368
175616515,175615054,1698140460,0.1368,0.1365
175479609,175123854,1698140520,0.1365,0.1367
175279862,175158061,1698140580,0.1367,0.1356
174246029,174064771,1698140640,0.1356,0.1355
174251327,174144074,1698140700,0.1355,0.1354
174134878,174124923,1698140760,0.1353,0.1356
174141623,174162229,1698140820,0.1357,0.1366
174170685,174761978,1698140880,0.1366,0.1374
175273638,175713494,1698140940,0.1374,0.1371
175816874,176047473,1698141000,0.1371,0.1374
176049601,175595743,1698141060,0.1374,0.1375
175534378,175509288,1698141120,0.1374,0.1375
175566118,175739338,1698141180,0.1376,0.1374
175876989,175789722,1698141240,0.1375,0.1373
175793387,175896788,1698141300,0.1372,0.1365
176066125,176150860,1698141360,0.1366,0.1362
176001720,176267235,1698141420,0.1362,0.1359
176343110,176364997,1698141480,0.136,0.1357
176461320,176408780,1698141540,0.1357,0.1354
176559541,177198213,1698141600,0.1355,0.1357
177204523,177195272,1698141660,0.1358,0.1365
177224758,177257311,1698141720,0.1365,0.1365
177223481,177279473,1698141780,0.1365,0.1365
177261114,177370815,1698141840,0.1365,0.1364
177416505,177504146,1698141900,0.1364,0.1366
177503878,177635292,1698141960,0.1366,0.1369
177882200,177784942,1698142020,0.137,0.137
177721433,177690923,1698142080,0.1371,0.1371
177682703,177790652,1698142140,0.1371,0.1372
177731858,177942382,1698142200,0.1372,0.1365
178039992,178170682,1698142260,0.1365,0.1362
177864865,177834397,1698142320,0.1362,0.136
177793140,176078727,1698142380,0.136,0.1357
175591565,175019344,1698142440,0.1357,0.1357
175026110,175073340,1698142500,0.1357,0.1355
175213191,175133913,1698142560,0.1354,0.1357
175052138,175956067,1698142620,0.1357,0.1365
175808504,175826683,1698142680,0.1365,0.1364
175812359,175842867,1698142740,0.1364,0.1363
175877922,175878783,1698142800,0.1362,0.1359
175972383,176182952,1698142860,0.1359,0.1364
176253495,176268479,1698142920,0.1364,0.1368
176080947,176131275,1698142980,0.1368,0.1368
176232489,176393558,1698143040,0.1368,0.1368
176317056,175479501,1698143100,0.1369,0.1372
175697733,176643087,1698143160,0.1372,0.138
176878555,177254735,1698143220,0.1381,0.1381
177083839,177349054,1698143280,0.1382,0.1385
177349828,177990792,1698143340,0.1385,0.138
177810744,178157983,1698143400,0.1379,0.1376
178161605,177976107,1698143460,0.1377,0.1371
177829903,178067185,1698143520,0.1371,0.1373
178107386,178103143,1698143580,0.1373,0.1375
178110551,178218259,1698143640,0.1375,0.1378
178143385,178106526,1698143700,0.1377,0.1374
178032406,178060858,1698143760,0.1374,0.1375
177746716,177731987,1698143820,0.1375,0.1377
177731136,177876161,1698143880,0.1378,0.1382
177968627,178078507,1698143940,0.1382,0.14
178421141,178348837,1698144000,0.1401,0.1399
180500388,179504610,1698144060,0.14,0.1399
179472256,179400372,1698144120,0.1399,0.1402
179525940,180207888,1698144180,0.1401,0.1394
179149132,179157644,1698144240,0.1394,0.1391
179104349,179082151,1698144300,0.1392,0.139
179100472,179140423,1698144360,0.1391,0.1395
179342574,179388486,1698144420,0.1394,0.1393
179450358,179377655,1698144480,0.1393,0.1392
179401747,179255350,1698144540,0.1392,0.1393
179284889,179146985,1698144600,0.1392,0.1383
179034075,178907187,1698144660,0.1383,0.1383
178544784,178347932,1698144720,0.1383,0.1386
178360879,178551858,1698144780,0.1386,0.1391
178864862,178904069,1698144840,0.1392,0.1389
178862399,178835779,1698144900,0.1388,0.1386
178726163,178724318,1698144960,0.1386,0.1388
178785863,178857854,1698145020,0.1387,0.1389
178904115,178874475,1698145080,0.1389,0.1392
178846942,178766740,1698145140,0.1391,0.1392
178705940,178506480,1698145200,0.1392,0.1385
178570501,178555585,1698145260,0.1386,0.1387
178650436,178747969,1698145320,0.1386,0.1386
178754941,177614143,1698145380,0.1385,0.1375
177587478,177310301,1698145440,0.1375,0.1376
177268368,177410543,1698145500,0.1375,0.1373
176971728,177144189,1698145560,0.1373,0.1378
177294161,177242291,1698145620,0.1379,0.1377
177241420,177252998,1698145680,0.1377,0.1378
177207253,177251193,1698145740,0.1378,0.1376
177162788,176984359,1698145800,0.1376,0.1378
176944223,177098442,1698145860,0.1378,0.1381
177040905,177073895,1698145920,0.1381,0.1383
177070733,177076482,1698145980,0.1383,0.138
177267712,177215926,1698146040,0.1381,0.1382
177178097,177255274,1698146100,0.1383,0.1391
177362066,177536480,1698146160,0.1391,0.1386
177584305,177762181,1698146220,0.1386,0.1391
177769033,178375133,1698146280,0.139,0.1394
178793350,178828431,1698146340,0.1393,0.1396
179016602,179005510,1698146400,0.1396,0.139
178941263,178943270,1698146460,0.139,0.1387
178951700,178971317,1698146520,0.1386,0.1392
178907343,178722122,1698146580,0.1392,0.1387
178700869,178625703,1698146640,0.1387,0.1388
178790102,178588583,1698146700,0.1389,0.1397
182730043,183465305,1698146760,0.1397,0.1415
184693185,184529504,1698146820,0.1415,0.1419
184519353,185062166,1698146880,0.1419,0.1429
185897110,187090270,1698146940,0.1429,0.1439
187067304,187284465,1698147000,0.144,0.144
189259066,190878350,1698147060,0.1439,0.1467
190032231,189282081,1698147120,0.1468,0.1469
188691134,187982137,1698147180,0.1468,0.1478
188219483,186571940,1698147240,0.1478,0.1473
186173211,185418365,1698147300,0.1473,0.1454
184720046,185037545,1698147360,0.1454,0.1444
184259816,185342181,1698147420,0.1444,0.1446
184236775,184215266,1698147480,0.1447,0.1447
184195665,183881796,1698147540,0.1447,0.1445
184203482,184951307,1698147600,0.1445,0.1468
185773338,185596906,1698147660,0.1469,0.1472
185820264,185775989,1698147720,0.1472,0.1469
185900701,186256458,1698147780,0.1469,0.1477
185932102,185440506,1698147840,0.1477,0.147
185267530,185388885,1698147900,0.147,0.1466
185539896,185701303,1698147960,0.1466,0.1483
186704731,187023599,1698148020,0.1483,0.1496
187180770,187195470,1698148080,0.1496,0.1493
187006661,186525095,1698148140,0.1493,0.1491
186094574,186054665,1698148200,0.1491,0.1488
186376575,186801936,1698148260,0.1487,0.1498
186971158,186852177,1698148320,0.1498,0.1499
187277755,187427422,1698148380,0.15,0.1541
187814292,186504096,1698148440,0.1541,0.1533
185112603,184911868,1698148500,0.1533,0.1527
184851594,184493916,1698148560,0.1527,0.1514
184923669,184925963,1698148620,0.1514,0.1519
184547468,184934133,1698148680,0.1519,0.1507
184887295,184458122,1698148740,0.1506,0.1502
184377717,184579825,1698148800,0.1502,0.1501
184809229,184813887,1698148860,0.15,0.1491
184099342,183456781,1698148920,0.1491,0.1489
183251269,183549283,1698148980,0.149,0.1514
183395000,183469947,1698149040,0.1514,0.1509
183817699,183897278,1698149100,0.151,0.1497
183724294,183901660,1698149160,0.1497,0.1502
184324354,184297522,1698149220,0.1502,0.1505
184313016,184744262,1698149280,0.1504,0.1509
184646623,184534187,1698149340,0.1509,0.1514
184446632,184755128,1698149400,0.1514,0.1509
184246903,184567134,1698149460,0.1509,0.152
185317942,185267266,1698149520,0.1521,0.1522
185449753,185062209,1698149580,0.1522,0.1543
185165153,186103033,1698149640,0.1542,0.156
186717788,187421608,1698149700,0.1559,0.1579
187138513,187788675,1698149760,0.1578,0.1587
188508917,189483041,1698149820,0.1586,0.1593
189736483,188112263,1698149880,0.1593,0.1578
188444432,187802965,1698149940,0.1577,0.1578
187971827,188079823,1698150000,0.1578,0.1563
187526519,187526519,1698150060,0.1563,0.1545
186205974,186169331,1698150120,0.1546,0.1545
185815338,185528409,1698150180,0.1545,0.1546
185553784,185486221,1698150240,0.1546,0.1557
186883280,187306644,1698150300,0.1557,0.1567
187467971,187239497,1698150360,0.1566,0.1561
187457789,186795388,1698150420,0.156,0.1569
187289991,187939855,1698150480,0.1568,0.1588
188013735,188459306,1698150540,0.1588,0.1589
188415672,187489124,1698150600,0.1589,0.1581
188031091,187069523,1698150660,0.1582,0.1563
187190943,187243204,1698150720,0.1564,0.1565
187162768,187585522,1698150780,0.1565,0.157
187673592,187527832,1698150840,0.157,0.1566
187370449,187453430,1698150900,0.1565,0.1555
187343992,187592108,1698150960,0.1556,0.1554
187773288,187781916,1698151020,0.1555,0.155
188091278,188185520,1698151080,0.155,0.1551
188079477,187082699,1698151140,0.1552,0.1553
186872954,187027288,1698151200,0.1552,0.1543
186876350,188204675,1698151260,0.1543,0.155
188473205,188260980,1698151320,0.1551,0.1555
188573896,188000531,1698151380,0.1555,0.1559
188034454,187927770,1698151440,0.156,0.1556
187904988,188064646,1698151500,0.1556,0.157
188091009,187719814,1698151560,0.157,0.1541
187808116,187734970,1698151620,0.1541,0.1549
187702122,187640709,1698151680,0.1549,0.1545
187656049,187629968,1698151740,0.1545,0.1552
187843349,187889879,1698151800,0.1553,0.1555
187571111,187365496,1698151860,0.1556,0.1563
187822266,187687616,1698151920,0.1563,0.1561
187761767,187926092,1698151980,0.156,0.156
188439564,188459306,1698152040,0.156,0.1548
188520571,185064303,1698152100,0.1547,0.1536
185166750,185269542,1698152160,0.1537,0.1537
185045989,185111006,1698152220,0.1538,0.1528
184283091,183128180,1698152280,0.1527,0.1517
182691676,182826229,1698152340,0.1517,0.1521
182573543,181923199,1698152400,0.1522,0.1514
181211344,181319141,1698152460,0.1514,0.152
181414614,179616754,1698152520,0.1519,0.1533
180658762,181098713,1698152580,0.1533,0.1537
181122375,181385623,1698152640,0.1536,0.1533
181367967,181484039,1698152700,0.1533,0.1542
181251712,181245916,1698152760,0.1542,0.1552
181466353,181718568,1698152820,0.1551,0.1557
181964307,181682460,1698152880,0.1556,0.1549
181805659,181940378,1698152940,0.1549,0.1546
181967712,181779886,1698153000,0.1547,0.1543
181645146,180243980,1698153060,0.1542,0.1503
180344119,179817049,1698153120,0.1502,0.1523
179714274,179405501,1698153180,0.1523,0.1527
179692565,179682216,1698153240,0.1527,0.1523
179623543,179458791,1698153300,0.1523,0.1509
179556344,179410047,1698153360,0.1508,0.1519
179362826,179402972,1698153420,0.1518,0.1538
180091286,181218971,1698153480,0.1537,0.1551
181491949,181689437,1698153540,0.1551,0.1551
181893649,182186325,1698153600,0.155,0.1554
182378615,182478395,1698153660,0.1554,0.1546
181783524,183493464,1698153720,0.1546,0.1566
184570740,183775758,1698153780,0.1566,0.1564
183568948,184445215,1698153840,0.1564,0.1572
184624318,184715201,1698153900,0.1572,0.1572
184286412,184371797,1698153960,0.1573,0.1569
184663758,184674572,1698154020,0.1568,0.1561
184724213,184769369,1698154080,0.1561,0.1563
184601286,184769194,1698154140,0.1563,0.1559
184718788,185395426,1698154200,0.1559,0.1583
185852168,187206943,1698154260,0.1582,0.1586
187491576,187849391,1698154320,0.1587,0.1586
189005706,190537678,1698154380,0.1585,0.1624
191344630,190018640,1698154440,0.1624,0.1615
190579149,191436649,1698154500,0.1616,0.1611
191007652,192288344,1698154560,0.161,0.161
191626228,193200672,1698154620,0.1609,0.1611
191875301,192703601,1698154680,0.161,0.1615
193541143,193873648,1698154740,0.1615,0.1607
192801418,192727973,1698154800,0.1607,0.1602
192510047,192926680,1698154860,0.1603,0.1608
192977946,192274679,1698154920,0.1607,0.1601
192653799,193671789,1698154980,0.1602,0.1603
193883032,194975619,1698155040,0.1603,0.1602
195484403,195736869,1698155100,0.1602,0.1615
195451894,195711512,1698155160,0.1616,0.1604
195918607,196355786,1698155220,0.1604,0.1606
196103734,196645070,1698155280,0.1606,0.16
196980485,197019297,1698155340,0.1599,0.1587
196951351,195398982,1698155400,0.1587,0.1583
195436715,194900490,1698155460,0.1582,0.1585
194887652,195041857,1698155520,0.1585,0.1584
195065962,195162833,1698155580,0.1584,0.1596
194549417,194711283,1698155640,0.1595,0.1595
195053184,195264647,1698155700,0.1596,0.1591
196295206,196649176,1698155760,0.1592,0.1589
196549214,196659984,1698155820,0.1588,0.1592
196701400,196735501,1698155880,0.1592,0.1603
196716955,196781365,1698155940,0.1604,0.1607
197779472,198248816,1698156000,0.1608,0.1599
198517683,198718098,1698156060,0.16,0.1596
198632596,198689767,1698156120,0.1597,0.1609
199970954,199691593,1698156180,0.1609,0.1611
200015292,200168068,1698156240,0.1612,0.1612
200686098,200777280,1698156300,0.1613,0.1601
200990861,201545743,1698156360,0.1601,0.1595
201984288,202143603,1698156420,0.1594,0.1592
202536145,202296587,1698156480,0.1593,0.1585
202321540,202015763,1698156540,0.1585,0.1588
202045395,202061954,1698156600,0.1587,0.1592
202168015,202189577,1698156660,0.1592,0.159
202392644,202399999,1698156720,0.1589,0.1592
202431097,202314732,1698156780,0.1593,0.1581
201912623,201723091,1698156840,0.1582,0.158
201401255,202270135,1698156900,0.1581,0.1583
202445727,202445727,1698156960,0.1584,0.1579
202311961,202458003,1698157020,0.158,0.1575
200226012,195730151,1698157080,0.1575,0.1542
195577911,194930105,1698157140,0.1543,0.1545
194568237,194233171,1698157200,0.1546,0.1543
193374710,192699594,1698157260,0.1543,0.155
192622608,192421150,1698157320,0.155,0.1551
192883611,192392336,1698157380,0.1551,0.156
192817720,193006873,1698157440,0.156,0.1561
192710373,192868233,1698157500,0.1561,0.156
192724263,192841565,1698157560,0.1559,0.1563
192602616,192419100,1698157620,0.1562,0.1564
192426172,192327140,1698157680,0.1565,0.1558
192218123,192665941,1698157740,0.1558,0.1556
192707425,192480628,1698157800,0.1556,0.1548
192648329,192823383,1698157860,0.1548,0.155
192858213,192965817,1698157920,0.1549,0.1559
192081760,192384540,1698157980,0.156,0.1569
192378039,192558240,1698158040,0.1568,0.1568
192744442,192744442,1698158100,0.1568,0.1568
193062656,193482730,1698158160,0.1567,0.157
193615420,194102381,1698158220,0.157,0.1581
195158038,195776950,1698158280,0.1582,0.1581
195834019,196544345,1698158340,0.1581,0.1579
196575009,196301746,1698158400,0.1579,0.1579
196434236,196589243,1698158460,0.1578,0.1585
196598806,196700110,1698158520,0.1584,0.1578
197038467,197070310,1698158580,0.1578,0.1583
197417650,197478888,1698158640,0.1584,0.1585
197654836,197811859,1698158700,0.1585,0.1593
198641757,199195611,1698158760,0.1593,0.1596
199173156,199173156,1698158820,0.1596,0.16
199300953,199055284,1698158880,0.16,0.1595
198846939,198728912,1698158940,0.1595,0.1597
198960499,198991312,1698159000,0.1597,0.1593
198846248,198826454,1698159060,0.1593,0.1588
198604496,196072034,1698159120,0.1588,0.162
196176762,196372899,1698159180,0.162,0.1613
196899406,196691193,1698159240,0.1612,0.1609
196700982,195451008,1698159300,0.161,0.1605
195017156,195066917,1698159360,0.1606,0.1602
195170914,195727730,1698159420,0.1602,0.1606
195980043,195709875,1698159480,0.1605,0.1598
195729229,195738183,1698159540,0.1598,0.1599
195729127,195371533,1698159600,0.16,0.1596
195505531,194451671,1698159660,0.1595,0.158
193764104,194000252,1698159720,0.158,0.1584
193817954,193916179,1698159780,0.1584,0.1584
193740980,194069105,1698159840,0.1584,0.1591
193939784,194698427,1698159900,0.1591,0.1598
195134975,195193898,1698159960,0.1597,0.1603
194810132,194987542,1698160020,0.1604,0.1608
195511470,195576168,1698160080,0.1607,0.16
195149878,194903309,1698160140,0.1599,0.1607
194894020,194926128,1698160200,0.1607,0.161
195466781,197020789,1698160260,0.161,0.1643
195808287,196294335,1698160320,0.1642,0.1644
197276037,197325465,1698160380,0.1645,0.1634
196474985,196647611,1698160440,0.1635,0.1627
196829754,196132652,1698160500,0.1627,0.1618
195256690,196194598,1698160560,0.1618,0.161
195459929,195161863,1698160620,0.161,0.1602
195363195,195220070,1698160680,0.1603,0.1607
195119021,192734427,1698160740,0.1607,0.1586
193247171,192845636,1698160800,0.1587,0.1577
192557013,192440235,1698160860,0.1577,0.1571
192308455,193187098,1698160920,0.157,0.1576
193078084,192804934,1698160980,0.1576,0.1561
192952251,192952251,1698161040,0.156,0.1563
192361230,192768742,1698161100,0.1566,0.1566
193003622,191738786,1698161160,0.1566,0.1541
191187597,191411501,1698161220,0.1542,0.1555
191435836,191813364,1698161280,0.1554,0.1559
191922691,191305296,1698161340,0.156,0.1531
192787920,191390354,1698161400,0.1532,0.1513
189349929,187876586,1698161460,0.1513,0.1528
188402850,188355593,1698161520,0.1529,0.1543
189524350,188360162,1698161580,0.1543,0.1552
188494586,188238641,1698161640,0.1553,0.154
188402033,189219852,1698161700,0.154,0.154
189557315,190089636,1698161760,0.154,0.1527
191159060,192421652,1698161820,0.1528,0.15
191164440,190462868,1698161880,0.1501,0.1495
189656795,189409114,1698161940,0.1496,0.1466
188081833,188512479,1698162000,0.1466,0.1481
187882584,186465341,1698162060,0.1481,0.1486
186191634,185121776,1698162120,0.1487,0.1513
184427875,183859231,1698162180,0.1513,0.1501
185008194,185166122,1698162240,0.1501,0.1506
185542574,183871952,1698162300,0.1505,0.1524
183877689,184460807,1698162360,0.1524,0.1525
184402882,184499339,1698162420,0.1526,0.152
184105808,184353862,1698162480,0.152,0.1519
184267157,184688979,1698162540,0.1524,0.1521
184880469,184793004,1698162600,0.152,0.1519
184755257,185397244,1698162660,0.1519,0.15
186195322,186195322,1698162720,0.1499,0.1498
186311017,186311017,1698162780,0.1497,0.1482
186047031,182085815,1698162840,0.1481,0.1453
180641917,179390382,1698162900,0.1452,0.1454
178636516,178928674,1698162960,0.1455,0.1463
179605580,179395064,1698163020,0.1464,0.1449
178821332,178425453,1698163080,0.1449,0.1456
178574530,178899216,1698163140,0.1457,0.1459
179784154,179686486,1698163200,0.1459,0.1491
177463095,178165709,1698163260,0.1492,0.1472
177875646,177137886,1698163320,0.1473,0.1485
176445361,176466267,1698163380,0.1485,0.1464
177366937,178115503,1698163440,0.1465,0.1449
178195789,177184154,1698163500,0.1449,0.1419
178703491,178605273,1698163560,0.1418,0.1443
179732043,177853584,1698163620,0.1442,0.1459
177566040,177056750,1698163680,0.1459,0.1462
175188053,175407461,1698163740,0.1462,0.1465
174996367,174298949,1698163800,0.1465,0.1492
174412583,175953222,1698163860,0.149,0.1495
175924300,175875700,1698163920,0.1496,0.1489
176086208,176819877,1698163980,0.1488,0.1473
176806159,176435724,1698164040,0.1474,0.1483
176412457,176129259,1698164100,0.1484,0.1482
176333506,177261123,1698164160,0.1482,0.147
176627297,176912695,1698164220,0.147,0.1508
175882203,175835184,1698164280,0.1507,0.1507
175728917,177228039,1698164340,0.1506,0.1503
177396385,177145244,1698164400,0.1503,0.1506
177378653,177372468,1698164460,0.1506,0.1507
177244885,177294055,1698164520,0.1508,0.1519
177274123,177022742,1698164580,0.1519,0.1527
177887236,178123828,1698164640,0.1527,0.1518
178314691,176982572,1698164700,0.1518,0.152
176753579,176630213,1698164760,0.152,0.1509
176918479,177367927,1698164820,0.1509,0.1506
177255159,177373204,1698164880,0.1506,0.1504
177338620,177502309,1698164940,0.1504,0.1502
177500036,177551230,1698165000,0.1501,0.1511
177807711,178332456,1698165060,0.151,0.1521
178612170,177071804,1698165120,0.152,0.1539
176784579,176784579,1698165180,0.154,0.1543
175955671,176608327,1698165240,0.1544,0.1541
176785709,177124715,1698165300,0.1541,0.1534
177179824,177402407,1698165360,0.1533,0.1531
176853693,177015846,1698165420,0.1532,0.1542
176855858,176991735,1698165480,0.1542,0.154
177079707,176985582,1698165540,0.154,0.1532
177280854,177411042,1698165600,0.1532,0.154
178136556,178393180,1698165660,0.1539,0.1534
178315601,178247022,1698165720,0.1534,0.153
178318719,178294026,1698165780,0.153,0.1531
178162538,178951382,1698165840,0.1531,0.1539
178847878,178370498,1698165900,0.1539,0.1532
178305187,178343646,1698165960,0.1531,0.1528
178573963,179731049,1698166020,0.1528,0.1555
179411617,179548846,1698166080,0.1556,0.1546
179394588,179629733,1698166140,0.1547,0.1566
180779593,180768470,1698166200,0.1567,0.1594
181017861,181362768,1698166260,0.1593,0.1582
182236653,182121398,1698166320,0.1583,0.1588
182444870,182623304,1698166380,0.1589,0.1585
182491252,181533190,1698166440,0.1585,0.1568
180722306,180716625,1698166500,0.1568,0.1573
180409372,179817173,1698166560,0.1572,0.1557
178866659,178227366,1698166620,0.1558,0.1557
178815529,178602731,1698166680,0.1556,0.1548
178272053,178344480,1698166740,0.1547,0.1551
178213023,178557210,1698166800,0.1551,0.1548
178813069,177262053,1698166860,0.1549,0.1557
178284161,178762612,1698166920,0.1557,0.1566
179012048,179254576,1698166980,0.1567,0.1564
179420973,179398673,1698167040,0.1563,0.1558
179451739,179358182,1698167100,0.1558,0.1563
179245136,179452618,1698167160,0.1563,0.1551
179723290,179638692,1698167220,0.1551,0.1554
179411497,179280740,1698167280,0.1554,0.1561
179165990,179005268,1698167340,0.156,0.1555
179136516,178451091,1698167400,0.1554,0.1545
178366946,178248417,1698167460,0.1545,0.1544
178186723,176678281,1698167520,0.1544,0.1535
176262221,175996674,1698167580,0.1536,0.1537
175884061,175797414,1698167640,0.1536,0.1538
175068573,175068573,1698167700,0.1538,0.1538
175372058,175643749,1698167760,0.1538,0.1547
175696109,175958151,1698167820,0.1548,0.1543
175972484,175882409,1698167880,0.1543,0.1555
175935162,176645768,1698167940,0.1554,0.1553
176953328,177161045,1698168000,0.1553,0.1556
177215598,177176452,1698168060,0.1555,0.1552
177071214,176948808,1698168120,0.1552,0.1536
176798313,176670187,1698168180,0.1537,0.1542
176954008,177067650,1698168240,0.1541,0.1539
177430140,177320193,1698168300,0.1539,0.1545
177295684,177392783,1698168360,0.1545,0.1546
177365323,177321928,1698168420,0.1546,0.1542
177320044,177321581,1698168480,0.1542,0.155
177454633,177472903,1698168540,0.1549,0.1546
177507427,177693389,1698168600,0.1546,0.155
177709748,177621327,1698168660,0.1549,0.1537
177750699,177642718,1698168720,0.1537,0.1535
178137260,178051426,1698168780,0.1536,0.1535
178057088,178199149,1698168840,0.1535,0.154
178161055,178211009,1698168900,0.1539,0.1542
178393132,178288267,1698168960,0.1542,0.1545
178261715,178262181,1698169020,0.1545,0.1543
178277126,178371237,1698169080,0.1542,0.1532
178910587,178058263,1698169140,0.1532,0.1531
178113497,178113497,1698169200,0.1531,0.1527
178034796,176416894,1698169260,0.1528,0.1522
176466516,175718187,1698169320,0.1522,0.1525
175735178,175847841,1698169380,0.1525,0.1529
175846603,175911138,1698169440,0.153,0.1529
175986905,175965705,1698169500,0.1529,0.1532
176047980,176084386,1698169560,0.1533,0.1528
176410294,176438734,1698169620,0.1529,0.1526
176441428,176334334,1698169680,0.1525,0.1533
176591982,176559644,1698169740,0.1533,0.1535
176545119,176789158,1698169800,0.1535,0.1525
176751385,176685177,1698169860,0.1525,0.1531
176737842,176752800,1698169920,0.153,0.1531
176828919,176874072,1698169980,0.153,0.153
176932669,177016621,1698170040,0.153,0.1527
177056033,177094272,1698170100,0.1527,0.1529
177101058,177140972,1698170160,0.1529,0.1531
177351001,177436604,1698170220,0.1531,0.1529
177471532,177469421,1698170280,0.1529,0.1525
177197083,177169207,1698170340,0.1524,0.1524
177171986,176712974,1698170400,0.1525,0.1512
176857921,176207373,1698170460,0.1512,0.1516
176066130,176101448,1698170520,0.1517,0.1524
176508768,176619706,1698170580,0.1523,0.1523
176654619,176505597,1698170640,0.1523,0.152
176344711,176584532,1698170700,0.1519,0.1511
176310270,176164972,1698170760,0.151,0.1511
176743042,176740306,1698170820,0.1511,0.151
176515182,176262586,1698170880,0.1511,0.1502
176743798,176532110,1698170940,0.1501,0.1497
176636870,176994265,1698171000,0.1497,0.1501
176921766,177235948,1698171060,0.1502,0.1496
176851314,176363507,1698171120,0.1497,0.1488
175607180,176162813,1698171180,0.1488,0.1493
176067480,175920500,1698171240,0.1493,0.1497
176113350,175921349,1698171300,0.1498,0.1505
176014573,176014573,1698171360,0.1504,0.1501
176064429,176391428,1698171420,0.1502,0.1493
175981178,175127043,1698171480,0.1494,0.1491
174951422,175306948,1698171540,0.149,0.1492
175227353,175310981,1698171600,0.1491,0.1488
175316365,174853218,1698171660,0.1487,0.1477
174730438,174356732,1698171720,0.1476,0.1486
174128970,173819666,1698171780,0.1486,0.1485
173837860,173825711,1698171840,0.1485,0.1487
173961887,174299941,1698171900,0.1487,0.148
174482092,174515907,1698171960,0.148,0.1485
174469234,174413664,1698172020,0.1486,0.1485
174615545,174564267,1698172080,0.1486,0.1486
174524084,174421948,1698172140,0.1487,0.1488
174523764,174850290,1698172200,0.1488,0.1494
174075254,173619749,1698172260,0.1494,0.1501
173632271,174026192,1698172320,0.1501,0.1501
175539074,175892101,1698172380,0.1501,0.1497
174794480,174901470,1698172440,0.1498,0.1507
175102549,175805455,1698172500,0.1507,0.1509
175955708,175828621,1698172560,0.1508,0.1506
175890584,175482762,1698172620,0.1506,0.1506
175583932,175368767,1698172680,0.1505,0.1509
175301834,175164045,1698172740,0.1509,0.151
175133769,174829704,1698172800,0.151,0.1515
175259967,176261975,1698172860,0.1514,0.1514
176440263,176544681,1698172920,0.1514,0.1518
176473202,176947808,1698172980,0.1518,0.1521
176808701,177008862,1698173040,0.1521,0.1523
177669824,177718272,1698173100,0.1524,0.1522
177735179,177754546,1698173160,0.1522,0.1518
177735164,178253299,1698173220,0.1518,0.1527
178629084,178880573,1698173280,0.1527,0.153
178878083,178808316,1698173340,0.153,0.1531
178647511,178760524,1698173400,0.153,0.1526
178631407,178530368,1698173460,0.1527,0.1524
178137444,178284376,1698173520,0.1524,0.1524
178295484,178585462,1698173580,0.1525,0.1533
178632352,178777542,1698173640,0.1532,0.1529
178769607,178512127,1698173700,0.153,0.1524
178473098,178231368,1698173760,0.1524,0.1523
178275705,178337793,1698173820,0.1524,0.153
178382234,178210750,1698173880,0.1529,0.1523
178142206,178608380,1698173940,0.1523,0.1527
178698053,178639164,1698174000,0.1526,0.1531
178869575,179381439,1698174060,0.1531,0.1537
179325980,179398857,1698174120,0.1537,0.1531
179538909,179575896,1698174180,0.1531,0.1535
179942432,179127341,1698174240,0.1536,0.1532
178936985,178403962,1698174300,0.1533,0.153
179085746,179051782,1698174360,0.1531,0.1522
179042093,178721232,1698174420,0.1522,0.1523
178851152,178733485,1698174480,0.1523,0.1517
178746670,178742054,1698174540,0.1517,0.152
178719088,178790315,1698174600,0.1521,0.1524
178777930,178927953,1698174660,0.1525,0.1518
179033514,179519745,1698174720,0.1518,0.1523
179251116,179192819,1698174780,0.1523,0.1527
179541847,179643881,1698174840,0.1526,0.152
179648689,179528837,1698174900,0.152,0.1527
179471754,179566378,1698174960,0.1527,0.1525
179544921,179468274,1698175020,0.1526,0.1528
179767513,179590248,1698175080,0.1528,0.1529
179656983,179543324,1698175140,0.153,0.1525
179622745,179701810,1698175200,0.1525,0.1528
179864423,179865766,1698175260,0.1528,0.1534
179901297,180021342,1698175320,0.1534,0.1531
179958670,179931560,1698175380,0.153,0.1524
180012707,179931256,1698175440,0.1524,0.153
179937776,180012059,1698175500,0.1531,0.153
179983600,179923313,1698175560,0.153,0.1527
179978739,179968042,1698175620,0.1526,0.1532
179827690,179918090,1698175680,0.1531,0.1536
180181570,180301616,1698175740,0.1536,0.1541
180348571,180309074,1698175800,0.1541,0.1545
180612311,180983163,1698175860,0.1544,0.1547
181039121,181142125,1698175920,0.1547,0.1547
181166528,181327680,1698175980,0.1547,0.1542
181519743,181711595,1698176040,0.1543,0.1544
181382282,181033716,1698176100,0.1544,0.1539
181003066,181103255,1698176160,0.1539,0.1535
181092630,181507989,1698176220,0.1535,0.1542
181502956,181422986,1698176280,0.1542,0.1539
181548558,182074247,1698176340,0.1539,0.155
181789151,181910677,1698176400,0.1549,0.1549
182015146,182023791,1698176460,0.1549,0.1547
182063794,181856151,1698176520,0.1548,0.1545
182131156,182206652,1698176580,0.1546,0.1546
182187266,182127381,1698176640,0.1546,0.1545
182176173,182229317,1698176700,0.1545,0.1548
182161541,182254107,1698176760,0.1547,0.1542
182064247,182252436,1698176820,0.1542,0.1542
182500768,182443593,1698176880,0.1543,0.1548
182872625,183237026,1698176940,0.1549,0.1549
183193814,183426545,1698177000,0.1549,0.1548
183364693,183383552,1698177060,0.1547,0.1547
183427020,183472809,1698177120,0.1547,0.1545
183551658,183556575,1698177180,0.1545,0.1546
183768700,184012429,1698177240,0.1546,0.1549
184059371,184083804,1698177300,0.1549,0.1552
184125467,183991387,1698177360,0.1551,0.1547
183928075,183817180,1698177420,0.1548,0.1546
184053901,184063071,1698177480,0.1547,0.155
183991713,184081587,1698177540,0.155,0.1543
182937052,181988757,1698177600,0.1544,0.1542
182080797,182109265,1698177660,0.1543,0.1539
181731985,181789728,1698177720,0.154,0.1528
180582854,181887435,1698177780,0.1528,0.1516
181879786,182142312,1698177840,0.1515,0.1519
183934732,183499893,1698177900,0.1519,0.1521
183563650,183324913,1698177960,0.1521,0.1522
183376763,183228868,1698178020,0.1521,0.1526
182950807,182927249,1698178080,0.1525,0.1526
183038874,183063300,1698178140,0.1525,0.1529
183078671,183168997,1698178200,0.1529,0.1533
183173053,183286494,1698178260,0.1533,0.1536
183276405,183341248,1698178320,0.1536,0.1532
183315726,183147437,1698178380,0.1531,0.1527
183024190,183101161,1698178440,0.1526,0.1526
183270952,182793024,1698178500,0.1527,0.1519
182783590,182613718,1698178560,0.1519,0.1518
182528517,182463103,1698178620,0.1518,0.1517
182788523,182573839,1698178680,0.1516,0.1523
182453992,182439637,1698178740,0.1523,0.1516
182458974,182422603,1698178800,0.1515,0.1518
182441136,182511436,1698178860,0.1518,0.1526
182541595,182535162,1698178920,0.1526,0.1541
182996096,183172682,1698178980,0.154,0.1538
183332805,183474192,1698179040,0.1539,0.1534
183541553,183581699,1698179100,0.1534,0.1536
183514507,183571461,1698179160,0.1535,0.1534
183446224,183445269,1698179220,0.1534,0.1529
183168863,183176257,1698179280,0.1529,0.1529
183170433,183105606,1698179340,0.1529,0.1533
183126145,183277893,1698179400,0.1532,0.1534
183231168,183297627,1698179460,0.1535,0.1537
183575349,183771125,1698179520,0.1537,0.1539
183860739,183920660,1698179580,0.154,0.1538
183871241,183888031,1698179640,0.1537,0.1534
183915881,183730604,1698179700,0.1534,0.1537
183800617,183803024,1698179760,0.1536,0.1528
183771089,183414578,1698179820,0.1528,0.153
183433737,183057867,1698179880,0.1529,0.152
182354580,182612252,1698179940,0.152,0.1525
182543129,182471519,1698180000,0.1525,0.1524
182738649,182774845,1698180060,0.1524,0.1526
182711133,182686421,1698180120,0.1525,0.152
183158619,182729291,1698180180,0.1519,0.1512
182537507,181897084,1698180240,0.1512,0.1508
181750797,181620846,1698180300,0.1508,0.1514
181622520,181632292,1698180360,0.1514,0.1517
181379271,181472365,1698180420,0.1516,0.1517
181463488,181436675,1698180480,0.1517,0.1517
181312326,181223970,1698180540,0.1517,0.1512
181143835,181089965,1698180600,0.1513,0.1518
181112431,181043919,1698180660,0.1519,0.1516
180971739,180961039,1698180720,0.1515,0.1512
180941243,180996238,1698180780,0.1512,0.1506
181034796,181002383,1698180840,0.1506,0.1501
180606841,180438340,1698180900,0.1501,0.1498
180696294,180896400,1698180960,0.1499,0.1503
180954619,180416265,1698181020,0.1502,0.1505
180424824,180420551,1698181080,0.1505,0.1504
180283800,180283800,1698181140,0.1503,0.15
180390667,180373474,1698181200,0.15,0.1502
180320159,180410143,1698181260,0.1502,0.1498
180318033,180090016,1698181320,0.1498,0.1512
180150771,180040367,1698181380,0.1512,0.1509
180000229,179974380,1698181440,0.1509,0.1507
180183357,180239805,1698181500,0.1507,0.1509
180080520,179894014,1698181560,0.1509,0.1498
179653723,179919377,1698181620,0.1497,0.1504
179749497,179657891,1698181680,0.1504,0.1493
179659603,179557489,1698181740,0.1493,0.1486
180032754,179956820,1698181800,0.1486,0.1483
180302017,180345960,1698181860,0.1484,0.1489
180083194,179915098,1698181920,0.1488,0.1492
179675737,179476732,1698181980,0.1491,0.1491
179561720,179682282,1698182040,0.149,0.1497
179394704,179041862,1698182100,0.1497,0.1501
178905684,178759398,1698182160,0.1501,0.1501
178640392,178572848,1698182220,0.1502,0.15
178527368,178519824,1698182280,0.15,0.1506
178295384,177998564,1698182340,0.1506,0.1508
178132153,178087898,1698182400,0.1509,0.151
178500646,178513951,1698182460,0.1509,0.1515
178475203,178288832,1698182520,0.1515,0.1512
178213521,178216399,1698182580,0.1512,0.1511
178319347,178393972,1698182640,0.151,0.1513
178402402,178395594,1698182700,0.1514,0.1511
178531589,178553612,1698182760,0.1511,0.151
178564842,178721818,1698182820,0.151,0.1511
178765879,178736978,1698182880,0.1511,0.151
178737049,178715327,1698182940,0.151,0.1508
178756044,179043515,1698183000,0.1508,0.1509
179042765,178919105,1698183060,0.151,0.1517
178979579,178985239,1698183120,0.1516,0.1514
178922920,178828634,1698183180,0.1515,0.1519
178739339,179066220,1698183240,0.1519,0.1515
179091789,179173459,1698183300,0.1516,0.1517
179174966,179565974,1698183360,0.1517,0.1498
179395918,179204858,1698183420,0.1498,0.1496
179229571,179366056,1698183480,0.1496,0.1492
179371714,179327322,1698183540,0.1492,0.1486
179307665,178875354,1698183600,0.1485,0.1477
179002105,179197964,1698183660,0.1478,0.1478
179320910,179895175,1698183720,0.1478,0.1486
179932268,180142091,1698183780,0.1486,0.149
180167770,180270826,1698183840,0.1489,0.1487
180469716,180366172,1698183900,0.1486,0.1485
180454883,180390754,1698183960,0.1484,0.1482
180464747,180543002,1698184020,0.1481,0.1479
180433861,180425375,1698184080,0.1478,0.1479
180523920,180383050,1698184140,0.1479,0.1477
180321959,180290070,1698184200,0.1477,0.1487
180395449,180234132,1698184260,0.1487,0.1495
179278266,179419437,1698184320,0.1495,0.1505
179039688,178975834,1698184380,0.1506,0.1524
178970058,180064050,1698184440,0.1524,0.1524
179950859,180206418,1698184500,0.1524,0.152
179885480,180557227,1698184560,0.152,0.1533
180789446,181761205,1698184620,0.1534,0.1544
181946076,182137580,1698184680,0.1545,0.1556
182648061,182454123,1698184740,0.1555,0.1541
182970117,183865979,1698184800,0.1541,0.1546
184308552,184576091,1698184860,0.1547,0.154
184527219,184402842,1698184920,0.154,0.1536
184231813,184018279,1698184980,0.1537,0.1535
183922806,184013708,1698185040,0.1534,0.154
183431767,183521226,1698185100,0.1539,0.1533
183473627,183473627,1698185160,0.1534,0.1539
