"timestamp","OI_open","OI_close","price_close"
1697758920,2309131.5,2308966.4,2.859
1697758980,2309000.8,2308961.1,2.858
1697759040,2309699.9,2309848.2,2.861
1697759100,2310453.7,2310210.1,2.854
1697759160,2307226.2,2309275.8,2.856
1697759220,2311488.1,2311302.1,2.856
1697759280,2311242.3,2312691.9,2.862
1697759340,2313942.3,2314444.8,2.857
1697759400,2314643.2,2316888.2,2.854
1697759460,2320175.8,2319957.3,2.855
1697759520,2319772.1,2318693.8,2.859
1697759580,2319046.3,2319101.7,2.859
1697759640,2318149.9,2318468.5,2.854
1697759700,2318532,2317645.2,2.855
1697759760,2316619.9,2320165.5,2.848
1697759820,2321551.7,2322030.7,2.847
1697759880,2320556,2320556,2.856
1697759940,2322011.8,2324747.7,2.866
1697760000,2329500.5,2329500.5,2.882
1697760060,2328257.6,2326488.4,2.855
1697760120,2312916.7,2313266.8,2.865
1697760180,2311895.4,2313342.4,2.855
1697760240,2311429.5,2311871.6,2.864
1697760300,2309173.2,2307182.5,2.856
1697760360,2306395.4,2299643.3,2.841
1697760420,2296767.6,2287674.5,2.824
1697760480,2280286.2,2279577.1,2.82
1697760540,2279936.1,2282393.9,2.817
1697760600,2281719.8,2274270.4,2.795
1697760660,2274149.6,2277419,2.801
1697760720,2278768.5,2280487,2.801
1697760780,2278918,2274054.3,2.817
1697760840,2276161.5,2277756.3,2.825
1697760900,2277632.3,2278472.4,2.828
1697760960,2277140.7,2277190.4,2.826
1697761020,2280721.6,2279944.3,2.843
1697761080,2280283.1,2278150.2,2.857
1697761140,2282045,2283653.5,2.865
1697761200,2284994.2,2285288.6,2.866
1697761260,2285651.4,2285494.7,2.859
1697761320,2288587.4,2291957.6,2.857
1697761380,2288936.7,2287977.4,2.854
1697761440,2284499.2,2285621.2,2.859
1697761500,2288021.3,2288667.8,2.852
1697761560,2287580.8,2287944.4,2.855
1697761620,2287660.7,2287003.9,2.851
1697761680,2285641.9,2284646.3,2.853
1697761740,2284647.2,2283031.7,2.851
1697761800,2281850.2,2280365.3,2.851
1697761860,2280509.7,2277393,2.842
1697761920,2277423.3,2277423.3,2.843
1697761980,2277986.5,2284404.9,2.841
1697762040,2285054,2284489.5,2.837
1697762100,2280800.3,2280315.2,2.828
1697762160,2286345.6,2286420.3,2.818
1697762220,2286026.8,2285314.5,2.822
1697762280,2283830.8,2281564.1,2.819
1697762340,2280331.7,2278897.7,2.819
1697762400,2278186.1,2278420.7,2.822
1697762460,2281247,2282648.4,2.823
1697762520,2281053.7,2278997.7,2.816
1697762580,2278772.3,2280808.8,2.811
1697762640,2281065.2,2280168.7,2.808
1697762700,2280503.7,2276289,2.795
1697762760,2278154.7,2274676,2.791
1697762820,2273976.7,2273818.2,2.789
1697762880,2273940.4,2278891.8,2.788
1697762940,2285146.4,2283798,2.828
1697763000,2290583.2,2290583.2,2.846
1697763060,2290926.1,2302615.8,2.881
1697763120,2318999.2,2319811.3,2.881
1697763180,2326884.7,2322652.1,2.869
1697763240,2324498.1,2326930.2,2.854
1697763300,2322202.8,2312938.8,2.852
1697763360,2314921.2,2313152.4,2.839
1697763420,2313899.5,2315827.1,2.837
1697763480,2317841.9,2316426.7,2.832
1697763540,2316793.5,2318100.4,2.829
1697763600,2317872.4,2318381.2,2.843
1697763660,2316968.5,2316622.4,2.847
1697763720,2314942.8,2309402.5,2.843
1697763780,2307347,2308604.8,2.849
1697763840,2309070.9,2311148.8,2.844
1697763900,2312449.3,2312414.7,2.844
1697763960,2314113.4,2315049.6,2.848
1697764020,2315217,2316026.5,2.839
1697764080,2314350.3,2306575.1,2.823
1697764140,2302499.5,2302286.8,2.813
1697764200,2301827.4,2301550.7,2.812
1697764260,2303362.7,2299027,2.84
1697764320,2298822,2301267.6,2.831
1697764380,2300710.3,2301191.4,2.832
1697764440,2301327.5,2300475.5,2.839
1697764500,2300336.9,2299463.6,2.832
1697764560,2300545.1,2300322.4,2.83
1697764620,2300187.3,2299451.6,2.832
1697764680,2299234.8,2299234.8,2.834
1697764740,2298887.6,2298486.5,2.832
1697764800,2298999.3,2298202,2.827
1697764860,2298643.4,2298402.9,2.834
1697764920,2298587,2298033.3,2.822
1697764980,2298117,2297513.3,2.815
1697765040,2296770.8,2296692,2.815
1697765100,2296392.9,2296398,2.826
1697765160,2296159.7,2295692.6,2.821
1697765220,2295866.3,2298064.2,2.854
1697765280,2303016.8,2303060,2.851
1697765340,2306250.7,2305415.6,2.843
1697765400,2305240.2,2304890.7,2.849
1697765460,2305797.5,2305630.6,2.853
1697765520,2308127.3,2307706.2,2.854
1697765580,2307196.7,2307196.7,2.859
1697765640,2303387,2306149.5,2.862
1697765700,2306216.9,2305071.9,2.859
1697765760,2307284.6,2305629.6,2.859
1697765820,2305123.4,2303794.7,2.865
1697765880,2303830.5,2304625.1,2.858
1697765940,2304426.6,2303046.8,2.87
1697766000,2302656.8,2303438,2.869
1697766060,2305476.4,2305108.3,2.875
1697766120,2306168.1,2307408.5,2.877
1697766180,2308892.1,2307965.5,2.87
1697766240,2308908.2,2307583.8,2.859
1697766300,2308513.4,2308403.9,2.865
1697766360,2308382.6,2308382.6,2.865
1697766420,2308942,2308711.8,2.872
1697766480,2308992.1,2308747.6,2.869
1697766540,2308876.8,2307673.7,2.859
1697766600,2293404.2,2278693.4,2.835
1697766660,2277617.6,2271767.1,2.84
1697766720,2272360.1,2272360.1,2.835
1697766780,2271913.3,2271793.7,2.835
1697766840,2271019.6,2268470.7,2.826
1697766900,2268895.1,2269765.7,2.828
1697766960,2269058.4,2269075.8,2.826
1697767020,2269064.6,2254521.9,2.843
1697767080,2254559.7,2255122,2.837
1697767140,2257302.2,2256883.2,2.84
1697767200,2259677.2,2262641,2.832
1697767260,2264582.2,2264582.2,2.832
1697767320,2266255.4,2266734,2.832
1697767380,2266153.9,2265865.9,2.834
1697767440,2265987.3,2265987.3,2.833
1697767500,2267091.3,2268436.2,2.832
1697767560,2268231.2,2266380.7,2.843
1697767620,2266368.1,2266932.9,2.844
1697767680,2266266.7,2266799.3,2.847
1697767740,2266786.1,2272945.1,2.836
1697767800,2274582.3,2274671.2,2.834
1697767860,2278547.6,2280734.9,2.833
1697767920,2280505.8,2281012,2.837
1697767980,2280259.2,2279863.2,2.842
1697768040,2280267.7,2280446.4,2.84
1697768100,2280116,2279431.4,2.858
1697768160,2281702.2,2282798.4,2.872
1697768220,2285314.6,2286960.5,2.876
1697768280,2293043.1,2287653.4,2.925
1697768340,2278481.4,2279727.5,2.924
1697768400,2281726.2,2277260.9,2.957
1697768460,2277037.3,2263034.8,2.923
1697768520,2263945.3,2261228.4,2.895
1697768580,2258479.5,2262509.8,2.9
1697768640,2263619.4,2261118.1,2.897
1697768700,2259382.4,2263143,2.891
1697768760,2266048,2268131.4,2.887
1697768820,2264633.8,2265846.8,2.882
1697768880,2267381.5,2270817.1,2.882
1697768940,2270046.3,2270522.8,2.882
1697769000,2275096,2272173,2.869
1697769060,2273876.2,2274578.1,2.867
1697769120,2275874,2271367.5,2.853
1697769180,2271817.2,2273980.6,2.854
1697769240,2271728.3,2274520.4,2.857
1697769300,2274091.8,2276645.7,2.849
1697769360,2275273.6,2268631.8,2.839
1697769420,2261620.4,2258435.5,2.815
1697769480,2243497.1,2245508.2,2.801
1697769540,2239530.5,2240083.5,2.788
1697769600,2245317.3,2240199.2,2.77
1697769660,2243825.9,2243540.5,2.789
1697769720,2230920,2231125.8,2.811
1697769780,2224947.3,2225568.6,2.803
1697769840,2224177.9,2222063.9,2.811
1697769900,2221890.8,2213492.6,2.824
1697769960,2204764.7,2206247,2.801
1697770020,2203956.2,2205427.2,2.808
1697770080,2207740.5,2200176.1,2.826
1697770140,2195918.5,2196876.1,2.822
1697770200,2196814.3,2197196.4,2.83
1697770260,2196339.8,2196780.5,2.822
1697770320,2196594.9,2197893.1,2.816
1697770380,2200551.6,2203134.2,2.812
1697770440,2203084,2203538.2,2.814
1697770500,2203798.7,2205637,2.813
1697770560,2203251,2202661.6,2.814
1697770620,2202614.5,2202372.1,2.815
1697770680,2201676.2,2201612.5,2.829
1697770740,2197895.8,2195540.7,2.836
1697770800,2190197.9,2186248.3,2.865
1697770860,2192336.3,2198470.4,2.88
1697770920,2197692.7,2202552.3,2.872
1697770980,2202198.7,2203659.9,2.875
1697771040,2201477.5,2195807,2.87
1697771100,2195260.5,2195394.1,2.882
1697771160,2194643.8,2195342.4,2.878
1697771220,2200228,2200830.7,2.874
1697771280,2200634.5,2199634.9,2.879
1697771340,2198814.5,2197201,2.88
1697771400,2196693.8,2196848.4,2.877
1697771460,2197833.2,2196674.5,2.871
1697771520,2195352.6,2195893.6,2.874
1697771580,2195075.7,2195075.7,2.869
1697771640,2190276.1,2184768.9,2.857
1697771700,2185295.9,2188319.2,2.856
1697771760,2190293.4,2189821.1,2.862
1697771820,2188312.2,2189190.6,2.859
1697771880,2189667.3,2188820.2,2.861
1697771940,2189575.3,2189119.3,2.863
1697772000,2188387.7,2190337.4,2.848
1697772060,2189681.5,2187422.9,2.846
1697772120,2187475.4,2188000.8,2.841
1697772180,2186356.1,2186828.5,2.841
1697772240,2186087.8,2186550.3,2.853
1697772300,2185737.2,2185990.2,2.863
1697772360,2185783.5,2186205.9,2.865
1697772420,2187281,2189845.1,2.854
1697772480,2189430.1,2190707.6,2.866
1697772540,2190950.8,2191222.8,2.862
1697772600,2190728.3,2191054.3,2.852
1697772660,2191412,2192014.8,2.851
1697772720,2194508.1,2195592.3,2.852
1697772780,2195603.9,2195846.7,2.852
1697772840,2195953.4,2198301.6,2.847
1697772900,2199993,2200529.4,2.843
1697772960,2201353.9,2200466.9,2.844
1697773020,2199974.2,2199974.2,2.852
1697773080,2200940.8,2201028.2,2.857
1697773140,2198501.6,2198623.3,2.896
1697773200,2197531.3,2202586.2,2.902
1697773260,2202871.4,2203820.8,2.885
1697773320,2203148.9,2206022.3,2.869
1697773380,2206191.7,2206258.1,2.861
1697773440,2204895,2204677.4,2.857
1697773500,2204990.8,2207522.4,2.848
1697773560,2210187.5,2210632.7,2.847
1697773620,2210503.5,2210942.6,2.849
1697773680,2211404.7,2212539.4,2.844
1697773740,2213641.5,2213985.4,2.851
1697773800,2214641.6,2214549.4,2.851
1697773860,2213203.7,2214625.6,2.875
1697773920,2217510.1,2217641.3,2.887
1697773980,2218025.5,2218873.3,2.888
1697774040,2217720.2,2217720.2,2.894
1697774100,2216680,2219683.5,2.881
1697774160,2220444.9,2219420.2,2.879
1697774220,2219983.4,2220669.4,2.871
1697774280,2220649.3,2220833.4,2.881
1697774340,2221646.2,2219183.3,2.867
1697774400,2216721.9,2220489.3,2.862
1697774460,2220519.1,2220723.1,2.868
1697774520,2219677,2219348.8,2.865
1697774580,2220284.4,2220857.3,2.866
1697774640,2220059.8,2220999.3,2.87
1697774700,2219560.2,2217902.3,2.884
1697774760,2220945.8,2221690.2,2.887
1697774820,2227100.3,2225283.6,2.893
1697774880,2222763.5,2220884.9,2.868
1697774940,2226374.6,2225096.8,2.86
1697775000,2227527.8,2227527.8,2.875
1697775060,2226699.6,2228978.4,2.886
1697775120,2229236.7,2229046.5,2.885
1697775180,2228937.3,2228662.7,2.886
1697775240,2229562.8,2229984.5,2.887
1697775300,2232060.5,2230003.8,2.89
1697775360,2230459.4,2231245.5,2.917
1697775420,2231987.2,2237883.6,2.948
1697775480,2242334.9,2245989.2,2.93
1697775540,2247266.4,2249500.8,2.928
1697775600,2248828.6,2246466.1,2.925
1697775660,2245851.9,2246337,2.927
1697775720,2246098.3,2246083.5,2.926
1697775780,2245725.3,2240563.5,2.917
1697775840,2242365.1,2244766.4,2.918
1697775900,2246461.1,2244995.5,2.909
1697775960,2244795.5,2243276.5,2.918
1697776020,2242631.9,2242471.8,2.917
1697776080,2243656.5,2244220.2,2.917
1697776140,2244647.5,2244051.2,2.913
1697776200,2242585.7,2241987.2,2.905
1697776260,2242874.5,2242874.5,2.922
1697776320,2243530.7,2243952.5,2.923
1697776380,2244952.6,2246353.7,2.949
1697776440,2247305,2270834.8,3.019
1697776500,2292317.4,2308961.5,3.081
1697776560,2317481.1,2342383.1,3.073
1697776620,2350913.1,2363370.5,3.075
1697776680,2380444.2,2386447.5,3.109
1697776740,2374075,2374355.6,3.132
1697776800,2395701,2409068.9,3.15
1697776860,2427843.9,2452391.8,3.171
1697776920,2457507.7,2440755.7,3.201
1697776980,2467586.4,2466974,3.198
1697777040,2482278.2,2473502.8,3.196
1697777100,2501885.9,2518512.1,3.265
1697777160,2522929.3,2544743.3,3.294
1697777220,2564171.7,2553959.7,3.265
1697777280,2554021.7,2556092.9,3.309
1697777340,2562320.2,2569830.6,3.279
1697777400,2581591.2,2586919,3.286
1697777460,2597380.4,2610919.2,3.264
1697777520,2580267,2578271.3,3.258
1697777580,2587949.8,2587949.8,3.259
1697777640,2589000.2,2599283,3.258
1697777700,2606607,2627706.9,3.301
1697777760,2637218.9,2657007.3,3.331
1697777820,2660751.4,2668003.9,3.335
1697777880,2685689.3,2701998.5,3.35
1697777940,2689897.7,2728128.2,3.342
1697778000,2739248.6,2742441.6,3.365
1697778060,2758991.1,2750502.4,3.331
1697778120,2752027.6,2714076.1,3.292
1697778180,2722278,2735020.9,3.315
1697778240,2741723.7,2741676.9,3.33
1697778300,2750309.3,2752914.3,3.291
1697778360,2745618.5,2756281.5,3.317
1697778420,2770374.2,2786658.6,3.304
1697778480,2786710.3,2787084.8,3.317
1697778540,2785190.2,2791166,3.347
1697778600,2779627.6,2781007,3.416
1697778660,2785835.6,2792710.2,3.422
1697778720,2803833.1,2811746.4,3.434
1697778780,2848007.6,2850813.2,3.433
1697778840,2854935.4,2897956.1,3.431
1697778900,2933670.1,2943870.6,3.413
1697778960,2959305.2,2981144.4,3.41
1697779020,2985418.4,2994330.9,3.44
1697779080,3031067.9,3058180.3,3.418
1697779140,3071562.7,3074170.1,3.401
1697779200,3072489.7,3099707.5,3.426
1697779260,3105740.1,3107288,3.4
1697779320,3118192.6,3120091.7,3.414
1697779380,3122132.1,3118114.5,3.428
1697779440,3119251.9,3124883.7,3.43
1697779500,3141858.4,3114067.2,3.439
1697779560,3115780.5,3123136,3.413
1697779620,3127876.9,3137117.1,3.399
1697779680,3146507,3139149.9,3.404
1697779740,3141606.2,3149647.9,3.414
1697779800,3151751.7,3166539.4,3.414
1697779860,3158861.4,3157172.6,3.461
1697779920,3173712.6,3187134.7,3.479
1697779980,3149185,3159142.2,3.512
1697780040,3151885.1,3179487.1,3.488
1697780100,3190857,3209996.4,3.503
1697780160,3205337.3,3217023,3.484
1697780220,3222583.4,3252088.5,3.482
1697780280,3254890,3262283.6,3.516
1697780340,3289450.9,3306540.8,3.517
1697780400,3319906.7,3334036.7,3.522
1697780460,3347194.9,3411646,3.511
1697780520,3418804.3,3470661.9,3.51
1697780580,3480104.9,3495105.8,3.524
1697780640,3514804.3,3534249.3,3.528
1697780700,3548945.3,3563702.7,3.52
1697780760,3575434.6,3587471.5,3.539
1697780820,3611660,3616408.2,3.527
1697780880,3625990.5,3625746.4,3.557
1697780940,3625422.5,3670063.6,3.564
1697781000,3684170.3,3697009.5,3.559
1697781060,3702366.7,3707664.9,3.562
1697781120,3718423.2,3753179,3.572
1697781180,3777358.6,3791672.2,3.575
1697781240,3791753.1,3813803.9,3.564
1697781300,3823861.3,3802092.7,3.585
1697781360,3802750.1,3677943.6,3.629
1697781420,3708025.8,3710353.6,3.65
1697781480,3706344.1,3742314.5,3.662
1697781540,3759043.4,3788860.9,3.657
1697781600,3792544.9,3806870.5,3.7
1697781660,3768742.3,3804693.4,3.697
1697781720,3823618.5,3841772.8,3.67
1697781780,3871006.6,3844483.5,3.642
1697781840,3851941.8,3861110.6,3.662
1697781900,3869653.4,3845101.4,3.703
1697781960,3869271.5,3900046,3.7
1697782020,3920052,3946590.6,3.706
1697782080,3949490.7,3963325,3.711
1697782140,4004735.6,4011802.6,3.704
1697782200,4025039.1,4030726,3.713
1697782260,4032197.1,4002731.5,3.752
1697782320,4020528.7,4059148.9,3.745
1697782380,4065544.7,4071857.6,3.733
1697782440,4072806.5,4091213.2,3.745
1697782500,4099349.6,4120405.8,3.759
1697782560,4139492.8,4065989.3,3.794
1697782620,4084317.5,4107244.5,3.805
1697782680,4136780.2,4133595.9,3.803
1697782740,4145696.7,4154959.7,3.798
1697782800,4153070.4,4091448.6,3.871
1697782860,4105475.7,4100524.7,3.888
1697782920,4135278.9,4143610.9,3.896
1697782980,4184762.9,4184661.2,3.89
1697783040,4200072.4,4210948.5,3.914
1697783100,4208322.5,4230770.5,3.922
1697783160,4255241.3,4255841.9,3.933
1697783220,4297791.2,4302000.2,3.912
1697783280,4290059.5,4178796.7,3.9
1697783340,4191099.7,4172989.1,3.885
1697783400,4189846.2,4176630.9,3.859
1697783460,4190741.9,4201252.1,3.91
1697783520,4240826.8,4238247.5,3.926
1697783580,4231991.7,4249525.8,3.898
1697783640,4235207.8,4257545,3.938
1697783700,4267096.1,4276304.7,3.923
1697783760,4256418.9,4271253.3,3.919
1697783820,4274201.6,4277556,3.904
1697783880,4284729.5,4278157.5,3.944
1697783940,4283913.1,4297485.6,3.916
1697784000,4334657.7,4342501.5,3.882
1697784060,4337822.5,4346957.2,3.898
1697784120,4351813.5,4367400.9,3.876
1697784180,4402369.3,4383368.6,3.87
1697784240,4396104.4,4402833.7,3.857
1697784300,4403520.4,4420091.1,3.886
1697784360,4424050.5,4428679.8,3.883
1697784420,4427364.5,4430483.3,3.864
1697784480,4430343.3,4428739.7,3.866
1697784540,4429391.2,4437815.4,3.827
1697784600,4402207.9,4412815.8,3.828
1697784660,4408862,4392517.6,3.854
1697784720,4407471,4404257.7,3.875
1697784780,4417990.8,4425931.9,3.897
1697784840,4414744.8,4422521.1,3.919
1697784900,4393414.4,4388310.9,3.923
1697784960,4408757.8,4431318.5,3.91
1697785020,4448194.9,4472441,3.915
1697785080,4474739.7,4484455.1,3.919
1697785140,4497612.2,4528683.9,3.912
1697785200,4558753.5,4515348.6,3.861
1697785260,4532808.6,4546260.5,3.876
1697785320,4541790.4,4542982.4,3.875
1697785380,4545946.3,4548900.2,3.904
1697785440,4564831.9,4574042.2,3.903
1697785500,4574699.8,4579235.1,3.905
1697785560,4582992.5,4589284.3,3.887
1697785620,4588354.3,4599822.9,3.887
1697785680,4603623.4,4614250.8,3.871
1697785740,4614391,4621078.3,3.905
1697785800,4621431.4,4590463.4,3.91
1697785860,4594851.6,4604382.7,3.875
1697785920,4586151.1,4323211.3,3.77
1697785980,4305614.2,4302927.2,3.727
1697786040,4257849.1,4252746.9,3.723
1697786100,4266171.2,4282521.7,3.721
1697786160,4282677.4,4301445.6,3.741
1697786220,4315533.7,4304402.4,3.764
1697786280,4305600.7,4296599.9,3.8
1697786340,4296303.5,4311735.2,3.795
1697786400,4312680.8,4320912.6,3.828
1697786460,4321809.2,4281692,3.822
1697786520,4283992.2,4302534.1,3.835
1697786580,4300706,4308751.7,3.805
1697786640,4319492.9,4320477.7,3.816
1697786700,4326839,4319808,3.828
1697786760,4320222.8,4331896,3.819
1697786820,4337987.2,4346090.1,3.831
1697786880,4351491.6,4325415.2,3.853
1697786940,4310424.4,4327470.5,3.843
1697787000,4337124.5,4328769.8,3.828
1697787060,4326806.9,4328941.3,3.827
1697787120,4339647.8,4336118.6,3.84
1697787180,4344311.2,4342070,3.827
1697787240,4336899.6,4298751.1,3.802
1697787300,4316106.3,4344368.8,3.822
1697787360,4352626.4,4366051.1,3.826
1697787420,4360864.6,4366982.4,3.821
1697787480,4368057,4363312,3.813
1697787540,4370672.8,4374087.3,3.814
1697787600,4371764.3,4375458.3,3.842
1697787660,4359515.7,4349653.2,3.819
1697787720,4340821.9,4328128.8,3.806
1697787780,4332563.7,4331926.4,3.814
1697787840,4330963.4,4322190.8,3.822
1697787900,4313084.7,4302490.7,3.811
1697787960,4307922.1,4315442.5,3.803
1697788020,4312318.6,4314647.8,3.807
1697788080,4314922.5,4282266.1,3.83
1697788140,4285172,4277711.1,3.846
1697788200,4285423.6,4297945.4,3.844
1697788260,4282671.7,4292809.3,3.827
1697788320,4299123.7,4295885.3,3.833
1697788380,4296342.6,4327069.1,3.849
1697788440,4331810.7,4336405.3,3.86
1697788500,4332992.5,4343408.9,3.849
1697788560,4354237.2,4357218.9,3.834
1697788620,4347697.9,4347498.3,3.841
1697788680,4363381.1,4361941.3,3.844
1697788740,4373695.6,4398480.1,3.886
1697788800,4393530.2,4359054.7,3.872
1697788860,4360939.6,4316333.1,4.008
1697788920,4218508,4210301.6,3.964
1697788980,4239138.5,4271464.3,3.996
1697789040,4275859.9,4292141.9,4.021
1697789100,4337142.4,4358859.9,4.002
1697789160,4339003.3,4362820.3,3.977
1697789220,4384552.6,4429240,3.99
1697789280,4408006.2,4417914.7,3.999
1697789340,4445043,4441255.6,4.017
1697789400,4464092.9,4466221,3.982
1697789460,4475353.8,4481837.1,3.993
1697789520,4487297.4,4486635.7,3.997
1697789580,4491156.4,4505925,3.997
1697789640,4518216.3,4524929.2,3.994
1697789700,4530957,4531261.7,3.995
1697789760,4545313.1,4550036.7,3.996
1697789820,4550033,4550290.3,3.993
1697789880,4544741.5,4529781.2,3.98
1697789940,4537065.6,4528493.4,4.006
1697790000,4531003.2,4528309.4,3.998
1697790060,4533667.1,4560848.9,3.999
1697790120,4560345.3,4557168.7,4.001
1697790180,4558415.5,4556796.4,3.995
1697790240,4560641.4,4556519.1,3.985
1697790300,4558321.3,4572151.5,4.005
1697790360,4562718.2,4560488.8,3.997
1697790420,4557748.9,4556442.6,3.982
1697790480,4557576.6,4566128.1,3.99
1697790540,4565776.7,4571734.3,4.001
1697790600,4570562.2,4568462.5,4.011
1697790660,4560783.5,4508035.6,4.031
1697790720,4529351.1,4511850.9,4.002
1697790780,4527090.8,4545086.5,4
1697790840,4545788.8,4541506.2,3.98
1697790900,4537344.9,4521798.8,3.974
1697790960,4517541.8,4487720,3.963
1697791020,4483298.2,4416230.2,3.932
1697791080,4405594,4363570.2,3.867
1697791140,4293414.4,4273240.7,3.834
1697791200,4278484,4266553.1,3.822
1697791260,4257407.3,4257741,3.845
1697791320,4253596.2,4214925.5,3.883
1697791380,4228446.7,4230935.3,3.873
1697791440,4239063.5,4239063.5,3.891
1697791500,4225419.9,4236714.3,3.904
1697791560,4236795.7,4229737.6,3.929
1697791620,4232384.2,4232247.1,3.895
1697791680,4215654.9,4189457.2,3.818
1697791740,4170449.5,4157722.8,3.817
1697791800,4161266.3,4146188.7,3.85
1697791860,4151172.1,4142608.9,3.882
1697791920,4143515.7,4141580,3.885
1697791980,4140428.2,4145926.8,3.863
1697792040,4146942.3,4141434,3.884
1697792100,4133596.5,4133596.5,3.896
1697792160,4137528.2,4130500.7,3.945
1697792220,4121122,4111080.3,3.941
1697792280,4111535,4110504.6,3.929
1697792340,4119239.9,4124104.2,3.922
1697792400,4130617.6,4146069.6,3.929
1697792460,4155644.1,4170840.7,3.957
1697792520,4165834.5,4162320,3.965
1697792580,4159670.5,4163802.6,3.94
1697792640,4170588.3,4208663.8,3.957
1697792700,4206357.6,4203330.7,3.949
1697792760,4189649.2,4187077,3.956
1697792820,4188457.2,4178893.8,4.007
1697792880,4193961.5,4211317.7,4.017
1697792940,4212169,4231287.2,4.004
1697793000,4236475.2,4241439.8,3.989
1697793060,4238578.3,4254255.9,4.001
1697793120,4250690,4246141.4,3.979
1697793180,4251739.1,4257367.2,3.989
1697793240,4260129.7,4253220.7,3.992
1697793300,4253391.7,4271626.2,4.004
1697793360,4281005.7,4282530,3.989
1697793420,4285606.2,4275800.1,3.957
1697793480,4256285.5,4258777.2,3.965
1697793540,4267932.1,4277333.4,3.996
1697793600,4296485.8,4287836.6,3.994
1697793660,4277641.7,4280791.4,3.982
1697793720,4286968.4,4289131.9,3.98
1697793780,4298086.7,4291944.2,3.963
1697793840,4278788.2,4274462.5,3.976
1697793900,4272483.8,4278296.2,3.97
1697793960,4285275.2,4291113.2,3.978
1697794020,4288087.4,4306870.3,3.969
1697794080,4307206,4306856.4,3.948
1697794140,4280681,4260433.3,3.972
1697794200,4275194.3,4271420.9,3.968
1697794260,4275480.5,4269757.5,3.944
1697794320,4271785,4273124.2,3.947
1697794380,4246571.2,4249467.6,3.965
1697794440,4257989.8,4274741.9,3.948
1697794500,4273370.4,4278651.4,3.932
1697794560,4278174.4,4285278.5,3.946
1697794620,4287567.7,4288280.1,3.936
1697794680,4291398.1,4291398.1,3.934
1697794740,4294986.3,4296919.3,3.93
1697794800,4308046.7,4313391.4,3.932
1697794860,4318420.6,4317525.7,3.932
1697794920,4328813.9,4330717.6,3.938
1697794980,4327841.5,4338524.3,3.924
1697795040,4346547.2,4354491.1,3.921
1697795100,4359814.1,4350861.3,3.948
1697795160,4341973.8,4353863.5,3.945
1697795220,4358974.5,4360222.9,3.946
1697795280,4361137.8,4371025,3.943
1697795340,4382272.7,4394249.6,3.946
1697795400,4402985.1,4390550.3,3.963
1697795460,4391185.7,4392512.8,3.975
1697795520,4398452.7,4400242.1,3.946
1697795580,4403630.4,4408868.3,3.961
1697795640,4411087.5,4413991.3,3.962
1697795700,4417406.2,4421778.7,3.959
1697795760,4430934.7,4430495.9,3.97
1697795820,4429593.7,4435167.5,3.983
1697795880,4436841.6,4446008.7,3.981
1697795940,4458649.4,4461548.1,3.973
1697796000,4467762.4,4479742.2,3.985
1697796060,4487903.8,4496425.5,3.987
1697796120,4498459.1,4507069,3.975
1697796180,4509846.6,4503192.5,3.963
1697796240,4502886.9,4509771.4,3.981
1697796300,4517526.2,4516498.6,3.973
1697796360,4519822.5,4524410.9,3.998
1697796420,4530727.3,4532772.1,3.994
1697796480,4539398.8,4539871.6,3.981
1697796540,4541376,4542767.7,3.997
1697796600,4548141.7,4551201.4,3.983
1697796660,4546732.5,4555300.2,3.997
1697796720,4561047.4,4574565.3,4.018
1697796780,4582538.4,4571159.2,4.037
1697796840,4576256.4,4599955,4.04
1697796900,4624516.6,4601685.4,4.015
1697796960,4586263.9,4589488.9,4.025
1697797020,4593567.6,4601232.4,4.013
1697797080,4601570.8,4598469.8,4.013
1697797140,4599585.1,4599293.1,4.017
1697797200,4607951.8,4607793.1,4.008
1697797260,4606013.6,4576422.5,3.981
1697797320,4566094.7,4549754,3.973
1697797380,4525328,4532522.5,3.966
1697797440,4537011.1,4537630.3,3.95
1697797500,4554875.9,4551217.8,3.961
1697797560,4553960.2,4569436.4,3.965
1697797620,4575297.3,4577111.9,3.952
1697797680,4577478.2,4588519.8,3.959
1697797740,4586551.3,4589299.4,3.968
1697797800,4590072.6,4559884,3.925
1697797860,4580326.5,4569012.8,3.88
1697797920,4531168.6,4512029,3.87
1697797980,4518712.8,4517243.4,3.89
1697798040,4543072.2,4564859.6,3.894
1697798100,4563213.6,4573236.7,3.909
1697798160,4574806.5,4567108.9,3.923
1697798220,4570234.3,4600940.7,3.894
1697798280,4606116.9,4612635.5,3.903
1697798340,4608677.7,4617520.3,3.938
1697798400,4591071.1,4574050.7,3.912
1697798460,4543279.7,4548418,3.913
1697798520,4553776.2,4554864.2,3.911
1697798580,4551494.3,4559180.5,3.925
1697798640,4549491.3,4549216.9,3.918
1697798700,4549648.5,4533806.8,3.937
1697798760,4535186.4,4540115.9,3.939
1697798820,4546834.1,4548646.8,3.923
1697798880,4547751.6,4555270.7,3.888
1697798940,4550765.3,4558452.9,3.879
1697799000,4562308.8,4567944.1,3.887
1697799060,4568605.7,4542679.2,3.844
1697799120,4545882.4,4473783.1,3.784
1697799180,4408431.6,4396967.1,3.748
1697799240,4400832.3,4398233.5,3.759
1697799300,4374538,4359008.4,3.771
1697799360,4369766.7,4380981.7,3.772
1697799420,4384270.6,4399411.3,3.767
1697799480,4388580.2,4392509.3,3.785
1697799540,4393471.8,4401436.4,3.777
1697799600,4408431.1,4385058.2,3.789
1697799660,4400625.5,4411886.9,3.766
1697799720,4426904.1,4433789,3.753
1697799780,4443421.2,4426369.3,3.809
1697799840,4431168.6,4393942.4,3.834
1697799900,4409433.4,4415316.7,3.815
1697799960,4416803.7,4427416.3,3.809
1697800020,4431665.2,4443884.7,3.831
1697800080,4444527.3,4421622.4,3.862
1697800140,4401507,4402726.3,3.846
1697800200,4410151,4420873.7,3.867
1697800260,4424598,4434430.6,3.862
1697800320,4442947.6,4450700.8,3.849
1697800380,4450620.2,4462924,3.858
1697800440,4460530.6,4463118.9,3.855
1697800500,4470068.2,4476091.8,3.86
1697800560,4478181.4,4496540.9,3.875
1697800620,4492831.4,4449640,3.901
1697800680,4465067.8,4475753.5,3.893
1697800740,4481710.4,4481710.4,3.887
1697800800,4485035.3,4491439.6,3.873
1697800860,4489246.7,4492334.4,3.887
1697800920,4491681.6,4504689.5,3.893
1697800980,4501086.3,4508817.4,3.886
1697801040,4510363.5,4524627.5,3.89
1697801100,4535176.2,4526407.5,3.899
1697801160,4524774.4,4524643.3,3.899
1697801220,4534625.9,4544868.4,3.915
1697801280,4552753.3,4559733.6,3.909
1697801340,4566269.8,4571638,3.881
1697801400,4560460.5,4569239.8,3.902
1697801460,4572291.3,4575224.3,3.91
1697801520,4560907,4563428.5,3.897
1697801580,4556060.8,4549902.2,3.886
1697801640,4555912.8,4558080.2,3.89
1697801700,4563907.4,4568406.3,3.889
1697801760,4575863.1,4583409.4,3.88
1697801820,4586479.3,4592252.2,3.883
1697801880,4595812.4,4603447.9,3.867
1697801940,4608331.6,4614635.5,3.881
1697802000,4616317.4,4619321.9,3.887
1697802060,4617150.7,4616206.1,3.879
1697802120,4616772,4621009.6,3.868
1697802180,4621353.4,4621827,3.872
1697802240,4618083.2,4620192.3,3.883
1697802300,4619234.8,4579027.6,3.846
1697802360,4579019.9,4570444.2,3.83
1697802420,4570319.1,4570485,3.84
1697802480,4573440.1,4571351.1,3.844
1697802540,4571392.7,4565969.2,3.825
1697802600,4568395.7,4561606.1,3.792
1697802660,4542829.4,4535494.6,3.801
1697802720,4535078.1,4499215.5,3.806
1697802780,4507532.2,4502531.4,3.791
1697802840,4502039.1,4500207.7,3.805
1697802900,4494075.7,4487511.4,3.786
1697802960,4501242.5,4501242.5,3.788
1697803020,4506354.5,4476686.9,3.826
1697803080,4476480,4484369.1,3.841
1697803140,4487691.6,4492510.1,3.828
1697803200,4515674.3,4535033.2,3.828
1697803260,4535963.9,4544581,3.862
1697803320,4512526.9,4517634.5,3.836
1697803380,4529421.7,4545781.7,3.85
1697803440,4555185.8,4569228.8,3.848
1697803500,4569267.1,4545351.4,3.875
1697803560,4524913.6,4507558.4,3.899
1697803620,4517441,4487940.1,3.943
1697803680,4487226.8,4501435.7,3.945
1697803740,4516128.7,4525531.1,3.974
1697803800,4512830.5,4516776.2,3.961
1697803860,4529101.1,4530777.1,3.956
1697803920,4534487.3,4541149.9,3.914
1697803980,4533310.4,4539337.4,3.938
1697804040,4541828.3,4553227.9,3.924
1697804100,4561055.3,4563513.7,3.93
1697804160,4572687.4,4575715.4,3.943
1697804220,4592106.9,4590328,3.947
1697804280,4593216.8,4587116.1,3.937
1697804340,4581659.9,4572325.3,3.907
1697804400,4581014.9,4583024.6,3.913
1697804460,4591002.2,4604317.4,3.908
1697804520,4605853.9,4596231,3.886
1697804580,4597087.4,4600040.1,3.893
1697804640,4605913.2,4620877,3.878
1697804700,4618935,4619805.5,3.892
1697804760,4622254.8,4589425.3,3.855
1697804820,4588018.8,4586309.4,3.858
1697804880,4581484.6,4578339.1,3.825
1697804940,4592194.5,4592117.7,3.823
1697805000,4591215.4,4592059.4,3.861
1697805060,4592442.3,4609195.1,3.849
1697805120,4611864.2,4610329.1,3.854
1697805180,4609757.3,4596559.1,3.874
1697805240,4578598,4573827.3,3.884
1697805300,4561164.6,4558274.7,3.871
1697805360,4562728.1,4564020.4,3.869
1697805420,4565647.1,4566581.9,3.866
1697805480,4567489.7,4573263.8,3.873
1697805540,4570877,4568930.7,3.854
1697805600,4568365.5,4579877.9,3.855
1697805660,4583159.1,4582595.5,3.868
1697805720,4584125,4584882.3,3.869
1697805780,4583443.9,4587841,3.86
1697805840,4592163.2,4594417.3,3.875
1697805900,4594787.4,4598406.9,3.885
1697805960,4597640,4596855.7,3.86
1697806020,4598759.1,4598607.9,3.874
1697806080,4594715.3,4595376.8,3.867
1697806140,4599124.5,4600635.6,3.857
1697806200,4601114.4,4606806.6,3.855
1697806260,4605593.8,4606174.6,3.835
1697806320,4604005.1,4600154.6,3.845
1697806380,4603454.7,4606728.1,3.819
1697806440,4606014.2,4609080.3,3.848
1697806500,4599391,4600227,3.872
1697806560,4600374.6,4570775.7,3.895
1697806620,4572982.3,4578234.5,3.881
1697806680,4591850.5,4594588.2,3.88
1697806740,4598138,4598071.2,3.873
1697806800,4599994.9,4610449.5,3.871
1697806860,4617034.1,4628351.4,3.872
1697806920,4617911.4,4639334.9,3.906
1697806980,4643097.8,4643097.8,3.901
1697807040,4652243.8,4658687.5,3.888
1697807100,4658816.3,4662944.7,3.882
1697807160,4665316.1,4674878.1,3.913
1697807220,4679963.1,4682666.2,3.902
1697807280,4687606.4,4694094.2,3.893
1697807340,4696867,4694283.2,3.909
1697807400,4693542.5,4696376.4,3.913
1697807460,4698919.4,4687238,3.915
1697807520,4684637.1,4689581.7,3.915
1697807580,4687023.7,4687710.2,3.897
1697807640,4689879.4,4700513.4,3.891
1697807700,4702994.9,4708124.4,3.891
1697807760,4709023,4717843.9,3.909
1697807820,4725139.4,4726517.8,3.899
1697807880,4731405.4,4736762.7,3.939
1697807940,4744726.3,4756677.9,3.928
1697808000,4760922.7,4767915.3,3.93
1697808060,4759729.3,4756677.4,3.921
1697808120,4759978.2,4762463.2,3.924
1697808180,4762118.6,4770724.2,3.912
1697808240,4768032.6,4777466.1,3.921
1697808300,4778905.2,4783054.8,3.907
1697808360,4782373.6,4782664.6,3.903
1697808420,4782410.7,4770647.6,3.911
1697808480,4771798.8,4764885.6,3.93
1697808540,4761598.5,4764556.1,3.93
1697808600,4766602.4,4772101,3.923
1697808660,4761445.8,4757334.4,3.911
1697808720,4762445.4,4767230.3,3.912
1697808780,4765156.7,4770294.6,3.923
1697808840,4764297.5,4764587.9,3.921
1697808900,4770652.5,4765846.8,3.907
1697808960,4768655.2,4764103.1,3.884
1697809020,4766052.7,4762914.9,3.893
1697809080,4766152.3,4770557,3.903
1697809140,4767291.1,4766715.2,3.91
1697809200,4763153.4,4759141.5,3.892
1697809260,4765617.6,4768042.8,3.897
1697809320,4770397.2,4772354.4,3.89
1697809380,4770983.7,4771278.5,3.894
1697809440,4767381.5,4759959.8,3.874
1697809500,4761658.2,4756206,3.894
1697809560,4756651,4744224.4,3.9
1697809620,4751568.7,4751209.5,3.882
1697809680,4754705.2,4756072.7,3.901
1697809740,4754076.7,4758043.7,3.895
1697809800,4759274.7,4764513.4,3.904
1697809860,4765548.2,4772603.6,3.902
1697809920,4778612,4783830.3,3.904
1697809980,4789491.3,4772035.1,3.932
1697810040,4774205.3,4785354.2,3.914
1697810100,4793360.9,4795111.8,3.918
1697810160,4801818.1,4804640.3,3.913
1697810220,4806082,4821219.4,3.916
1697810280,4828581.9,4831228.2,3.915
1697810340,4838695.1,4845562.1,3.925
1697810400,4849540.2,4850301.4,3.931
1697810460,4854174.4,4862631.4,3.963
1697810520,4862192.1,4875879.5,3.953
1697810580,4882803.7,4890446.7,3.932
1697810640,4891208.6,4896425.6,3.916
1697810700,4879323.4,4884318.7,3.921
1697810760,4893211,4885632.2,3.89
1697810820,4881347.9,4878556.3,3.907
1697810880,4871570,4872668.2,3.905
1697810940,4871190.3,4872183.4,3.895
1697811000,4876272.5,4895111.2,3.897
1697811060,4899257.2,4897791.6,3.901
1697811120,4903426.7,4895959,3.895
1697811180,4901226.8,4876237.7,3.88
1697811240,4876663.5,4811777.3,3.836
1697811300,4809962.7,4819904.3,3.847
1697811360,4827136.1,4806076,3.855
1697811420,4816597.5,4827687.2,3.876
1697811480,4824523.8,4831712.2,3.877
1697811540,4800064.9,4803090.4,3.902
1697811600,4817853.5,4840894.3,3.901
1697811660,4847545,4846404.8,3.896
1697811720,4851397.6,4861624.6,3.904
1697811780,4865055,4871941.1,3.909
1697811840,4874006.8,4880314.4,3.9
1697811900,4874674.2,4883864.6,3.903
1697811960,4883307,4891842.9,3.903
1697812020,4892289.2,4893766.1,3.888
1697812080,4896134.4,4890021.8,3.888
1697812140,4890493,4898384.2,3.89
1697812200,4901868.4,4899154.1,3.899
1697812260,4899149.7,4906661.4,3.897
1697812320,4909586.6,4912681.2,3.899
1697812380,4919762.4,4938450.9,3.894
1697812440,4937943.1,4945547.6,3.893
1697812500,4945875.6,4954234.5,3.89
1697812560,4958376.1,4962142.7,3.899
1697812620,4962786,4927160.2,3.969
1697812680,4883380.1,4889203.1,4
1697812740,4915527.2,4923692.4,3.996
1697812800,4937347.4,4945401.5,3.97
1697812860,4945254.3,4942360.5,3.965
1697812920,4939224.2,4984079,3.972
1697812980,4983311.9,5002148.7,3.977
1697813040,5010456.5,5005627,3.957
1697813100,5010809.6,5018838.3,3.967
1697813160,4988378.7,4994910.4,4.005
1697813220,5001876.3,5050525.1,3.993
1697813280,5050275.3,5050422.2,3.984
1697813340,5056381.8,5075399.3,3.983
1697813400,5064615.5,5078730.5,3.993
1697813460,5086981.8,5111143.3,4.011
1697813520,5111487.5,5138888.3,4.02
1697813580,5151596.2,5057461.7,4.065
1697813640,5032986.6,5025458.6,4.118
1697813700,5030974.8,4945008.2,4.14
1697813760,4947878.3,5019071.4,4.175
1697813820,5065165.8,5120950.8,4.176
1697813880,5133876.1,5129471.3,4.15
1697813940,5158624,5204415.5,4.177
1697814000,5231821.6,5279518.6,4.177
1697814060,5329581.6,5258163,4.232
1697814120,5279206.3,5306952.5,4.29
1697814180,5274579,5291410.5,4.281
1697814240,5319167.4,5337191.7,4.244
1697814300,5366566.3,5414907.4,4.212
1697814360,5331690.7,5339905.9,4.188
1697814420,5369776.4,5393613.5,4.173
1697814480,5420684.9,5440445.3,4.168
1697814540,5409223.2,5418050.7,4.188
1697814600,5409374.5,5409374.5,4.207
1697814660,5416688.5,5429680.3,4.185
1697814720,5437595.4,5440702.8,4.21
1697814780,5450662.9,5475025.2,4.217
1697814840,5514785,5534360.8,4.221
1697814900,5563306.8,5562587.7,4.264
1697814960,5581856.4,5550285,4.204
1697815020,5570848.1,5549324.6,4.185
1697815080,5549671.9,5538942.2,4.178
1697815140,5532063,5546950.3,4.184
1697815200,5551126.5,5555131.7,4.179
1697815260,5562099.7,5576921.7,4.184
1697815320,5576748.9,5572782.7,4.195
1697815380,5584322.8,5592644.3,4.201
1697815440,5594042.7,5606901.7,4.178
1697815500,5561119,5547579,4.15
1697815560,5560316.1,5467577.6,4.131
1697815620,5468491.8,5480922,4.128
1697815680,5481798.3,5471614.3,4.128
1697815740,5475076.7,5469889,4.147
1697815800,5472905.7,5461902.2,4.16
1697815860,5469272,5455091.9,4.128
1697815920,5434553.4,5392802.6,4.125
1697815980,5398652.9,5394236.4,4.123
1697816040,5395873.3,5409711.4,4.128
1697816100,5398891.4,5388226.8,4.128
1697816160,5392544.5,5387908.8,4.136
1697816220,5395115.6,5408588,4.117
1697816280,5402481.8,5413755.1,4.115
1697816340,5411808.8,5430492.7,4.127
1697816400,5424343.3,5439612.2,4.144
1697816460,5438263.8,5440755.2,4.16
1697816520,5455156.5,5468974.9,4.163
1697816580,5464475.7,5468789,4.144
1697816640,5468317.7,5477190.7,4.162
1697816700,5477420.6,5497199,4.177
1697816760,5506944.2,5479889.3,4.197
1697816820,5494902.2,5504714.1,4.208
1697816880,5514382.2,5514938.7,4.189
1697816940,5525894.5,5539512,4.188
1697817000,5546400.4,5550115.7,4.178
1697817060,5531783.7,5503868.4,4.146
1697817120,5504130,5505397.5,4.148
1697817180,5505920.8,5499666,4.143
1697817240,5505938.7,5496882.8,4.172
1697817300,5495640.7,5504487.1,4.145
1697817360,5499089.9,5515205.6,4.163
1697817420,5511286.1,5521269.8,4.165
1697817480,5520498.6,5521203.9,4.185
1697817540,5528189,5550160.3,4.2
1697817600,5580730.3,5624571.6,4.159
1697817660,5650795.8,5674608.3,4.158
1697817720,5673774.1,5681312.7,4.121
1697817780,5678098.8,5626048,4.108
1697817840,5612407.9,5619277.6,4.127
1697817900,5632205.7,5641530.9,4.147
1697817960,5651483.2,5647471,4.141
1697818020,5642252.7,5652374.5,4.143
1697818080,5645402.8,5650612.2,4.132
1697818140,5645942.2,5652873.7,4.132
1697818200,5654353.1,5635608.3,4.112
1697818260,5636758.2,5626177.3,4.084
1697818320,5625249.9,5634850.6,4.094
1697818380,5628032.6,5637556.2,4.099
1697818440,5642935.7,5617737.6,4.083
1697818500,5611500.2,5617950,4.103
1697818560,5605187.5,5612923.6,4.105
1697818620,5612262.4,5601126.3,4.12
1697818680,5606583.5,5594200.2,4.111
1697818740,5594603.2,5596134.5,4.113
1697818800,5596671.6,5598630.4,4.11
1697818860,5595358.3,5598017.6,4.115
1697818920,5602601.6,5607621,4.127
1697818980,5610332.8,5608893.5,4.122
1697819040,5610847,5606775.1,4.137
1697819100,5596637.3,5595831.8,4.127
1697819160,5594678.1,5595177.5,4.117
1697819220,5602178.5,5601536.4,4.111
1697819280,5602460.2,5602687.2,4.122
1697819340,5605709.6,5607435.1,4.114
1697819400,5612842.1,5615284.5,4.178
1697819460,5573809.2,5593996.9,4.236
1697819520,5547559,5553048.3,4.198
1697819580,5558920.7,5566072.6,4.208
1697819640,5569052.7,5577218.9,4.189
1697819700,5575570.6,5567550.2,4.186
1697819760,5595040.6,5601645.2,4.175
1697819820,5588572.7,5581552.5,4.179
1697819880,5586472.1,5585872.7,4.176
1697819940,5588125.9,5588144.7,4.186
1697820000,5602700.9,5610050.8,4.194
1697820060,5624252,5629001.1,4.189
1697820120,5644781.7,5640825.6,4.175
1697820180,5642137.9,5636307.6,4.146
1697820240,5624240.6,5627366.3,4.174
1697820300,5628377.8,5628796.8,4.159
1697820360,5633842.5,5638958.1,4.156
1697820420,5641067.4,5651188,4.178
1697820480,5655933.4,5649276.4,4.175
1697820540,5651933.1,5654080.6,4.165
1697820600,5649958.8,5636927.9,4.143
1697820660,5634449.5,5636478.5,4.147
1697820720,5636896.1,5631434.8,4.158
1697820780,5633913,5634161,4.142
1697820840,5638378.4,5646100.3,4.156
1697820900,5648834.2,5655376.8,4.156
1697820960,5656642.2,5653393.1,4.169
1697821020,5659407.6,5661093.7,4.182
1697821080,5659748.4,5657867.2,4.195
1697821140,5655669.5,5660629.1,4.174
1697821200,5666092.4,5653204.2,4.156
1697821260,5657161,5652358.9,4.182
1697821320,5662531.5,5664609.8,4.192
1697821380,5661186.7,5648554.5,4.173
1697821440,5652891.6,5643592.6,4.143
1697821500,5615071.3,5528432.5,4.089
1697821560,5506314,5531358.5,4.11
1697821620,5514192,5520925.2,4.128
1697821680,5528620,5530153.8,4.129
1697821740,5546001.6,5549827.6,4.131
1697821800,5556203.3,5532432.3,4.159
1697821860,5545769.9,5537449.7,4.146
1697821920,5532291.4,5532332.7,4.158
1697821980,5530887.4,5517047.4,4.14
1697822040,5511850.2,5515704.8,4.12
1697822100,5524560.2,5528234.9,4.132
1697822160,5530527.5,5531377.5,4.14
1697822220,5535058.4,5533323.3,4.144
1697822280,5537064.3,5543160.4,4.151
1697822340,5554439.6,5581151.3,4.175
1697822400,5573487.7,5577924.1,4.191
1697822460,5584991.9,5593419.6,4.185
1697822520,5602150.6,5609211.2,4.2
1697822580,5620634.7,5628572.3,4.184
1697822640,5631450.9,5641002.6,4.192
1697822700,5644958.7,5644375.8,4.179
1697822760,5653301.8,5646949.6,4.216
1697822820,5658006.4,5679233.4,4.225
1697822880,5684402,5688693.5,4.212
1697822940,5679170.8,5695059.9,4.26
1697823000,5647812.2,5584231.1,4.252
1697823060,5588122.9,5589803.2,4.22
1697823120,5592564.7,5615751.7,4.232
1697823180,5622040.9,5628844.1,4.28
1697823240,5711638.4,5697198.6,4.302
1697823300,5713134.4,5642650,4.345
1697823360,5624832.7,5600841.9,4.358
1697823420,5629025.3,5641129.3,4.34
1697823480,5663594.8,5670643.7,4.3
1697823540,5664487,5692173.1,4.318
1697823600,5687252.5,5669948.4,4.285
1697823660,5667507,5681647.7,4.307
1697823720,5689542.6,5702222,4.3
1697823780,5709449.6,5726938.2,4.306
1697823840,5736784.6,5748536,4.301
1697823900,5760489.6,5769920,4.326
1697823960,5774436,5784704.8,4.282
1697824020,5764529.9,5762408,4.284
1697824080,5766137,5767603.8,4.299
1697824140,5762593.9,5785076.9,4.344
1697824200,5802126.4,5805125.2,4.331
1697824260,5816453.8,5834607,4.335
1697824320,5845107.8,5853577,4.32
1697824380,5869123.9,5874526.3,4.339
1697824440,5879601.7,5915743.2,4.381
1697824500,5875422.8,5867170.9,4.363
1697824560,5892595.7,5903293.3,4.356
1697824620,5913699,5928102,4.359
1697824680,5947671.3,5970774,4.404
1697824740,5957227.8,5960145,4.398
1697824800,5961983.7,5995123,4.397
1697824860,6001501.8,5982266.2,4.454
1697824920,5980383.9,5983715.7,4.447
1697824980,5989760.9,5995047.6,4.439
1697825040,6025048.1,6026387.6,4.449
1697825100,6024362,6061558.7,4.438
1697825160,6061548.2,6025591.6,4.44
1697825220,6043173.1,6054795.5,4.417
1697825280,6077641.6,6090068.3,4.45
1697825340,6078087.3,6099276.6,4.441
1697825400,6101205.4,6091293.3,4.395
1697825460,6048618.1,6037501.2,4.371
1697825520,6026733.8,6020685.5,4.353
1697825580,6000964.8,6009822.9,4.377
1697825640,6028770.5,6026969.2,4.344
1697825700,6030716.4,6046821.3,4.375
1697825760,6041847.5,6000762.1,4.335
1697825820,6014439.4,6026153.5,4.348
1697825880,6036095.1,6051549.9,4.327
1697825940,6055196.9,6067823.4,4.326
1697826000,6071094.5,6093661.9,4.337
1697826060,6099077.9,6074143.7,4.375
1697826120,6068580.3,6077319.1,4.385
1697826180,6085624,6090936.2,4.365
1697826240,6091746.8,6102259.8,4.377
1697826300,6093894.9,6079249.2,4.413
1697826360,6084218.4,6100254.4,4.402
1697826420,6103219.7,6106798.8,4.412
1697826480,6107241.1,6107894.6,4.4
1697826540,6110521.9,6092842,4.398
1697826600,6094645.3,6104853.7,4.395
1697826660,6117665.4,6114767.9,4.432
1697826720,6080196.3,6082104.5,4.43
1697826780,6089700.5,6114001.9,4.401
1697826840,6119226.4,6107270.4,4.365
1697826900,6112680.6,6097104.8,4.347
1697826960,6106259.8,6110031,4.36
1697827020,6112120.9,6115212.3,4.379
1697827080,6096258.7,6085986.5,4.396
1697827140,6093359.1,6093158,4.382
1697827200,6096277.4,6100519.9,4.381
1697827260,6108625.1,6109804,4.367
1697827320,6109724.4,6114850.6,4.363
1697827380,6111605,6107176,4.373
1697827440,6108986.5,6104839.9,4.379
1697827500,6107184.9,6111306.5,4.363
1697827560,6114667.4,6117159.8,4.341
1697827620,6106628.4,6108796.2,4.332
1697827680,6066752.3,6067950.8,4.351
1697827740,6068708.3,6072140.7,4.368
1697827800,6069682.9,6071002.7,4.372
1697827860,6072234.4,6070985.8,4.369
1697827920,6062265.3,6057225.1,4.375
1697827980,6065188.8,6067029,4.339
1697828040,6051887.8,6044201.1,4.353
1697828100,6046597.3,6048778.5,4.343
1697828160,6040888.6,6050417.8,4.317
1697828220,6053645.2,6051942.5,4.327
1697828280,6047943.1,6059055.7,4.344
1697828340,6055762.7,6050815.9,4.351
1697828400,6052007.3,6053524.9,4.356
1697828460,6055987.1,6062267.3,4.379
1697828520,6053231.7,6053969.2,4.373
1697828580,6061065.5,6067033.6,4.364
1697828640,6068690.7,6073122.5,4.36
1697828700,6072356,6078535.4,4.386
1697828760,6067646.6,6055023.7,4.414
1697828820,6063942.4,6083606.6,4.406
1697828880,6083755.1,6094509,4.407
1697828940,6090705.6,6095300.6,4.417
1697829000,6099291.4,6116013.8,4.411
1697829060,6129005.4,6135707.8,4.412
1697829120,6134450.5,6108737.5,4.375
1697829180,6112620.5,6108006.8,4.377
1697829240,6111024.5,6119664.4,4.38
1697829300,6121132.9,6128419.4,4.364
1697829360,6140441,6142558.3,4.371
1697829420,6144096.4,6149459.7,4.357
1697829480,6139989.8,6140291.8,4.356
1697829540,6146070.9,6146405.1,4.354
1697829600,6142638.2,6135485.9,4.341
1697829660,6135762.5,6140956.8,4.326
1697829720,6137993.3,6115018.1,4.299
1697829780,6044499.9,6064622.9,4.297
1697829840,6073125.8,6079108.3,4.303
1697829900,6090717.6,6096308.7,4.295
1697829960,6096792.4,6099050.2,4.309
1697830020,6093109.7,6113842.1,4.322
1697830080,6103885.3,6099319,4.325
1697830140,6098470,6103725.8,4.326
1697830200,6113149.7,6105044.9,4.325
1697830260,6106261.4,6085128.5,4.341
1697830320,6083835.4,6083862.2,4.339
1697830380,6084239.5,6089242.7,4.321
1697830440,6083353.1,6048292,4.293
1697830500,6040081.4,6049489.8,4.3
1697830560,6062778.6,6064027.6,4.299
1697830620,6064438.9,6056495.8,4.322
1697830680,6049742.9,6055860,4.323
1697830740,6055507.1,6054670,4.336
1697830800,6059102.7,6051340.1,4.33
1697830860,6056836.8,6056053.6,4.314
1697830920,6058978.7,6052347.3,4.32
1697830980,6049663.9,6049089.5,4.316
1697831040,6049366.9,6046466.5,4.266
1697831100,5925885.9,5878939.5,4.179
1697831160,5809478.5,5804279.6,4.136
1697831220,5810921.8,5811679.6,4.157
1697831280,5812106.9,5806374.9,4.175
1697831340,5790884.6,5786363.2,4.132
1697831400,5807459.4,5798021.6,4.139
1697831460,5772763.8,5771167.9,4.152
1697831520,5758419.7,5754435,4.169
1697831580,5732666.1,5732966.8,4.162
1697831640,5724642.5,5720864.1,4.149
1697831700,5719119.8,5714104.8,4.136
1697831760,5711997.8,5708934.5,4.173
1697831820,5708783.6,5717044.2,4.179
1697831880,5717027.5,5710400.4,4.167
1697831940,5706533,5719131.7,4.178
1697832000,5734957.1,5739111.2,4.114
1697832060,5747081.6,5755935.2,4.158
1697832120,5741955.2,5747542.2,4.181
1697832180,5751779.9,5701649.1,4.22
1697832240,5699068.5,5710453.4,4.233
1697832300,5720181.2,5721460.5,4.224
1697832360,5724724.5,5746813.4,4.221
1697832420,5742427.5,5738755.3,4.225
1697832480,5746862.7,5740312.4,4.243
1697832540,5701395.8,5719376.4,4.256
1697832600,5725825.2,5737855.7,4.248
1697832660,5751388.9,5755926.8,4.259
1697832720,5764596.9,5774959.3,4.248
1697832780,5775471.8,5774647.2,4.242
1697832840,5766335.6,5776547.8,4.253
1697832900,5785871.3,5786292.7,4.257
1697832960,5784678.5,5713290.9,4.292
1697833020,5728455.3,5725351.5,4.295
1697833080,5737684.9,5741879.8,4.293
1697833140,5749771.6,5749050.6,4.295
1697833200,5746954.3,5753445.3,4.28
1697833260,5755667.3,5760738.7,4.267
1697833320,5746033.4,5750762.5,4.274
1697833380,5755278.8,5752160.1,4.278
1697833440,5751576,5750734.4,4.279
1697833500,5748644.7,5752451.1,4.279
1697833560,5752751.5,5757822.9,4.279
1697833620,5752788.1,5752721.6,4.264
1697833680,5743006.3,5745601.5,4.267
1697833740,5746663.9,5748421,4.216
1697833800,5737946.6,5749644.9,4.241
1697833860,5751555.5,5761923.1,4.254
1697833920,5764092,5769819.9,4.269
1697833980,5757169.1,5758154.2,4.272
1697834040,5759911.4,5763912.2,4.259
1697834100,5764874.7,5744866.8,4.296
1697834160,5738752.9,5744072.8,4.295
1697834220,5745623.5,5747842.3,4.308
1697834280,5747066.7,5746803.8,4.323
1697834340,5751351.9,5750466.2,4.31
1697834400,5748945.2,5756615.1,4.32
1697834460,5759656.1,5758136.9,4.308
1697834520,5759037,5762542.6,4.323
1697834580,5771315,5763645.7,4.313
1697834640,5762720.3,5771493.2,4.313
1697834700,5770612.3,5779920,4.298
1697834760,5781533.9,5782428.4,4.31
1697834820,5790895.1,5778482.8,4.296
1697834880,5777131.7,5778147.9,4.302
1697834940,5776616.9,5774354.7,4.288
1697835000,5767609.2,5769493.2,4.285
1697835060,5772190.9,5757918.4,4.288
1697835120,5751912.7,5765813.6,4.278
1697835180,5755493.3,5760526.5,4.278
1697835240,5760383.8,5759636.8,4.288
1697835300,5760195.3,5757901.9,4.281
1697835360,5754373.9,5749513.7,4.297
1697835420,5755212.3,5755258.8,4.283
1697835480,5757345.7,5747821.3,4.281
1697835540,5749024.2,5752728.3,4.269
1697835600,5757894.6,5764537.7,4.296
1697835660,5754634.7,5755574.4,4.314
1697835720,5754976.6,5759550.6,4.279
1697835780,5758563.1,5763082.7,4.256
1697835840,5764191.4,5766060.4,4.272
1697835900,5764708.4,5754855.1,4.285
1697835960,5763904.9,5773247.3,4.298
1697836020,5776211.2,5782115.3,4.299
1697836080,5782477.2,5786818.4,4.299
1697836140,5791069.8,5795877.2,4.319
1697836200,5808939.7,5804714.9,4.298
1697836260,5808013.8,5802087.4,4.299
1697836320,5803337,5807855.7,4.287
1697836380,5802557.9,5799479,4.278
1697836440,5808607.5,5808619.9,4.282
1697836500,5808797.8,5805141.3,4.271
1697836560,5800939.6,5802325.1,4.299
1697836620,5792872.5,5799961.3,4.286
1697836680,5795987.6,5804249.6,4.262
1697836740,5801421.5,5805663.7,4.273
1697836800,5803765.9,5789587.5,4.315
1697836860,5792034.3,5797663.9,4.308
1697836920,5804020.8,5806524.2,4.318
1697836980,5805580,5807310.9,4.311
1697837040,5809541.8,5806278.5,4.298
1697837100,5808875.2,5808794,4.295
1697837160,5809830.4,5805910.8,4.297
1697837220,5804643.6,5805962.8,4.297
1697837280,5805203.4,5809750.2,4.3
1697837340,5805884.8,5806869.9,4.307
1697837400,5806199.3,5809413.7,4.303
1697837460,5812510.4,5812996.3,4.299
1697837520,5814337.3,5818321,4.3
1697837580,5818115,5818115,4.308
1697837640,5815946.4,5817936.9,4.32
1697837700,5808490.3,5826336.1,4.336
1697837760,5829359.6,5835763.8,4.329
1697837820,5850099.3,5854494,4.334
1697837880,5863221.9,5869166.8,4.339
1697837940,5868704.8,5857600.7,4.327
1697838000,5856313.4,5846444.2,4.319
1697838060,5846783.8,5852492.3,4.315
1697838120,5848149.1,5845255.9,4.317
1697838180,5839743.3,5841952.5,4.31
1697838240,5838301,5842580.4,4.309
1697838300,5840447.9,5841453.5,4.33
1697838360,5843448.7,5815615.4,4.339
1697838420,5818129,5819915.3,4.324
1697838480,5819064.4,5822137.4,4.324
1697838540,5823128.1,5834418.1,4.349
1697838600,5850556.5,5859254.3,4.341
1697838660,5859993.9,5866907.3,4.353
1697838720,5872710.6,5873493,4.347
1697838780,5875082.3,5881957.2,4.354
1697838840,5884902.4,5886807.4,4.338
1697838900,5886708.2,5869100.3,4.323
1697838960,5867495.8,5872159.4,4.311
1697839020,5876877,5876811,4.324
1697839080,5877276.2,5880371.2,4.322
1697839140,5881622.5,5885702.9,4.316
1697839200,5888236.4,5896458.6,4.325
1697839260,5899000.6,5889879.9,4.303
1697839320,5890888.3,5889723.4,4.31
1697839380,5888844.6,5867865.7,4.333
1697839440,5875107,5879929.2,4.338
1697839500,5879757.2,5878419.5,4.331
1697839560,5882077.7,5883961.4,4.33
1697839620,5881180.5,5891401.6,4.341
1697839680,5890086,5881908,4.348
1697839740,5883640.3,5887581.8,4.339
1697839800,5887238.6,5886669.2,4.33
1697839860,5892266.6,5898042.5,4.336
1697839920,5899280.9,5904890.3,4.329
1697839980,5908597.8,5907144.5,4.321
1697840040,5913613.3,5912280.9,4.255
1697840100,5854174,5740481.2,4.184
1697840160,5751887,5762943.6,4.192
1697840220,5787292.9,5782569.3,4.206
1697840280,5781512,5783124.1,4.215
1697840340,5780037.6,5774777.4,4.226
1697840400,5785425.8,5783969.4,4.24
1697840460,5784951.9,5784941.4,4.236
1697840520,5787268.4,5774245,4.258
1697840580,5780069.3,5779975.7,4.258
1697840640,5794357.9,5787183.2,4.248
1697840700,5789217.6,5793308,4.265
1697840760,5794248.6,5786642.2,4.271
1697840820,5789179,5789179,4.279
1697840880,5796681.5,5795091.6,4.27
1697840940,5793558.4,5793478.4,4.28
1697841000,5802123.4,5736966,4.32
1697841060,5740362.1,5745514,4.323
1697841120,5750611,5759283.4,4.341
1697841180,5781094.9,5783664.5,4.332
1697841240,5802546.2,5821705.6,4.339
1697841300,5828182.5,5831541.4,4.336
1697841360,5840186.9,5849489.1,4.349
1697841420,5852652.7,5854665,4.336
1697841480,5850386.1,5852941,4.326
1697841540,5844758,5841313.5,4.334
1697841600,5842231.4,5845299.1,4.327
1697841660,5843354.1,5845389.9,4.317
1697841720,5832002.7,5835569.8,4.326
1697841780,5835236.8,5842792,4.326
1697841840,5845028.1,5854848.1,4.325
1697841900,5848920,5852997.9,4.334
1697841960,5859292.4,5862730,4.321
1697842020,5869599.4,5874203.4,4.336
1697842080,5867875.5,5862458.4,4.331
1697842140,5871516,5878038,4.335
1697842200,5873014.6,5866892.8,4.333
1697842260,5869539.9,5873654.3,4.319
1697842320,5878005.4,5879714.8,4.327
1697842380,5876931.2,5876948.4,4.324
1697842440,5876774.5,5870782.6,4.317
1697842500,5834760.6,5845674.2,4.287
1697842560,5850852.7,5853782.3,4.271
1697842620,5850327.2,5845142.3,4.29
1697842680,5838410.2,5843887.3,4.283
1697842740,5851114.3,5843981.1,4.293
1697842800,5831842,5828034.2,4.312
1697842860,5825838.9,5825844.9,4.334
1697842920,5829268.2,5836204,4.327
1697842980,5832330.1,5834234.7,4.321
1697843040,5835957.4,5836235,4.313
1697843100,5834026.4,5804992.4,4.266
1697843160,5817915.7,5827205.9,4.288
1697843220,5821537.8,5822906.2,4.287
1697843280,5820440.8,5824517.7,4.262
1697843340,5832622.8,5804792.1,4.262
1697843400,5805104,5811918.3,4.263
1697843460,5811434.3,5811058.5,4.293
1697843520,5810520.8,5808666.9,4.267
1697843580,5811900.5,5807815.4,4.246
1697843640,5809664.9,5794937.5,4.225
1697843700,5793765.5,5793692.5,4.248
1697843760,5795211,5792127.8,4.229
1697843820,5786847.7,5792765,4.238
1697843880,5793715.7,5793971,4.208
1697843940,5794254.6,5796515.1,4.218
1697844000,5798444.6,5810466.7,4.202
1697844060,5812453.5,5796051.1,4.22
1697844120,5794453.6,5776353.7,4.272
1697844180,5750060.7,5753687.4,4.262
1697844240,5757995.7,5761273.4,4.246
1697844300,5760871.3,5760827.5,4.245
1697844360,5765338.7,5772747.4,4.268
1697844420,5764495.3,5763709,4.264
1697844480,5767607.1,5767290.9,4.255
1697844540,5764947.3,5766818.4,4.254
1697844600,5771608.5,5771589.6,4.263
1697844660,5766883.7,5765601.9,4.289
1697844720,5767194.3,5758536,4.274
1697844780,5755428.9,5765091.3,4.285
1697844840,5766010.7,5770809.3,4.261
1697844900,5775236,5780405.9,4.262
1697844960,5783062.6,5783132.7,4.258
1697845020,5781049.2,5773553.2,4.249
1697845080,5774344.1,5774323,4.264
1697845140,5772101.3,5759618.7,4.243
1697845200,5757251.6,5754087.5,4.233
1697845260,5751466.1,5751607.4,4.238
1697845320,5754780.1,5755215.8,4.227
1697845380,5756287.6,5760871.7,4.241
1697845440,5762093.6,5761421,4.237
1697845500,5760855.8,5751313.2,4.226
1697845560,5756922.8,5761137.8,4.217
1697845620,5763827.6,5767023.6,4.217
1697845680,5767803.1,5774575.7,4.232
1697845740,5770839.8,5765365.8,4.235
1697845800,5768706.3,5760128.5,4.164
1697845860,5737131,5730450.8,4.151
1697845920,5725920.2,5693831.8,4.132
1697845980,5701077.2,5686078.1,4.17
1697846040,5667936.8,5662293.9,4.182
1697846100,5662157.4,5658760.5,4.174
1697846160,5657391.6,5657391.6,4.195
1697846220,5640367.5,5633531.6,4.182
1697846280,5632961,5641780.9,4.17
1697846340,5638379.7,5648386.2,4.192
1697846400,5652946.3,5665192.4,4.168
1697846460,5666005.1,5664598.3,4.219
1697846520,5626620.6,5627872.4,4.231
1697846580,5632949.8,5647352.6,4.215
1697846640,5639380.6,5646373.9,4.227
1697846700,5649048.7,5666488.3,4.238
1697846760,5669157.9,5678061.6,4.257
1697846820,5680377.6,5688204.1,4.266
1697846880,5670457.3,5673219.6,4.309
1697846940,5685626.3,5698819.2,4.297
1697847000,5719339.2,5729891,4.326
1697847060,5674566.1,5695510.1,4.334
1697847120,5722736.7,5729302.2,4.331
1697847180,5717442.3,5729863.5,4.329
1697847240,5728255.4,5737798.5,4.326
1697847300,5760598.7,5776052.9,4.339
1697847360,5785272.2,5796228.7,4.336
1697847420,5798949.6,5819921.2,4.322
1697847480,5825367.2,5828986.1,4.327
1697847540,5830620.8,5842801.3,4.36
1697847600,5853659.8,5823804.6,4.428
1697847660,5782017.8,5789176.9,4.395
1697847720,5791859.8,5799576.2,4.387
1697847780,5796203.8,5804046.9,4.372
1697847840,5802246.8,5801548.1,4.385
1697847900,5799819.6,5802866.8,4.395
1697847960,5808654.8,5814380.6,4.381
1697848020,5822924.5,5805508.2,4.36
1697848080,5809557.1,5812321,4.362
1697848140,5812798.2,5812467,4.355
1697848200,5814967.8,5805193.9,4.319
1697848260,5777751,5769066.5,4.344
1697848320,5771955.8,5771413,4.345
1697848380,5777717.2,5780106.7,4.368
1697848440,5779142.1,5791478.1,4.367
1697848500,5795901.9,5802389.8,4.349
1697848560,5803455.5,5808705.4,4.333
1697848620,5814423.2,5819027.2,4.343
1697848680,5818466.3,5827362.2,4.361
1697848740,5818993.1,5825462.6,4.376
1697848800,5832068.8,5841496.4,4.41
1697848860,5842055.3,5847186.9,4.404
1697848920,5844747.3,5848345.5,4.385
1697848980,5848546,5844329.1,4.366
1697849040,5846190.4,5845659,4.369
1697849100,5852038.9,5873813,4.412
1697849160,5879272.6,5892978.7,4.407
1697849220,5891652.2,5912539.8,4.406
1697849280,5915894.3,5917907.8,4.408
1697849340,5920031.2,5848650.8,4.449
1697849400,5847782.1,5841037.8,4.447
1697849460,5846972.8,5830378.8,4.4
1697849520,5819657,5819397.9,4.377
1697849580,5836720.7,5836720.7,4.406
1697849640,5839369.2,5837773.2,4.399
1697849700,5839331,5859457.3,4.403
1697849760,5869443.1,5874335.7,4.405
1697849820,5877507.7,5878047.1,4.389
1697849880,5878518.3,5884913.4,4.38
1697849940,5891789.9,5889921.7,4.382
1697850000,5889783.2,5890826.2,4.402
1697850060,5896648.1,5897039.6,4.362
1697850120,5890829.9,5896089.1,4.396
1697850180,5889060.3,5911100.2,4.4
1697850240,5910038,5916405.1,4.393
1697850300,5917598.7,5924187.5,4.398
1697850360,5922598.7,5926870.5,4.381
1697850420,5921872.9,5920294,4.392
1697850480,5921805.1,5931358,4.398
1697850540,5929326.3,5938149.1,4.411
1697850600,5942225.5,5959269.4,4.44
1697850660,5956828.9,5964262.6,4.43
1697850720,5965679.9,5989199.5,4.437
1697850780,6006109.5,6004019.8,4.462
1697850840,6006205.6,6016254.7,4.569
1697850900,5606823.2,5599974.5,4.603
1697850960,5589479.3,5584211.5,4.578
1697851020,5589987.5,5624657,4.59
1697851080,5621756.4,5629701,4.555
1697851140,5620294.9,5634139.2,4.528
1697851200,5632949.4,5657906,4.534
1697851260,5664691.9,5656632.7,4.497
1697851320,5651829.1,5652975,4.499
1697851380,5657619.6,5661731.9,4.51
1697851440,5662082.3,5698936.4,4.533
1697851500,5714868.8,5728326.6,4.531
1697851560,5730746.3,5748838.6,4.519
1697851620,5749493.5,5766173.9,4.521
1697851680,5774551.1,5794938,4.525
1697851740,5794291.4,5795341.4,4.5
1697851800,5807091.1,5781242.9,4.444
1697851860,5758722.5,5700745.5,4.385
1697851920,5686089.9,5639210.5,4.344
1697851980,5637735.7,5633085.2,4.36
1697852040,5642247.5,5647500.3,4.347
1697852100,5639540.7,5649456.4,4.35
1697852160,5652738.9,5634283.5,4.375
1697852220,5612606.3,5598818.8,4.438
1697852280,5602383.4,5606280.3,4.379
1697852340,5604660.1,5607359.3,4.388
1697852400,5608359.6,5613146.9,4.395
1697852460,5621071.7,5619346.2,4.355
1697852520,5603327.6,5609209.5,4.368
1697852580,5612092,5631136.9,4.405
1697852640,5628391.1,5652871.4,4.419
1697852700,5660254.9,5665407.5,4.407
1697852760,5668241.6,5679784.8,4.434
1697852820,5679920.8,5688706.1,4.436
1697852880,5688734.5,5690825.2,4.419
1697852940,5696089.5,5701029.4,4.418
1697853000,5694806.9,5700876.8,4.413
1697853060,5702474,5710554,4.418
1697853120,5715862.2,5720523,4.426
1697853180,5720297.1,5724136.9,4.472
1697853240,5727291.2,5728292.6,4.453
1697853300,5729117.4,5738333.9,4.448
1697853360,5746626.2,5739512.2,4.442
1697853420,5749455.9,5751756.8,4.441
1697853480,5768363.4,5772017.6,4.424
1697853540,5778322.2,5779726.9,4.417
1697853600,5775665.7,5758129.2,4.4
1697853660,5765091.5,5772199.3,4.433
1697853720,5779107.9,5785607.2,4.417
1697853780,5784793.1,5782155,4.435
1697853840,5784132,5790425.8,4.416
1697853900,5789664.5,5782447.6,4.405
1697853960,5793427.5,5796765.2,4.412
1697854020,5796870.2,5781582.9,4.391
1697854080,5779236,5781477.6,4.399
1697854140,5784280.2,5782634.2,4.363
1697854200,5793954.1,5797009,4.382
1697854260,5801003.5,5804048.6,4.382
1697854320,5805756.2,5813401.9,4.394
1697854380,5818867.7,5815569.2,4.404
1697854440,5818991,5821277.7,4.415
1697854500,5822758,5828289.8,4.415
1697854560,5826643.9,5821353.5,4.35
1697854620,5815737.6,5651190.7,4.247
1697854680,5638212.7,5638212.7,4.261
1697854740,5642905.7,5621600.6,4.264
1697854800,5619721.5,5617964.7,4.268
1697854860,5635662.4,5634909,4.245
1697854920,5638088.9,5650012.9,4.212
1697854980,5634539,5644110.7,4.204
1697855040,5650670.9,5652935.3,4.241
1697855100,5655125,5654516.8,4.263
1697855160,5648156.5,5653490.2,4.258
1697855220,5649193.9,5653475.9,4.263
1697855280,5650725.2,5657585,4.277
1697855340,5660694.1,5664882.1,4.285
1697855400,5647305.3,5655194.5,4.28
1697855460,5656823,5652770.2,4.257
1697855520,5657287.2,5669104.3,4.253
1697855580,5674974.5,5673544.4,4.264
1697855640,5676647.7,5675988.5,4.279
1697855700,5683440.2,5688222.9,4.264
1697855760,5688553.4,5684818.1,4.25
1697855820,5673353.8,5683556.8,4.247
1697855880,5683871.3,5690491.9,4.252
1697855940,5692890.3,5694187.6,4.255
1697856000,5695980.6,5690119,4.234
1697856060,5703056.8,5717483.1,4.22
1697856120,5716863.3,5724900.9,4.223
1697856180,5734420.3,5739632.8,4.207
1697856240,5695179.7,5700645.5,4.098
1697856300,5650951.9,5398552.6,3.947
1697856360,5423360.5,5391250.5,3.925
1697856420,5413552.9,5406578.2,3.938
1697856480,5408089,5427865.1,3.95
1697856540,5432205.9,5454215,3.915
1697856600,5459201,5464171.9,3.896
1697856660,5474165.7,5475714.3,3.933
1697856720,5475723.2,5464900.3,3.971
1697856780,5452649.4,5477089.8,3.96
1697856840,5481310.9,5493029,3.952
1697856900,5511732,5507799.2,3.96
1697856960,5522183.9,5534859.2,3.957
1697857020,5538688.6,5543064.4,3.95
1697857080,5549344.7,5555307.7,3.994
1697857140,5556635.3,5511986.5,4.008
1697857200,5521062.4,5530153.2,4.026
1697857260,5506784.3,5497717.2,3.965
1697857320,5487002.4,5522919.7,3.958
1697857380,5520839.4,5542318.7,3.961
1697857440,5548533,5575940.4,3.932
1697857500,5596918,5605480.8,3.934
1697857560,5605987,5620533,3.961
1697857620,5607026.6,5609808,3.973
1697857680,5599406.8,5596366.7,3.956
1697857740,5591965.7,5598699.5,3.947
1697857800,5603620,5603620,3.888
1697857860,5580786.4,5597063.4,3.902
1697857920,5584382.6,5585101.8,3.928
1697857980,5591533.7,5586565.2,3.911
1697858040,5586228,5594940.7,3.945
1697858100,5597056.4,5605900.6,3.936
1697858160,5610619.9,5615147.4,3.944
1697858220,5628400.8,5632556.9,3.959
1697858280,5624912.1,5621894.9,3.955
1697858340,5625953.5,5606337.4,3.944
1697858400,5608695.1,5610346.8,3.937
1697858460,5601005.5,5602959,3.954
1697858520,5605145.8,5603115.3,3.948
1697858580,5603508.6,5599469.3,3.956
1697858640,5600804,5585537.1,3.97
1697858700,5579575.8,5578835,3.959
1697858760,5579272.3,5582918.5,3.947
1697858820,5582212.3,5585682.7,3.9
1697858880,5565467.8,5494737.6,3.852
1697858940,5505278.4,5527381.8,3.911
1697859000,5559650.5,5565233.8,3.929
1697859060,5563455.2,5575558.5,3.948
1697859120,5573642.4,5572451.1,3.942
1697859180,5583285.6,5578140.3,3.918
1697859240,5575421.2,5587939.9,3.931
1697859300,5581967.6,5584760.2,3.923
1697859360,5586826.2,5572473.6,3.944
1697859420,5559633.1,5538801.1,3.954
1697859480,5532988.5,5524624.7,3.95
1697859540,5532294.1,5529766.4,3.962
1697859600,5531785.1,5530630.6,3.953
1697859660,5529033,5527065,3.951
1697859720,5530373.6,5530373.6,3.935
