"OI_open","OI_close","timestamp","price_open","price_close"
4104130,4105970,1698016380,0.172,0.1724
4121060,4116000,1698016440,0.1722,0.1716
4116140,4122250,1698016500,0.1718,0.1708
4122250,4124010,1698016560,0.1715,0.1709
4124840,4119890,1698016620,0.1708,0.1703
4119890,4119440,1698016680,0.1703,0.1702
4119440,4119880,1698016740,0.1704,0.1704
4119860,4118900,1698016800,0.1703,0.1698
4118900,4103500,1698016860,0.1699,0.1695
4103500,4103520,1698016920,0.1695,0.1695
4103520,4102150,1698016980,0.1695,0.1705
4102190,4127360,1698017040,0.1705,0.1731
4126590,4176390,1698017100,0.1731,0.1733
4177760,4221180,1698017160,0.1734,0.1728
4221180,4264970,1698017220,0.1728,0.1717
4264970,4265810,1698017280,0.1719,0.1719
4265810,4265980,1698017340,0.1721,0.172
4265980,4260090,1698017400,0.172,0.1717
4260090,4259800,1698017460,0.172,0.1721
4259800,4261010,1698017520,0.1723,0.1717
4261010,4263920,1698017580,0.1716,0.1715
4263340,4252420,1698017640,0.1715,0.1716
4252260,4262530,1698017700,0.1714,0.1724
4262530,4256240,1698017760,0.1723,0.1723
4256250,4250120,1698017820,0.1723,0.1718
4249040,4249170,1698017880,0.1716,0.1715
4249170,4249990,1698017940,0.1716,0.1716
4249990,4249980,1698018000,0.1715,0.1718
4249670,4249500,1698018060,0.1719,0.1723
4249500,4249500,1698018120,0.1722,0.1722
4249500,4249500,1698018180,0.1722,0.1722
4249500,4247400,1698018240,0.1722,0.1726
4247400,4247410,1698018300,0.1726,0.1723
4247410,4249980,1698018360,0.1722,0.1721
4249980,4249980,1698018420,0.1721,0.1721
4249980,4250000,1698018480,0.1721,0.1721
4250000,4248090,1698018540,0.1721,0.1716
4248090,4247820,1698018600,0.1718,0.172
4247820,4237500,1698018660,0.1716,0.1706
4237500,4227860,1698018720,0.1706,0.1699
4226800,4222420,1698018780,0.1699,0.1698
4222420,4209790,1698018840,0.1699,0.1689
4211580,4210970,1698018900,0.1686,0.1692
4210970,4211060,1698018960,0.1692,0.1692
4211060,4211050,1698019020,0.1691,0.1691
4211050,4212360,1698019080,0.1693,0.1697
4212360,4211140,1698019140,0.1698,0.1702
4211140,4224880,1698019200,0.1704,0.1697
4223570,4218560,1698019260,0.1696,0.1698
4218560,4230890,1698019320,0.1698,0.1714
4221360,4218000,1698019380,0.1717,0.1727
4218010,4219390,1698019440,0.1727,0.1724
4219410,4219390,1698019500,0.1722,0.1719
4219390,4229250,1698019560,0.1719,0.1719
4229250,4233930,1698019620,0.1722,0.1715
4233930,4234290,1698019680,0.1716,0.1718
4234290,4233000,1698019740,0.172,0.173
4233000,4228090,1698019800,0.1729,0.1733
4228050,4229090,1698019860,0.1733,0.1728
4229090,4230780,1698019920,0.1727,0.1727
4231430,4233990,1698019980,0.1727,0.172
4234080,4221070,1698020040,0.1721,0.1712
4221070,4225040,1698020100,0.1711,0.1715
4225040,4225010,1698020160,0.1713,0.1712
4225010,4225570,1698020220,0.1712,0.1698
4224940,4216770,1698020280,0.1703,0.1702
4216770,4246850,1698020340,0.1702,0.1697
4246810,4242000,1698020400,0.1697,0.1699
4242000,4238350,1698020460,0.1699,0.1694
4238350,4219160,1698020520,0.1693,0.1675
4214190,4203700,1698020580,0.1676,0.1685
4203700,4232580,1698020640,0.168,0.1675
4232580,4233060,1698020700,0.1675,0.1669
4233060,4215310,1698020760,0.1675,0.1678
4215310,4204960,1698020820,0.1679,0.1683
4204960,4206370,1698020880,0.168,0.1684
4206370,4220130,1698020940,0.1684,0.169
4220170,4221510,1698021000,0.1689,0.1689
4221510,4202080,1698021060,0.1686,0.1676
4202080,4207330,1698021120,0.1675,0.1673
4207330,4215070,1698021180,0.1673,0.1672
4215070,4214060,1698021240,0.1671,0.1667
4214060,4210720,1698021300,0.1667,0.1666
4210720,4187320,1698021360,0.1667,0.1674
4184810,4170220,1698021420,0.1669,0.1667
4170220,4141920,1698021480,0.1667,0.1649
4141920,4132960,1698021540,0.1651,0.1648
4132960,4134300,1698021600,0.1648,0.1654
4134300,4135830,1698021660,0.1657,0.1665
4135830,4136180,1698021720,0.1663,0.166
4136180,4142710,1698021780,0.1661,0.1657
4142710,4142360,1698021840,0.1657,0.1656
4137590,4128780,1698021900,0.1659,0.1665
4128780,4127390,1698021960,0.1665,0.1664
4127390,4112650,1698022020,0.1664,0.1683
4112650,4105290,1698022080,0.1683,0.1692
4104670,4099730,1698022140,0.1693,0.1687
4099730,4105900,1698022200,0.1688,0.1682
4105900,4105700,1698022260,0.1682,0.168
4105700,4101100,1698022320,0.1678,0.1668
4101100,4092950,1698022380,0.1667,0.1682
4092950,4099000,1698022440,0.1682,0.1685
4099000,4100710,1698022500,0.1685,0.169
4100710,4111320,1698022560,0.1688,0.1698
4111320,4111120,1698022620,0.1698,0.1693
4111780,4142430,1698022680,0.1692,0.17
4142830,4146540,1698022740,0.1698,0.1697
4146540,4146500,1698022800,0.17,0.1704
4146500,4163610,1698022860,0.1705,0.1712
4155980,4156750,1698022920,0.1714,0.1713
4156980,4152250,1698022980,0.1715,0.1721
4152250,4153620,1698023040,0.1722,0.1717
4153620,4175720,1698023100,0.1715,0.171
4175530,4179070,1698023160,0.171,0.1718
4179830,4183250,1698023220,0.172,0.1731
4183460,4198920,1698023280,0.173,0.1736
4198970,4222060,1698023340,0.1734,0.1729
4221690,4225550,1698023400,0.1729,0.1729
4225550,4232170,1698023520,0.1722,0.1719
4249850,4249310,1698023580,0.1719,0.1721
4249450,4226380,1698023640,0.1721,0.1726
4227990,4229880,1698023700,0.1725,0.1722
4229880,4235150,1698023760,0.1722,0.172
4235170,4230610,1698023820,0.1719,0.1711
4230610,4247400,1698023880,0.1711,0.1713
4247400,4249840,1698023940,0.1717,0.1715
4249840,4250860,1698024000,0.1714,0.1717
4250860,4250880,1698024060,0.1716,0.1713
4253570,4253520,1698024120,0.1714,0.1714
4253520,4266390,1698024180,0.1713,0.1728
4262550,4263060,1698024240,0.1729,0.1722
4263060,4274940,1698024300,0.1725,0.1721
4274940,4275630,1698024360,0.172,0.1722
4275630,4256070,1698024420,0.1721,0.1717
4256070,4256530,1698024480,0.1717,0.1715
4256530,4257360,1698024540,0.1717,0.1718
4257140,4275780,1698024600,0.1718,0.1724
4275780,4279810,1698024660,0.1725,0.1725
4279620,4293780,1698024720,0.1728,0.173
4293780,4307920,1698024780,0.1729,0.1715
4307920,4307260,1698024840,0.1718,0.1712
4302850,4299670,1698024900,0.1713,0.171
4299750,4252330,1698024960,0.171,0.1712
4252330,4253440,1698025020,0.1714,0.1721
4253440,4253630,1698025080,0.172,0.172
4253630,4253170,1698025140,0.1719,0.1719
4253170,4253130,1698025200,0.1722,0.1726
4255080,4259200,1698025260,0.1727,0.1727
4259200,4278270,1698025320,0.1727,0.1727
4278270,4289570,1698025380,0.1727,0.1748
4290970,4292080,1698025440,0.1749,0.1744
4292080,4322000,1698025500,0.1743,0.1747
4315560,4367540,1698025560,0.175,0.1754
4367640,4377240,1698025620,0.175,0.1753
4377600,4358780,1698025680,0.1755,0.1745
4358780,4355320,1698025740,0.1741,0.1736
4355320,4349770,1698025800,0.1735,0.1741
4348150,4343220,1698025860,0.1741,0.1739
4343220,4343790,1698025920,0.1739,0.1736
4343790,4344640,1698025980,0.1735,0.1733
4344640,4381170,1698026040,0.1732,0.1743
4381170,4383700,1698026100,0.1743,0.1755
4383710,4436160,1698026160,0.1759,0.1764
4434550,4444850,1698026220,0.1764,0.1757
4444850,4449570,1698026280,0.1758,0.1754
4449560,4448060,1698026340,0.1754,0.1758
4448060,4450330,1698026400,0.1757,0.1756
4450290,4450630,1698026460,0.1752,0.1757
4452960,4452430,1698026520,0.1759,0.1763
4452430,4453230,1698026580,0.1762,0.1754
4453230,4463650,1698026640,0.1753,0.1748
4463650,4463330,1698026700,0.1748,0.1749
4463330,4463710,1698026760,0.1749,0.1745
4463710,4455780,1698026820,0.1745,0.174
4457200,4456440,1698026880,0.1738,0.1739
4456440,4444770,1698026940,0.1739,0.175
4443430,4449440,1698027000,0.1751,0.1757
4450610,4451290,1698027060,0.1757,0.1757
4451290,4469530,1698027120,0.1757,0.1754
4469530,4469740,1698027180,0.1753,0.1747
4464160,4464160,1698027240,0.1747,0.1748
4464160,4464600,1698027300,0.1748,0.1745
4464600,4461810,1698027360,0.1744,0.1748
4461810,4462390,1698027420,0.1748,0.175
4462390,4460820,1698027480,0.1751,0.1756
4460870,4461130,1698027540,0.1757,0.1762
4464410,4467330,1698027600,0.1763,0.1785
4467720,4459820,1698027660,0.1785,0.1791
4485590,4509530,1698027720,0.1792,0.1786
4509530,4508530,1698027780,0.1786,0.1774
4508530,4508970,1698027840,0.1775,0.1781
4508710,4505310,1698027900,0.1781,0.1771
4505980,4505980,1698027960,0.1771,0.1775
4505980,4506550,1698028020,0.1775,0.1771
4506410,4489180,1698028260,0.1769,0.1771
4488630,4488780,1698028320,0.177,0.1785
4488830,4492020,1698028380,0.1785,0.1785
4492020,4500520,1698028440,0.1786,0.1788
4500520,4508280,1698028500,0.1788,0.1792
4510930,4508960,1698028560,0.1793,0.1784
4508960,4506780,1698028620,0.1778,0.1781
4506780,4529590,1698028680,0.178,0.1798
4530850,4538190,1698028740,0.1798,0.1792
4538190,4513710,1698028800,0.1792,0.1804
4513710,4507960,1698028860,0.1804,0.1795
4507960,4512080,1698028920,0.1795,0.1804
4512080,4624740,1698028980,0.1801,0.1777
4624740,4616100,1698029040,0.1774,0.1764
4615640,4606360,1698029100,0.1764,0.1769
4606360,4608680,1698029160,0.177,0.1771
4608680,4611880,1698029220,0.1773,0.1775
4611900,4612570,1698029280,0.1776,0.1776
4612570,4589610,1698029340,0.1776,0.1764
4589610,4561310,1698029400,0.1764,0.1753
4561310,4511830,1698029460,0.1752,0.174
4511830,4482120,1698029520,0.1742,0.1723
4485070,4484720,1698029580,0.1724,0.1735
4483320,4485700,1698029640,0.1732,0.1737
4486270,4485670,1698029700,0.1734,0.173
4486310,4486080,1698029820,0.173,0.173
4487810,4485210,1698029880,0.1732,0.1735
4485210,4375530,1698029940,0.1735,0.175
4375530,4371050,1698030000,0.1749,0.1766
4371050,4431700,1698030060,0.1766,0.1756
4431700,4433910,1698030120,0.1758,0.176
4435330,4430650,1698030180,0.1757,0.1751
4430650,4431380,1698030240,0.175,0.1747
4431410,4453790,1698030300,0.1748,0.1745
4453790,4451750,1698030360,0.1745,0.1749
4451750,4447570,1698030420,0.1749,0.1749
4447570,4446300,1698030480,0.175,0.1753
4446300,4448150,1698030540,0.1753,0.1746
4448320,4443560,1698030600,0.175,0.1755
4443560,4443730,1698030660,0.1753,0.1751
4443730,4444060,1698030720,0.175,0.1746
4444070,4448610,1698030780,0.1746,0.1746
4448610,4451900,1698030840,0.1747,0.1749
4451900,4451900,1698030900,0.1749,0.1749
4451900,4458590,1698030960,0.1749,0.1746
4458590,4462580,1698031020,0.1746,0.1747
4462580,4462180,1698031080,0.1747,0.1748
4462660,4463660,1698031140,0.1747,0.175
4463960,4460190,1698031200,0.1751,0.1756
4460190,4481500,1698031260,0.1758,0.1766
4481500,4485930,1698031320,0.1769,0.1768
4485930,4477210,1698031380,0.1767,0.1759
4477210,4475370,1698031440,0.1758,0.1758
4475580,4467230,1698031500,0.1757,0.1751
4467230,4466900,1698031560,0.1751,0.1747
4466230,4465900,1698031620,0.1746,0.1747
4465900,4466080,1698031680,0.1744,0.1751
4471040,4465550,1698031740,0.175,0.1756
4465550,4468940,1698031800,0.1754,0.1741
4468940,4463710,1698031860,0.1739,0.1743
4463890,4432130,1698031920,0.1739,0.1724
4432270,4430970,1698031980,0.1725,0.1722
4430970,4426720,1698032040,0.1722,0.1726
4426720,4397080,1698032100,0.1726,0.173
4397080,4406810,1698032160,0.1732,0.1738
4406810,4407900,1698032220,0.1739,0.1738
4407900,4407300,1698032280,0.1737,0.1737
4407300,4405900,1698032340,0.1736,0.1733
4405900,4401320,1698032400,0.1734,0.1734
4401320,4400330,1698032520,0.1732,0.173
4400330,4398990,1698032580,0.1728,0.1724
4398990,4404540,1698032640,0.1724,0.1725
4404540,4400320,1698032700,0.1727,0.1725
4400320,4399450,1698032760,0.1724,0.1726
4399450,4399540,1698032820,0.1726,0.1723
4399540,4393890,1698032880,0.1723,0.1721
4393890,4391410,1698032940,0.1722,0.1737
4391030,4415770,1698033000,0.1731,0.1722
4415790,4407480,1698033060,0.1724,0.1738
4406550,4401860,1698033120,0.1739,0.1738
4401860,4405020,1698033180,0.1736,0.1729
4405020,4392480,1698033240,0.1728,0.1732
4392480,4392610,1698033300,0.1733,0.1738
4392610,4395250,1698033360,0.1737,0.174
4395250,4392430,1698033420,0.1739,0.1746
4392430,4400730,1698033480,0.1745,0.1747
4400730,4413820,1698033540,0.1744,0.1744
4413900,4422190,1698033600,0.1746,0.1741
4422190,4429380,1698033660,0.1741,0.1738
4429380,4432110,1698033720,0.1739,0.1735
4431840,4445750,1698033780,0.1737,0.1752
4445750,4436890,1698033840,0.1752,0.1753
4436890,4432550,1698033900,0.1751,0.1758
4432220,4431300,1698033960,0.1757,0.1747
4431310,4426370,1698034020,0.1749,0.1751
4426370,4425140,1698034080,0.175,0.1751
4425140,4427140,1698034140,0.1751,0.175
4427980,4432090,1698034200,0.1751,0.1752
4432090,4435680,1698034320,0.1747,0.1751
4434900,4433460,1698034380,0.1751,0.1753
4433460,4434890,1698034440,0.1751,0.1743
4435070,4435070,1698034500,0.1744,0.1744
4435260,4432790,1698034560,0.1745,0.1746
4432770,4433760,1698034620,0.1748,0.1748
4433760,4434270,1698034680,0.1747,0.1745
4434270,4435970,1698034740,0.1746,0.1745
4435970,4428700,1698034800,0.1745,0.1744
4428700,4428730,1698034860,0.1743,0.1743
4428730,4428510,1698034920,0.1743,0.1742
4428510,4433740,1698034980,0.1745,0.175
4433760,4434200,1698035040,0.1751,0.1748
4434200,4433030,1698035100,0.1747,0.173
4431200,4430540,1698035160,0.1731,0.1734
4430640,4424090,1698035220,0.1735,0.1727
4424090,4423650,1698035280,0.1727,0.1732
4423060,4424250,1698035340,0.1733,0.1737
4424250,4423470,1698035400,0.1738,0.1743
4423490,4434710,1698035460,0.1743,0.1761
4434710,4435370,1698035520,0.1761,0.1753
4435370,4435540,1698035580,0.1753,0.1756
4435540,4434760,1698035640,0.1757,0.1752
4434760,4434790,1698035700,0.1752,0.1753
4434790,4437250,1698035760,0.1753,0.1753
4437250,4460320,1698035820,0.1753,0.1762
4460340,4478510,1698035880,0.1762,0.1764
4480000,4485080,1698035940,0.1762,0.1768
4485080,4492620,1698036000,0.1768,0.1769
4492630,4495310,1698036060,0.1768,0.1769
4495310,4503760,1698036120,0.1769,0.1766
4503760,4494570,1698036180,0.1763,0.1753
4497040,4494070,1698036240,0.1752,0.1756
4494070,4495190,1698036300,0.1756,0.1762
4495190,4495210,1698036360,0.1762,0.1761
4495210,4496040,1698036420,0.1761,0.1759
4496040,4494900,1698036480,0.1759,0.1757
4494900,4493310,1698036540,0.176,0.1763
4493310,4491930,1698036600,0.1762,0.1766
4491930,4489130,1698036660,0.1763,0.177
4489130,4491100,1698036720,0.177,0.1781
4491140,4495510,1698036780,0.1782,0.1776
4495510,4515300,1698036840,0.1776,0.1779
4515320,4522040,1698036900,0.1778,0.1775
4522070,4570940,1698036960,0.1775,0.1791
4568410,4571020,1698037020,0.179,0.1786
4571020,4578160,1698037080,0.1789,0.1767
4555890,4581830,1698037140,0.1767,0.1773
4582300,4588140,1698037200,0.1773,0.1766
4589070,4602890,1698037260,0.1766,0.1773
4602890,4588230,1698037320,0.1771,0.1766
4588230,4597480,1698037380,0.1766,0.1769
4597480,4606290,1698037440,0.1768,0.1775
4578700,4614730,1698037500,0.1776,0.1783
4615100,4641370,1698037560,0.1784,0.178
4641370,4660070,1698037620,0.1776,0.1779
4660070,4649440,1698037680,0.178,0.1778
4649440,4660840,1698037740,0.1783,0.1782
4660840,4657350,1698037800,0.1783,0.1785
4657350,4684520,1698037860,0.1788,0.1788
4685500,4694460,1698037920,0.1788,0.1787
4695100,4702110,1698037980,0.1787,0.179
4702110,4710340,1698038040,0.1787,0.1797
4710350,4751690,1698038100,0.1795,0.1814
4747100,4751970,1698038160,0.1812,0.181
4752420,4797430,1698038220,0.1812,0.182
4799360,4814360,1698038280,0.1817,0.1808
4814810,4817440,1698038340,0.1807,0.18
4817920,4811720,1698038400,0.18,0.1793
4811720,4811280,1698038460,0.1793,0.1792
4811030,4781680,1698038520,0.1793,0.178
4781680,4771690,1698038580,0.178,0.179
4771690,4793930,1698038640,0.1793,0.1775
4793930,4800930,1698038700,0.1775,0.1777
4800930,4771540,1698038820,0.1767,0.1768
4756580,4722590,1698038880,0.1767,0.1772
4722590,4722320,1698038940,0.1769,0.1779
4722320,4724010,1698039000,0.1775,0.1774
4724010,4726390,1698039060,0.1774,0.1771
4726650,4727730,1698039120,0.1771,0.1766
4727730,4731670,1698039180,0.1766,0.1764
4731670,4730800,1698039240,0.1764,0.1768
4730800,4721720,1698039300,0.1765,0.1769
4721720,4721290,1698039360,0.1769,0.176
4721290,4719350,1698039420,0.1761,0.1763
4719610,4712540,1698039480,0.1765,0.1762
4716400,4709220,1698039540,0.1761,0.1759
4698710,4690100,1698039600,0.1759,0.1766
4690100,4691360,1698039720,0.1774,0.1778
4691360,4701180,1698039780,0.178,0.1784
4701180,4703420,1698039840,0.1784,0.1786
4703420,4707400,1698039900,0.1785,0.1783
4707410,4851950,1698039960,0.1783,0.1779
4854750,4854190,1698040020,0.1779,0.177
4854080,4848150,1698040080,0.1769,0.1772
4848150,4832200,1698040140,0.1772,0.1775
4832200,4833100,1698040200,0.1771,0.1767
4833100,4829340,1698040260,0.177,0.1773
4829340,4836950,1698040320,0.1773,0.1766
4835240,4750820,1698040380,0.1769,0.1796
4750830,4756630,1698040440,0.1795,0.18
4756630,4767250,1698040500,0.1797,0.1788
4767250,4767680,1698040560,0.1789,0.1786
4767680,4776780,1698040620,0.1786,0.1785
4789680,4795730,1698040680,0.1785,0.1786
4795730,4815300,1698040740,0.1786,0.1809
4817780,4819030,1698040800,0.1809,0.1801
4823750,4818890,1698040860,0.1801,0.1793
4818890,4824510,1698040920,0.1794,0.1793
4824510,4820280,1698040980,0.1793,0.1795
4820280,4901800,1698041040,0.1795,0.177
4901800,4817810,1698041100,0.1768,0.1798
4813540,4803520,1698041160,0.1802,0.1797
4803520,4894920,1698041220,0.1794,0.1791
4808740,4798360,1698041280,0.1787,0.1786
4798360,4793820,1698041340,0.1788,0.1796
4794510,4791490,1698041400,0.1795,0.1789
4791490,4778430,1698041460,0.1789,0.178
4778430,4781780,1698041520,0.178,0.1782
4781780,4781160,1698041580,0.1783,0.1787
4781160,4782070,1698041640,0.1787,0.1787
4782070,4784650,1698041700,0.1788,0.1799
4784150,4843920,1698041760,0.1795,0.1775
4844050,4843180,1698041820,0.1778,0.1781
4843270,4848820,1698041880,0.1783,0.1781
4848820,4862810,1698041940,0.178,0.1767
4864060,4872020,1698042000,0.1767,0.1766
4872020,4872310,1698042060,0.1765,0.1766
4872290,4865890,1698042120,0.1765,0.1751
4865890,4837040,1698042180,0.1752,0.1752
4842950,4834900,1698042240,0.1753,0.1756
4834900,4822390,1698042300,0.1756,0.1735
4819120,4814780,1698042360,0.1735,0.1738
4814780,4818110,1698042420,0.1742,0.1725
4818700,4804580,1698042480,0.1726,0.1732
4803740,4804520,1698042540,0.1729,0.173
4804520,4797870,1698042600,0.1734,0.1736
4795550,4797990,1698042660,0.1731,0.1735
4797990,4797800,1698042720,0.1736,0.1737
4797800,4796640,1698042780,0.1738,0.1729
4796640,4803590,1698042840,0.173,0.1737
4798450,4781390,1698042900,0.1737,0.1743
4783430,4785820,1698042960,0.1743,0.1744
4785290,4778730,1698043020,0.1742,0.1738
4778730,4778630,1698043080,0.1742,0.1741
4778630,4781830,1698043140,0.1741,0.1744
4781830,4842690,1698043200,0.1742,0.1757
4842710,4840520,1698043260,0.1756,0.1757
4839900,4804530,1698043320,0.1758,0.1764
4804530,4809460,1698043380,0.1765,0.177
4832480,4836830,1698043440,0.1771,0.1776
4837110,4835690,1698043500,0.1773,0.1771
4835690,4825580,1698043560,0.1769,0.1763
4823060,4823380,1698043620,0.1762,0.1764
4823380,4823040,1698043680,0.1763,0.176
4823040,4822190,1698043740,0.176,0.1755
4822190,4823240,1698043800,0.1755,0.1757
4823260,4808040,1698043860,0.1757,0.175
4804520,4805650,1698043920,0.1753,0.176
4805650,4799460,1698043980,0.176,0.1766
4799460,4795440,1698044040,0.1766,0.1766
4795440,4809030,1698044160,0.1766,0.1772
4816050,4821600,1698044220,0.1772,0.1774
4821600,4830340,1698044280,0.1771,0.1766
4830340,4825890,1698044340,0.1766,0.1756
4825870,4825380,1698044400,0.1756,0.1765
4825380,4829660,1698044460,0.1762,0.1766
4829660,4855780,1698044520,0.1766,0.1769
4855780,4860250,1698044580,0.1765,0.176
4860250,4849960,1698044640,0.1762,0.176
4849960,4843530,1698044700,0.176,0.1768
4846570,4884260,1698044760,0.1768,0.177
4894860,4906100,1698044820,0.177,0.1766
4906100,4898240,1698044880,0.1766,0.1767
4898240,4919530,1698044940,0.1767,0.1774
4919530,4904180,1698045000,0.1774,0.1759
4898580,4899880,1698045060,0.1761,0.1761
4899880,4899880,1698045120,0.1762,0.1763
4898860,4874550,1698045180,0.1761,0.1758
4872650,4870650,1698045240,0.1759,0.1758
4871070,4877040,1698045300,0.1756,0.1764
4877040,4877040,1698045360,0.1765,0.1767
4877040,4881390,1698045420,0.1768,0.177
4881390,4924600,1698045480,0.177,0.1784
4931480,4955930,1698045540,0.1788,0.1787
4955930,4954240,1698045600,0.1785,0.1779
4954240,4931780,1698045660,0.1783,0.1765
4931140,4933380,1698045720,0.1765,0.1767
4933390,4938870,1698045780,0.1769,0.1765
4938870,4938420,1698045840,0.1766,0.1764
4938420,4935370,1698045900,0.1764,0.176
4935370,4868470,1698045960,0.1761,0.1771
4868470,4868620,1698046020,0.1772,0.1771
4868620,4868690,1698046080,0.1772,0.1774
4868690,4869020,1698046140,0.1774,0.1774
4869020,4869210,1698046200,0.1775,0.177
4869210,4863760,1698046260,0.1771,0.1766
4863760,4842890,1698046320,0.1765,0.1763
4842890,4843780,1698046380,0.1761,0.1763
4843800,4851830,1698046440,0.1762,0.1764
4851830,4809880,1698046500,0.1764,0.1764
4809830,4804410,1698046560,0.1766,0.1765
4804410,4804520,1698046620,0.1767,0.1766
4804520,4804390,1698046680,0.1766,0.1767
4804390,4804390,1698046740,0.1768,0.1763
4804390,4802690,1698046800,0.1763,0.1756
4802690,4800810,1698046860,0.1757,0.1753
4799870,4801150,1698046920,0.1755,0.1755
4801170,4801410,1698046980,0.1754,0.1758
4801410,4801670,1698047040,0.1756,0.1759
4801680,4801830,1698047100,0.1756,0.1756
4801830,4794550,1698047160,0.1757,0.1755
4794550,4795410,1698047220,0.1756,0.1755
4795410,4796910,1698047280,0.1755,0.1755
4796910,4795320,1698047340,0.1755,0.1753
4795320,4800060,1698047400,0.1755,0.1744
4800060,4760000,1698047460,0.1744,0.1737
4760000,4782610,1698047520,0.1739,0.1738
4782610,4735780,1698047580,0.1738,0.1734
4735780,4725570,1698047640,0.1736,0.1711
4746840,4727060,1698047700,0.1716,0.1733
4727060,4721870,1698047760,0.1729,0.1738
4721670,4729780,1698047820,0.1736,0.1733
4729780,4763990,1698047880,0.1733,0.1731
4763990,4770930,1698047940,0.173,0.1743
4770930,4787660,1698048000,0.1741,0.1737
4810550,4808790,1698048060,0.1739,0.1734
4808790,4821390,1698048120,0.1735,0.1735
4821390,4795210,1698048180,0.1736,0.1726
4798150,4800620,1698048240,0.1726,0.1732
4800620,4800290,1698048300,0.173,0.1731
4801340,4785700,1698048360,0.1731,0.1729
4782600,4829810,1698048420,0.1735,0.1723
4828070,4766480,1698048480,0.1722,0.1713
4766870,4766250,1698048540,0.1716,0.172
4768100,4769740,1698048600,0.1718,0.1725
4769740,4772390,1698048660,0.1726,0.1723
4772390,4792030,1698048720,0.1724,0.1724
4792030,4800080,1698048780,0.1724,0.1722
4800080,4795710,1698048840,0.1722,0.1715
4795710,4785710,1698048900,0.1713,0.1708
4785360,4744260,1698048960,0.1708,0.1706
4729910,4731290,1698049020,0.1708,0.1703
4730590,4721100,1698049080,0.1704,0.1709
4721100,4719960,1698049140,0.1706,0.1711
4719960,4720220,1698049200,0.1711,0.1715
4724250,4722840,1698049260,0.1717,0.1717
4722760,4694690,1698049320,0.1718,0.1698
4697930,4691840,1698049380,0.17,0.1707
4691840,4684600,1698049440,0.1707,0.1708
4684210,4687130,1698049500,0.1705,0.1705
4693130,4683440,1698049560,0.1708,0.1715
4683500,4682390,1698049620,0.1717,0.1714
4682390,4691390,1698049680,0.1712,0.1714
4690220,4686830,1698049740,0.1714,0.1712
4686830,4686420,1698049800,0.1715,0.1718
4686120,4685740,1698049860,0.1718,0.172
4685740,4682650,1698049920,0.1723,0.172
4682650,4698240,1698049980,0.172,0.1712
4698240,4696260,1698050040,0.1712,0.1709
4696260,4701990,1698050100,0.1709,0.1719
4701990,4712440,1698050160,0.1719,0.1721
4991630,4989170,1698050340,0.1714,0.1713
4688310,4694110,1698050520,0.1708,0.1712
4694110,4693850,1698050580,0.171,0.1709
4693850,4694110,1698050640,0.1708,0.1707
4694110,4692520,1698050700,0.1707,0.171
4692520,4691340,1698050760,0.1712,0.1712
4691340,4697000,1698050820,0.1715,0.1718
4697000,4709860,1698050880,0.1716,0.1715
4709860,4709840,1698050940,0.1713,0.1714
4709840,4710310,1698051000,0.1714,0.1716
4710310,4710800,1698051060,0.1716,0.172
4710800,4710450,1698051120,0.1718,0.1713
4710450,4708900,1698051180,0.1715,0.1716
4708900,4735180,1698051240,0.1716,0.172
4735180,4737990,1698051300,0.1719,0.1732
4737990,4739740,1698051360,0.1733,0.1728
4746100,4748070,1698051420,0.1727,0.1729
4748070,4750800,1698051480,0.1732,0.1732
4750800,4753740,1698051540,0.1732,0.1735
4753740,4702110,1698051600,0.1735,0.1725
4701060,4701000,1698051660,0.1728,0.1725
4704540,4704860,1698051720,0.1728,0.1726
4704880,4703950,1698051780,0.1728,0.1726
4703950,4719400,1698051840,0.1729,0.1731
4719400,4769000,1698051900,0.1729,0.1735
4769000,4749960,1698051960,0.1734,0.1741
4749960,4754800,1698052020,0.1742,0.1736
4754800,4751620,1698052080,0.1738,0.1736
4751620,4748830,1698052140,0.1738,0.1741
4748830,4819980,1698052200,0.174,0.1743
4819980,4814790,1698052260,0.1742,0.1738
4814790,4814130,1698052320,0.1738,0.1735
4814130,4813360,1698052380,0.1732,0.1734
4813360,4823410,1698052440,0.1733,0.1726
4823410,4820370,1698052500,0.1724,0.1722
4820270,4800830,1698052560,0.1722,0.1704
4800830,4782860,1698052620,0.1708,0.1714
4770480,4771290,1698052680,0.1717,0.1718
4772720,4769210,1698052740,0.1722,0.1721
4769600,4765060,1698052800,0.1719,0.1704
4765060,4762040,1698052860,0.1706,0.1702
4762040,4762230,1698052920,0.1703,0.1708
4762230,4753720,1698052980,0.1708,0.1706
4753720,4753500,1698053040,0.1707,0.1703
4753500,4753220,1698053100,0.1703,0.1708
4753220,4752710,1698053160,0.1709,0.1706
4752710,4753920,1698053220,0.1708,0.1708
4753920,4763720,1698053280,0.1708,0.1708
4763720,4769020,1698053340,0.1708,0.1695
4781090,4742810,1698053400,0.1695,0.1683
4740980,4650670,1698053460,0.168,0.1683
4654850,4654180,1698053520,0.1687,0.1682
4683600,4684880,1698053580,0.1683,0.1678
4684750,4673510,1698053640,0.1679,0.1672
4673510,4653460,1698053700,0.1673,0.1674
4653460,4649210,1698053760,0.1672,0.1673
4647250,4634390,1698053820,0.1674,0.1678
4634370,4635560,1698053880,0.1677,0.1678
4630510,4626070,1698053940,0.1678,0.1679
4626070,4604490,1698054000,0.1678,0.167
4604490,4610120,1698054060,0.167,0.1659
4599420,4603260,1698054120,0.166,0.1665
4603260,4604940,1698054180,0.1666,0.1668
4611420,4610870,1698054240,0.1671,0.167
4610870,4668040,1698054300,0.1669,0.1657
4663570,4645120,1698054360,0.1657,0.1657
4645420,4646690,1698054420,0.1657,0.1655
4646690,4648480,1698054480,0.1657,0.1664
4648980,4651040,1698054540,0.1664,0.1676
4651040,4657110,1698054600,0.1679,0.1678
4657110,4711520,1698054660,0.1678,0.1682
4711520,4706440,1698054720,0.168,0.1665
4702720,4698080,1698054780,0.167,0.1674
4698080,4699850,1698054840,0.1673,0.1677
4699850,4699650,1698054900,0.1676,0.1676
4699290,4702020,1698054960,0.1677,0.1681
4702020,4700300,1698055020,0.168,0.1672
4700690,4700960,1698055080,0.1673,0.1674
4700960,4698760,1698055140,0.1674,0.1675
4698760,4700150,1698055200,0.1676,0.1674
4700150,4689620,1698055260,0.1674,0.168
4689620,4689620,1698055320,0.1679,0.1679
4689620,4701690,1698055380,0.1679,0.169
4703360,4702820,1698055440,0.1689,0.1694
4702820,4713740,1698055500,0.1694,0.1696
4713650,4717330,1698055560,0.1695,0.1692
4717330,4699650,1698055620,0.1692,0.1681
4699650,4699260,1698055680,0.1683,0.1684
4699810,4699150,1698055740,0.1684,0.1682
4699150,4698060,1698055800,0.1685,0.1685
4696020,4691680,1698055860,0.1682,0.1681
4691680,4691660,1698055920,0.1683,0.1684
4691660,4693740,1698055980,0.1682,0.1677
4693740,4692440,1698056040,0.1677,0.1678
4693050,4694210,1698056100,0.1678,0.1681
4694210,4693870,1698056160,0.1682,0.1675
4693870,4693870,1698056220,0.1675,0.1678
4693870,4691810,1698056280,0.1678,0.1683
4691810,4691910,1698056340,0.1679,0.1684
4690650,4691970,1698056400,0.1684,0.1681
4691970,4692000,1698056460,0.1682,0.1682
4692000,4697750,1698056520,0.1683,0.1679
4697730,4695950,1698056580,0.1678,0.1673
4695920,4702220,1698056640,0.1671,0.167
4702220,4696310,1698056700,0.167,0.1666
4695880,4671680,1698056760,0.1666,0.1658
4671680,4662720,1698056820,0.1659,0.1662
4662720,4668750,1698056880,0.1663,0.1659
4668750,4669010,1698056940,0.1659,0.1662
4669010,4669370,1698057000,0.1661,0.1662
4671780,4671910,1698057060,0.1663,0.1663
4671910,4671120,1698057120,0.1662,0.1664
4671120,4671210,1698057180,0.1666,0.1669
4672640,4676700,1698057240,0.1669,0.1671
4676700,4676470,1698057300,0.1671,0.1671
4676470,4675080,1698057360,0.167,0.1666
4675080,4674610,1698057420,0.167,0.1672
4674610,4680360,1698057480,0.1671,0.1669
4680360,4674310,1698057540,0.1668,0.1668
4672560,4680760,1698057600,0.1672,0.1673
4680760,4684550,1698057660,0.1673,0.1669
4684550,4683980,1698057720,0.1669,0.1666
4683980,4683410,1698057780,0.1664,0.1663
4683410,4663010,1698057840,0.1662,0.1657
4664860,4663570,1698057900,0.1656,0.1662
4663570,4663890,1698057960,0.1661,0.1661
4663890,4658120,1698058020,0.1663,0.1665
4658120,4654730,1698058080,0.1664,0.1666
4655080,4655110,1698058140,0.1666,0.1666
4655110,4652760,1698058200,0.1667,0.167
4653690,4675560,1698058260,0.1671,0.1677
4675560,4675610,1698058320,0.1677,0.1674
4675630,4675630,1698058380,0.1674,0.1675
4675630,4673610,1698058440,0.1675,0.1676
4673610,4687030,1698058500,0.1679,0.1686
4687290,4685820,1698058560,0.1683,0.1678
4685820,4702710,1698058620,0.1677,0.1682
4702710,4702760,1698058680,0.1679,0.1678
4702760,4702850,1698058740,0.1677,0.1675
4702850,4706790,1698058800,0.1676,0.1686
4706790,4709330,1698058860,0.1684,0.1687
4709330,4715000,1698058920,0.1688,0.1689
4715000,4717250,1698058980,0.1691,0.1687
4718140,4719750,1698059040,0.1687,0.1685
4720680,4721860,1698059100,0.169,0.169
4721860,4751350,1698059160,0.1692,0.1697
4751350,4751780,1698059220,0.1699,0.1696
4751780,4751460,1698059280,0.1694,0.1688
4746830,4739080,1698059340,0.1685,0.1688
4739080,4735540,1698059400,0.1688,0.1687
4738740,4740870,1698059460,0.1687,0.1687
4741750,4742380,1698059520,0.1687,0.169
4742380,4742360,1698059580,0.169,0.1692
4742410,4739500,1698059640,0.1691,0.169
4739500,4724230,1698059700,0.169,0.1687
4724230,4724800,1698059760,0.1694,0.1699
4724620,4724310,1698059820,0.1698,0.1702
4724310,4726190,1698059880,0.17,0.1698
4721050,4724600,1698059940,0.1698,0.1704
4724600,4720640,1698060000,0.1703,0.1706
4719990,4719990,1698060060,0.1704,0.1713
4736510,4706400,1698060120,0.1714,0.1716
4706400,4723850,1698060180,0.1716,0.1696
4724580,4736880,1698060240,0.1697,0.1701
4736880,4734580,1698060300,0.1699,0.1702
4734580,4732510,1698060360,0.1703,0.171
4734150,4734200,1698060420,0.1707,0.1707
4734200,4717210,1698060480,0.1705,0.1707
4714560,4713620,1698060540,0.1703,0.171
4713620,4711200,1698060600,0.171,0.1704
4711230,4720060,1698060660,0.1703,0.1697
4717910,4715130,1698060720,0.1697,0.1706
4719390,4706720,1698060780,0.1706,0.17
4706720,4708250,1698060840,0.1703,0.1705
4708250,4727270,1698060900,0.1705,0.1715
4723110,4733500,1698060960,0.1713,0.1715
4733500,4738770,1698061020,0.1713,0.173
4754010,4741130,1698061080,0.173,0.1721
4740640,4740660,1698061140,0.172,0.172
4740660,4739070,1698061200,0.1719,0.1717
4737480,4737350,1698061260,0.1716,0.1717
4737380,4736690,1698061320,0.1714,0.171
4736690,4757890,1698061380,0.1714,0.1724
4757890,4771980,1698061440,0.172,0.1712
4771980,4796160,1698061500,0.1713,0.174
4825950,4834960,1698061560,0.1735,0.1736
4834960,4827190,1698061620,0.1735,0.1731
4827190,4792360,1698061680,0.1731,0.1721
4792360,4788220,1698061740,0.1724,0.1719
4788220,4776300,1698061800,0.1716,0.1724
4776350,4776650,1698061860,0.1724,0.1729
4776650,4777980,1698061920,0.173,0.1729
4777980,4763550,1698061980,0.1729,0.1715
4763550,4763550,1698062040,0.1714,0.1711
4765060,4760300,1698062100,0.171,0.1709
4760300,4763550,1698062160,0.171,0.1709
4763550,4764450,1698062220,0.1709,0.1712
4764510,4773100,1698062280,0.1714,0.171
4772870,4777490,1698062340,0.171,0.1707
4777490,4777320,1698062400,0.1708,0.1711
4777310,4757560,1698062460,0.1712,0.1721
4757560,4758000,1698062520,0.1717,0.172
4758000,4757980,1698062580,0.172,0.1715
4757980,4755180,1698062640,0.1714,0.1714
4755180,4755860,1698062700,0.1715,0.1716
4755870,4757340,1698062760,0.1718,0.1711
4757340,4758840,1698062820,0.1711,0.1708
4758840,4733680,1698062880,0.1708,0.1702
4733680,4718900,1698062940,0.1702,0.1701
4718900,4717820,1698063000,0.1702,0.1704
4717820,4776900,1698063060,0.1703,0.1735
4776900,4798440,1698063120,0.1732,0.1729
4798440,4791110,1698063180,0.1729,0.1721
4791110,4804240,1698063240,0.1721,0.1729
4804250,4795810,1698063300,0.1727,0.1722
4795810,4791640,1698063360,0.1727,0.1726
4791590,4791560,1698063420,0.1726,0.1724
4791560,4768360,1698063480,0.1726,0.1743
4768360,4769620,1698063540,0.174,0.1739
4769620,4775770,1698063600,0.1739,0.1731
4775770,4774700,1698063660,0.1731,0.1733
4774750,4785680,1698063720,0.173,0.1738
4785680,4789820,1698063780,0.1738,0.1742
4794680,4822970,1698063840,0.1739,0.1738
4822970,4823280,1698063900,0.174,0.1738
4823600,4829940,1698063960,0.1738,0.1738
4829940,4829830,1698064020,0.174,0.174
4854860,4836940,1698064080,0.1742,0.1747
4838020,4840730,1698064140,0.1743,0.1748
4841970,4825290,1698064200,0.1745,0.1732
4825290,4821430,1698064260,0.1734,0.1729
4822000,4819800,1698064320,0.1729,0.1733
4819800,4817540,1698064380,0.1727,0.1726
4817540,4831850,1698064440,0.1726,0.1712
4835070,4834450,1698064500,0.1713,0.1713
4834370,4833420,1698064560,0.1714,0.1714
4833430,4833370,1698064620,0.1712,0.1709
4833370,4831900,1698064680,0.171,0.1702
4831900,4828990,1698064740,0.1706,0.171
4828870,4826390,1698064800,0.171,0.1708
4826390,4826390,1698064860,0.1708,0.1708
4826390,4814450,1698064920,0.1705,0.1689
4814450,4803010,1698064980,0.1689,0.1686
4803020,4794620,1698065040,0.1683,0.1692
4794560,4795160,1698065100,0.1692,0.1695
4795160,4794980,1698065160,0.1693,0.1692
4794980,4794230,1698065220,0.1694,0.1687
4793900,4793910,1698065280,0.169,0.169
4793910,4791280,1698065340,0.1692,0.1693
4791280,4789370,1698065400,0.1693,0.1696
4789370,4764040,1698065460,0.1697,0.1693
4753660,4756890,1698065520,0.169,0.169
4756890,4756890,1698065580,0.169,0.1688
4755800,4751460,1698065640,0.1686,0.1683
4751460,4741540,1698065700,0.1684,0.1684
4741540,4739920,1698065760,0.1684,0.1683
4739920,4739920,1698065820,0.1683,0.1682
4739920,4739920,1698065880,0.1682,0.1682
4739920,4738940,1698065940,0.1681,0.1683
4738940,4733170,1698066000,0.1683,0.1683
4733170,4735610,1698066060,0.1683,0.1677
4735610,4723290,1698066120,0.1676,0.1679
4721800,4724450,1698066180,0.1674,0.1673
4724450,4724670,1698066240,0.1675,0.1679
4724670,4724940,1698066300,0.1678,0.1674
4724950,4724940,1698066360,0.1674,0.1676
4724940,4723450,1698066420,0.1678,0.168
4723450,4728080,1698066480,0.1677,0.1677
4727530,4736860,1698066540,0.1678,0.1677
4736860,4737130,1698066600,0.1678,0.1678
4737130,4739030,1698066660,0.1677,0.1678
4739030,4738990,1698066720,0.1679,0.1681
4738990,4735110,1698066780,0.1681,0.1674
4735110,4734910,1698066840,0.1672,0.1675
4733620,4714570,1698066900,0.1672,0.1663
4714570,4724040,1698066960,0.166,0.1663
4724090,4728960,1698067020,0.1664,0.1661
4728960,4643710,1698067080,0.1663,0.1631
4640600,4517770,1698067140,0.1631,0.1557
4491990,4481660,1698067200,0.1556,0.1567
4481390,4483070,1698067260,0.1569,0.1573
4491380,4459830,1698067320,0.1571,0.1575
4459830,4417630,1698067380,0.1573,0.1579
4417590,4416810,1698067440,0.158,0.158
4416770,4410940,1698067500,0.158,0.1573
4410940,4412450,1698067560,0.1576,0.1577
4411940,4410880,1698067620,0.1578,0.1586
4407010,4407690,1698067680,0.1583,0.1589
4407320,4405690,1698067740,0.1587,0.1581
4405690,4395030,1698067800,0.1581,0.1577
4394480,4371810,1698067860,0.1578,0.1578
4371810,4373570,1698067920,0.1576,0.157
4373880,4402430,1698067980,0.1569,0.1579
4402090,4412980,1698068040,0.1579,0.1584
4413410,4407310,1698068100,0.1582,0.1589
4407310,4414730,1698068160,0.1592,0.1577
4414730,4413310,1698068220,0.1581,0.1576
4413990,4426300,1698068280,0.158,0.1591
4426300,4432940,1698068340,0.1593,0.1586
4432800,4434430,1698068400,0.1586,0.1593
4434050,4432950,1698068460,0.159,0.1596
4432950,4434970,1698068520,0.1594,0.1595
4434970,4427600,1698068580,0.1595,0.1585
4427600,4442650,1698068640,0.1588,0.1566
4441350,4419200,1698068700,0.1567,0.1569
4419200,4419880,1698068760,0.1569,0.1572
4419880,4419180,1698068820,0.1573,0.1574
4419180,4415260,1698068880,0.1575,0.157
4415260,4413080,1698068940,0.157,0.1568
4413080,4424970,1698069000,0.157,0.1573
4424970,4419640,1698069060,0.1572,0.1568
4419640,4419860,1698069120,0.1569,0.1573
4419860,4417990,1698069180,0.1574,0.1578
4417990,4421840,1698069240,0.1575,0.1572
4421840,4421870,1698069300,0.1572,0.1574
4421870,4418170,1698069360,0.1571,0.1573
4418170,4413440,1698069420,0.1572,0.1575
4413440,4419150,1698069480,0.1573,0.157
4419150,4411530,1698069540,0.1568,0.1567
4432220,4415720,1698069600,0.1567,0.1568
4415720,4414870,1698069660,0.1569,0.1571
4414470,4414570,1698069720,0.157,0.1571
4414570,4412890,1698069780,0.1571,0.1575
4413020,4428050,1698069840,0.1576,0.1583
4428050,4427140,1698069900,0.1583,0.1586
4423110,4427900,1698069960,0.1586,0.1589
4427900,4428030,1698070020,0.1588,0.1592
4428540,4423840,1698070080,0.1591,0.1586
4423840,4418690,1698070140,0.1584,0.1585
4417370,4412570,1698070200,0.1585,0.1578
4412570,4412560,1698070260,0.1578,0.1574
4412560,4409230,1698070320,0.1576,0.1575
4409230,4411230,1698070380,0.1576,0.1581
4411230,4411230,1698070440,0.1582,0.1582
4411520,4413110,1698070500,0.1583,0.1584
4413110,4408280,1698070560,0.1582,0.1576
4408280,4407670,1698070620,0.1575,0.1578
4407670,4404910,1698070680,0.1577,0.1585
4404910,4403290,1698070740,0.1586,0.1587
4403290,4401060,1698070800,0.1586,0.1577
4401060,4370890,1698070860,0.1577,0.1563
4370890,4358110,1698070920,0.1563,0.1561
4357900,4358270,1698070980,0.1561,0.1564
4358640,4362160,1698071040,0.1565,0.1565
4362160,4359770,1698071100,0.1566,0.1568
4357490,4358180,1698071160,0.1569,0.1569
4358180,4361520,1698071220,0.1569,0.157
4361520,4381080,1698071280,0.157,0.1561
4381080,4378720,1698071340,0.1562,0.1566
4376150,4377050,1698071400,0.1567,0.1567
4377050,4375900,1698071460,0.1566,0.1565
4375900,4375970,1698071520,0.1565,0.1565
4375970,4379940,1698071580,0.1566,0.1563
4379940,4381220,1698071640,0.1563,0.1561
4381700,4382040,1698071700,0.1564,0.1562
4382040,4376490,1698071760,0.1563,0.1559
4378880,4378340,1698071820,0.1558,0.1551
4371160,4353680,1698071880,0.1551,0.1561
4353680,4353660,1698071940,0.1562,0.1565
4353660,4353510,1698072000,0.1564,0.1569
4353510,4353570,1698072060,0.1569,0.1568
4353570,4355260,1698072120,0.1569,0.1566
4355260,4355250,1698072180,0.1567,0.1565
4355250,4346990,1698072240,0.1564,0.157
4346990,4344660,1698072300,0.1569,0.1565
4344660,4342090,1698072360,0.1563,0.1563
4342090,4347380,1698072420,0.1564,0.1558
4346660,4356730,1698072480,0.1558,0.1554
4356730,4356470,1698072540,0.1555,0.1555
4356470,4351980,1698072600,0.1556,0.1559
4351980,4297730,1698072660,0.1557,0.1533
4297260,4271020,1698072720,0.1533,0.1525
4271010,4250840,1698072780,0.1526,0.1523
4250890,4261670,1698072840,0.1526,0.1533
4261080,4264100,1698072900,0.1533,0.1531
4264100,4254600,1698072960,0.153,0.1526
4254030,4249990,1698073020,0.1527,0.1529
4249990,4248080,1698073080,0.1529,0.1531
4248080,4251700,1698073140,0.1531,0.1532
4251590,4243730,1698073200,0.1529,0.154
4243730,4243420,1698073260,0.1539,0.154
4243420,4239950,1698073320,0.1539,0.1542
4245210,4243940,1698073380,0.1542,0.154
4243940,4272770,1698073440,0.1539,0.1535
4272770,4271100,1698073500,0.1533,0.1538
4270650,4270370,1698073560,0.1538,0.153
4270370,4264220,1698073620,0.1531,0.1529
4264220,4263790,1698073680,0.1532,0.1532
4263790,4266200,1698073740,0.1532,0.1525
4266200,4258770,1698073800,0.1526,0.1529
4258770,4260030,1698073860,0.1531,0.1534
4260030,4268050,1698073920,0.1536,0.1533
4268040,4268340,1698073980,0.1536,0.1541
4268340,4264660,1698074040,0.1541,0.154
4264660,4265720,1698074100,0.154,0.1539
4265720,4265560,1698074160,0.1541,0.1532
4262920,4262210,1698074220,0.1533,0.1535
4262210,4257310,1698074280,0.1533,0.1534
4257310,4250950,1698074340,0.1533,0.1541
4250950,4250950,1698074400,0.1537,0.1535
4250950,4249650,1698074460,0.1537,0.1542
4249650,4248810,1698074520,0.1541,0.1551
4248810,4254260,1698074580,0.1553,0.1549
4254260,4256350,1698074640,0.1552,0.1547
4254020,4244510,1698074700,0.1548,0.1553
4244510,4244160,1698074760,0.155,0.1547
4244160,4244160,1698074820,0.1547,0.1547
4244160,4250070,1698074880,0.1547,0.1548
4250070,4250770,1698074940,0.1548,0.1549
4250770,4248150,1698075000,0.1547,0.1547
4248150,4245480,1698075060,0.1547,0.1546
4245480,4244640,1698075120,0.1548,0.155
4244640,4244650,1698075180,0.1553,0.1548
4244650,4281970,1698075240,0.1549,0.1569
4282410,4284160,1698075300,0.1568,0.1568
4284160,4279370,1698075360,0.1569,0.1566
4279370,4268370,1698075420,0.1567,0.1561
4268370,4271400,1698075480,0.1562,0.1564
4271400,4270900,1698075540,0.1564,0.1561
4270400,4261120,1698075600,0.1561,0.1557
4261120,4260940,1698075660,0.1558,0.156
4260940,4251380,1698075720,0.1558,0.1553
4251380,4251600,1698075780,0.1552,0.1552
4251600,4251490,1698075840,0.1552,0.1549
4251490,4243610,1698075900,0.1548,0.155
4243610,4243610,1698075960,0.155,0.1553
4244690,4245520,1698076020,0.1552,0.1556
4245520,4245040,1698076080,0.1555,0.1555
4245040,4240920,1698076140,0.1554,0.1555
4240950,4242160,1698076200,0.1556,0.1553
4242160,4242280,1698076260,0.1552,0.1554
4242280,4244460,1698076320,0.1554,0.1558
4244460,4241410,1698076380,0.1559,0.1565
4241410,4265240,1698076440,0.1563,0.1564
4265240,4266890,1698076500,0.1564,0.156
4276370,4294180,1698076560,0.1561,0.1566
4294180,4294480,1698076620,0.1567,0.1567
4294480,4294420,1698076680,0.1568,0.1563
4294420,4293920,1698076740,0.1562,0.156
4293920,4352500,1698076800,0.1557,0.1595
4301520,4466980,1698076860,0.1597,0.1618
4467200,4429580,1698076920,0.162,0.1611
4428480,4425750,1698076980,0.1608,0.1597
4425920,4392400,1698077040,0.1597,0.1584
4392400,4392200,1698077100,0.1585,0.1593
4391990,4360000,1698077160,0.1593,0.1564
4353570,4349770,1698077220,0.1568,0.1574
4349770,4353780,1698077280,0.1574,0.1573
4353780,4343980,1698077340,0.1573,0.1549
4343980,4335890,1698077400,0.155,0.1541
4335890,4334830,1698077460,0.1539,0.1525
4334890,4333880,1698077520,0.1525,0.1528
4334070,4341490,1698077580,0.1528,0.1531
4341490,4341410,1698077640,0.1531,0.1537
4343970,4331690,1698077700,0.1537,0.1536
4331690,4342450,1698077760,0.1536,0.1541
4342450,4342460,1698077820,0.1542,0.1542
4342460,4348230,1698077880,0.1544,0.1542
4348230,4348440,1698077940,0.154,0.1541
4348440,4349650,1698078000,0.154,0.1539
4349650,4359330,1698078060,0.1541,0.1537
4359330,4361930,1698078120,0.154,0.1551
4362270,4373350,1698078180,0.1552,0.1556
4373350,4373040,1698078240,0.1558,0.1556
4373040,4371950,1698078300,0.1555,0.1548
4371610,4381900,1698078360,0.1552,0.1548
4381900,4382280,1698078420,0.1548,0.1553
4382910,4382870,1698078480,0.1552,0.1547
4382870,4382900,1698078540,0.1548,0.1541
4381180,4369610,1698078600,0.1538,0.1542
4369610,4369390,1698078660,0.1544,0.1544
4369390,4370850,1698078720,0.1544,0.1535
4370850,4360670,1698078780,0.1537,0.1536
4360670,4360690,1698078840,0.1537,0.1542
4360690,4360550,1698078900,0.1538,0.1539
4360550,4358470,1698078960,0.1539,0.1549
4361090,4360930,1698079020,0.1549,0.1555
4360930,4365160,1698079080,0.1556,0.1552
4365160,4366120,1698079140,0.1552,0.1552
4366120,4370630,1698079200,0.1553,0.1544
4370630,4370510,1698079260,0.1547,0.1546
4370510,4369040,1698079320,0.1547,0.155
4369040,4366520,1698079380,0.1549,0.155
4366520,4363440,1698079440,0.1553,0.1547
4363440,4364480,1698079500,0.1544,0.1542
4364480,4363840,1698079560,0.1543,0.1547
4363840,4367260,1698079620,0.1548,0.1546
4367260,4365020,1698079680,0.1545,0.1541
4364320,4374190,1698079740,0.1542,0.1551
4374190,4375270,1698079800,0.1551,0.155
4375270,4374600,1698079860,0.155,0.1557
4372960,4358920,1698079920,0.1555,0.1553
4358750,4357740,1698079980,0.1555,0.1556
4357740,4344590,1698080040,0.1555,0.1566
4344590,4342570,1698080100,0.1564,0.1554
4342570,4341550,1698080160,0.1554,0.1556
4341550,4337120,1698080220,0.1557,0.1564
4337120,4347410,1698080280,0.1565,0.1561
4347410,4345000,1698080340,0.1559,0.1553
4345000,4340460,1698080400,0.1554,0.1549
4340460,4342100,1698080460,0.1549,0.1544
4342100,4337260,1698080520,0.1543,0.1545
4337260,4336840,1698080580,0.1543,0.1548
4336040,4330660,1698080640,0.1547,0.1544
4330660,4328380,1698080700,0.1544,0.1547
4328380,4358330,1698080760,0.1547,0.1542
4359390,4356530,1698080820,0.1543,0.1547
4356530,4376860,1698080880,0.1548,0.1545
4376920,4376440,1698080940,0.1545,0.1542
4376440,4375530,1698081000,0.1546,0.1546
4375530,4358640,1698081120,0.1544,0.154
4358640,4359430,1698081180,0.154,0.1543
4359430,4358910,1698081240,0.1542,0.1543
4358910,4358140,1698081300,0.1543,0.154
4358140,4368260,1698081360,0.1539,0.1536
4368260,4384650,1698081420,0.1537,0.1537
4384650,4372320,1698081480,0.154,0.1543
4372320,4364570,1698081540,0.1544,0.1544
4364570,4364560,1698081600,0.1546,0.1546
4364560,4363290,1698081660,0.1546,0.1536
4363290,4362480,1698081720,0.154,0.1542
4362480,4363580,1698081780,0.1542,0.1542
4363580,4363580,1698081840,0.1542,0.154
4363580,4359780,1698081900,0.154,0.1533
4359780,4276820,1698081960,0.1534,0.1521
4277100,4281440,1698082020,0.152,0.1519
4281650,4271550,1698082080,0.1521,0.1511
4271590,4313630,1698082140,0.1511,0.1508
4312820,4305310,1698082200,0.1509,0.1504
4304500,4296120,1698082260,0.1505,0.1508
4296120,4280930,1698082320,0.1509,0.1518
4280930,4295260,1698082380,0.1521,0.1518
4295260,4294150,1698082440,0.1519,0.1519
4294150,4291920,1698082500,0.152,0.152
4291920,4288810,1698082560,0.1521,0.1522
4288810,4288670,1698082620,0.1524,0.1526
4289090,4288750,1698082680,0.1525,0.1526
4288750,4289720,1698082740,0.1526,0.1525
4289210,4283700,1698082800,0.1526,0.152
4283700,4283090,1698082860,0.1521,0.1527
4283090,4284730,1698082920,0.1528,0.1527
4284730,4284730,1698082980,0.1527,0.1527
4284730,4285550,1698083040,0.1527,0.1526
4285550,4284010,1698083100,0.1526,0.1525
4284010,4285060,1698083160,0.1526,0.1522
4283790,4274720,1698083220,0.1521,0.1529
4274720,4278470,1698083280,0.1528,0.1536
4278470,4277280,1698083340,0.1535,0.1532
4277280,4278780,1698083400,0.1532,0.1529
4278780,4278740,1698083460,0.1529,0.1529
4278740,4278740,1698083520,0.153,0.1532
4278740,4273800,1698083580,0.1532,0.1535
4273800,4267800,1698083640,0.1533,0.1538
4267800,4267950,1698083700,0.1539,0.1538
4267950,4267950,1698083760,0.1538,0.1538
4267950,4267560,1698083820,0.1538,0.1533
4267560,4267480,1698083880,0.1532,0.1531
4267480,4266090,1698083940,0.1532,0.1526
4261380,4252530,1698084000,0.1527,0.153
4252530,4252530,1698084060,0.153,0.1531
4252530,4252540,1698084120,0.1531,0.1531
4252540,4250650,1698084180,0.1532,0.1533
4250060,4250060,1698084240,0.1533,0.1536
4250060,4252040,1698084300,0.1536,0.1537
4252040,4253120,1698084360,0.1539,0.1535
4253120,4253170,1698084420,0.1535,0.1535
4253170,4253060,1698084480,0.1535,0.1541
4254040,4278240,1698084540,0.154,0.1545
4282470,4279300,1698084600,0.1544,0.1546
4279300,4279510,1698084660,0.1544,0.1544
4279510,4278950,1698084720,0.1545,0.1545
4278950,4278670,1698084780,0.1546,0.1546
4278670,4278370,1698084840,0.1546,0.1546
4278370,4278090,1698084900,0.1547,0.1546
4278040,4282820,1698084960,0.1547,0.1541
4282820,4291550,1698085020,0.1542,0.1548
4291550,4286430,1698085080,0.1546,0.1541
4286430,4287450,1698085140,0.1541,0.1544
4287450,4287120,1698085200,0.1543,0.1543
4287120,4282410,1698085260,0.1542,0.1543
4282410,4282420,1698085320,0.1545,0.1545
4282420,4279990,1698085380,0.1544,0.1542
4280050,4277470,1698085440,0.1543,0.1549
4277470,4278500,1698085500,0.1549,0.1546
4278450,4292500,1698085560,0.1546,0.1545
4292500,4294070,1698085620,0.1545,0.155
4294070,4292660,1698085680,0.1548,0.1542
4292450,4292290,1698085740,0.1544,0.1544
4292290,4292380,1698085800,0.1542,0.1543
4292380,4292380,1698085860,0.1543,0.1546
4292380,4292380,1698085920,0.1546,0.1546
4291900,4291730,1698085980,0.1546,0.1545
4291730,4290520,1698086040,0.1546,0.1543
4290520,4287850,1698086100,0.1542,0.1542
4287850,4284920,1698086160,0.1543,0.1544
4284920,4259570,1698086220,0.1543,0.155
4259570,4259860,1698086280,0.1551,0.1548
4259860,4259320,1698086340,0.155,0.1554
4259320,4258480,1698086400,0.1556,0.1556
4258480,4258190,1698086460,0.1552,0.1551
4258190,4258110,1698086520,0.1553,0.1553
4258110,4257890,1698086580,0.1552,0.1552
4257890,4246740,1698086640,0.1551,0.1543
4244570,4254460,1698086700,0.1544,0.1543
4254460,4246170,1698086760,0.1541,0.154
4246170,4245810,1698086820,0.1544,0.1545
4245810,4238000,1698086880,0.1546,0.1548
4238000,4240860,1698086940,0.155,0.1544
4240860,4231970,1698087000,0.1545,0.1551
4231970,4231300,1698087060,0.155,0.1549
4231300,4232270,1698087120,0.1551,0.155
4232270,4228810,1698087180,0.1551,0.155
4228810,4228810,1698087240,0.155,0.1553
4228810,4217500,1698087300,0.1553,0.1558
4217500,4224660,1698087360,0.1557,0.155
4224660,4224790,1698087420,0.1551,0.1551
4224790,4223810,1698087480,0.1551,0.1554
4223810,4223820,1698087540,0.1554,0.1555
4223820,4218490,1698087600,0.1557,0.1559
4218490,4217030,1698087660,0.156,0.1558
4217030,4226910,1698087720,0.1558,0.1558
4226220,4221300,1698087780,0.1559,0.1562
4221300,4219490,1698087840,0.1562,0.1564
4219490,4227950,1698087900,0.1565,0.1565
4227950,4227460,1698087960,0.1565,0.156
4227460,4227060,1698088020,0.1559,0.156
4227060,4229090,1698088080,0.1561,0.1559
4229090,4227710,1698088140,0.1559,0.156
4227710,4228340,1698088200,0.1559,0.156
4228350,4226040,1698088260,0.156,0.1563
4226040,4221080,1698088320,0.1562,0.1573
4221100,4220170,1698088380,0.1571,0.1572
4220170,4224160,1698088440,0.157,0.1573
4224160,4224800,1698088500,0.1572,0.1572
4224800,4223950,1698088560,0.157,0.1575
4223950,4234970,1698088620,0.1573,0.1568
4234910,4229920,1698088680,0.1567,0.1568
4229920,4229960,1698088740,0.1569,0.1565
4229960,4229350,1698088800,0.1564,0.1566
4229350,4231980,1698088860,0.1566,0.1564
4231980,4241750,1698088920,0.1562,0.156
4241750,4242590,1698088980,0.1558,0.1554
4242590,4245760,1698089040,0.1557,0.1559
4245760,4247030,1698089100,0.1558,0.156
4247030,4243370,1698089220,0.156,0.156
4243370,4243240,1698089280,0.156,0.1561
4243240,4243240,1698089340,0.1561,0.1561
4243240,4244050,1698089400,0.1559,0.155
4231260,4223130,1698089460,0.155,0.1553
4223130,4222900,1698089520,0.1555,0.1555
4222900,4227130,1698089580,0.1555,0.1554
4227130,4231140,1698089640,0.1554,0.1556
4231140,4226930,1698089700,0.1557,0.1555
4226930,4226750,1698089760,0.1556,0.1555
4226750,4226310,1698089820,0.1555,0.1556
4226310,4220310,1698089880,0.1557,0.1562
4220310,4220310,1698089940,0.1562,0.1561
4220310,4220540,1698090000,0.1561,0.1562
4220540,4215640,1698090060,0.1562,0.1564
4215640,4215170,1698090120,0.1564,0.1564
4215170,4215340,1698090180,0.1564,0.1566
4215340,4215490,1698090240,0.1567,0.1568
4217620,4218010,1698090300,0.1569,0.1567
4218010,4217900,1698090360,0.1567,0.1567
4217900,4220390,1698090420,0.1567,0.1571
4220390,4211710,1698090480,0.1572,0.1566
4211710,4211720,1698090540,0.1568,0.1568
4210340,4211820,1698090600,0.1566,0.1562
4211820,4211820,1698090660,0.1562,0.1562
4210080,4210080,1698090720,0.1563,0.1564
4210080,4210080,1698090780,0.1564,0.1563
4210080,4211660,1698090840,0.1563,0.1565
4211660,4211550,1698090900,0.1565,0.1566
4211550,4209270,1698090960,0.1566,0.1559
4208860,4209340,1698091020,0.1559,0.1562
4209340,4209250,1698091080,0.1562,0.1562
4209250,4204380,1698091140,0.1563,0.1563
4203580,4200200,1698091200,0.1562,0.1568
4200200,4198970,1698091260,0.1567,0.1566
4198970,4202810,1698091320,0.1568,0.1573
4202810,4201570,1698091380,0.1573,0.1569
4201570,4201240,1698091440,0.157,0.1568
4201240,4201240,1698091500,0.1567,0.1567
4201240,4216660,1698091560,0.1566,0.1568
4216380,4202390,1698091620,0.1568,0.1571
4202390,4202520,1698091680,0.1571,0.157
4202520,4203800,1698091740,0.1572,0.1572
4203800,4203020,1698091800,0.1572,0.1573
4203020,4203020,1698091860,0.1573,0.1572
4203020,4193700,1698091920,0.1572,0.1568
4193700,4191510,1698091980,0.1569,0.1566
4191510,4191510,1698092040,0.1565,0.1566
4190980,4190610,1698092100,0.1565,0.1566
4190610,4189800,1698092160,0.1567,0.1569
4189800,4186910,1698092220,0.1569,0.1573
4186910,4186770,1698092280,0.1572,0.1571
4186770,4180640,1698092340,0.1572,0.1564
4180640,4180990,1698092400,0.1563,0.1563
4180990,4180880,1698092460,0.1564,0.1566
4180880,4180970,1698092520,0.1565,0.1564
4180970,4180300,1698092580,0.1564,0.1566
4180300,4174540,1698092640,0.1567,0.1565
4174540,4174540,1698092700,0.1565,0.1566
4174540,4171890,1698092760,0.1566,0.1563
4171890,4163190,1698092820,0.1562,0.1553
4163190,4163370,1698092880,0.1553,0.1552
4163370,4147670,1698092940,0.1551,0.1545
4129010,4126320,1698093000,0.1548,0.1547
4126320,4126330,1698093060,0.1547,0.1547
4126330,4124350,1698093120,0.1548,0.1548
4124430,4124660,1698093180,0.155,0.1552
4124660,4132860,1698093240,0.1553,0.155
4132860,4132440,1698093300,0.1552,0.1553
4132440,4120340,1698093360,0.1552,0.1556
4119020,4119080,1698093420,0.1555,0.1555
4120490,4119420,1698093480,0.1556,0.1554
4119420,4119110,1698093540,0.1555,0.1556
4118790,4117790,1698093600,0.1557,0.1557
4117790,4117120,1698093660,0.1555,0.1554
4117120,4119160,1698093720,0.1554,0.1552
4119160,4127030,1698093780,0.1551,0.1548
4127030,4127030,1698093840,0.1548,0.1548
4127030,4127210,1698093900,0.1548,0.1548
4127210,4128650,1698093960,0.1547,0.1544
4128650,4128420,1698094020,0.1547,0.1547
4128420,4128450,1698094080,0.1547,0.1547
4128450,4128450,1698094140,0.1547,0.1547
4128450,4129190,1698094200,0.1544,0.1543
4129190,4140190,1698094260,0.1543,0.1537
4140190,4139320,1698094320,0.1535,0.1535
4139320,4158450,1698094380,0.1535,0.1534
4158450,4155290,1698094440,0.1535,0.1536
4154030,4146920,1698094500,0.1537,0.1538
4146920,4145290,1698094560,0.1537,0.1534
4145290,4145230,1698094620,0.1536,0.1535
4145230,4155750,1698094680,0.1535,0.1529
4155750,4155550,1698094740,0.1528,0.1529
4155490,4131410,1698094800,0.153,0.1538
4131940,4134800,1698094860,0.1539,0.1542
4134800,4134200,1698094920,0.1541,0.1542
4134200,4136580,1698094980,0.1542,0.1543
4136580,4136170,1698095040,0.1544,0.1541
4136170,4142360,1698095100,0.1542,0.1541
4142360,4142340,1698095160,0.1541,0.154
4142340,4149460,1698095220,0.1541,0.1535
4149460,4150070,1698095280,0.1538,0.1538
4150070,4150110,1698095340,0.1538,0.1538
4150110,4149290,1698095400,0.1538,0.1537
4149290,4145870,1698095460,0.1537,0.1536
4145870,4147370,1698095520,0.1537,0.1539
4147370,4147800,1698095580,0.1539,0.1538
4147800,4148060,1698095640,0.1538,0.1543
4148060,4151990,1698095700,0.1543,0.1543
4151990,4158040,1698095760,0.1541,0.1539
4158040,4159310,1698095820,0.154,0.1541
4159310,4158260,1698095880,0.1542,0.1542
4158260,4158260,1698095940,0.1542,0.1544
4156050,4155620,1698096000,0.1544,0.1545
4155620,4155070,1698096060,0.1542,0.1544
4155070,4155050,1698096120,0.1542,0.1542
4155050,4154550,1698096180,0.1542,0.1544
4154550,4149520,1698096240,0.1543,0.1544
4149520,4148680,1698096300,0.1543,0.154
4148680,4148680,1698096360,0.154,0.154
4148680,4148680,1698096420,0.154,0.154
4148680,4148680,1698096480,0.154,0.1542
4148680,4148200,1698096540,0.1542,0.1542
4148200,4148200,1698096600,0.1543,0.154
4148200,4148200,1698096660,0.154,0.154
4148200,4148200,1698096720,0.154,0.1543
4148210,4148210,1698096780,0.1543,0.1543
4148210,4148400,1698096840,0.1543,0.1545
4146670,4146700,1698096900,0.1545,0.1545
4146700,4146430,1698096960,0.1547,0.1549
4146430,4146130,1698097020,0.1548,0.1548
4146130,4146230,1698097080,0.1548,0.1547
4146230,4146230,1698097140,0.1548,0.1551
4146230,4145270,1698097200,0.155,0.1547
4145270,4143880,1698097260,0.1549,0.155
4143880,4143500,1698097320,0.155,0.1549
4143500,4143500,1698097380,0.1549,0.1548
4143500,4143630,1698097440,0.1548,0.1545
4143630,4141350,1698097500,0.1545,0.1546
4141350,4141450,1698097560,0.1546,0.1546
4141450,4141450,1698097620,0.1546,0.1546
4141450,4141040,1698097680,0.1547,0.1553
4141040,4140490,1698097740,0.1553,0.155
4140490,4143380,1698097800,0.1551,0.1552
4143380,4143140,1698097860,0.1553,0.1553
4143140,4143170,1698097920,0.1554,0.1554
4143170,4143250,1698097980,0.1555,0.1556
4143250,4143270,1698098040,0.1555,0.1555
4143270,4143360,1698098100,0.1555,0.1554
4143360,4143360,1698098160,0.1554,0.1554
4143360,4143360,1698098220,0.1554,0.1554
4143360,4143270,1698098280,0.1554,0.1554
4143270,4143270,1698098340,0.1554,0.1554
4143270,4143750,1698098400,0.1554,0.1556
4143750,4137960,1698098460,0.1555,0.1556
4137960,4132360,1698098520,0.1556,0.1559
4132360,4132360,1698098580,0.1561,0.1561
4132360,4134760,1698098640,0.1561,0.1561
4134760,4143250,1698098700,0.1562,0.1566
4143270,4143640,1698098760,0.1567,0.1569
4144530,4144540,1698098820,0.1569,0.1569
4144540,4144570,1698098880,0.1569,0.1569
4144570,4144330,1698098940,0.157,0.1567
4148600,4148680,1698099000,0.1568,0.1567
4148680,4148340,1698099060,0.1566,0.1566
4148340,4148340,1698099120,0.1566,0.1567
4148340,4149930,1698099180,0.1567,0.1567
4149930,4150730,1698099240,0.1565,0.1569
4150730,4150770,1698099300,0.1568,0.1566
4150770,4151240,1698099360,0.1566,0.1566
4151240,4150690,1698099420,0.1569,0.1569
4150690,4153390,1698099480,0.1567,0.1563
4153390,4150370,1698099540,0.1563,0.157
4150370,4151160,1698099600,0.1568,0.1563
4151160,4156980,1698099660,0.1562,0.1558
4156980,4156550,1698099720,0.1561,0.1562
4156550,4156250,1698099780,0.1562,0.1561
4156250,4154330,1698099840,0.1562,0.1563
4154330,4153460,1698099900,0.1565,0.1563
4153460,4143960,1698099960,0.1565,0.1568
4143960,4141430,1698100080,0.1567,0.1572
4141430,4134790,1698100140,0.157,0.1571
4134790,4133640,1698100200,0.157,0.1562
4133640,4133640,1698100260,0.1565,0.1566
4133640,4110900,1698100320,0.1567,0.1576
4110900,4106660,1698100380,0.1576,0.1573
4106660,4096800,1698100440,0.1573,0.1569
4096800,4094770,1698100500,0.157,0.157
4094770,4094150,1698100560,0.1571,0.1571
4094150,4092080,1698100620,0.1571,0.1572
4092080,4090970,1698100680,0.1573,0.1577
4090970,4089330,1698100740,0.1575,0.1581
4089330,4088600,1698100800,0.1581,0.1584
4088360,4094880,1698100860,0.1582,0.1603
4100490,4086130,1698100920,0.1615,0.1593
4089930,4063500,1698100980,0.1591,0.1602
4065630,4063350,1698101040,0.1602,0.1593
4063010,4064130,1698101100,0.159,0.1587
4064160,4072870,1698101160,0.1588,0.1576
4072870,4073230,1698101220,0.1578,0.1571
4073230,4060830,1698101280,0.157,0.1573
4060030,4058080,1698101340,0.1574,0.1579
4058080,4048060,1698101400,0.1578,0.1574
4046730,4054300,1698101460,0.1573,0.1587
4054300,4057760,1698101520,0.1585,0.1582
4057760,4054720,1698101580,0.1583,0.1584
4053330,4053730,1698101640,0.1585,0.1583
4053710,4051900,1698101700,0.1582,0.1593
4052380,4044790,1698101760,0.1593,0.1592
4050300,4044120,1698101880,0.159,0.1592
4044120,4044910,1698101940,0.1592,0.16
4043240,4040550,1698102000,0.16,0.16
4040550,4046100,1698102060,0.1601,0.1589
4045760,4048570,1698102120,0.159,0.1586
4048570,4053800,1698102180,0.1587,0.1587
4053800,4051380,1698102240,0.1584,0.1586
4050520,4034100,1698102300,0.1587,0.158
4034100,4035440,1698102360,0.1578,0.1575
4035440,4036650,1698102420,0.1577,0.1576
4036650,3837680,1698102480,0.1575,0.1635
3836490,3802500,1698102540,0.1635,0.1632
3802500,3780180,1698102600,0.1633,0.1626
3774290,3750900,1698102720,0.162,0.1633
3750900,3753510,1698102780,0.1633,0.1634
3753510,3745280,1698102840,0.1633,0.1627
3745280,3744360,1698102900,0.1627,0.1624
3744360,3740740,1698102960,0.1628,0.163
3740740,3741090,1698103020,0.1632,0.1628
3741090,3744820,1698103080,0.1627,0.1619
3744820,3742420,1698103140,0.1622,0.163
3742420,3736840,1698103200,0.1629,0.1623
3736840,3725450,1698103260,0.1621,0.1614
3725450,3726490,1698103320,0.1613,0.1617
3726490,3724510,1698103380,0.1618,0.1621
3724510,3726520,1698103440,0.1618,0.1612
3726520,3724740,1698103500,0.1614,0.1604
3724360,3724130,1698103560,0.1604,0.1609
3723780,3724140,1698103620,0.1608,0.1605
3724140,3726220,1698103680,0.1605,0.1607
3726220,3738620,1698103740,0.1604,0.1615
3738620,3748200,1698103800,0.1613,0.1614
3749290,3749730,1698103860,0.1611,0.1613
3749730,3750410,1698103920,0.161,0.161
3750410,3750760,1698103980,0.161,0.1614
3750760,3751850,1698104040,0.1611,0.1605
3751850,3746870,1698104100,0.1605,0.1605
3746870,3748060,1698104160,0.1605,0.1603
3748060,3749910,1698104220,0.1604,0.1605
3749910,3750270,1698104280,0.1603,0.1602
3750270,3765910,1698104340,0.1601,0.1601
3765910,3760860,1698104400,0.16,0.1601
3760860,3757940,1698104460,0.1602,0.1614
3761590,3764000,1698104520,0.1614,0.1613
3764000,3764000,1698104580,0.1613,0.1613
3764000,3763660,1698104640,0.1613,0.1615
3763660,3763680,1698104700,0.1614,0.1612
3763680,3764380,1698104760,0.1613,0.161
3764380,3754570,1698104820,0.1609,0.161
3754570,3754570,1698104880,0.161,0.161
3754570,3755750,1698104940,0.161,0.1609
3755750,3755260,1698105000,0.1607,0.1605
3755260,3758920,1698105060,0.1605,0.1603
3758920,3756020,1698105120,0.1605,0.1605
3756020,3755360,1698105180,0.1604,0.1606
3754970,3759010,1698105240,0.1608,0.1611
3759010,3759010,1698105300,0.1611,0.1611
3759010,3751800,1698105360,0.1611,0.1616
3751800,3751380,1698105420,0.1618,0.1616
3751380,3750480,1698105480,0.1616,0.1616
3750480,3737540,1698105540,0.1613,0.1624
3737510,3741140,1698105600,0.1627,0.1631
3741140,3740460,1698105660,0.1631,0.1631
3740460,3739260,1698105720,0.1633,0.1628
3739260,3736710,1698105780,0.1628,0.163
3734420,3701560,1698105840,0.163,0.1624
3701560,3709520,1698105900,0.1624,0.1633
3720150,3717580,1698105960,0.1631,0.1619
3717580,3704570,1698106020,0.1619,0.1608
3705660,3707720,1698106080,0.1609,0.1596
3707570,3707790,1698106140,0.1599,0.1602
3707790,3702590,1698106200,0.16,0.1599
3702590,3706130,1698106260,0.1596,0.16
3706130,3705710,1698106320,0.16,0.1601
3705710,3701830,1698106380,0.1602,0.1604
3701830,3705040,1698106440,0.1605,0.1601
3705040,3700580,1698106500,0.1599,0.1603
3699560,3690610,1698106560,0.1603,0.1605
3690610,3701930,1698106620,0.1605,0.1624
3709960,3714580,1698106680,0.1622,0.1622
3714580,3712910,1698106740,0.162,0.1622
3712910,3709070,1698106800,0.162,0.1621
3709070,3709030,1698106860,0.1622,0.1623
3709030,3707600,1698106920,0.1622,0.1622
3707600,3707450,1698106980,0.1622,0.1625
3707450,3707770,1698107040,0.1626,0.1631
3707770,3707770,1698107100,0.1629,0.1632
3707790,3701210,1698107160,0.1631,0.1634
3701210,3709540,1698107220,0.1637,0.164
3709540,3711160,1698107280,0.1638,0.1634
3711150,3709020,1698107340,0.1635,0.1642
3709020,3696380,1698107400,0.1642,0.1624
3696380,3695910,1698107460,0.1628,0.1641
3697140,3715160,1698107520,0.1641,0.1639
3715160,3712560,1698107580,0.1638,0.1646
3711810,3721220,1698107640,0.1646,0.165
3721220,3772550,1698107700,0.1653,0.1662
3774390,3775650,1698107760,0.1662,0.1658
3775650,3770650,1698107820,0.1657,0.1648
3770640,3771380,1698107880,0.1649,0.1651
3771380,3769080,1698107940,0.1648,0.1647
3769080,3748250,1698108000,0.1645,0.1657
3748250,3752370,1698108060,0.1655,0.166
3752940,3754470,1698108120,0.1658,0.1654
3754470,3754460,1698108180,0.1655,0.1655
3754460,3754690,1698108240,0.1652,0.166
3754690,3754840,1698108300,0.1656,0.1658
3754840,3761260,1698108360,0.1658,0.1666
3761260,3752080,1698108420,0.1666,0.1656
3752080,3750220,1698108480,0.1655,0.1658
3750220,3719150,1698108540,0.1657,0.1639
3718770,3714400,1698108600,0.164,0.1641
3714400,3709700,1698108660,0.1642,0.1642
3709700,3708150,1698108720,0.1644,0.164
3708150,3707930,1698108780,0.1642,0.1642
3707930,3703230,1698108840,0.1643,0.1645
3703230,3698710,1698108900,0.1644,0.1645
3698710,3689560,1698108960,0.1645,0.166
3689560,3684850,1698109020,0.1659,0.165
3684850,3682560,1698109080,0.1649,0.1645
3681680,3676190,1698109140,0.1646,0.165
3676190,3716520,1698109200,0.1649,0.165
3716520,3721090,1698109260,0.1652,0.165
3721090,3722290,1698109320,0.165,0.1648
3722290,3712600,1698109380,0.1646,0.1647
3712240,3712000,1698109440,0.1648,0.1649
3711980,3712010,1698109500,0.1648,0.1648
3712010,3715190,1698109560,0.1649,0.1665
3715110,3716620,1698109620,0.1668,0.1669
3716620,3716620,1698109680,0.1669,0.1667
3716620,3714180,1698109740,0.1667,0.1667
3714180,3712930,1698109800,0.1665,0.1664
3712930,3709900,1698109860,0.1664,0.166
3709900,3705030,1698109920,0.1657,0.1649
3705030,3704800,1698109980,0.1648,0.1645
3704800,3695750,1698110040,0.1645,0.1644
3695750,3695750,1698110100,0.1644,0.1644
3695750,3698880,1698110160,0.1643,0.164
3698880,3698780,1698110220,0.1639,0.1638
3698780,3694820,1698110280,0.1639,0.164
3694820,3694820,1698110340,0.164,0.164
3694820,3689390,1698110400,0.164,0.164
3689390,3693760,1698110460,0.1641,0.1636
3693750,3693750,1698110520,0.1635,0.1637
3693750,3692920,1698110580,0.1639,0.164
3692920,3692060,1698110640,0.1641,0.1644
3692060,3692060,1698110700,0.1645,0.1645
3692060,3701440,1698110760,0.1646,0.1643
3701440,3701550,1698110820,0.1644,0.1642
3701550,3716020,1698110880,0.1643,0.1662
3716020,3602580,1698110940,0.1663,0.1708
3602580,3585360,1698111000,0.171,0.1705
3585360,3571870,1698111060,0.1708,0.1698
3571870,3573210,1698111120,0.1697,0.1694
3573210,3573210,1698111180,0.1694,0.1695
3573210,3565410,1698111240,0.1695,0.1678
3565250,3562610,1698111300,0.1678,0.1677
3562610,3562440,1698111360,0.1676,0.1677
3562440,3560180,1698111420,0.1676,0.1675
3560180,3559490,1698111480,0.1674,0.167
3559490,3555510,1698111540,0.1673,0.1692
3547130,3551160,1698111600,0.169,0.1689
3551160,3551160,1698111660,0.1689,0.1689
3551160,3550930,1698111720,0.1689,0.169
3550930,3547420,1698111780,0.1691,0.1718
3543020,3543630,1698111840,0.1719,0.1729
3543390,3541460,1698111900,0.1731,0.1714
3542070,3547140,1698111960,0.1717,0.1708
3546110,3545250,1698112020,0.1707,0.1703
3545250,3546140,1698112080,0.1703,0.1703
3546140,3533000,1698112140,0.1703,0.1719
3533000,3532300,1698112200,0.1719,0.1717
3532830,3533990,1698112260,0.1718,0.1722
3520680,3520580,1698112320,0.1719,0.1716
3520580,3505260,1698112380,0.1714,0.1698
3501770,3492140,1698112440,0.1697,0.1688
3492400,3490980,1698112500,0.1687,0.1691
3490980,3487670,1698112560,0.1691,0.1688
3487670,3487060,1698112620,0.1689,0.1686
3487060,3486300,1698112680,0.1687,0.1689
3486300,3486300,1698112740,0.1689,0.1689
3486460,3484620,1698112800,0.1689,0.1684
3484620,3483230,1698112860,0.1684,0.1684
3482650,3468750,1698112920,0.1685,0.169
3468750,3468860,1698112980,0.169,0.1694
3468860,3465820,1698113040,0.1693,0.1694
3465820,3478460,1698113100,0.1693,0.1692
3478460,3544630,1698113160,0.1691,0.1688
3544630,3540690,1698113220,0.1686,0.1696
3540690,3540690,1698113280,0.1696,0.1696
3540690,3540420,1698113340,0.1697,0.1699
3540420,3540170,1698113400,0.1698,0.1692
3540170,3523630,1698113460,0.169,0.1698
3508180,3507890,1698113520,0.1698,0.1701
3507890,3508840,1698113580,0.1699,0.1699
3508840,3517210,1698113640,0.1698,0.1698
3517210,3513360,1698113700,0.1697,0.1703
3512580,3512330,1698113760,0.1702,0.1703
3512320,3508650,1698113820,0.1705,0.1712
3508650,3508210,1698113880,0.1712,0.1714
3508210,3507590,1698113940,0.1716,0.1718
3507590,3507650,1698114000,0.1718,0.1718
3507650,3507760,1698114060,0.1718,0.1719
3507760,3509290,1698114120,0.1718,0.1723
3509290,3512170,1698114180,0.1724,0.1725
3512170,3514600,1698114240,0.1725,0.1727
3514420,3514000,1698114300,0.1723,0.1732
3518210,3521220,1698114420,0.1738,0.1735
3521220,3520520,1698114480,0.1735,0.1732
3520640,3520900,1698114540,0.1732,0.1721
3520900,3514400,1698114600,0.172,0.1719
3514400,3514370,1698114660,0.1717,0.1716
3514370,3513730,1698114720,0.1718,0.1716
3513730,3513020,1698114780,0.1713,0.1715
3513020,3512980,1698114840,0.1713,0.1708
3512980,3507840,1698114900,0.1707,0.171
3507840,3521440,1698114960,0.1709,0.169
3516720,3514760,1698115020,0.1688,0.1693
3514400,3505130,1698115080,0.1695,0.1704
3505130,3505570,1698115140,0.1705,0.1707
3505570,3494550,1698115200,0.1707,0.1704
3494550,3489150,1698115320,0.1707,0.1708
3489150,3488790,1698115380,0.1708,0.1709
3488790,3488160,1698115440,0.171,0.1715
3487290,3482220,1698115500,0.1715,0.1716
3482220,3481050,1698115560,0.1716,0.172
3481050,3481120,1698115620,0.1722,0.1723
3481120,3477360,1698115680,0.1721,0.1715
3477360,3475770,1698115740,0.1716,0.1713
3475770,3476670,1698115800,0.1711,0.1708
3476670,3476670,1698115860,0.1708,0.1705
3476670,3469970,1698115920,0.1705,0.1696
3469970,3465610,1698115980,0.17,0.1693
3465610,3464050,1698116040,0.1692,0.1696
3464050,3454710,1698116100,0.1695,0.1693
3454710,3454710,1698116160,0.1693,0.1692
3454710,3449860,1698116220,0.1692,0.1699
3449860,3449950,1698116280,0.1698,0.1696
3449950,3449100,1698116340,0.1698,0.1695
3448930,3447370,1698116400,0.1695,0.1697
3447370,3440370,1698116460,0.1694,0.1685
3440370,3433090,1698116520,0.1684,0.1694
3433080,3433180,1698116580,0.1694,0.1693
3433180,3433900,1698116640,0.1692,0.169
3433900,3431150,1698116700,0.169,0.1688
3431150,3430470,1698116760,0.1689,0.1692
3429990,3429740,1698116820,0.1692,0.1687
3429740,3429110,1698116880,0.1687,0.1688
3429110,3422010,1698116940,0.1687,0.168
3422010,3414970,1698117000,0.1681,0.1685
3414970,3413760,1698117060,0.1686,0.1689
3413760,3413230,1698117120,0.169,0.1693
3413030,3412190,1698117180,0.1695,0.1698
3412190,3412230,1698117240,0.1697,0.1697
3412230,3407810,1698117300,0.1696,0.1701
3407810,3407190,1698117360,0.1701,0.1701
3407190,3427240,1698117420,0.1698,0.1694
3427240,3427400,1698117480,0.1697,0.1695
3427400,3427400,1698117540,0.1695,0.1694
3427400,3423320,1698117600,0.1694,0.1689
3423320,3416570,1698117660,0.1689,0.1696
3416570,3415320,1698117720,0.1696,0.1698
3415320,3422170,1698117780,0.1698,0.1713
3421830,3422100,1698117840,0.1712,0.171
3422100,3427080,1698117900,0.171,0.1706
3427080,3424730,1698117960,0.1706,0.1706
3424730,3424890,1698118020,0.1705,0.1705
3424890,3425040,1698118080,0.1705,0.1706
3425040,3425040,1698118140,0.1706,NA
3425040,3425040,1698118200,NA,0.1704
3425040,3425660,1698118260,0.1704,0.1708
3425660,3426150,1698118320,0.1708,0.1707
3426150,3424750,1698118380,0.1708,0.1713
3424750,3426840,1698118440,0.1712,0.1707
3426840,3442740,1698118500,0.1705,0.1702
3442740,3499650,1698118560,0.17,0.1694
3504980,3495210,1698118620,0.1695,0.1704
3495210,3495150,1698118680,0.1704,0.1703
3495150,3494040,1698118740,0.1702,0.1703
3494040,3493500,1698118800,0.1705,0.1706
3493500,3491000,1698118860,0.1706,0.17
3491000,3490350,1698118920,0.1701,0.1704
3490350,3490110,1698118980,0.1703,0.1704
3490110,3489760,1698119040,0.1703,0.1702
3491260,3500800,1698119100,0.1703,0.1732
3500690,3501800,1698119160,0.1729,0.1724
3501800,3502180,1698119220,0.1722,0.1721
3502180,3499950,1698119280,0.172,0.1714
3499950,3499700,1698119340,0.1715,0.1712
3499880,3499970,1698119400,0.1711,0.1709
3499970,3499890,1698119460,0.1709,0.1706
3499890,3499890,1698015240,0.1699,0.1723
3499890,3499890,1698015300,0.1722,0.1714
3499890,3499890,1698015360,0.1714,0.172
3499890,3499890,1698015420,0.1718,0.1722
3499890,3499890,1698015480,0.1724,0.1716
3499890,3499890,1698015540,0.1715,0.171
3499890,3499890,1698015600,0.171,0.1713
3499890,3499890,1698015660,0.1714,0.1712
3499890,3499890,1698015720,0.1713,0.1712
3499890,3499890,1698015780,0.1712,0.1692
3499890,3499890,1698015840,0.1695,0.1694
3499890,3499890,1698015900,0.1696,0.1696
3499890,3499890,1698015960,0.1696,0.1694
3499890,3499890,1698016020,0.1697,0.1695
3499890,3499890,1698016080,0.1696,0.1698
3499890,3499890,1698016140,0.1698,0.1699
3499890,3499890,1698016200,0.1701,0.1709
3499890,3499890,1698016260,0.171,0.1718
3499890,3499890,1698016320,0.1719,0.1721
3499890,3499890,1698023460,0.1725,0.1717
3499890,3499890,1698029760,0.173,0.1731
3499890,3499890,1698032460,0.1735,0.173
3499890,3499890,1698034260,0.1751,0.1748
3499890,3499890,1698038760,0.1776,0.1767
3499890,3499890,1698039660,0.1766,0.1772
3499890,3499890,1698044100,0.1766,0.1766
3499890,3499890,1698050220,0.1717,0.1716
3499890,3499890,1698050280,0.1715,0.1717
3499890,3499890,1698050400,0.1714,0.1719
3499890,3499890,1698050460,0.1719,0.1704
3499890,3499890,1698081060,0.1544,0.1543
3499890,3499890,1698089160,0.1561,0.156
3499890,3499890,1698100020,0.1568,0.1567
3499890,3499890,1698101820,0.159,0.1587
3499890,3499890,1698102660,0.1625,0.162
3499890,3499890,1698114360,0.1732,0.1736
3499890,3499890,1698115260,0.1703,0.1707
