"OI_open","OI_close","timestamp","price_open","price_close"
1.451279e+13,1.451676e+13,1699275000,1.1735e-06,1.1735e-06
1.451676e+13,1.451572e+13,1699275060,1.1734e-06,1.1719e-06
1.454748e+13,1.454395e+13,1699275120,1.1727e-06,1.1735e-06
1.454395e+13,1.453844e+13,1699275180,1.1734e-06,1.1729e-06
1.453864e+13,1.453722e+13,1699275240,1.173e-06,1.1727e-06
1.453722e+13,1.453548e+13,1699275300,1.1727e-06,1.1707e-06
1.453488e+13,1.451315e+13,1699275360,1.1707e-06,1.172e-06
1.451206e+13,1.451059e+13,1699275420,1.1718e-06,1.1738e-06
1.451059e+13,1.451724e+13,1699275480,1.1739e-06,1.1751e-06
1.451604e+13,1.451618e+13,1699275540,1.1753e-06,1.175e-06
1.451557e+13,1.451211e+13,1699275600,1.1749e-06,1.1733e-06
1.451211e+13,1.449522e+13,1699275660,1.1732e-06,1.1729e-06
1.449522e+13,1.449807e+13,1699275720,1.1728e-06,1.173e-06
1.449808e+13,1.45183e+13,1699275780,1.1729e-06,1.1702e-06
1.45183e+13,1.450958e+13,1699275840,1.1699e-06,1.1739e-06
1.450958e+13,1.449292e+13,1699275900,1.1741e-06,1.1749e-06
1.44936e+13,1.449536e+13,1699275960,1.1747e-06,1.1726e-06
1.449538e+13,1.449917e+13,1699276020,1.1733e-06,1.1716e-06
1.449917e+13,1.44789e+13,1699276080,1.1718e-06,1.1708e-06
1.44789e+13,1.449041e+13,1699276140,1.1712e-06,1.1731e-06
1.44903e+13,1.449071e+13,1699276200,1.1733e-06,1.1758e-06
1.449071e+13,1.449045e+13,1699276260,1.1758e-06,1.175e-06
1.449045e+13,1.448279e+13,1699276320,1.1748e-06,1.1735e-06
1.448285e+13,1.448725e+13,1699276380,1.1735e-06,1.1741e-06
1.448725e+13,1.448976e+13,1699276440,1.1742e-06,1.1716e-06
1.44924e+13,1.44959e+13,1699276500,1.1724e-06,1.1702e-06
1.449376e+13,1.444356e+13,1699276560,1.1706e-06,1.1661e-06
1.444356e+13,1.445666e+13,1699276620,1.1661e-06,1.1667e-06
1.445687e+13,1.445597e+13,1699276680,1.1668e-06,1.167e-06
1.445597e+13,1.4457e+13,1699276740,1.1671e-06,1.1663e-06
1.445387e+13,1.448684e+13,1699276800,1.1667e-06,1.1655e-06
1.448907e+13,1.447607e+13,1699276860,1.1656e-06,1.1611e-06
1.447372e+13,1.441499e+13,1699276920,1.1612e-06,1.1632e-06
1.441497e+13,1.440476e+13,1699276980,1.1634e-06,1.1639e-06
1.440731e+13,1.437786e+13,1699277040,1.1632e-06,1.1624e-06
1.437786e+13,1.440153e+13,1699277100,1.1626e-06,1.1622e-06
1.440153e+13,1.442166e+13,1699277160,1.1622e-06,1.1566e-06
1.442089e+13,1.441871e+13,1699277220,1.1568e-06,1.162e-06
1.441871e+13,1.442525e+13,1699277280,1.1619e-06,1.1632e-06
1.442819e+13,1.442238e+13,1699277340,1.163e-06,1.1642e-06
1.442238e+13,1.441679e+13,1699277400,1.164e-06,1.1666e-06
1.441679e+13,1.442317e+13,1699277460,1.1664e-06,1.1662e-06
1.442317e+13,1.442784e+13,1699277520,1.1662e-06,1.1661e-06
1.442783e+13,1.441575e+13,1699277580,1.1661e-06,1.1664e-06
1.441569e+13,1.439461e+13,1699277640,1.1664e-06,1.1644e-06
1.439488e+13,1.439956e+13,1699277700,1.1648e-06,1.164e-06
1.43996e+13,1.440628e+13,1699277760,1.1645e-06,1.1641e-06
1.440628e+13,1.441269e+13,1699277820,1.1644e-06,1.1667e-06
1.441266e+13,1.440574e+13,1699277880,1.1668e-06,1.164e-06
1.440574e+13,1.443026e+13,1699277940,1.164e-06,1.1616e-06
1.443061e+13,1.444581e+13,1699278000,1.1616e-06,1.1608e-06
1.444581e+13,1.442011e+13,1699278060,1.161e-06,1.1612e-06
1.442011e+13,1.439631e+13,1699278120,1.1612e-06,1.1579e-06
1.439614e+13,1.427931e+13,1699278180,1.1576e-06,1.1556e-06
1.427931e+13,1.426796e+13,1699278240,1.1556e-06,1.1577e-06
1.426798e+13,1.426247e+13,1699278300,1.1576e-06,1.1571e-06
1.426247e+13,1.425974e+13,1699278360,1.1572e-06,1.1553e-06
1.425974e+13,1.426428e+13,1699278420,1.1556e-06,1.1538e-06
1.426499e+13,1.427864e+13,1699278480,1.1539e-06,1.1557e-06
1.428303e+13,1.428543e+13,1699278540,1.1558e-06,1.1568e-06
1.428543e+13,1.428539e+13,1699278600,1.1574e-06,1.1585e-06
1.428599e+13,1.429783e+13,1699278660,1.1581e-06,1.1591e-06
1.430226e+13,1.430271e+13,1699278720,1.1591e-06,1.1568e-06
1.430271e+13,1.430057e+13,1699278780,1.1569e-06,1.1582e-06
1.430057e+13,1.429973e+13,1699278840,1.1582e-06,1.1573e-06
1.429973e+13,1.430338e+13,1699278900,1.1576e-06,1.1575e-06
1.430405e+13,1.430192e+13,1699278960,1.1576e-06,1.1576e-06
1.430188e+13,1.430032e+13,1699279020,1.1571e-06,1.1574e-06
1.430061e+13,1.429789e+13,1699279080,1.1569e-06,1.1582e-06
1.429827e+13,1.425789e+13,1699279140,1.1583e-06,1.162e-06
1.425785e+13,1.425594e+13,1699279200,1.1621e-06,1.1626e-06
1.425586e+13,1.425364e+13,1699279260,1.1625e-06,1.1633e-06
1.425294e+13,1.420751e+13,1699279320,1.1633e-06,1.165e-06
1.420751e+13,1.420159e+13,1699279380,1.165e-06,1.1681e-06
1.420159e+13,1.420132e+13,1699279440,1.1682e-06,1.168e-06
1.420181e+13,1.420035e+13,1699279500,1.168e-06,1.1679e-06
1.420036e+13,1.420648e+13,1699279560,1.168e-06,1.1679e-06
1.420607e+13,1.419814e+13,1699279620,1.1677e-06,1.1722e-06
1.419684e+13,1.419615e+13,1699279680,1.1722e-06,1.1723e-06
1.419612e+13,1.419392e+13,1699279740,1.1723e-06,1.1679e-06
1.419384e+13,1.419731e+13,1699279800,1.1682e-06,1.1657e-06
1.419731e+13,1.419061e+13,1699279860,1.166e-06,1.1648e-06
1.418938e+13,1.417002e+13,1699279920,1.1649e-06,1.1639e-06
1.417002e+13,1.413036e+13,1699279980,1.1634e-06,1.1625e-06
1.413036e+13,1.413276e+13,1699280040,1.1623e-06,1.1633e-06
1.413276e+13,1.415054e+13,1699280100,1.1632e-06,1.1613e-06
1.415054e+13,1.415891e+13,1699280160,1.1613e-06,1.1589e-06
1.415891e+13,1.415545e+13,1699280220,1.159e-06,1.1625e-06
1.415545e+13,1.415057e+13,1699280280,1.1622e-06,1.1627e-06
1.415057e+13,1.415727e+13,1699280340,1.1626e-06,1.1627e-06
1.415731e+13,1.415912e+13,1699280400,1.1627e-06,1.1575e-06
1.415897e+13,1.415518e+13,1699280460,1.1578e-06,1.158e-06
1.415518e+13,1.415661e+13,1699280520,1.1584e-06,1.1594e-06
1.415661e+13,1.414587e+13,1699280580,1.1594e-06,1.1577e-06
1.414698e+13,1.414031e+13,1699280640,1.1581e-06,1.1575e-06
1.41422e+13,1.415186e+13,1699280700,1.1574e-06,1.1625e-06
1.414573e+13,1.413873e+13,1699280760,1.1625e-06,1.1636e-06
1.413987e+13,1.413719e+13,1699280820,1.1632e-06,1.161e-06
1.413721e+13,1.413449e+13,1699280880,1.1619e-06,1.1634e-06
1.413449e+13,1.413785e+13,1699280940,1.1634e-06,1.1634e-06
1.413785e+13,1.41426e+13,1699281000,1.1636e-06,1.164e-06
1.41426e+13,1.415325e+13,1699281060,1.1639e-06,1.1645e-06
1.415352e+13,1.414349e+13,1699281120,1.1646e-06,1.1604e-06
1.414277e+13,1.421919e+13,1699281180,1.1602e-06,1.1558e-06
1.421881e+13,1.42206e+13,1699281240,1.1557e-06,1.1575e-06
1.42206e+13,1.420024e+13,1699281300,1.1574e-06,1.1558e-06
1.420024e+13,1.419537e+13,1699281360,1.1555e-06,1.1547e-06
1.419536e+13,1.419119e+13,1699281420,1.1548e-06,1.1559e-06
1.419124e+13,1.417422e+13,1699281480,1.156e-06,1.1573e-06
1.417142e+13,1.417178e+13,1699281540,1.1576e-06,1.1573e-06
1.417125e+13,1.419071e+13,1699281600,1.1576e-06,1.1558e-06
1.419073e+13,1.417919e+13,1699281660,1.1559e-06,1.1563e-06
1.41794e+13,1.417646e+13,1699281720,1.1562e-06,1.1563e-06
1.417703e+13,1.418824e+13,1699281780,1.1561e-06,1.1548e-06
1.418711e+13,1.41861e+13,1699281840,1.1552e-06,1.1566e-06
1.41861e+13,1.41868e+13,1699281900,1.1568e-06,1.1552e-06
1.418678e+13,1.419224e+13,1699281960,1.1554e-06,1.158e-06
1.419205e+13,1.407075e+13,1699282020,1.1583e-06,1.157e-06
1.407337e+13,1.407013e+13,1699282080,1.157e-06,1.1572e-06
1.407017e+13,1.406685e+13,1699282140,1.1576e-06,1.1576e-06
1.406685e+13,1.404663e+13,1699282200,1.158e-06,1.1593e-06
1.404663e+13,1.404239e+13,1699282260,1.1594e-06,1.1623e-06
1.404239e+13,1.404963e+13,1699282320,1.1625e-06,1.1617e-06
1.404963e+13,1.404822e+13,1699282380,1.1617e-06,1.1616e-06
1.404829e+13,1.405972e+13,1699282440,1.1617e-06,1.1601e-06
1.405924e+13,1.404964e+13,1699282500,1.1594e-06,1.1624e-06
1.404964e+13,1.405002e+13,1699282560,1.1627e-06,1.1635e-06
1.405021e+13,1.404373e+13,1699282620,1.1633e-06,1.1629e-06
1.404373e+13,1.403656e+13,1699282680,1.1633e-06,1.1636e-06
1.403647e+13,1.402534e+13,1699282740,1.1637e-06,1.1651e-06
1.402529e+13,1.402996e+13,1699282800,1.1652e-06,1.1641e-06
1.402673e+13,1.402248e+13,1699282860,1.1634e-06,1.1643e-06
1.402248e+13,1.402052e+13,1699282920,1.1647e-06,1.1624e-06
1.402059e+13,1.402037e+13,1699282980,1.1623e-06,1.1618e-06
1.401986e+13,1.40218e+13,1699283040,1.1616e-06,1.1616e-06
1.40221e+13,1.3997e+13,1699283100,1.1616e-06,1.1613e-06
1.399656e+13,1.399856e+13,1699283160,1.1616e-06,1.1619e-06
1.399895e+13,1.399832e+13,1699283220,1.1616e-06,1.162e-06
1.399775e+13,1.399145e+13,1699283280,1.162e-06,1.1625e-06
1.399223e+13,1.398926e+13,1699283340,1.1626e-06,1.1677e-06
1.399432e+13,1.399629e+13,1699283400,1.1671e-06,1.1655e-06
1.399629e+13,1.397403e+13,1699283460,1.1651e-06,1.1658e-06
1.397403e+13,1.398487e+13,1699283520,1.1658e-06,1.1656e-06
1.398486e+13,1.398733e+13,1699283580,1.1657e-06,1.165e-06
1.398733e+13,1.398797e+13,1699283640,1.165e-06,1.1664e-06
1.398797e+13,1.398963e+13,1699283700,1.1661e-06,1.1658e-06
1.398963e+13,1.399337e+13,1699283760,1.1656e-06,1.167e-06
1.399335e+13,1.39859e+13,1699283820,1.167e-06,1.1724e-06
1.398667e+13,1.39714e+13,1699283880,1.1724e-06,1.1662e-06
1.397145e+13,1.396342e+13,1699283940,1.1663e-06,1.166e-06
1.396336e+13,1.396523e+13,1699284000,1.1661e-06,1.168e-06
1.396501e+13,1.398126e+13,1699284060,1.168e-06,1.1697e-06
1.398101e+13,1.397531e+13,1699284120,1.1694e-06,1.1724e-06
1.397584e+13,1.397615e+13,1699284180,1.172e-06,1.168e-06
1.397664e+13,1.397659e+13,1699284240,1.168e-06,1.1663e-06
1.397651e+13,1.397096e+13,1699284300,1.1665e-06,1.1648e-06
1.397096e+13,1.395609e+13,1699284360,1.1638e-06,1.1637e-06
1.395605e+13,1.395596e+13,1699284420,1.1637e-06,1.1652e-06
1.3955e+13,1.395904e+13,1699284480,1.1652e-06,1.1657e-06
1.395904e+13,1.395934e+13,1699284540,1.1656e-06,1.1665e-06
1.395931e+13,1.396493e+13,1699284600,1.1668e-06,1.1631e-06
1.396346e+13,1.396163e+13,1699284660,1.1636e-06,1.163e-06
1.396292e+13,1.396256e+13,1699284720,1.163e-06,1.1626e-06
1.39643e+13,1.397152e+13,1699284780,1.1626e-06,1.161e-06
1.397197e+13,1.396912e+13,1699284840,1.1609e-06,1.1613e-06
1.396912e+13,1.396521e+13,1699284900,1.1615e-06,1.163e-06
1.396521e+13,1.398946e+13,1699284960,1.1631e-06,1.1593e-06
1.398658e+13,1.397136e+13,1699285020,1.1599e-06,1.1628e-06
1.397178e+13,1.396624e+13,1699285080,1.1629e-06,1.1605e-06
1.396834e+13,1.395413e+13,1699285140,1.1606e-06,1.1632e-06
1.395413e+13,1.396571e+13,1699285200,1.1633e-06,1.1668e-06
1.396715e+13,1.396721e+13,1699285260,1.1667e-06,1.1663e-06
1.396726e+13,1.396768e+13,1699285320,1.1662e-06,1.1647e-06
1.396736e+13,1.397463e+13,1699285380,1.1648e-06,1.1646e-06
1.397466e+13,1.397816e+13,1699285440,1.1647e-06,1.1643e-06
1.397816e+13,1.397095e+13,1699285500,1.1645e-06,1.1623e-06
1.396806e+13,1.397232e+13,1699285560,1.1624e-06,1.163e-06
1.397234e+13,1.398536e+13,1699285620,1.163e-06,1.162e-06
1.398536e+13,1.398417e+13,1699285680,1.1618e-06,1.1622e-06
1.398399e+13,1.398423e+13,1699285740,1.1624e-06,1.1621e-06
1.398423e+13,1.398601e+13,1699285800,1.162e-06,1.1632e-06
1.398601e+13,1.399974e+13,1699285860,1.1633e-06,1.1634e-06
1.399926e+13,1.399801e+13,1699285920,1.1634e-06,1.1626e-06
1.399836e+13,1.400177e+13,1699285980,1.1625e-06,1.1633e-06
1.400186e+13,1.400143e+13,1699286040,1.1628e-06,1.1633e-06
1.400143e+13,1.40006e+13,1699286100,1.1632e-06,1.1627e-06
1.40006e+13,1.399977e+13,1699286160,1.1627e-06,1.1621e-06
1.399929e+13,1.399841e+13,1699286220,1.1617e-06,1.161e-06
1.399858e+13,1.399052e+13,1699286280,1.1609e-06,1.1608e-06
1.399055e+13,1.399249e+13,1699286340,1.1603e-06,1.159e-06
1.399326e+13,1.399635e+13,1699286400,1.1589e-06,1.161e-06
1.399665e+13,1.40075e+13,1699286460,1.1607e-06,1.1641e-06
1.40075e+13,1.401345e+13,1699286520,1.1641e-06,1.1631e-06
1.401314e+13,1.401133e+13,1699286580,1.1629e-06,1.1648e-06
1.401078e+13,1.401481e+13,1699286640,1.1649e-06,1.1664e-06
1.401488e+13,1.40269e+13,1699286700,1.1664e-06,1.1673e-06
1.40269e+13,1.402516e+13,1699286760,1.1674e-06,1.1678e-06
1.402475e+13,1.399882e+13,1699286820,1.1679e-06,1.1648e-06
1.399686e+13,1.400764e+13,1699286880,1.1652e-06,1.1642e-06
1.400764e+13,1.400772e+13,1699286940,1.1643e-06,1.1657e-06
1.400714e+13,1.408708e+13,1699287000,1.1658e-06,1.1586e-06
1.408549e+13,1.406826e+13,1699287060,1.1588e-06,1.1562e-06
1.406654e+13,1.405955e+13,1699287120,1.1561e-06,1.1554e-06
1.400067e+13,1.393508e+13,1699287180,1.1553e-06,1.1563e-06
1.393508e+13,1.391596e+13,1699287240,1.1564e-06,1.1567e-06
1.391578e+13,1.390909e+13,1699287300,1.1568e-06,1.1509e-06
1.390875e+13,1.388544e+13,1699287360,1.1509e-06,1.1529e-06
1.388544e+13,1.388659e+13,1699287420,1.1529e-06,1.1521e-06
1.388579e+13,1.38798e+13,1699287480,1.1526e-06,1.1552e-06
1.388002e+13,1.387933e+13,1699287540,1.1548e-06,1.1563e-06
1.387906e+13,1.388425e+13,1699287600,1.1564e-06,1.1551e-06
1.388479e+13,1.38856e+13,1699287660,1.1548e-06,1.1547e-06
1.388557e+13,1.388872e+13,1699287720,1.1548e-06,1.1572e-06
1.389513e+13,1.389266e+13,1699287780,1.1569e-06,1.1549e-06
1.389227e+13,1.389336e+13,1699287840,1.155e-06,1.1559e-06
1.389383e+13,1.388185e+13,1699287900,1.1559e-06,1.1537e-06
1.388185e+13,1.388732e+13,1699287960,1.1537e-06,1.1554e-06
1.388732e+13,1.390087e+13,1699288020,1.156e-06,1.1559e-06
1.390087e+13,1.39039e+13,1699288080,1.1564e-06,1.157e-06
1.390493e+13,1.393277e+13,1699288140,1.1575e-06,1.1602e-06
1.393296e+13,1.392375e+13,1699288200,1.1597e-06,1.1617e-06
1.392343e+13,1.392805e+13,1699288260,1.162e-06,1.1625e-06
1.392664e+13,1.392134e+13,1699288320,1.163e-06,1.1636e-06
1.39215e+13,1.393053e+13,1699288380,1.1637e-06,1.165e-06
1.393053e+13,1.392687e+13,1699288440,1.165e-06,1.1645e-06
1.392687e+13,1.394182e+13,1699288500,1.1647e-06,1.1681e-06
1.394184e+13,1.39421e+13,1699288560,1.1681e-06,1.1672e-06
1.394258e+13,1.393623e+13,1699288620,1.1671e-06,1.1687e-06
1.393546e+13,1.392106e+13,1699288680,1.1683e-06,1.1769e-06
1.392325e+13,1.394335e+13,1699288740,1.1763e-06,1.179e-06
1.39558e+13,1.394321e+13,1699288800,1.1785e-06,1.175e-06
1.394321e+13,1.400669e+13,1699288860,1.1748e-06,1.1738e-06
1.40062e+13,1.398456e+13,1699288920,1.1739e-06,1.1729e-06
1.398388e+13,1.397532e+13,1699288980,1.1729e-06,1.172e-06
1.397504e+13,1.398344e+13,1699289040,1.1722e-06,1.1722e-06
1.398382e+13,1.398181e+13,1699289100,1.1717e-06,1.1728e-06
1.398144e+13,1.397595e+13,1699289160,1.173e-06,1.1679e-06
1.397689e+13,1.39738e+13,1699289220,1.1675e-06,1.1666e-06
1.39738e+13,1.396613e+13,1699289280,1.1673e-06,1.166e-06
1.396771e+13,1.396467e+13,1699289340,1.1658e-06,1.1662e-06
1.396454e+13,1.395307e+13,1699289400,1.1664e-06,1.1629e-06
1.395306e+13,1.393284e+13,1699289460,1.1631e-06,1.1637e-06
1.393284e+13,1.394157e+13,1699289520,1.1637e-06,1.1638e-06
1.394158e+13,1.394583e+13,1699289580,1.1641e-06,1.1681e-06
1.395962e+13,1.394838e+13,1699289640,1.168e-06,1.1672e-06
1.394758e+13,1.394732e+13,1699289700,1.1671e-06,1.168e-06
1.394751e+13,1.394821e+13,1699289760,1.1683e-06,1.1687e-06
1.395197e+13,1.394927e+13,1699289820,1.1688e-06,1.166e-06
1.394927e+13,1.394945e+13,1699289880,1.1665e-06,1.1636e-06
1.394945e+13,1.395167e+13,1699289940,1.1638e-06,1.1639e-06
1.395472e+13,1.395599e+13,1699290000,1.1635e-06,1.1649e-06
1.395584e+13,1.395364e+13,1699290060,1.1647e-06,1.1634e-06
1.395364e+13,1.394423e+13,1699290120,1.1635e-06,1.1613e-06
1.394734e+13,1.394547e+13,1699290180,1.161e-06,1.1619e-06
1.394555e+13,1.391512e+13,1699290240,1.162e-06,1.1566e-06
1.391397e+13,1.3885e+13,1699290300,1.1567e-06,1.1583e-06
1.3885e+13,1.387875e+13,1699290360,1.1578e-06,1.1605e-06
1.387921e+13,1.388907e+13,1699290420,1.1603e-06,1.1628e-06
1.388907e+13,1.389152e+13,1699290480,1.1628e-06,1.1633e-06
1.389079e+13,1.389043e+13,1699290540,1.1626e-06,1.1649e-06
1.389043e+13,1.391596e+13,1699290600,1.1644e-06,1.165e-06
1.391636e+13,1.391504e+13,1699290660,1.1642e-06,1.1658e-06
1.391505e+13,1.391263e+13,1699290720,1.1659e-06,1.1662e-06
1.391263e+13,1.391831e+13,1699290780,1.166e-06,1.1672e-06
1.391832e+13,1.392545e+13,1699290840,1.1673e-06,1.1684e-06
1.39232e+13,1.393068e+13,1699290900,1.1678e-06,1.1656e-06
1.393058e+13,1.393116e+13,1699290960,1.1655e-06,1.1668e-06
1.393115e+13,1.391088e+13,1699291020,1.1669e-06,1.1707e-06
1.390268e+13,1.391199e+13,1699291080,1.1709e-06,1.1691e-06
1.391199e+13,1.39121e+13,1699291140,1.1691e-06,1.1691e-06
1.391277e+13,1.391267e+13,1699291200,1.1688e-06,1.1669e-06
1.391262e+13,1.391652e+13,1699291260,1.1672e-06,1.1676e-06
1.391652e+13,1.391746e+13,1699291320,1.1671e-06,1.165e-06
1.391703e+13,1.391068e+13,1699291380,1.1655e-06,1.1659e-06
1.391068e+13,1.391876e+13,1699291440,1.1661e-06,1.1638e-06
1.392037e+13,1.392704e+13,1699291500,1.1637e-06,1.1619e-06
1.392704e+13,1.392147e+13,1699291560,1.1619e-06,1.1578e-06
1.392147e+13,1.391971e+13,1699291620,1.1578e-06,1.1571e-06
1.391675e+13,1.391607e+13,1699291680,1.1571e-06,1.1594e-06
1.391726e+13,1.391947e+13,1699291740,1.1594e-06,1.1594e-06
1.391948e+13,1.392582e+13,1699291800,1.1595e-06,1.1633e-06
1.392587e+13,1.393145e+13,1699291860,1.1632e-06,1.1631e-06
1.39311e+13,1.392549e+13,1699291920,1.1638e-06,1.1616e-06
1.392588e+13,1.393354e+13,1699291980,1.1616e-06,1.1586e-06
1.393354e+13,1.3937e+13,1699292040,1.1581e-06,1.157e-06
1.393747e+13,1.393693e+13,1699292100,1.1569e-06,1.1567e-06
1.393668e+13,1.393691e+13,1699292160,1.1567e-06,1.1549e-06
1.39367e+13,1.393066e+13,1699292220,1.1548e-06,1.1555e-06
1.393065e+13,1.39277e+13,1699292280,1.155e-06,1.1555e-06
1.39277e+13,1.392595e+13,1699292340,1.1555e-06,1.1583e-06
1.392632e+13,1.393296e+13,1699292400,1.1583e-06,1.1544e-06
1.393296e+13,1.393196e+13,1699292460,1.1545e-06,1.1554e-06
1.393196e+13,1.39307e+13,1699292520,1.1555e-06,1.156e-06
1.39309e+13,1.392588e+13,1699292580,1.1565e-06,1.1575e-06
1.392588e+13,1.393079e+13,1699292640,1.1572e-06,1.1569e-06
1.393079e+13,1.3935e+13,1699292700,1.1568e-06,1.1552e-06
1.3935e+13,1.393768e+13,1699292760,1.1551e-06,1.1546e-06
1.393767e+13,1.39339e+13,1699292820,1.1551e-06,1.1582e-06
1.393389e+13,1.394258e+13,1699292880,1.1582e-06,1.158e-06
1.394262e+13,1.394355e+13,1699292940,1.1574e-06,1.158e-06
1.394355e+13,1.394729e+13,1699293000,1.1581e-06,1.1584e-06
1.394729e+13,1.394555e+13,1699293060,1.1592e-06,1.1614e-06
1.394553e+13,1.394974e+13,1699293120,1.1613e-06,1.1587e-06
1.394974e+13,1.394878e+13,1699293180,1.1592e-06,1.1582e-06
1.394878e+13,1.394686e+13,1699293240,1.1582e-06,1.157e-06
1.39468e+13,1.394635e+13,1699293300,1.1571e-06,1.1597e-06
1.394647e+13,1.394319e+13,1699293360,1.1596e-06,1.1582e-06
1.394325e+13,1.392003e+13,1699293420,1.1583e-06,1.1578e-06
1.392003e+13,1.39184e+13,1699293480,1.1574e-06,1.1596e-06
1.39184e+13,1.391928e+13,1699293540,1.1595e-06,1.1597e-06
1.39188e+13,1.390614e+13,1699293600,1.1598e-06,1.1616e-06
1.390408e+13,1.390745e+13,1699293660,1.1619e-06,1.163e-06
1.390745e+13,1.390122e+13,1699293720,1.1629e-06,1.1601e-06
1.390283e+13,1.391614e+13,1699293780,1.1605e-06,1.1625e-06
1.391614e+13,1.391764e+13,1699293840,1.1626e-06,1.163e-06
1.391764e+13,1.391696e+13,1699293900,1.1624e-06,1.1629e-06
1.391697e+13,1.390325e+13,1699293960,1.1635e-06,1.1626e-06
1.390307e+13,1.390398e+13,1699294020,1.1628e-06,1.1628e-06
1.390398e+13,1.390125e+13,1699294080,1.1628e-06,1.1588e-06
1.390387e+13,1.390054e+13,1699294140,1.1585e-06,1.1575e-06
1.390044e+13,1.390091e+13,1699294200,1.1571e-06,1.1574e-06
1.390091e+13,1.390416e+13,1699294260,1.1574e-06,1.156e-06
1.390395e+13,1.390109e+13,1699294320,1.1563e-06,1.155e-06
1.390109e+13,1.390215e+13,1699294380,1.1549e-06,1.1535e-06
1.39007e+13,1.389993e+13,1699294440,1.1537e-06,1.1543e-06
1.389823e+13,1.390136e+13,1699294500,1.1546e-06,1.1525e-06
1.390208e+13,1.389993e+13,1699294560,1.1525e-06,1.1545e-06
1.389994e+13,1.390206e+13,1699294620,1.1541e-06,1.1522e-06
1.390212e+13,1.389593e+13,1699294680,1.1522e-06,1.1513e-06
1.389581e+13,1.387071e+13,1699294740,1.1513e-06,1.1517e-06
1.387071e+13,1.386948e+13,1699294800,1.1519e-06,1.1535e-06
1.386951e+13,1.387112e+13,1699294860,1.1535e-06,1.1559e-06
1.387124e+13,1.38703e+13,1699294920,1.155e-06,1.1552e-06
1.38703e+13,1.387222e+13,1699294980,1.1555e-06,1.1574e-06
1.387222e+13,1.387577e+13,1699295040,1.1576e-06,1.1578e-06
1.387572e+13,1.387747e+13,1699295100,1.1569e-06,1.1592e-06
1.387747e+13,1.388918e+13,1699295160,1.1585e-06,1.1572e-06
1.388902e+13,1.389462e+13,1699295220,1.1573e-06,1.1566e-06
1.389462e+13,1.389317e+13,1699295280,1.1565e-06,1.1551e-06
1.38932e+13,1.389645e+13,1699295340,1.1549e-06,1.1551e-06
1.389647e+13,1.389821e+13,1699295400,1.1552e-06,1.1561e-06
1.389821e+13,1.389851e+13,1699295460,1.1563e-06,1.1564e-06
1.389851e+13,1.389343e+13,1699295520,1.1563e-06,1.1553e-06
1.389343e+13,1.389488e+13,1699295580,1.1552e-06,1.1577e-06
1.38944e+13,1.389584e+13,1699295640,1.1577e-06,1.1575e-06
1.389625e+13,1.389715e+13,1699295700,1.1573e-06,1.1586e-06
1.389716e+13,1.389984e+13,1699295760,1.1583e-06,1.1599e-06
1.38975e+13,1.389013e+13,1699295820,1.1593e-06,1.1614e-06
1.389019e+13,1.388056e+13,1699295880,1.1614e-06,1.1581e-06
1.388056e+13,1.388008e+13,1699295940,1.1586e-06,1.1597e-06
1.38804e+13,1.388001e+13,1699296000,1.1602e-06,1.1588e-06
1.388002e+13,1.385697e+13,1699296060,1.1589e-06,1.1616e-06
1.385699e+13,1.385657e+13,1699296120,1.1621e-06,1.1626e-06
1.385657e+13,1.384736e+13,1699296180,1.1625e-06,1.1637e-06
1.384736e+13,1.385751e+13,1699296240,1.1637e-06,1.1633e-06
1.385751e+13,1.38557e+13,1699296300,1.1633e-06,1.1627e-06
1.385579e+13,1.38782e+13,1699296360,1.1626e-06,1.1643e-06
1.387777e+13,1.387855e+13,1699296420,1.1641e-06,1.1657e-06
1.387856e+13,1.388085e+13,1699296480,1.166e-06,1.1641e-06
1.388085e+13,1.389677e+13,1699296540,1.165e-06,1.1651e-06
1.389677e+13,1.38989e+13,1699296600,1.1654e-06,1.1654e-06
1.389899e+13,1.39003e+13,1699296660,1.1656e-06,1.1659e-06
1.39008e+13,1.389584e+13,1699296720,1.1658e-06,1.1665e-06
1.389584e+13,1.389702e+13,1699296780,1.1665e-06,1.1658e-06
1.389702e+13,1.3891e+13,1699296840,1.166e-06,1.1662e-06
1.3891e+13,1.389321e+13,1699296900,1.1659e-06,1.1653e-06
1.389321e+13,1.38965e+13,1699296960,1.1653e-06,1.1656e-06
1.38965e+13,1.389033e+13,1699297020,1.1654e-06,1.1654e-06
1.389033e+13,1.38913e+13,1699297080,1.1652e-06,1.1653e-06
1.38913e+13,1.389975e+13,1699297140,1.1652e-06,1.165e-06
1.389975e+13,1.389743e+13,1699297200,1.1652e-06,1.1652e-06
1.389767e+13,1.389652e+13,1699297260,1.1651e-06,1.163e-06
1.389652e+13,1.389742e+13,1699297320,1.1641e-06,1.1636e-06
1.389742e+13,1.38988e+13,1699297380,1.1642e-06,1.1651e-06
1.38988e+13,1.38967e+13,1699297440,1.1651e-06,1.1666e-06
1.38967e+13,1.389907e+13,1699297500,1.1667e-06,1.1638e-06
1.389907e+13,1.390198e+13,1699297560,1.1637e-06,1.165e-06
1.390198e+13,1.390194e+13,1699297620,1.165e-06,1.1646e-06
1.390194e+13,1.389644e+13,1699297680,1.1645e-06,1.1662e-06
1.389667e+13,1.389667e+13,1699297740,1.1658e-06,1.1652e-06
1.389673e+13,1.389302e+13,1699297800,1.165e-06,1.1659e-06
1.390109e+13,1.390395e+13,1699297860,1.1661e-06,1.1666e-06
1.390394e+13,1.39066e+13,1699297920,1.1668e-06,1.1678e-06
1.39081e+13,1.390811e+13,1699297980,1.168e-06,1.1684e-06
1.390811e+13,1.391011e+13,1699298040,1.1682e-06,1.1693e-06
1.391011e+13,1.390803e+13,1699298100,1.1689e-06,1.169e-06
1.390803e+13,1.390991e+13,1699298160,1.169e-06,1.1683e-06
1.39099e+13,1.390593e+13,1699298220,1.1678e-06,1.1679e-06
1.390593e+13,1.391786e+13,1699298280,1.1679e-06,1.1695e-06
1.391786e+13,1.392055e+13,1699298340,1.1693e-06,1.1697e-06
1.392055e+13,1.393124e+13,1699298400,1.1696e-06,1.168e-06
1.393135e+13,1.393091e+13,1699298460,1.1675e-06,1.1675e-06
1.393091e+13,1.392816e+13,1699298520,1.1677e-06,1.1676e-06
1.392816e+13,1.393008e+13,1699298580,1.1677e-06,1.167e-06
1.393008e+13,1.393025e+13,1699298640,1.1677e-06,1.1681e-06
1.393025e+13,1.393437e+13,1699298700,1.168e-06,1.1688e-06
1.393442e+13,1.393514e+13,1699298760,1.1687e-06,1.1698e-06
1.393526e+13,1.394285e+13,1699298820,1.1699e-06,1.1732e-06
1.394323e+13,1.394336e+13,1699298880,1.1732e-06,1.1724e-06
1.394379e+13,1.39389e+13,1699298940,1.1722e-06,1.1736e-06
1.393927e+13,1.395123e+13,1699299000,1.1736e-06,1.1734e-06
1.395081e+13,1.395593e+13,1699299060,1.1735e-06,1.176e-06
1.395573e+13,1.39593e+13,1699299120,1.176e-06,1.1768e-06
1.396057e+13,1.396362e+13,1699299180,1.1768e-06,1.1765e-06
1.396362e+13,1.400942e+13,1699299240,1.1767e-06,1.1793e-06
1.400942e+13,1.400451e+13,1699299300,1.1793e-06,1.1779e-06
1.400451e+13,1.400384e+13,1699299360,1.1782e-06,1.1791e-06
1.400388e+13,1.40046e+13,1699299420,1.1795e-06,1.1787e-06
1.40046e+13,1.400277e+13,1699299480,1.1784e-06,1.1783e-06
1.400277e+13,1.399178e+13,1699299540,1.1785e-06,1.178e-06
1.399196e+13,1.399367e+13,1699299600,1.1778e-06,1.1793e-06
1.399367e+13,1.399832e+13,1699299660,1.1792e-06,1.1833e-06
1.399844e+13,1.399432e+13,1699299720,1.1833e-06,1.1851e-06
1.399432e+13,1.399522e+13,1699299780,1.1851e-06,1.1873e-06
1.399523e+13,1.399218e+13,1699299840,1.1872e-06,1.187e-06
1.399214e+13,1.401186e+13,1699299900,1.1867e-06,1.186e-06
1.401188e+13,1.400786e+13,1699299960,1.1859e-06,1.184e-06
1.400802e+13,1.40109e+13,1699300020,1.184e-06,1.1859e-06
1.40109e+13,1.40056e+13,1699300080,1.1859e-06,1.1829e-06
1.40056e+13,1.40197e+13,1699300140,1.1828e-06,1.1835e-06
1.401975e+13,1.400823e+13,1699300200,1.1836e-06,1.186e-06
1.400823e+13,1.401493e+13,1699300260,1.1849e-06,1.1848e-06
1.401493e+13,1.401976e+13,1699300320,1.1851e-06,1.1853e-06
1.401976e+13,1.409696e+13,1699300380,1.1852e-06,1.1921e-06
1.411467e+13,1.410965e+13,1699300440,1.1919e-06,1.1883e-06
1.410959e+13,1.4106e+13,1699300500,1.1883e-06,1.189e-06
1.4106e+13,1.409053e+13,1699300560,1.189e-06,1.1872e-06
1.409053e+13,1.408844e+13,1699300620,1.1874e-06,1.1905e-06
1.408704e+13,1.408745e+13,1699300680,1.1907e-06,1.1924e-06
1.409123e+13,1.410663e+13,1699300740,1.1924e-06,1.1947e-06
1.411338e+13,1.411411e+13,1699300800,1.1947e-06,1.1973e-06
1.411411e+13,1.410261e+13,1699300860,1.1972e-06,1.1937e-06
1.410493e+13,1.410441e+13,1699300920,1.1942e-06,1.1944e-06
1.410441e+13,1.411365e+13,1699300980,1.1947e-06,1.1965e-06
1.411428e+13,1.414137e+13,1699301040,1.1967e-06,1.1968e-06
1.414232e+13,1.414188e+13,1699301100,1.1963e-06,1.194e-06
1.414065e+13,1.413863e+13,1699301160,1.194e-06,1.1972e-06
1.413876e+13,1.413139e+13,1699301220,1.1972e-06,1.1963e-06
1.413138e+13,1.413279e+13,1699301280,1.1958e-06,1.1937e-06
1.413279e+13,1.410674e+13,1699301340,1.1938e-06,1.1867e-06
1.410656e+13,1.409657e+13,1699301400,1.1869e-06,1.1866e-06
1.409658e+13,1.408985e+13,1699301460,1.1866e-06,1.1875e-06
1.408985e+13,1.409293e+13,1699301520,1.1874e-06,1.1902e-06
1.409293e+13,1.410178e+13,1699301580,1.1903e-06,1.1953e-06
1.410178e+13,1.410154e+13,1699301640,1.1953e-06,1.1916e-06
1.410157e+13,1.410951e+13,1699301700,1.1916e-06,1.1962e-06
1.410955e+13,1.414116e+13,1699301760,1.1968e-06,1.1972e-06
1.414116e+13,1.414268e+13,1699301820,1.1961e-06,1.1947e-06
1.414268e+13,1.414279e+13,1699301880,1.1949e-06,1.1945e-06
1.414279e+13,1.415996e+13,1699301940,1.1946e-06,1.1961e-06
1.415976e+13,1.416788e+13,1699302000,1.196e-06,1.1948e-06
1.416788e+13,1.417204e+13,1699302060,1.1941e-06,1.192e-06
1.417324e+13,1.416993e+13,1699302120,1.1927e-06,1.1933e-06
1.416993e+13,1.41707e+13,1699302180,1.1932e-06,1.1931e-06
1.417097e+13,1.416392e+13,1699302240,1.1932e-06,1.1945e-06
1.416392e+13,1.418061e+13,1699302300,1.1944e-06,1.1965e-06
1.418061e+13,1.417775e+13,1699302360,1.1967e-06,1.1925e-06
1.41776e+13,1.417215e+13,1699302420,1.1922e-06,1.1944e-06
1.417205e+13,1.417685e+13,1699302480,1.1943e-06,1.1908e-06
1.417686e+13,1.41617e+13,1699302540,1.1911e-06,1.188e-06
1.416194e+13,1.415723e+13,1699302600,1.1879e-06,1.1896e-06
1.415723e+13,1.416432e+13,1699302660,1.1898e-06,1.188e-06
1.416432e+13,1.417275e+13,1699302720,1.1881e-06,1.1871e-06
1.417275e+13,1.416949e+13,1699302780,1.1872e-06,1.189e-06
1.416846e+13,1.416916e+13,1699302840,1.1884e-06,1.1872e-06
1.416903e+13,1.416725e+13,1699302900,1.1871e-06,1.186e-06
1.416725e+13,1.417185e+13,1699302960,1.1866e-06,1.1827e-06
1.417185e+13,1.416556e+13,1699303020,1.1831e-06,1.1843e-06
1.416537e+13,1.417053e+13,1699303080,1.1845e-06,1.1844e-06
1.417053e+13,1.417765e+13,1699303140,1.1845e-06,1.1829e-06
1.417805e+13,1.418285e+13,1699303200,1.1832e-06,1.1831e-06
1.418314e+13,1.41765e+13,1699303260,1.1831e-06,1.1832e-06
1.41765e+13,1.417543e+13,1699303320,1.1829e-06,1.1841e-06
1.417543e+13,1.41736e+13,1699303380,1.1841e-06,1.1844e-06
1.417359e+13,1.416913e+13,1699303440,1.1847e-06,1.1857e-06
1.416913e+13,1.41749e+13,1699303500,1.1859e-06,1.1867e-06
1.41749e+13,1.417034e+13,1699303560,1.1864e-06,1.1862e-06
1.417034e+13,1.416916e+13,1699303620,1.186e-06,1.1858e-06
1.41691e+13,1.416363e+13,1699303680,1.1863e-06,1.1873e-06
1.416363e+13,1.416319e+13,1699303740,1.1873e-06,1.1875e-06
1.416319e+13,1.416258e+13,1699303800,1.1873e-06,1.1878e-06
1.416226e+13,1.416191e+13,1699303860,1.1879e-06,1.1878e-06
1.414903e+13,1.414925e+13,1699303920,1.1871e-06,1.1866e-06
1.414925e+13,1.414262e+13,1699303980,1.1867e-06,1.1866e-06
1.414262e+13,1.414183e+13,1699304040,1.1868e-06,1.1882e-06
1.414339e+13,1.415324e+13,1699304100,1.1879e-06,1.1843e-06
1.415307e+13,1.415514e+13,1699304160,1.1841e-06,1.185e-06
1.415514e+13,1.415528e+13,1699304220,1.1857e-06,1.1853e-06
1.415528e+13,1.415566e+13,1699304280,1.1854e-06,1.1852e-06
1.415566e+13,1.4151e+13,1699304340,1.1854e-06,1.1841e-06
1.415052e+13,1.414914e+13,1699304400,1.1841e-06,1.1838e-06
1.414914e+13,1.414364e+13,1699304460,1.1837e-06,1.1822e-06
1.414345e+13,1.413062e+13,1699304520,1.1819e-06,1.1801e-06
1.413052e+13,1.411828e+13,1699304580,1.1801e-06,1.182e-06
1.411826e+13,1.411605e+13,1699304640,1.1821e-06,1.1789e-06
1.411605e+13,1.41115e+13,1699304700,1.1793e-06,1.1772e-06
1.411127e+13,1.411115e+13,1699304760,1.1775e-06,1.1774e-06
1.411115e+13,1.4111e+13,1699304820,1.1772e-06,1.1771e-06
1.4111e+13,1.411209e+13,1699304880,1.1768e-06,1.1756e-06
1.411209e+13,1.40914e+13,1699304940,1.1755e-06,1.1737e-06
1.408549e+13,1.408489e+13,1699305000,1.1743e-06,1.1739e-06
1.408489e+13,1.40855e+13,1699305060,1.1741e-06,1.1749e-06
1.40855e+13,1.408489e+13,1699305120,1.175e-06,1.1749e-06
1.4085e+13,1.406905e+13,1699305180,1.1746e-06,1.1755e-06
1.406905e+13,1.407191e+13,1699305240,1.175e-06,1.1744e-06
1.407191e+13,1.406312e+13,1699305300,1.1747e-06,1.1692e-06
1.406156e+13,1.402344e+13,1699305360,1.1697e-06,1.171e-06
1.402344e+13,1.400834e+13,1699305420,1.1709e-06,1.1702e-06
1.400952e+13,1.403041e+13,1699305480,1.1702e-06,1.1695e-06
1.403024e+13,1.400899e+13,1699305540,1.1697e-06,1.1691e-06
1.400947e+13,1.401e+13,1699305600,1.1688e-06,1.1647e-06
1.401048e+13,1.397346e+13,1699305660,1.1643e-06,1.1631e-06
1.397249e+13,1.397846e+13,1699305720,1.163e-06,1.1657e-06
1.397846e+13,1.397745e+13,1699305780,1.1655e-06,1.1665e-06
1.397745e+13,1.397447e+13,1699305840,1.1665e-06,1.1675e-06
1.397447e+13,1.397877e+13,1699305900,1.1675e-06,1.1681e-06
1.397877e+13,1.398799e+13,1699305960,1.1681e-06,1.1682e-06
1.398799e+13,1.397856e+13,1699306020,1.1684e-06,1.1714e-06
1.397856e+13,1.397368e+13,1699306080,1.1714e-06,1.1734e-06
1.397368e+13,1.398405e+13,1699306140,1.1731e-06,1.1725e-06
1.398405e+13,1.397552e+13,1699306200,1.1725e-06,1.1706e-06
1.397552e+13,1.397676e+13,1699306260,1.1706e-06,1.1702e-06
1.397638e+13,1.39901e+13,1699306320,1.1703e-06,1.1704e-06
1.39901e+13,1.398572e+13,1699306380,1.1696e-06,1.17e-06
1.398572e+13,1.39845e+13,1699306440,1.1697e-06,1.172e-06
1.398695e+13,1.399039e+13,1699306500,1.1721e-06,1.1712e-06
1.399014e+13,1.397178e+13,1699306560,1.1712e-06,1.1736e-06
1.397098e+13,1.397647e+13,1699306620,1.1737e-06,1.1758e-06
1.397649e+13,1.398048e+13,1699306680,1.1754e-06,1.176e-06
1.398048e+13,1.398377e+13,1699306740,1.1754e-06,1.1754e-06
1.398377e+13,1.398488e+13,1699306800,1.1754e-06,1.176e-06
1.398403e+13,1.398227e+13,1699306860,1.1757e-06,1.176e-06
1.398227e+13,1.398355e+13,1699306920,1.1757e-06,1.175e-06
1.398355e+13,1.397647e+13,1699306980,1.175e-06,1.1753e-06
1.397647e+13,1.39756e+13,1699307040,1.1756e-06,1.1751e-06
1.39756e+13,1.397322e+13,1699307100,1.1752e-06,1.1733e-06
1.397274e+13,1.396877e+13,1699307160,1.1737e-06,1.175e-06
1.396877e+13,1.396361e+13,1699307220,1.1746e-06,1.1761e-06
1.396441e+13,1.396632e+13,1699307280,1.1761e-06,1.1751e-06
1.396649e+13,1.396753e+13,1699307340,1.1755e-06,1.1747e-06
1.396753e+13,1.396711e+13,1699307400,1.1746e-06,1.1738e-06
1.396711e+13,1.396975e+13,1699307460,1.1738e-06,1.1742e-06
1.39694e+13,1.397132e+13,1699307520,1.1744e-06,1.1757e-06
1.397081e+13,1.397314e+13,1699307580,1.176e-06,1.1777e-06
1.397263e+13,1.397312e+13,1699307640,1.1778e-06,1.1776e-06
1.397312e+13,1.397512e+13,1699307700,1.1773e-06,1.1777e-06
1.397512e+13,1.397988e+13,1699307760,1.1777e-06,1.1772e-06
1.398031e+13,1.397685e+13,1699307820,1.1773e-06,1.177e-06
1.397685e+13,1.398953e+13,1699307880,1.1771e-06,1.1757e-06
1.398952e+13,1.3991e+13,1699307940,1.1755e-06,1.1756e-06
1.3991e+13,1.399251e+13,1699308000,1.1758e-06,1.1762e-06
1.399251e+13,1.399014e+13,1699308060,1.1762e-06,1.1764e-06
1.399014e+13,1.398696e+13,1699308120,1.1771e-06,1.1751e-06
1.398696e+13,1.398712e+13,1699308180,1.1751e-06,1.1794e-06
1.398373e+13,1.397855e+13,1699308240,1.179e-06,1.1821e-06
1.397855e+13,1.39813e+13,1699308300,1.182e-06,1.1834e-06
1.39813e+13,1.398381e+13,1699308360,1.183e-06,1.1822e-06
1.398381e+13,1.398486e+13,1699308420,1.1821e-06,1.1822e-06
1.398486e+13,1.398411e+13,1699308480,1.1817e-06,1.181e-06
1.398452e+13,1.398424e+13,1699308540,1.1812e-06,1.1834e-06
1.398424e+13,1.398483e+13,1699308600,1.1834e-06,1.1836e-06
1.39849e+13,1.398836e+13,1699308660,1.1833e-06,1.1819e-06
1.398836e+13,1.397892e+13,1699308720,1.182e-06,1.1803e-06
1.397866e+13,1.397492e+13,1699308780,1.1803e-06,1.1812e-06
1.397492e+13,1.398388e+13,1699308840,1.1812e-06,1.1815e-06
1.3984e+13,1.398256e+13,1699308900,1.1815e-06,1.182e-06
1.398256e+13,1.398492e+13,1699308960,1.1819e-06,1.1815e-06
1.398492e+13,1.398427e+13,1699309020,1.1823e-06,1.1838e-06
1.398427e+13,1.39877e+13,1699309080,1.1838e-06,1.1884e-06
1.398769e+13,1.399578e+13,1699309140,1.1881e-06,1.1893e-06
1.399642e+13,1.398748e+13,1699309200,1.1896e-06,1.185e-06
1.398748e+13,1.398235e+13,1699309260,1.1851e-06,1.1845e-06
1.398235e+13,1.398468e+13,1699309320,1.1845e-06,1.1862e-06
1.398457e+13,1.39895e+13,1699309380,1.1863e-06,1.1855e-06
1.39896e+13,1.399164e+13,1699309440,1.1857e-06,1.1843e-06
1.399175e+13,1.400346e+13,1699309500,1.1845e-06,1.1845e-06
1.400346e+13,1.400389e+13,1699309560,1.185e-06,1.1877e-06
1.400384e+13,1.401598e+13,1699309620,1.1877e-06,1.1881e-06
1.401547e+13,1.401935e+13,1699309680,1.1881e-06,1.1886e-06
1.401484e+13,1.401541e+13,1699309740,1.1885e-06,1.1874e-06
1.401541e+13,1.401763e+13,1699309800,1.1875e-06,1.1884e-06
1.401763e+13,1.403883e+13,1699309860,1.1889e-06,1.1874e-06
1.403883e+13,1.403974e+13,1699309920,1.1871e-06,1.1863e-06
1.403974e+13,1.404875e+13,1699309980,1.1867e-06,1.1861e-06
1.404875e+13,1.404566e+13,1699310040,1.1859e-06,1.187e-06
1.404543e+13,1.405277e+13,1699310100,1.1869e-06,1.1842e-06
1.405277e+13,1.404834e+13,1699310160,1.1842e-06,1.1865e-06
1.404834e+13,1.404864e+13,1699310220,1.1864e-06,1.1853e-06
1.404899e+13,1.404885e+13,1699310280,1.1851e-06,1.1842e-06
1.404885e+13,1.405115e+13,1699310340,1.1841e-06,1.1836e-06
1.405253e+13,1.406048e+13,1699310400,1.1838e-06,1.1839e-06
1.406052e+13,1.405562e+13,1699310460,1.1839e-06,1.1855e-06
1.405535e+13,1.405515e+13,1699310520,1.1856e-06,1.1856e-06
1.405515e+13,1.405434e+13,1699310580,1.1857e-06,1.1869e-06
1.405434e+13,1.405567e+13,1699310640,1.1865e-06,1.1839e-06
1.405552e+13,1.408254e+13,1699310700,1.1839e-06,1.1929e-06
1.408256e+13,1.408421e+13,1699310760,1.1931e-06,1.1942e-06
1.408502e+13,1.409566e+13,1699310820,1.1941e-06,1.192e-06
1.410158e+13,1.410255e+13,1699310880,1.1925e-06,1.1947e-06
1.410255e+13,1.410796e+13,1699310940,1.1943e-06,1.198e-06
1.41088e+13,1.410314e+13,1699311000,1.198e-06,1.2011e-06
1.410314e+13,1.413723e+13,1699311060,1.2012e-06,1.205e-06
1.413975e+13,1.420412e+13,1699311120,1.2049e-06,1.205e-06
1.420412e+13,1.418326e+13,1699311180,1.205e-06,1.2013e-06
1.418364e+13,1.418134e+13,1699311240,1.2013e-06,1.2056e-06
1.418149e+13,1.420593e+13,1699311300,1.205e-06,1.2056e-06
1.420634e+13,1.421756e+13,1699311360,1.2055e-06,1.2078e-06
1.421756e+13,1.423299e+13,1699311420,1.208e-06,1.2088e-06
1.423294e+13,1.427036e+13,1699311480,1.2087e-06,1.2079e-06
1.427042e+13,1.427698e+13,1699311540,1.2078e-06,1.2084e-06
1.42769e+13,1.428359e+13,1699311600,1.2084e-06,1.2121e-06
1.428288e+13,1.431224e+13,1699311660,1.2126e-06,1.2096e-06
1.431084e+13,1.432544e+13,1699311720,1.2098e-06,1.2066e-06
1.432545e+13,1.432562e+13,1699311780,1.207e-06,1.2046e-06
1.432949e+13,1.43239e+13,1699311840,1.2056e-06,1.2056e-06
1.432405e+13,1.431742e+13,1699311900,1.2056e-06,1.2014e-06
1.431692e+13,1.430599e+13,1699311960,1.2018e-06,1.1986e-06
1.430599e+13,1.430867e+13,1699312020,1.1985e-06,1.1971e-06
1.430866e+13,1.429237e+13,1699312080,1.1972e-06,1.1962e-06
1.429241e+13,1.429183e+13,1699312140,1.1961e-06,1.1962e-06
1.429183e+13,1.428318e+13,1699312200,1.196e-06,1.1978e-06
1.428283e+13,1.430128e+13,1699312260,1.1978e-06,1.2026e-06
1.430176e+13,1.429939e+13,1699312320,1.2023e-06,1.1988e-06
1.43067e+13,1.43021e+13,1699312380,1.1988e-06,1.1985e-06
1.430047e+13,1.430119e+13,1699312440,1.199e-06,1.2024e-06
1.430119e+13,1.430132e+13,1699312500,1.202e-06,1.1968e-06
1.430189e+13,1.429399e+13,1699312560,1.1964e-06,1.1925e-06
1.429442e+13,1.427406e+13,1699312620,1.1925e-06,1.1877e-06
1.427654e+13,1.425895e+13,1699312680,1.188e-06,1.1891e-06
1.425938e+13,1.426414e+13,1699312740,1.1888e-06,1.1885e-06
1.426414e+13,1.425747e+13,1699312800,1.1886e-06,1.191e-06
1.425128e+13,1.425728e+13,1699312860,1.1909e-06,1.192e-06
1.42572e+13,1.425276e+13,1699312920,1.1922e-06,1.1921e-06
1.425276e+13,1.424638e+13,1699312980,1.192e-06,1.1944e-06
1.424638e+13,1.424846e+13,1699313040,1.1945e-06,1.1912e-06
1.424846e+13,1.425573e+13,1699313100,1.1913e-06,1.1884e-06
1.425581e+13,1.426734e+13,1699313160,1.1884e-06,1.1908e-06
1.426734e+13,1.42642e+13,1699313220,1.1903e-06,1.1886e-06
1.426417e+13,1.426562e+13,1699313280,1.1884e-06,1.1879e-06
1.426562e+13,1.426342e+13,1699313340,1.1881e-06,1.1901e-06
1.426373e+13,1.426862e+13,1699313400,1.1904e-06,1.1902e-06
1.426947e+13,1.427197e+13,1699313460,1.1904e-06,1.1942e-06
1.426816e+13,1.426623e+13,1699313520,1.1942e-06,1.194e-06
1.426597e+13,1.426555e+13,1699313580,1.1939e-06,1.1918e-06
1.426555e+13,1.426477e+13,1699313640,1.1922e-06,1.1949e-06
1.426736e+13,1.427214e+13,1699313700,1.1946e-06,1.1981e-06
1.427224e+13,1.428821e+13,1699313760,1.1982e-06,1.1981e-06
1.428821e+13,1.436357e+13,1699313820,1.1979e-06,1.1952e-06
1.436357e+13,1.434244e+13,1699313880,1.195e-06,1.196e-06
1.434242e+13,1.433895e+13,1699313940,1.196e-06,1.1954e-06
1.433857e+13,1.434963e+13,1699314000,1.1957e-06,1.1994e-06
1.434963e+13,1.435035e+13,1699314060,1.1992e-06,1.1966e-06
1.435035e+13,1.43478e+13,1699314120,1.1964e-06,1.1959e-06
1.43478e+13,1.435144e+13,1699314180,1.1958e-06,1.1948e-06
1.435144e+13,1.435122e+13,1699314240,1.1948e-06,1.1933e-06
1.435133e+13,1.434138e+13,1699314300,1.1932e-06,1.1934e-06
1.434125e+13,1.433221e+13,1699314360,1.1933e-06,1.1913e-06
1.433187e+13,1.433184e+13,1699314420,1.1912e-06,1.1893e-06
1.433337e+13,1.433886e+13,1699314480,1.1897e-06,1.188e-06
1.43389e+13,1.433127e+13,1699314540,1.188e-06,1.1891e-06
1.431984e+13,1.432919e+13,1699314600,1.1878e-06,1.1933e-06
1.432909e+13,1.433145e+13,1699314660,1.1933e-06,1.1928e-06
1.433145e+13,1.432955e+13,1699314720,1.1923e-06,1.1927e-06
1.432955e+13,1.433755e+13,1699314780,1.1925e-06,1.1939e-06
1.433755e+13,1.434011e+13,1699314840,1.1933e-06,1.1961e-06
1.433668e+13,1.433132e+13,1699314900,1.1962e-06,1.1941e-06
1.433132e+13,1.435348e+13,1699314960,1.194e-06,1.1962e-06
1.435355e+13,1.436021e+13,1699315020,1.1968e-06,1.1982e-06
1.436064e+13,1.43637e+13,1699315080,1.1981e-06,1.1991e-06
1.436425e+13,1.439659e+13,1699315140,1.199e-06,1.2065e-06
1.439675e+13,1.441221e+13,1699315200,1.2065e-06,1.2019e-06
1.441357e+13,1.443772e+13,1699315260,1.2014e-06,1.1972e-06
1.44374e+13,1.440825e+13,1699315320,1.1972e-06,1.1938e-06
1.440836e+13,1.441969e+13,1699315380,1.1938e-06,1.1929e-06
1.441965e+13,1.442911e+13,1699315440,1.193e-06,1.1913e-06
1.442944e+13,1.442467e+13,1699315500,1.1912e-06,1.195e-06
1.442468e+13,1.442763e+13,1699315560,1.195e-06,1.1917e-06
1.442776e+13,1.441964e+13,1699315620,1.1916e-06,1.1867e-06
1.441941e+13,1.438102e+13,1699315680,1.1866e-06,1.183e-06
1.437865e+13,1.438408e+13,1699315740,1.183e-06,1.1815e-06
1.438401e+13,1.440464e+13,1699315800,1.1817e-06,1.187e-06
1.440488e+13,1.440668e+13,1699315860,1.187e-06,1.187e-06
1.440681e+13,1.441035e+13,1699315920,1.1871e-06,1.1874e-06
1.441062e+13,1.440981e+13,1699315980,1.1872e-06,1.1899e-06
1.440949e+13,1.441293e+13,1699316040,1.19e-06,1.1941e-06
1.441381e+13,1.441447e+13,1699316100,1.194e-06,1.1893e-06
1.441523e+13,1.441893e+13,1699316160,1.1895e-06,1.1933e-06
1.441932e+13,1.443915e+13,1699316220,1.1933e-06,1.1923e-06
1.44392e+13,1.443472e+13,1699316280,1.1932e-06,1.1921e-06
1.443487e+13,1.443707e+13,1699316340,1.1921e-06,1.1932e-06
1.443707e+13,1.443799e+13,1699316400,1.1931e-06,1.1916e-06
1.443799e+13,1.442373e+13,1699316460,1.1916e-06,1.1888e-06
1.442322e+13,1.441529e+13,1699316520,1.1894e-06,1.1874e-06
1.441529e+13,1.441256e+13,1699316580,1.1879e-06,1.1857e-06
1.441276e+13,1.441222e+13,1699316640,1.186e-06,1.1844e-06
1.441222e+13,1.441194e+13,1699316700,1.1843e-06,1.1834e-06
1.441194e+13,1.440315e+13,1699316760,1.1832e-06,1.1786e-06
1.439791e+13,1.43947e+13,1699316820,1.1786e-06,1.1782e-06
1.439557e+13,1.439838e+13,1699316880,1.1778e-06,1.178e-06
1.439838e+13,1.435695e+13,1699316940,1.1779e-06,1.1738e-06
1.435629e+13,1.434094e+13,1699317000,1.1737e-06,1.174e-06
1.43421e+13,1.434631e+13,1699317060,1.1741e-06,1.1762e-06
1.434612e+13,1.434579e+13,1699317120,1.1763e-06,1.174e-06
1.434184e+13,1.429302e+13,1699317180,1.174e-06,1.1667e-06
1.430089e+13,1.430713e+13,1699317240,1.1661e-06,1.1678e-06
1.430772e+13,1.430898e+13,1699317300,1.1677e-06,1.1686e-06
1.430913e+13,1.426914e+13,1699317360,1.1687e-06,1.1713e-06
1.426914e+13,1.427731e+13,1699317420,1.1713e-06,1.1724e-06
1.427344e+13,1.419787e+13,1699317480,1.1721e-06,1.1638e-06
1.419992e+13,1.420972e+13,1699317540,1.1638e-06,1.166e-06
1.420972e+13,1.412505e+13,1699317600,1.1661e-06,1.1612e-06
1.412345e+13,1.413216e+13,1699317660,1.1615e-06,1.1568e-06
1.413176e+13,1.41492e+13,1699317720,1.1569e-06,1.161e-06
1.414991e+13,1.415043e+13,1699317780,1.1605e-06,1.1629e-06
1.41506e+13,1.415664e+13,1699317840,1.163e-06,1.1627e-06
1.415678e+13,1.41544e+13,1699317900,1.1625e-06,1.1619e-06
1.415495e+13,1.415776e+13,1699317960,1.1621e-06,1.1638e-06
1.415763e+13,1.41542e+13,1699318020,1.1638e-06,1.1658e-06
1.415828e+13,1.414538e+13,1699318080,1.1654e-06,1.166e-06
1.414542e+13,1.41272e+13,1699318140,1.1659e-06,1.164e-06
1.412751e+13,1.41258e+13,1699318200,1.164e-06,1.166e-06
1.412644e+13,1.41108e+13,1699318260,1.166e-06,1.1692e-06
1.411085e+13,1.40677e+13,1699318320,1.1692e-06,1.1685e-06
1.406715e+13,1.406082e+13,1699318380,1.1686e-06,1.1669e-06
1.406082e+13,1.406702e+13,1699318440,1.167e-06,1.1659e-06
1.406752e+13,1.407063e+13,1699318500,1.1659e-06,1.1693e-06
1.407063e+13,1.407514e+13,1699318560,1.1691e-06,1.1681e-06
1.407513e+13,1.407732e+13,1699318620,1.1679e-06,1.1672e-06
1.407733e+13,1.408302e+13,1699318680,1.1671e-06,1.1658e-06
1.408302e+13,1.40824e+13,1699318740,1.166e-06,1.1674e-06
1.40824e+13,1.409916e+13,1699318800,1.1674e-06,1.1646e-06
1.410021e+13,1.409713e+13,1699318860,1.1645e-06,1.1642e-06
1.409713e+13,1.410111e+13,1699318920,1.165e-06,1.169e-06
1.410111e+13,1.41046e+13,1699318980,1.1691e-06,1.1667e-06
1.41046e+13,1.410692e+13,1699319040,1.1667e-06,1.169e-06
1.410692e+13,1.408778e+13,1699319100,1.169e-06,1.1676e-06
1.408778e+13,1.410078e+13,1699319160,1.1675e-06,1.1712e-06
1.410078e+13,1.410283e+13,1699319220,1.1712e-06,1.1726e-06
1.410311e+13,1.411264e+13,1699319280,1.1724e-06,1.1714e-06
1.411265e+13,1.411724e+13,1699319340,1.1712e-06,1.173e-06
1.412222e+13,1.41315e+13,1699319400,1.1724e-06,1.173e-06
1.41315e+13,1.412492e+13,1699319460,1.1731e-06,1.174e-06
1.412495e+13,1.414372e+13,1699319520,1.1739e-06,1.1738e-06
1.414368e+13,1.414381e+13,1699319580,1.1742e-06,1.1736e-06
1.414374e+13,1.413792e+13,1699319640,1.1738e-06,1.173e-06
1.413792e+13,1.414163e+13,1699319700,1.1732e-06,1.1743e-06
1.414164e+13,1.414206e+13,1699319760,1.1743e-06,1.1742e-06
1.414208e+13,1.414828e+13,1699319820,1.174e-06,1.1757e-06
1.414828e+13,1.414859e+13,1699319880,1.1758e-06,1.177e-06
1.414859e+13,1.414835e+13,1699319940,1.1767e-06,1.1746e-06
1.414711e+13,1.41249e+13,1699320000,1.1746e-06,1.1726e-06
1.41249e+13,1.411832e+13,1699320060,1.1725e-06,1.1696e-06
1.411942e+13,1.411432e+13,1699320120,1.1697e-06,1.1687e-06
1.411431e+13,1.412643e+13,1699320180,1.1687e-06,1.1663e-06
1.412673e+13,1.411634e+13,1699320240,1.1664e-06,1.1664e-06
1.411632e+13,1.411511e+13,1699320300,1.1665e-06,1.1666e-06
1.411511e+13,1.411027e+13,1699320360,1.1664e-06,1.1674e-06
1.410976e+13,1.410538e+13,1699320420,1.1674e-06,1.1692e-06
1.41048e+13,1.412695e+13,1699320480,1.1691e-06,1.1702e-06
1.412701e+13,1.413555e+13,1699320540,1.1696e-06,1.1675e-06
1.413591e+13,1.413527e+13,1699320600,1.1675e-06,1.1689e-06
1.413527e+13,1.413533e+13,1699320660,1.169e-06,1.1723e-06
1.413459e+13,1.413737e+13,1699320720,1.172e-06,1.1726e-06
1.413706e+13,1.414391e+13,1699320780,1.1721e-06,1.1753e-06
1.414391e+13,1.415345e+13,1699320840,1.1752e-06,1.1761e-06
1.415345e+13,1.415336e+13,1699320900,1.1763e-06,1.1763e-06
1.415337e+13,1.415775e+13,1699320960,1.1764e-06,1.174e-06
1.415775e+13,1.417912e+13,1699321020,1.1741e-06,1.1737e-06
1.417912e+13,1.418327e+13,1699321080,1.1743e-06,1.1747e-06
1.418363e+13,1.418723e+13,1699321140,1.1745e-06,1.1673e-06
1.418724e+13,1.419419e+13,1699321200,1.1673e-06,1.1667e-06
1.419419e+13,1.419205e+13,1699321260,1.166e-06,1.1705e-06
1.419203e+13,1.419417e+13,1699321320,1.1703e-06,1.1648e-06
1.419417e+13,1.418277e+13,1699321380,1.1652e-06,1.1686e-06
1.418277e+13,1.417643e+13,1699321440,1.1686e-06,1.1667e-06
1.417643e+13,1.418833e+13,1699321500,1.1672e-06,1.167e-06
1.418833e+13,1.419697e+13,1699321560,1.1673e-06,1.173e-06
1.419663e+13,1.420519e+13,1699321620,1.173e-06,1.1733e-06
1.420183e+13,1.418781e+13,1699321680,1.1732e-06,1.1728e-06
1.418781e+13,1.41994e+13,1699321740,1.1727e-06,1.172e-06
1.419669e+13,1.419594e+13,1699321800,1.1725e-06,1.1728e-06
1.419586e+13,1.418948e+13,1699321860,1.1727e-06,1.1702e-06
1.419152e+13,1.419047e+13,1699321920,1.1701e-06,1.1693e-06
1.418831e+13,1.417679e+13,1699321980,1.1693e-06,1.1654e-06
1.417734e+13,1.418447e+13,1699322040,1.1655e-06,1.1655e-06
1.418447e+13,1.419041e+13,1699322100,1.1654e-06,1.1677e-06
1.419031e+13,1.418941e+13,1699322160,1.1679e-06,1.1708e-06
1.41857e+13,1.418574e+13,1699322220,1.1717e-06,1.1711e-06
1.418497e+13,1.419252e+13,1699322280,1.1708e-06,1.1712e-06
1.419411e+13,1.419034e+13,1699322340,1.1713e-06,1.1713e-06
1.419042e+13,1.419872e+13,1699322400,1.1717e-06,1.1682e-06
1.419871e+13,1.420751e+13,1699322460,1.1683e-06,1.1723e-06
1.420744e+13,1.422158e+13,1699322520,1.1721e-06,1.1741e-06
1.422158e+13,1.421831e+13,1699322580,1.1741e-06,1.177e-06
1.421869e+13,1.422207e+13,1699322640,1.177e-06,1.1792e-06
1.422208e+13,1.420392e+13,1699322700,1.1792e-06,1.1781e-06
1.420392e+13,1.420252e+13,1699322760,1.1783e-06,1.1775e-06
1.420306e+13,1.42028e+13,1699322820,1.1776e-06,1.1749e-06
1.42025e+13,1.420382e+13,1699322880,1.1752e-06,1.1748e-06
1.420382e+13,1.420973e+13,1699322940,1.175e-06,1.1756e-06
1.420972e+13,1.42076e+13,1699323000,1.1753e-06,1.1757e-06
1.42076e+13,1.420688e+13,1699323060,1.1756e-06,1.1757e-06
1.420688e+13,1.421186e+13,1699323120,1.1765e-06,1.1776e-06
1.421186e+13,1.421463e+13,1699323180,1.1777e-06,1.1786e-06
1.421469e+13,1.420958e+13,1699323240,1.1789e-06,1.1771e-06
1.420962e+13,1.421392e+13,1699323300,1.1771e-06,1.1757e-06
1.421392e+13,1.421582e+13,1699323360,1.1763e-06,1.173e-06
1.421594e+13,1.422163e+13,1699323420,1.1735e-06,1.172e-06
1.422165e+13,1.423901e+13,1699323480,1.1717e-06,1.1676e-06
1.423901e+13,1.423645e+13,1699323540,1.1676e-06,1.1651e-06
1.423645e+13,1.422186e+13,1699323600,1.165e-06,1.1642e-06
1.422186e+13,1.422091e+13,1699323660,1.1638e-06,1.1653e-06
1.422091e+13,1.4224e+13,1699323720,1.1654e-06,1.1672e-06
1.422372e+13,1.422689e+13,1699323780,1.1675e-06,1.1626e-06
1.422689e+13,1.423078e+13,1699323840,1.1626e-06,1.1641e-06
1.423078e+13,1.42288e+13,1699323900,1.1639e-06,1.1616e-06
1.421967e+13,1.421343e+13,1699323960,1.1618e-06,1.16e-06
1.421345e+13,1.421893e+13,1699324020,1.1597e-06,1.1617e-06
1.421671e+13,1.42337e+13,1699324080,1.1608e-06,1.164e-06
1.423383e+13,1.423987e+13,1699324140,1.1646e-06,1.1644e-06
1.423987e+13,1.424052e+13,1699324200,1.1644e-06,1.1645e-06
1.424086e+13,1.424178e+13,1699324260,1.1644e-06,1.1621e-06
1.424178e+13,1.423321e+13,1699324320,1.1624e-06,1.1601e-06
1.423321e+13,1.423025e+13,1699324380,1.1607e-06,1.164e-06
1.423043e+13,1.422307e+13,1699324440,1.164e-06,1.1623e-06
1.422313e+13,1.41905e+13,1699324500,1.1623e-06,1.1586e-06
1.419035e+13,1.420099e+13,1699324560,1.1589e-06,1.1627e-06
1.420099e+13,1.419267e+13,1699324620,1.1628e-06,1.161e-06
1.41926e+13,1.418975e+13,1699324680,1.161e-06,1.1623e-06
1.418939e+13,1.419378e+13,1699324740,1.1623e-06,1.1647e-06
1.41939e+13,1.41933e+13,1699324800,1.1647e-06,1.1609e-06
1.419022e+13,1.419158e+13,1699324860,1.1612e-06,1.157e-06
1.419164e+13,1.41968e+13,1699324920,1.1569e-06,1.1598e-06
1.41968e+13,1.421249e+13,1699324980,1.1597e-06,1.158e-06
1.421249e+13,1.421331e+13,1699325040,1.158e-06,1.1589e-06
1.421319e+13,1.42103e+13,1699325100,1.1588e-06,1.1594e-06
1.420976e+13,1.421321e+13,1699325160,1.1596e-06,1.1633e-06
1.421516e+13,1.420835e+13,1699325220,1.1634e-06,1.1635e-06
1.420759e+13,1.42068e+13,1699325280,1.1634e-06,1.162e-06
1.420701e+13,1.420473e+13,1699325340,1.1623e-06,1.1619e-06
1.420476e+13,1.421576e+13,1699325400,1.1618e-06,1.1577e-06
1.421576e+13,1.421854e+13,1699325460,1.1578e-06,1.158e-06
1.421861e+13,1.422701e+13,1699325520,1.158e-06,1.1566e-06
1.422701e+13,1.419632e+13,1699325580,1.1569e-06,1.1546e-06
1.419632e+13,1.419653e+13,1699325640,1.1548e-06,1.1568e-06
1.419843e+13,1.420904e+13,1699325700,1.1568e-06,1.1555e-06
1.420904e+13,1.420659e+13,1699325760,1.1549e-06,1.1538e-06
1.420659e+13,1.417085e+13,1699325820,1.1538e-06,1.147e-06
1.417708e+13,1.414013e+13,1699325880,1.1471e-06,1.1458e-06
1.413952e+13,1.40963e+13,1699325940,1.1456e-06,1.1455e-06
1.409663e+13,1.407486e+13,1699326000,1.1454e-06,1.1436e-06
1.407486e+13,1.408476e+13,1699326060,1.1434e-06,1.1472e-06
1.408476e+13,1.408253e+13,1699326120,1.1471e-06,1.148e-06
1.408097e+13,1.407476e+13,1699326180,1.1481e-06,1.153e-06
1.407369e+13,1.407184e+13,1699326240,1.153e-06,1.1531e-06
1.407187e+13,1.407291e+13,1699326300,1.1531e-06,1.1514e-06
1.407341e+13,1.407409e+13,1699326360,1.1514e-06,1.154e-06
1.407439e+13,1.407479e+13,1699326420,1.1542e-06,1.1555e-06
1.407478e+13,1.409045e+13,1699326480,1.1554e-06,1.1555e-06
1.40903e+13,1.409275e+13,1699326540,1.1555e-06,1.1553e-06
1.409163e+13,1.409261e+13,1699326600,1.1553e-06,1.1561e-06
1.409301e+13,1.409797e+13,1699326660,1.1562e-06,1.1588e-06
1.409797e+13,1.410547e+13,1699326720,1.1583e-06,1.158e-06
1.410547e+13,1.410437e+13,1699326780,1.158e-06,1.1562e-06
1.410572e+13,1.412234e+13,1699326840,1.1562e-06,1.1572e-06
1.412234e+13,1.41215e+13,1699326900,1.1572e-06,1.1573e-06
1.41215e+13,1.41308e+13,1699326960,1.1572e-06,1.1595e-06
1.41308e+13,1.413867e+13,1699327020,1.1596e-06,1.1626e-06
1.413869e+13,1.414516e+13,1699327080,1.1623e-06,1.162e-06
1.414516e+13,1.415192e+13,1699327140,1.162e-06,1.1627e-06
1.415192e+13,1.41103e+13,1699327200,1.1627e-06,1.164e-06
1.41103e+13,1.412156e+13,1699327260,1.1635e-06,1.1638e-06
1.412295e+13,1.412057e+13,1699327320,1.1639e-06,1.1641e-06
1.412039e+13,1.411812e+13,1699327380,1.1641e-06,1.1647e-06
1.411806e+13,1.412394e+13,1699327440,1.1646e-06,1.1658e-06
1.412267e+13,1.410802e+13,1699327500,1.1658e-06,1.1653e-06
1.410802e+13,1.410297e+13,1699327560,1.1654e-06,1.1655e-06
1.410283e+13,1.409736e+13,1699327620,1.1654e-06,1.1649e-06
1.409736e+13,1.40947e+13,1699327680,1.1649e-06,1.167e-06
1.409411e+13,1.410025e+13,1699327740,1.1667e-06,1.1652e-06
1.410025e+13,1.409569e+13,1699327800,1.165e-06,1.1625e-06
1.409779e+13,1.410181e+13,1699327860,1.1628e-06,1.1642e-06
1.410181e+13,1.411062e+13,1699327920,1.1641e-06,1.1642e-06
1.411062e+13,1.411335e+13,1699327980,1.1643e-06,1.1639e-06
1.411335e+13,1.411551e+13,1699328040,1.164e-06,1.1625e-06
1.411549e+13,1.410846e+13,1699328100,1.1626e-06,1.1635e-06
1.410846e+13,1.411257e+13,1699328160,1.1636e-06,1.1603e-06
1.411257e+13,1.4118e+13,1699328220,1.1604e-06,1.1604e-06
1.4118e+13,1.411225e+13,1699328280,1.1608e-06,1.1627e-06
1.411225e+13,1.411204e+13,1699328340,1.1628e-06,1.1637e-06
1.411146e+13,1.411155e+13,1699328400,1.1641e-06,1.1651e-06
1.411156e+13,1.410265e+13,1699328460,1.1652e-06,1.1673e-06
1.410265e+13,1.410828e+13,1699328520,1.1672e-06,1.1675e-06
1.410828e+13,1.411508e+13,1699328580,1.1673e-06,1.1654e-06
1.411508e+13,1.41189e+13,1699328640,1.1654e-06,1.1652e-06
1.411898e+13,1.412023e+13,1699328700,1.1651e-06,1.1639e-06
1.412215e+13,1.411485e+13,1699328760,1.1634e-06,1.1619e-06
1.411485e+13,1.412018e+13,1699328820,1.1624e-06,1.1636e-06
1.412144e+13,1.412492e+13,1699328880,1.1633e-06,1.1648e-06
1.412492e+13,1.412562e+13,1699328940,1.1647e-06,1.1657e-06
1.412603e+13,1.412501e+13,1699329000,1.1657e-06,1.1643e-06
1.412501e+13,1.412853e+13,1699329060,1.1643e-06,1.1643e-06
1.412853e+13,1.412744e+13,1699329120,1.1646e-06,1.1637e-06
1.412749e+13,1.412732e+13,1699329180,1.1639e-06,1.1631e-06
1.412732e+13,1.412717e+13,1699329240,1.1629e-06,1.1633e-06
1.412747e+13,1.412318e+13,1699329300,1.1633e-06,1.1635e-06
1.412318e+13,1.412315e+13,1699329360,1.164e-06,1.1654e-06
1.412315e+13,1.412227e+13,1699329420,1.1657e-06,1.166e-06
1.412227e+13,1.412015e+13,1699329480,1.1656e-06,1.1664e-06
1.412015e+13,1.412018e+13,1699329540,1.1668e-06,1.1665e-06
1.412018e+13,1.413539e+13,1699329600,1.1663e-06,1.1668e-06
1.413539e+13,1.413505e+13,1699329660,1.1667e-06,1.1644e-06
1.413505e+13,1.41344e+13,1699329720,1.1647e-06,1.1649e-06
1.41344e+13,1.414997e+13,1699329780,1.1652e-06,1.1663e-06
1.414997e+13,1.414263e+13,1699329840,1.167e-06,1.1668e-06
1.414271e+13,1.414354e+13,1699329900,1.1667e-06,1.1648e-06
1.414354e+13,1.413864e+13,1699329960,1.1647e-06,1.1623e-06
1.413864e+13,1.413862e+13,1699330020,1.1623e-06,1.163e-06
1.413862e+13,1.413658e+13,1699330080,1.1626e-06,1.1614e-06
1.413784e+13,1.417144e+13,1699330140,1.1615e-06,1.1619e-06
1.417144e+13,1.416934e+13,1699330200,1.1615e-06,1.158e-06
1.416919e+13,1.417231e+13,1699330260,1.1581e-06,1.1584e-06
1.41707e+13,1.416085e+13,1699330320,1.1586e-06,1.1571e-06
1.416085e+13,1.416076e+13,1699330380,1.1581e-06,1.1582e-06
1.416068e+13,1.415682e+13,1699330440,1.1579e-06,1.1591e-06
1.415578e+13,1.416298e+13,1699330500,1.1586e-06,1.1621e-06
1.416296e+13,1.41681e+13,1699330560,1.1622e-06,1.1636e-06
1.416774e+13,1.417053e+13,1699330620,1.1635e-06,1.1612e-06
1.417031e+13,1.417667e+13,1699330680,1.1615e-06,1.1575e-06
1.417716e+13,1.417825e+13,1699330740,1.158e-06,1.1594e-06
1.417825e+13,1.417506e+13,1699330800,1.1595e-06,1.1581e-06
1.417511e+13,1.417764e+13,1699330860,1.1583e-06,1.1575e-06
1.417764e+13,1.417415e+13,1699330920,1.1576e-06,1.1575e-06
1.417547e+13,1.417555e+13,1699330980,1.1574e-06,1.1583e-06
1.417595e+13,1.41937e+13,1699331040,1.1583e-06,1.1568e-06
1.41943e+13,1.417077e+13,1699331100,1.1569e-06,1.1582e-06
1.417058e+13,1.416985e+13,1699331160,1.1582e-06,1.1567e-06
1.416978e+13,1.417016e+13,1699331220,1.1566e-06,1.1579e-06
1.417016e+13,1.417544e+13,1699331280,1.1577e-06,1.1588e-06
1.417544e+13,1.417194e+13,1699331340,1.158e-06,1.156e-06
1.417194e+13,1.415059e+13,1699331400,1.1561e-06,1.1559e-06
1.415059e+13,1.416191e+13,1699331460,1.1562e-06,1.1551e-06
1.416192e+13,1.417334e+13,1699331520,1.1555e-06,1.1555e-06
1.417334e+13,1.417709e+13,1699331580,1.1555e-06,1.1561e-06
1.417709e+13,1.417605e+13,1699331640,1.1562e-06,1.1548e-06
1.417605e+13,1.416815e+13,1699331700,1.1548e-06,1.1543e-06
1.417112e+13,1.417635e+13,1699331760,1.1543e-06,1.1547e-06
1.417635e+13,1.417663e+13,1699331820,1.1545e-06,1.1536e-06
1.417663e+13,1.417634e+13,1699331880,1.1536e-06,1.1511e-06
1.417533e+13,1.417043e+13,1699331940,1.1518e-06,1.153e-06
1.417043e+13,1.41751e+13,1699332000,1.153e-06,1.1517e-06
1.41751e+13,1.417481e+13,1699332060,1.152e-06,1.1536e-06
1.417481e+13,1.416804e+13,1699332120,1.1535e-06,1.1526e-06
1.416804e+13,1.416494e+13,1699332180,1.1527e-06,1.1515e-06
1.416494e+13,1.416624e+13,1699332240,1.1514e-06,1.1514e-06
1.416624e+13,1.417032e+13,1699332300,1.1515e-06,1.155e-06
1.417544e+13,1.419649e+13,1699332360,1.1549e-06,1.1572e-06
1.419423e+13,1.419658e+13,1699332420,1.1572e-06,1.1585e-06
1.419662e+13,1.41941e+13,1699332480,1.1584e-06,1.1579e-06
1.419394e+13,1.419744e+13,1699332540,1.1579e-06,1.1587e-06
1.419592e+13,1.419271e+13,1699332600,1.1588e-06,1.1581e-06
1.419083e+13,1.420093e+13,1699332660,1.1586e-06,1.1582e-06
1.420099e+13,1.420507e+13,1699332720,1.1579e-06,1.16e-06
1.420507e+13,1.420202e+13,1699332780,1.1595e-06,1.1583e-06
1.420202e+13,1.420043e+13,1699332840,1.1583e-06,1.1574e-06
1.420042e+13,1.418197e+13,1699332900,1.1569e-06,1.1552e-06
1.418197e+13,1.418123e+13,1699332960,1.1561e-06,1.1578e-06
1.418123e+13,1.418074e+13,1699333020,1.1574e-06,1.1566e-06
1.418074e+13,1.418086e+13,1699333080,1.1568e-06,1.1575e-06
1.418086e+13,1.418255e+13,1699333140,1.1576e-06,1.1572e-06
1.418255e+13,1.418011e+13,1699333200,1.1572e-06,1.1567e-06
1.418269e+13,1.418204e+13,1699333260,1.1566e-06,1.1556e-06
1.41821e+13,1.418428e+13,1699333320,1.1555e-06,1.1547e-06
1.418428e+13,1.418455e+13,1699333380,1.1547e-06,1.1553e-06
1.418455e+13,1.418221e+13,1699333440,1.1548e-06,1.1552e-06
1.418221e+13,1.418195e+13,1699333500,1.1552e-06,1.1551e-06
1.418195e+13,1.418336e+13,1699333560,1.1553e-06,1.1549e-06
1.418336e+13,1.417959e+13,1699333620,1.155e-06,1.1547e-06
1.417959e+13,1.41776e+13,1699333680,1.1548e-06,1.1541e-06
1.417762e+13,1.417796e+13,1699333740,1.154e-06,1.154e-06
1.417796e+13,1.417673e+13,1699333800,1.154e-06,1.1535e-06
1.417673e+13,1.417714e+13,1699333860,1.1538e-06,1.1544e-06
1.417714e+13,1.417769e+13,1699333920,1.1548e-06,1.1539e-06
1.417769e+13,1.417569e+13,1699333980,1.1538e-06,1.1541e-06
1.417569e+13,1.417464e+13,1699334040,1.1549e-06,1.1561e-06
1.417467e+13,1.417618e+13,1699334100,1.1563e-06,1.158e-06
1.417618e+13,1.417973e+13,1699334160,1.1583e-06,1.1581e-06
1.417973e+13,1.418521e+13,1699334220,1.1582e-06,1.1584e-06
1.418523e+13,1.418216e+13,1699334280,1.1584e-06,1.158e-06
1.418216e+13,1.418252e+13,1699334340,1.1579e-06,1.1586e-06
1.418252e+13,1.418196e+13,1699334400,1.1586e-06,1.1559e-06
1.418196e+13,1.417886e+13,1699334460,1.1562e-06,1.1565e-06
1.417886e+13,1.417733e+13,1699334520,1.1569e-06,1.1579e-06
1.417733e+13,1.417435e+13,1699334580,1.1578e-06,1.1557e-06
1.41741e+13,1.417113e+13,1699334640,1.1557e-06,1.1547e-06
1.417113e+13,1.417029e+13,1699334700,1.1547e-06,1.1523e-06
1.416906e+13,1.417034e+13,1699334760,1.1522e-06,1.1539e-06
1.417034e+13,1.417041e+13,1699334820,1.1539e-06,1.1546e-06
1.417041e+13,1.417126e+13,1699334880,1.1545e-06,1.1551e-06
1.417126e+13,1.417216e+13,1699334940,1.1552e-06,1.1563e-06
1.417153e+13,1.416881e+13,1699335000,1.1561e-06,1.1553e-06
1.416881e+13,1.41697e+13,1699335060,1.1553e-06,1.156e-06
1.41697e+13,1.416741e+13,1699335120,1.1559e-06,1.1551e-06
1.416741e+13,1.416659e+13,1699335180,1.1554e-06,1.1554e-06
1.416659e+13,1.416674e+13,1699335240,1.1562e-06,1.1573e-06
1.416674e+13,1.416181e+13,1699335300,1.1575e-06,1.16e-06
1.415899e+13,1.414859e+13,1699335360,1.1601e-06,1.1622e-06
1.414358e+13,1.414388e+13,1699335420,1.1629e-06,1.1629e-06
1.414388e+13,1.413497e+13,1699335480,1.1629e-06,1.1642e-06
1.413497e+13,1.414721e+13,1699335540,1.1642e-06,1.1643e-06
1.414721e+13,1.414913e+13,1699335600,1.1643e-06,1.1643e-06
1.414928e+13,1.415561e+13,1699335660,1.1642e-06,1.1648e-06
1.415673e+13,1.415849e+13,1699335720,1.1647e-06,1.1626e-06
1.415813e+13,1.415838e+13,1699335780,1.1623e-06,1.1625e-06
1.415838e+13,1.416801e+13,1699335840,1.1621e-06,1.1621e-06
1.416801e+13,1.416055e+13,1699335900,1.1616e-06,1.162e-06
1.415604e+13,1.415914e+13,1699335960,1.1622e-06,1.1647e-06
1.415908e+13,1.416341e+13,1699336020,1.1645e-06,1.1659e-06
1.416341e+13,1.41684e+13,1699336080,1.1658e-06,1.1663e-06
1.41684e+13,1.416584e+13,1699336140,1.1659e-06,1.1664e-06
1.416584e+13,1.4165e+13,1699336200,1.1661e-06,1.1665e-06
1.4165e+13,1.416024e+13,1699336260,1.1665e-06,1.1652e-06
1.416024e+13,1.416243e+13,1699336320,1.1654e-06,1.1657e-06
1.416243e+13,1.416911e+13,1699336380,1.1653e-06,1.1639e-06
1.41693e+13,1.417607e+13,1699336440,1.1639e-06,1.165e-06
1.417607e+13,1.417432e+13,1699336500,1.1648e-06,1.1662e-06
1.417432e+13,1.417435e+13,1699336560,1.1663e-06,1.1652e-06
1.417435e+13,1.418053e+13,1699336620,1.1651e-06,1.1638e-06
1.41808e+13,1.418443e+13,1699336680,1.1635e-06,1.1647e-06
1.418443e+13,1.419128e+13,1699336740,1.1648e-06,1.1651e-06
1.419153e+13,1.418673e+13,1699336800,1.1652e-06,1.1643e-06
1.419434e+13,1.419784e+13,1699336860,1.1637e-06,1.1636e-06
1.419784e+13,1.419393e+13,1699336920,1.1636e-06,1.1624e-06
1.419393e+13,1.419537e+13,1699336980,1.162e-06,1.1622e-06
1.419537e+13,1.419888e+13,1699337040,1.1625e-06,1.1624e-06
1.419881e+13,1.420039e+13,1699337100,1.1623e-06,1.1624e-06
1.420039e+13,1.420035e+13,1699337160,1.1624e-06,1.1624e-06
1.420035e+13,1.420133e+13,1699337220,1.1625e-06,1.1626e-06
1.420133e+13,1.42063e+13,1699337280,1.1626e-06,1.1629e-06
1.420273e+13,1.420888e+13,1699337340,1.1632e-06,1.1631e-06
1.420888e+13,1.421062e+13,1699337400,1.1629e-06,1.1621e-06
1.421062e+13,1.422574e+13,1699337460,1.1621e-06,1.161e-06
1.422574e+13,1.423058e+13,1699337520,1.1612e-06,1.1618e-06
1.423096e+13,1.424004e+13,1699337580,1.1618e-06,1.1635e-06
1.424004e+13,1.423749e+13,1699337640,1.1638e-06,1.1667e-06
1.423749e+13,1.42482e+13,1699337700,1.1668e-06,1.166e-06
1.42482e+13,1.424815e+13,1699337760,1.1661e-06,1.1665e-06
1.424659e+13,1.42478e+13,1699337820,1.1667e-06,1.1669e-06
1.42478e+13,1.424256e+13,1699337880,1.1669e-06,1.1688e-06
1.424251e+13,1.423942e+13,1699337940,1.1682e-06,1.1667e-06
1.423975e+13,1.42384e+13,1699338000,1.1664e-06,1.163e-06
1.423844e+13,1.42459e+13,1699338060,1.1627e-06,1.1643e-06
1.42459e+13,1.424364e+13,1699338120,1.1643e-06,1.1645e-06
1.424374e+13,1.423579e+13,1699338180,1.1639e-06,1.1637e-06
1.423579e+13,1.423142e+13,1699338240,1.1637e-06,1.1639e-06
1.423142e+13,1.4231e+13,1699338300,1.164e-06,1.165e-06
1.423102e+13,1.42304e+13,1699338360,1.1651e-06,1.1629e-06
1.422996e+13,1.423335e+13,1699338420,1.1629e-06,1.163e-06
1.423335e+13,1.423076e+13,1699338480,1.1627e-06,1.1631e-06
1.423076e+13,1.423075e+13,1699338540,1.1632e-06,1.1633e-06
1.423075e+13,1.423759e+13,1699338600,1.163e-06,1.1621e-06
1.423833e+13,1.424594e+13,1699338660,1.162e-06,1.1648e-06
1.424593e+13,1.4252e+13,1699338720,1.165e-06,1.1661e-06
1.425227e+13,1.426504e+13,1699338780,1.1658e-06,1.1663e-06
1.426504e+13,1.427191e+13,1699338840,1.1661e-06,1.1675e-06
1.427191e+13,1.42708e+13,1699338900,1.1674e-06,1.1683e-06
1.42708e+13,1.427193e+13,1699338960,1.1685e-06,1.1685e-06
1.427193e+13,1.425987e+13,1699339020,1.1685e-06,1.1669e-06
1.425987e+13,1.42571e+13,1699339080,1.167e-06,1.166e-06
1.425705e+13,1.42597e+13,1699339140,1.166e-06,1.1665e-06
1.42597e+13,1.426805e+13,1699339200,1.1666e-06,1.1659e-06
1.42679e+13,1.427029e+13,1699339260,1.1661e-06,1.1682e-06
1.427029e+13,1.426959e+13,1699339320,1.1679e-06,1.1679e-06
1.426959e+13,1.425549e+13,1699339380,1.1683e-06,1.1693e-06
1.425796e+13,1.42342e+13,1699339440,1.1688e-06,1.1714e-06
1.42345e+13,1.423488e+13,1699339500,1.1714e-06,1.1707e-06
1.423488e+13,1.423962e+13,1699339560,1.1705e-06,1.1698e-06
1.4239e+13,1.424107e+13,1699339620,1.1697e-06,1.1736e-06
1.423941e+13,1.424112e+13,1699339680,1.1734e-06,1.1718e-06
1.424112e+13,1.423079e+13,1699339740,1.1718e-06,1.1711e-06
1.423123e+13,1.422095e+13,1699339800,1.1711e-06,1.1713e-06
1.422095e+13,1.422498e+13,1699339860,1.1714e-06,1.1693e-06
1.422499e+13,1.422088e+13,1699339920,1.1693e-06,1.1724e-06
1.422089e+13,1.422527e+13,1699339980,1.1722e-06,1.1727e-06
1.422474e+13,1.422916e+13,1699340040,1.1726e-06,1.1723e-06
1.422951e+13,1.423143e+13,1699340100,1.1725e-06,1.1725e-06
1.423228e+13,1.424011e+13,1699340160,1.1723e-06,1.1721e-06
1.424011e+13,1.424017e+13,1699340220,1.1722e-06,1.1729e-06
1.424017e+13,1.425326e+13,1699340280,1.1729e-06,1.1734e-06
1.42481e+13,1.422696e+13,1699340340,1.1733e-06,1.1721e-06
1.422706e+13,1.423578e+13,1699340400,1.172e-06,1.173e-06
1.423578e+13,1.423567e+13,1699340460,1.173e-06,1.1693e-06
1.423567e+13,1.423433e+13,1699340520,1.1694e-06,1.1694e-06
1.423688e+13,1.424186e+13,1699340580,1.1696e-06,1.1693e-06
1.424186e+13,1.4235e+13,1699340640,1.1691e-06,1.1691e-06
1.423502e+13,1.423242e+13,1699340700,1.169e-06,1.1698e-06
1.423242e+13,1.423135e+13,1699340760,1.1697e-06,1.1695e-06
1.423135e+13,1.425935e+13,1699340820,1.1699e-06,1.1684e-06
1.42613e+13,1.425057e+13,1699340880,1.1682e-06,1.1697e-06
1.42516e+13,1.424141e+13,1699340940,1.1699e-06,1.1732e-06
1.424138e+13,1.424133e+13,1699341000,1.1732e-06,1.172e-06
1.424226e+13,1.42396e+13,1699341060,1.1723e-06,1.1733e-06
1.42396e+13,1.423561e+13,1699341120,1.1743e-06,1.1733e-06
1.423561e+13,1.42375e+13,1699341180,1.173e-06,1.1727e-06
1.42375e+13,1.42385e+13,1699341240,1.173e-06,1.1724e-06
1.42385e+13,1.424256e+13,1699341300,1.1722e-06,1.17e-06
1.424256e+13,1.424311e+13,1699341360,1.1693e-06,1.1687e-06
1.424311e+13,1.424418e+13,1699341420,1.1685e-06,1.1704e-06
1.424418e+13,1.422841e+13,1699341480,1.1707e-06,1.1715e-06
1.422896e+13,1.422986e+13,1699341540,1.1712e-06,1.1713e-06
1.422986e+13,1.42577e+13,1699341600,1.1715e-06,1.175e-06
1.425824e+13,1.425053e+13,1699341660,1.1745e-06,1.1723e-06
1.425054e+13,1.423713e+13,1699341720,1.1723e-06,1.1683e-06
1.423713e+13,1.424144e+13,1699341780,1.1681e-06,1.1679e-06
1.424154e+13,1.423943e+13,1699341840,1.1676e-06,1.1659e-06
1.423943e+13,1.423812e+13,1699341900,1.1662e-06,1.1652e-06
1.423762e+13,1.424733e+13,1699341960,1.1656e-06,1.1684e-06
1.424751e+13,1.426635e+13,1699342020,1.1682e-06,1.1689e-06
1.42658e+13,1.426414e+13,1699342080,1.1689e-06,1.1654e-06
1.426455e+13,1.426151e+13,1699342140,1.1654e-06,1.166e-06
1.426151e+13,1.426446e+13,1699342200,1.1657e-06,1.1661e-06
1.426446e+13,1.425729e+13,1699342260,1.1661e-06,1.163e-06
1.425522e+13,1.425564e+13,1699342320,1.1632e-06,1.1631e-06
1.4256e+13,1.425281e+13,1699342380,1.1632e-06,1.1628e-06
1.425341e+13,1.425716e+13,1699342440,1.1629e-06,1.1638e-06
1.425691e+13,1.425462e+13,1699342500,1.1642e-06,1.1649e-06
1.425462e+13,1.425884e+13,1699342560,1.1645e-06,1.1645e-06
1.425884e+13,1.426377e+13,1699342620,1.1647e-06,1.1667e-06
1.426377e+13,1.426581e+13,1699342680,1.1668e-06,1.1677e-06
1.426583e+13,1.42713e+13,1699342740,1.1677e-06,1.1667e-06
1.42713e+13,1.427493e+13,1699342800,1.1667e-06,1.1671e-06
1.427493e+13,1.427382e+13,1699342860,1.167e-06,1.1653e-06
1.427344e+13,1.427411e+13,1699342920,1.1652e-06,1.1663e-06
1.427411e+13,1.427892e+13,1699342980,1.1666e-06,1.168e-06
1.427882e+13,1.427617e+13,1699343040,1.1677e-06,1.1684e-06
1.427618e+13,1.42752e+13,1699343100,1.1684e-06,1.1676e-06
1.42752e+13,1.427502e+13,1699343160,1.1675e-06,1.1674e-06
1.427522e+13,1.42754e+13,1699343220,1.1677e-06,1.1679e-06
1.42754e+13,1.427506e+13,1699343280,1.1679e-06,1.1699e-06
1.427506e+13,1.427519e+13,1699343340,1.1695e-06,1.1687e-06
1.427519e+13,1.428441e+13,1699343400,1.1685e-06,1.1661e-06
1.428441e+13,1.428266e+13,1699343460,1.1665e-06,1.1672e-06
1.428266e+13,1.428305e+13,1699343520,1.1669e-06,1.166e-06
1.428305e+13,1.428192e+13,1699343580,1.1668e-06,1.1675e-06
1.428192e+13,1.428696e+13,1699343640,1.1677e-06,1.1679e-06
1.428704e+13,1.429535e+13,1699343700,1.1681e-06,1.1681e-06
1.429486e+13,1.429409e+13,1699343760,1.1679e-06,1.1675e-06
1.429409e+13,1.429605e+13,1699343820,1.1676e-06,1.1663e-06
1.429543e+13,1.429618e+13,1699343880,1.1664e-06,1.1661e-06
1.429618e+13,1.429e+13,1699343940,1.1666e-06,1.1656e-06
1.429e+13,1.429252e+13,1699344000,1.1658e-06,1.1698e-06
1.429252e+13,1.428832e+13,1699344060,1.1698e-06,1.1724e-06
1.428832e+13,1.428698e+13,1699344120,1.1726e-06,1.1679e-06
1.428699e+13,1.428488e+13,1699344180,1.1679e-06,1.1737e-06
1.428488e+13,1.430282e+13,1699344240,1.1736e-06,1.1731e-06
1.43031e+13,1.431167e+13,1699344300,1.1732e-06,1.1743e-06
1.431168e+13,1.431042e+13,1699344360,1.1745e-06,1.1748e-06
1.431042e+13,1.431443e+13,1699344420,1.1745e-06,1.1747e-06
1.43085e+13,1.432284e+13,1699344480,1.1747e-06,1.1772e-06
1.432284e+13,1.432401e+13,1699344540,1.1772e-06,1.176e-06
1.432401e+13,1.432666e+13,1699344600,1.1763e-06,1.1771e-06
1.432666e+13,1.431929e+13,1699344660,1.177e-06,1.1757e-06
1.431965e+13,1.431938e+13,1699344720,1.1757e-06,1.175e-06
1.431938e+13,1.432098e+13,1699344780,1.1747e-06,1.1756e-06
1.43209e+13,1.432258e+13,1699344840,1.1758e-06,1.1763e-06
1.432278e+13,1.430678e+13,1699344900,1.1763e-06,1.1757e-06
1.430678e+13,1.431209e+13,1699344960,1.1755e-06,1.1775e-06
1.431209e+13,1.431805e+13,1699345020,1.1763e-06,1.1745e-06
1.431805e+13,1.431598e+13,1699345080,1.1744e-06,1.1748e-06
1.431598e+13,1.431486e+13,1699345140,1.1747e-06,1.1741e-06
1.431486e+13,1.43097e+13,1699345200,1.1744e-06,1.1733e-06
1.43099e+13,1.429902e+13,1699345260,1.1733e-06,1.1723e-06
1.429923e+13,1.430325e+13,1699345320,1.1723e-06,1.1726e-06
1.430325e+13,1.43008e+13,1699345380,1.1723e-06,1.1716e-06
1.43008e+13,1.430002e+13,1699345440,1.1715e-06,1.1724e-06
1.430002e+13,1.430464e+13,1699345500,1.1721e-06,1.1735e-06
1.430464e+13,1.431068e+13,1699345560,1.1733e-06,1.1709e-06
1.431068e+13,1.43097e+13,1699345620,1.1716e-06,1.1722e-06
1.43097e+13,1.432974e+13,1699345680,1.1721e-06,1.1727e-06
1.432967e+13,1.433223e+13,1699345740,1.1726e-06,1.1716e-06
1.433287e+13,1.433068e+13,1699345800,1.172e-06,1.173e-06
1.433068e+13,1.433644e+13,1699345860,1.1731e-06,1.1753e-06
1.433644e+13,1.434252e+13,1699345920,1.1758e-06,1.1769e-06
1.434252e+13,1.433882e+13,1699345980,1.1772e-06,1.1768e-06
1.433901e+13,1.433789e+13,1699346040,1.1768e-06,1.1719e-06
1.433789e+13,1.432849e+13,1699346100,1.1727e-06,1.1689e-06
1.432845e+13,1.432139e+13,1699346160,1.1689e-06,1.1678e-06
1.432222e+13,1.43556e+13,1699346220,1.1683e-06,1.1685e-06
1.435558e+13,1.435673e+13,1699346280,1.1683e-06,1.1702e-06
1.435673e+13,1.437241e+13,1699346340,1.1699e-06,1.1682e-06
1.437241e+13,1.438087e+13,1699346400,1.1685e-06,1.1678e-06
1.438087e+13,1.4383e+13,1699346460,1.1678e-06,1.1694e-06
1.438301e+13,1.43817e+13,1699346520,1.1696e-06,1.1694e-06
1.438169e+13,1.438563e+13,1699346580,1.1692e-06,1.1681e-06
1.438563e+13,1.438686e+13,1699346640,1.168e-06,1.1684e-06
1.438687e+13,1.438931e+13,1699346700,1.1685e-06,1.1676e-06
1.438933e+13,1.438499e+13,1699346760,1.1676e-06,1.1692e-06
1.438486e+13,1.438863e+13,1699346820,1.1693e-06,1.1695e-06
1.438863e+13,1.435066e+13,1699346880,1.1696e-06,1.1749e-06
1.434484e+13,1.434096e+13,1699346940,1.1749e-06,1.1728e-06
1.434096e+13,1.434114e+13,1699347000,1.1728e-06,1.1692e-06
1.434238e+13,1.433966e+13,1699347060,1.1695e-06,1.169e-06
1.433997e+13,1.434402e+13,1699347120,1.1689e-06,1.1682e-06
1.433935e+13,1.434106e+13,1699347180,1.1684e-06,1.1671e-06
1.43415e+13,1.432915e+13,1699347240,1.1671e-06,1.1686e-06
1.431618e+13,1.431814e+13,1699347300,1.1682e-06,1.1675e-06
1.431814e+13,1.431839e+13,1699347360,1.1678e-06,1.1693e-06
1.431842e+13,1.432063e+13,1699347420,1.1694e-06,1.168e-06
1.432063e+13,1.432435e+13,1699347480,1.1681e-06,1.1684e-06
1.432401e+13,1.43365e+13,1699347540,1.1682e-06,1.1668e-06
1.433684e+13,1.434114e+13,1699347600,1.1669e-06,1.167e-06
1.434114e+13,1.434892e+13,1699347660,1.1667e-06,1.165e-06
1.434892e+13,1.43378e+13,1699347720,1.1651e-06,1.1668e-06
1.433784e+13,1.433643e+13,1699347780,1.1661e-06,1.1672e-06
1.434003e+13,1.434721e+13,1699347840,1.1664e-06,1.1645e-06
1.434721e+13,1.433852e+13,1699347900,1.1645e-06,1.1649e-06
1.433852e+13,1.433796e+13,1699347960,1.165e-06,1.164e-06
1.433796e+13,1.430379e+13,1699348020,1.164e-06,1.1639e-06
1.430379e+13,1.430605e+13,1699348080,1.1644e-06,1.1638e-06
1.430569e+13,1.43053e+13,1699348140,1.1641e-06,1.1649e-06
1.43053e+13,1.430679e+13,1699348200,1.1648e-06,1.1654e-06
1.430679e+13,1.431168e+13,1699348260,1.1654e-06,1.1635e-06
1.431252e+13,1.432367e+13,1699348320,1.1638e-06,1.1651e-06
1.432367e+13,1.428612e+13,1699348380,1.1648e-06,1.1611e-06
1.428688e+13,1.427364e+13,1699348440,1.161e-06,1.1584e-06
1.427362e+13,1.427824e+13,1699348500,1.1585e-06,1.1595e-06
1.427822e+13,1.42849e+13,1699348560,1.1597e-06,1.1609e-06
1.428276e+13,1.428516e+13,1699348620,1.1611e-06,1.1586e-06
1.428516e+13,1.428685e+13,1699348680,1.1593e-06,1.1611e-06
1.428989e+13,1.429799e+13,1699348740,1.1611e-06,1.1592e-06
1.429799e+13,1.429501e+13,1699348800,1.1591e-06,1.1594e-06
1.42966e+13,1.427705e+13,1699348860,1.159e-06,1.1574e-06
1.427705e+13,1.428228e+13,1699348920,1.1575e-06,1.1626e-06
1.428199e+13,1.428719e+13,1699348980,1.1627e-06,1.1593e-06
1.428717e+13,1.428227e+13,1699349040,1.1592e-06,1.1596e-06
1.428227e+13,1.427745e+13,1699349100,1.1593e-06,1.1597e-06
1.427745e+13,1.42742e+13,1699349160,1.1597e-06,1.1604e-06
1.427396e+13,1.427312e+13,1699349220,1.1604e-06,1.1559e-06
1.427505e+13,1.426385e+13,1699349280,1.1559e-06,1.1566e-06
1.426361e+13,1.42715e+13,1699349340,1.1569e-06,1.1568e-06
1.42715e+13,1.427121e+13,1699349400,1.157e-06,1.1535e-06
1.427078e+13,1.426633e+13,1699349460,1.1535e-06,1.1532e-06
1.426635e+13,1.426655e+13,1699349520,1.1531e-06,1.1537e-06
1.426656e+13,1.425311e+13,1699349580,1.1538e-06,1.1512e-06
1.42488e+13,1.422789e+13,1699349640,1.1514e-06,1.1495e-06
1.422793e+13,1.421538e+13,1699349700,1.1498e-06,1.1491e-06
1.421784e+13,1.418458e+13,1699349760,1.1489e-06,1.1464e-06
1.418274e+13,1.416304e+13,1699349820,1.1462e-06,1.1452e-06
1.416264e+13,1.411469e+13,1699349880,1.1451e-06,1.1438e-06
1.411379e+13,1.411493e+13,1699349940,1.1436e-06,1.1437e-06
1.411556e+13,1.410959e+13,1699350000,1.1438e-06,1.1393e-06
1.410877e+13,1.411829e+13,1699350060,1.1405e-06,1.1455e-06
1.411829e+13,1.416289e+13,1699350120,1.1447e-06,1.1493e-06
1.416297e+13,1.416308e+13,1699350180,1.1492e-06,1.1475e-06
1.416332e+13,1.419973e+13,1699350240,1.1478e-06,1.1465e-06
1.419994e+13,1.421107e+13,1699350300,1.1466e-06,1.1496e-06
1.421107e+13,1.419697e+13,1699350360,1.1498e-06,1.1494e-06
1.4197e+13,1.419152e+13,1699350420,1.1498e-06,1.153e-06
1.419325e+13,1.419643e+13,1699350480,1.153e-06,1.1528e-06
1.419643e+13,1.419376e+13,1699350540,1.1523e-06,1.1544e-06
1.419367e+13,1.417903e+13,1699350600,1.1541e-06,1.1552e-06
1.417906e+13,1.413401e+13,1699350660,1.1555e-06,1.1578e-06
1.413402e+13,1.413808e+13,1699350720,1.1571e-06,1.155e-06
1.413808e+13,1.414917e+13,1699350780,1.1558e-06,1.1541e-06
1.414917e+13,1.412864e+13,1699350840,1.154e-06,1.1532e-06
1.412864e+13,1.413083e+13,1699350900,1.1533e-06,1.1498e-06
1.4131e+13,1.414389e+13,1699350960,1.1495e-06,1.1497e-06
1.414213e+13,1.41426e+13,1699351020,1.1501e-06,1.149e-06
1.414385e+13,1.415088e+13,1699351080,1.1487e-06,1.1472e-06
1.415317e+13,1.414574e+13,1699351140,1.1472e-06,1.1448e-06
1.414676e+13,1.415044e+13,1699351200,1.1448e-06,1.1408e-06
1.414983e+13,1.415084e+13,1699351260,1.1409e-06,1.1435e-06
1.415079e+13,1.4152e+13,1699351320,1.1434e-06,1.1416e-06
1.4152e+13,1.415691e+13,1699351380,1.1417e-06,1.1457e-06
1.415695e+13,1.420076e+13,1699351440,1.1458e-06,1.146e-06
1.420076e+13,1.418651e+13,1699351500,1.1457e-06,1.14e-06
1.418621e+13,1.414689e+13,1699351560,1.1399e-06,1.1429e-06
1.414689e+13,1.413997e+13,1699351620,1.1432e-06,1.1417e-06
1.414048e+13,1.414676e+13,1699351680,1.1417e-06,1.1435e-06
1.414855e+13,1.415255e+13,1699351740,1.143e-06,1.1425e-06
1.415182e+13,1.419167e+13,1699351800,1.1427e-06,1.1429e-06
1.418952e+13,1.414372e+13,1699351860,1.143e-06,1.1417e-06
1.414372e+13,1.41451e+13,1699351920,1.1419e-06,1.1423e-06
1.41451e+13,1.414772e+13,1699351980,1.1422e-06,1.1458e-06
1.414747e+13,1.413963e+13,1699352040,1.1457e-06,1.1468e-06
1.413966e+13,1.415002e+13,1699352100,1.1468e-06,1.1493e-06
1.415002e+13,1.416813e+13,1699352160,1.1491e-06,1.152e-06
1.416813e+13,1.418177e+13,1699352220,1.1516e-06,1.1483e-06
1.418215e+13,1.417462e+13,1699352280,1.1485e-06,1.1526e-06
1.417462e+13,1.416173e+13,1699352340,1.1526e-06,1.1516e-06
1.416264e+13,1.417085e+13,1699352400,1.1515e-06,1.1489e-06
1.417085e+13,1.415662e+13,1699352460,1.149e-06,1.1479e-06
1.415659e+13,1.415791e+13,1699352520,1.1482e-06,1.1499e-06
1.415791e+13,1.416517e+13,1699352580,1.1499e-06,1.1473e-06
1.416495e+13,1.415581e+13,1699352640,1.1472e-06,1.1487e-06
1.415581e+13,1.415345e+13,1699352700,1.1491e-06,1.1488e-06
1.415345e+13,1.415561e+13,1699352760,1.1492e-06,1.1517e-06
1.415577e+13,1.415539e+13,1699352820,1.1518e-06,1.1501e-06
1.415781e+13,1.415673e+13,1699352880,1.1497e-06,1.1493e-06
1.415671e+13,1.416239e+13,1699352940,1.1493e-06,1.1493e-06
1.416239e+13,1.415579e+13,1699353000,1.1492e-06,1.1481e-06
1.415595e+13,1.41627e+13,1699353060,1.1479e-06,1.1492e-06
1.416273e+13,1.416119e+13,1699353120,1.1492e-06,1.148e-06
1.416193e+13,1.416123e+13,1699353180,1.1474e-06,1.1498e-06
1.416129e+13,1.415902e+13,1699353240,1.1498e-06,1.1527e-06
1.415875e+13,1.416344e+13,1699353300,1.1526e-06,1.1541e-06
1.416298e+13,1.417173e+13,1699353360,1.1539e-06,1.1496e-06
1.417193e+13,1.417681e+13,1699353420,1.1497e-06,1.1491e-06
1.417613e+13,1.417459e+13,1699353480,1.149e-06,1.1513e-06
1.417468e+13,1.418866e+13,1699353540,1.1514e-06,1.1524e-06
1.418884e+13,1.418397e+13,1699353600,1.1525e-06,1.1534e-06
1.418397e+13,1.417527e+13,1699353660,1.1533e-06,1.1513e-06
1.417525e+13,1.418098e+13,1699353720,1.1518e-06,1.1506e-06
1.418098e+13,1.420555e+13,1699353780,1.1508e-06,1.1501e-06
1.420555e+13,1.419676e+13,1699353840,1.15e-06,1.1524e-06
1.419677e+13,1.419425e+13,1699353900,1.1523e-06,1.1524e-06
1.419532e+13,1.417907e+13,1699353960,1.1524e-06,1.1464e-06
1.417907e+13,1.420348e+13,1699354020,1.1461e-06,1.1461e-06
1.420348e+13,1.42099e+13,1699354080,1.1462e-06,1.1461e-06
1.420912e+13,1.420813e+13,1699354140,1.146e-06,1.1473e-06
1.420865e+13,1.419644e+13,1699354200,1.1475e-06,1.1434e-06
1.419644e+13,1.421514e+13,1699354260,1.1432e-06,1.1465e-06
1.421493e+13,1.420523e+13,1699354320,1.1466e-06,1.1442e-06
1.420512e+13,1.420108e+13,1699354380,1.1441e-06,1.1465e-06
1.420108e+13,1.419274e+13,1699354440,1.1468e-06,1.1471e-06
1.419274e+13,1.419964e+13,1699354500,1.1475e-06,1.145e-06
1.419964e+13,1.420055e+13,1699354560,1.1447e-06,1.1455e-06
1.420055e+13,1.420227e+13,1699354620,1.1456e-06,1.1467e-06
1.420227e+13,1.420689e+13,1699354680,1.1473e-06,1.1453e-06
1.420686e+13,1.420705e+13,1699354740,1.1456e-06,1.1461e-06
1.420705e+13,1.420629e+13,1699354800,1.1465e-06,1.1471e-06
1.420629e+13,1.42099e+13,1699354860,1.1469e-06,1.149e-06
1.42099e+13,1.420645e+13,1699354920,1.1485e-06,1.1507e-06
1.420645e+13,1.416697e+13,1699354980,1.1508e-06,1.1513e-06
1.416697e+13,1.416499e+13,1699355040,1.1503e-06,1.1474e-06
1.416499e+13,1.417859e+13,1699355100,1.1471e-06,1.1476e-06
1.417859e+13,1.41722e+13,1699355160,1.1479e-06,1.1524e-06
1.417955e+13,1.418499e+13,1699355220,1.1526e-06,1.153e-06
1.418499e+13,1.419516e+13,1699355280,1.153e-06,1.1526e-06
1.419602e+13,1.421724e+13,1699355340,1.1526e-06,1.1496e-06
1.421724e+13,1.422363e+13,1699355400,1.1498e-06,1.1505e-06
1.422363e+13,1.422471e+13,1699355460,1.15e-06,1.15e-06
1.422471e+13,1.422181e+13,1699355520,1.1497e-06,1.1508e-06
1.422183e+13,1.421991e+13,1699355580,1.1508e-06,1.1522e-06
1.421969e+13,1.421657e+13,1699355640,1.1519e-06,1.1512e-06
1.421657e+13,1.421563e+13,1699355700,1.1517e-06,1.1534e-06
1.421099e+13,1.421003e+13,1699355760,1.1535e-06,1.1552e-06
1.421255e+13,1.4218e+13,1699355820,1.1547e-06,1.1548e-06
1.4218e+13,1.421734e+13,1699355880,1.155e-06,1.1556e-06
1.421702e+13,1.421353e+13,1699355940,1.1557e-06,1.1536e-06
1.421355e+13,1.421319e+13,1699356000,1.1538e-06,1.1541e-06
1.421319e+13,1.421033e+13,1699356060,1.1541e-06,1.1552e-06
1.421033e+13,1.421168e+13,1699356120,1.1551e-06,1.1562e-06
1.421047e+13,1.424749e+13,1699356180,1.1559e-06,1.1561e-06
1.424749e+13,1.425001e+13,1699356240,1.1561e-06,1.1554e-06
1.425001e+13,1.424722e+13,1699356300,1.1557e-06,1.1546e-06
1.424688e+13,1.424056e+13,1699356360,1.1552e-06,1.1551e-06
1.424056e+13,1.423643e+13,1699356420,1.155e-06,1.1547e-06
1.423643e+13,1.423485e+13,1699356480,1.1549e-06,1.1549e-06
1.423485e+13,1.422598e+13,1699356540,1.1547e-06,1.1539e-06
1.422598e+13,1.422853e+13,1699356600,1.1541e-06,1.1536e-06
1.422885e+13,1.422601e+13,1699356660,1.1533e-06,1.1529e-06
1.422784e+13,1.423136e+13,1699356720,1.1528e-06,1.1537e-06
1.423136e+13,1.421564e+13,1699356780,1.1539e-06,1.1552e-06
1.421564e+13,1.421731e+13,1699356840,1.1554e-06,1.1551e-06
1.421732e+13,1.422049e+13,1699356900,1.155e-06,1.1543e-06
1.422049e+13,1.422423e+13,1699356960,1.1542e-06,1.1537e-06
1.422423e+13,1.422547e+13,1699357020,1.1532e-06,1.1531e-06
1.422547e+13,1.422745e+13,1699357080,1.1533e-06,1.1536e-06
1.422751e+13,1.423152e+13,1699357140,1.1535e-06,1.1539e-06
1.423152e+13,1.423068e+13,1699357200,1.1539e-06,1.1539e-06
1.423068e+13,1.423103e+13,1699357260,1.1539e-06,1.1541e-06
1.423086e+13,1.423086e+13,1699357320,1.1545e-06,1.1559e-06
1.423087e+13,1.423577e+13,1699357380,1.1558e-06,1.156e-06
1.423577e+13,1.423533e+13,1699357440,1.1564e-06,1.1561e-06
1.423533e+13,1.422757e+13,1699357500,1.156e-06,1.1574e-06
1.422718e+13,1.422129e+13,1699357560,1.1574e-06,1.1545e-06
1.422129e+13,1.42212e+13,1699357620,1.1541e-06,1.1549e-06
1.42212e+13,1.421923e+13,1699357680,1.155e-06,1.1546e-06
1.421923e+13,1.424134e+13,1699357740,1.1543e-06,1.1542e-06
1.424143e+13,1.424197e+13,1699357800,1.1542e-06,1.154e-06
1.424197e+13,1.424561e+13,1699357860,1.1541e-06,1.1502e-06
1.424549e+13,1.423274e+13,1699357920,1.1505e-06,1.152e-06
1.423285e+13,1.422996e+13,1699357980,1.152e-06,1.152e-06
1.422996e+13,1.423402e+13,1699358040,1.152e-06,1.1506e-06
1.4234e+13,1.420162e+13,1699358100,1.1506e-06,1.1499e-06
1.420125e+13,1.41868e+13,1699358160,1.1503e-06,1.1502e-06
1.41868e+13,1.419352e+13,1699358220,1.1492e-06,1.149e-06
1.419352e+13,1.419065e+13,1699358280,1.149e-06,1.147e-06
1.419065e+13,1.419342e+13,1699358340,1.1472e-06,1.1479e-06
1.419342e+13,1.420497e+13,1699358400,1.148e-06,1.1491e-06
1.420502e+13,1.422015e+13,1699358460,1.149e-06,1.1509e-06
1.42201e+13,1.420669e+13,1699358520,1.1505e-06,1.1525e-06
1.42067e+13,1.420945e+13,1699358580,1.1522e-06,1.1522e-06
1.420988e+13,1.421106e+13,1699358640,1.1528e-06,1.1523e-06
1.421116e+13,1.422673e+13,1699358700,1.1524e-06,1.1475e-06
1.422789e+13,1.422891e+13,1699358760,1.1472e-06,1.1447e-06
1.423104e+13,1.422794e+13,1699358820,1.1451e-06,1.1439e-06
1.422759e+13,1.421772e+13,1699358880,1.144e-06,1.145e-06
1.421055e+13,1.419901e+13,1699358940,1.1449e-06,1.1438e-06
1.419901e+13,1.418169e+13,1699359000,1.1436e-06,1.1414e-06
1.418422e+13,1.41857e+13,1699359060,1.1416e-06,1.1393e-06
1.418041e+13,1.396964e+13,1699359120,1.1394e-06,1.1345e-06
1.396548e+13,1.391383e+13,1699359180,1.1346e-06,1.1367e-06
1.387941e+13,1.388806e+13,1699359240,1.1366e-06,1.1409e-06
1.388771e+13,1.387715e+13,1699359300,1.1407e-06,1.139e-06
1.387717e+13,1.387472e+13,1699359360,1.1391e-06,1.1445e-06
1.387472e+13,1.386489e+13,1699359420,1.1443e-06,1.144e-06
1.386452e+13,1.388018e+13,1699359480,1.1441e-06,1.145e-06
1.388018e+13,1.388309e+13,1699359540,1.1448e-06,1.1476e-06
1.388363e+13,1.389079e+13,1699359600,1.1477e-06,1.1469e-06
1.389093e+13,1.389119e+13,1699359660,1.1465e-06,1.1472e-06
1.389979e+13,1.39066e+13,1699359720,1.1472e-06,1.146e-06
1.390772e+13,1.389606e+13,1699359780,1.1461e-06,1.1462e-06
1.389606e+13,1.389456e+13,1699359840,1.1467e-06,1.1463e-06
1.389472e+13,1.389594e+13,1699359900,1.1462e-06,1.1439e-06
1.389594e+13,1.389575e+13,1699359960,1.1444e-06,1.1451e-06
1.389575e+13,1.389576e+13,1699360020,1.1451e-06,1.1444e-06
1.389576e+13,1.389278e+13,1699360080,1.1449e-06,1.1457e-06
1.389282e+13,1.391128e+13,1699360140,1.1457e-06,1.1451e-06
1.391128e+13,1.390421e+13,1699360200,1.1451e-06,1.148e-06
1.390421e+13,1.390551e+13,1699360260,1.1478e-06,1.1459e-06
1.390585e+13,1.390645e+13,1699360320,1.146e-06,1.146e-06
1.390645e+13,1.390827e+13,1699360380,1.1461e-06,1.1464e-06
1.390851e+13,1.390605e+13,1699360440,1.1468e-06,1.1481e-06
1.390927e+13,1.391567e+13,1699360500,1.1474e-06,1.1487e-06
1.391414e+13,1.391637e+13,1699360560,1.1488e-06,1.1488e-06
1.391758e+13,1.391605e+13,1699360620,1.1485e-06,1.1482e-06
1.391679e+13,1.39258e+13,1699360680,1.1489e-06,1.1498e-06
1.392703e+13,1.392988e+13,1699360740,1.1499e-06,1.1496e-06
1.392898e+13,1.393569e+13,1699360800,1.1498e-06,1.1501e-06
1.393571e+13,1.394148e+13,1699360860,1.15e-06,1.1508e-06
1.394148e+13,1.395871e+13,1699360920,1.1502e-06,1.154e-06
1.395963e+13,1.396278e+13,1699360980,1.1543e-06,1.1529e-06
1.396257e+13,1.396225e+13,1699361040,1.1531e-06,1.1521e-06
1.396225e+13,1.395958e+13,1699361100,1.1527e-06,1.1524e-06
1.395956e+13,1.395734e+13,1699361160,1.1527e-06,1.1523e-06
1.395734e+13,1.396613e+13,1699361220,1.152e-06,1.1518e-06
1.39665e+13,1.39748e+13,1699361280,1.1516e-06,1.1537e-06
1.397468e+13,1.397363e+13,1699361340,1.1539e-06,1.1546e-06
1.397329e+13,1.398311e+13,1699361400,1.1547e-06,1.154e-06
1.398311e+13,1.39814e+13,1699361460,1.1535e-06,1.1529e-06
1.39814e+13,1.397971e+13,1699361520,1.1533e-06,1.1536e-06
1.397971e+13,1.39805e+13,1699361580,1.1541e-06,1.1543e-06
1.398266e+13,1.398089e+13,1699361640,1.1542e-06,1.1545e-06
1.398089e+13,1.397641e+13,1699361700,1.1543e-06,1.1549e-06
1.397627e+13,1.397612e+13,1699361760,1.1549e-06,1.1537e-06
1.397612e+13,1.398894e+13,1699361820,1.1537e-06,1.1537e-06
1.398894e+13,1.398669e+13,1699361880,1.1533e-06,1.1534e-06
1.39867e+13,1.398548e+13,1699361940,1.1535e-06,1.1538e-06
1.398559e+13,1.398934e+13,1699362000,1.1538e-06,1.1551e-06
1.398934e+13,1.398979e+13,1699362060,1.1548e-06,1.1542e-06
1.398979e+13,1.398206e+13,1699362120,1.1549e-06,1.1554e-06
1.398215e+13,1.398306e+13,1699362180,1.1553e-06,1.1537e-06
1.398306e+13,1.398976e+13,1699362240,1.1542e-06,1.154e-06
1.398976e+13,1.400306e+13,1699362300,1.154e-06,1.1522e-06
1.400306e+13,1.400414e+13,1699362360,1.1523e-06,1.1521e-06
1.400414e+13,1.400476e+13,1699362420,1.1519e-06,1.1546e-06
1.400476e+13,1.399005e+13,1699362480,1.1542e-06,1.1526e-06
1.399005e+13,1.399371e+13,1699362540,1.1527e-06,1.1532e-06
1.399371e+13,1.399498e+13,1699362600,1.1534e-06,1.1533e-06
1.39953e+13,1.400328e+13,1699362660,1.1529e-06,1.1535e-06
1.400331e+13,1.40028e+13,1699362720,1.1534e-06,1.1536e-06
1.40028e+13,1.400546e+13,1699362780,1.1539e-06,1.1538e-06
1.400546e+13,1.400716e+13,1699362840,1.1539e-06,1.1539e-06
1.400737e+13,1.401174e+13,1699362900,1.1538e-06,1.1546e-06
1.401174e+13,1.400877e+13,1699362960,1.1546e-06,1.1523e-06
1.400877e+13,1.400967e+13,1699363020,1.1522e-06,1.1552e-06
1.400921e+13,1.401442e+13,1699363080,1.155e-06,1.1544e-06
1.401442e+13,1.401072e+13,1699363140,1.1545e-06,1.1564e-06
1.401042e+13,1.40133e+13,1699363200,1.1564e-06,1.1573e-06
1.40133e+13,1.401311e+13,1699363260,1.1571e-06,1.1582e-06
1.401322e+13,1.402148e+13,1699363320,1.158e-06,1.1554e-06
1.402148e+13,1.402066e+13,1699363380,1.156e-06,1.1557e-06
1.402066e+13,1.402146e+13,1699363440,1.1556e-06,1.1551e-06
1.402146e+13,1.402663e+13,1699363500,1.1553e-06,1.154e-06
1.402663e+13,1.402087e+13,1699363560,1.154e-06,1.1522e-06
1.402067e+13,1.402273e+13,1699363620,1.1524e-06,1.1526e-06
1.402067e+13,1.402224e+13,1699363680,1.1531e-06,1.152e-06
1.402248e+13,1.403699e+13,1699363740,1.1519e-06,1.1518e-06
1.403699e+13,1.407125e+13,1699363800,1.152e-06,1.1494e-06
1.407123e+13,1.40577e+13,1699363860,1.1495e-06,1.1474e-06
1.405768e+13,1.406952e+13,1699363920,1.1474e-06,1.1476e-06
1.40696e+13,1.407464e+13,1699363980,1.1477e-06,1.1481e-06
1.407464e+13,1.40703e+13,1699364040,1.1482e-06,1.147e-06
1.407095e+13,1.406989e+13,1699364100,1.1468e-06,1.1457e-06
1.406989e+13,1.407412e+13,1699364160,1.1456e-06,1.145e-06
1.407412e+13,1.40719e+13,1699364220,1.1451e-06,1.1432e-06
1.40719e+13,1.408022e+13,1699364280,1.1433e-06,1.1417e-06
1.408187e+13,1.407608e+13,1699364340,1.142e-06,1.1424e-06
1.407608e+13,1.40728e+13,1699364400,1.1422e-06,1.145e-06
1.406402e+13,1.406323e+13,1699364460,1.1442e-06,1.1429e-06
1.406323e+13,1.406994e+13,1699364520,1.1427e-06,1.1413e-06
1.406947e+13,1.402788e+13,1699364580,1.1414e-06,1.1411e-06
1.402849e+13,1.402076e+13,1699364640,1.1411e-06,1.1424e-06
1.402106e+13,1.402216e+13,1699364700,1.1428e-06,1.1453e-06
1.402238e+13,1.402469e+13,1699364760,1.1452e-06,1.144e-06
1.402469e+13,1.401972e+13,1699364820,1.1443e-06,1.1473e-06
1.401972e+13,1.400214e+13,1699364880,1.1478e-06,1.1495e-06
1.400212e+13,1.400725e+13,1699364940,1.1496e-06,1.1495e-06
1.400768e+13,1.400739e+13,1699365000,1.1494e-06,1.1494e-06
1.400747e+13,1.401475e+13,1699365060,1.1495e-06,1.1478e-06
1.401475e+13,1.401549e+13,1699365120,1.1481e-06,1.1466e-06
1.401549e+13,1.402007e+13,1699365180,1.1466e-06,1.1451e-06
1.402007e+13,1.402107e+13,1699365240,1.1452e-06,1.1465e-06
1.402105e+13,1.401653e+13,1699365300,1.1467e-06,1.1453e-06
1.401376e+13,1.401393e+13,1699365360,1.146e-06,1.1476e-06
1.401393e+13,1.401038e+13,1699365420,1.1478e-06,1.1485e-06
1.401014e+13,1.401398e+13,1699365480,1.1481e-06,1.1494e-06
1.401564e+13,1.401641e+13,1699365540,1.1493e-06,1.1496e-06
1.401641e+13,1.401442e+13,1699365600,1.1497e-06,1.1482e-06
1.40144e+13,1.400889e+13,1699365660,1.1479e-06,1.1535e-06
1.400889e+13,1.401469e+13,1699365720,1.153e-06,1.1531e-06
1.40255e+13,1.402462e+13,1699365780,1.1525e-06,1.1523e-06
1.40246e+13,1.402592e+13,1699365840,1.1524e-06,1.153e-06
1.402592e+13,1.404345e+13,1699365900,1.1531e-06,1.1526e-06
1.404345e+13,1.403541e+13,1699365960,1.153e-06,1.1533e-06
1.403541e+13,1.403699e+13,1699366020,1.1532e-06,1.1544e-06
1.403699e+13,1.404062e+13,1699366080,1.1545e-06,1.1545e-06
1.404062e+13,1.404177e+13,1699366140,1.1548e-06,1.1551e-06
1.404165e+13,1.403984e+13,1699366200,1.1551e-06,1.1559e-06
1.403984e+13,1.404263e+13,1699366260,1.1559e-06,1.1571e-06
1.404263e+13,1.404392e+13,1699366320,1.1571e-06,1.1566e-06
1.404392e+13,1.403345e+13,1699366380,1.1569e-06,1.1582e-06
1.4032e+13,1.403495e+13,1699366440,1.1583e-06,1.1566e-06
1.403446e+13,1.40369e+13,1699366500,1.157e-06,1.1568e-06
1.40214e+13,1.40227e+13,1699366560,1.1572e-06,1.1564e-06
1.402288e+13,1.403393e+13,1699366620,1.1564e-06,1.1567e-06
1.403076e+13,1.403935e+13,1699366680,1.1568e-06,1.1578e-06
1.403935e+13,1.403839e+13,1699366740,1.158e-06,1.1576e-06
1.403839e+13,1.405309e+13,1699366800,1.1576e-06,1.1558e-06
1.405309e+13,1.406495e+13,1699366860,1.1559e-06,1.1554e-06
1.406487e+13,1.406572e+13,1699366920,1.1556e-06,1.1551e-06
1.40657e+13,1.406526e+13,1699366980,1.1553e-06,1.1549e-06
1.406552e+13,1.406621e+13,1699367040,1.155e-06,1.1553e-06
1.406621e+13,1.406448e+13,1699367100,1.1553e-06,1.1543e-06
1.406448e+13,1.406575e+13,1699367160,1.1548e-06,1.157e-06
1.406575e+13,1.407163e+13,1699367220,1.1569e-06,1.1553e-06
1.407119e+13,1.408537e+13,1699367280,1.1555e-06,1.1543e-06
1.408499e+13,1.408869e+13,1699367340,1.155e-06,1.154e-06
1.408891e+13,1.408771e+13,1699367400,1.1546e-06,1.1543e-06
1.408771e+13,1.408898e+13,1699367460,1.1541e-06,1.1503e-06
1.408898e+13,1.405566e+13,1699367520,1.1505e-06,1.1501e-06
1.405585e+13,1.406704e+13,1699367580,1.1503e-06,1.1476e-06
1.406704e+13,1.406477e+13,1699367640,1.1478e-06,1.1472e-06
1.406477e+13,1.405912e+13,1699367700,1.1473e-06,1.1441e-06
1.405894e+13,1.406124e+13,1699367760,1.1439e-06,1.1426e-06
1.406081e+13,1.405823e+13,1699367820,1.1427e-06,1.1435e-06
1.405823e+13,1.40562e+13,1699367880,1.1436e-06,1.1416e-06
1.405581e+13,1.404704e+13,1699367940,1.1416e-06,1.143e-06
1.404704e+13,1.404666e+13,1699368000,1.1428e-06,1.1431e-06
1.404683e+13,1.40568e+13,1699368060,1.1431e-06,1.1431e-06
1.40568e+13,1.406107e+13,1699368120,1.143e-06,1.1457e-06
1.406027e+13,1.404601e+13,1699368180,1.146e-06,1.1479e-06
1.404559e+13,1.407226e+13,1699368240,1.148e-06,1.1511e-06
1.407219e+13,1.407829e+13,1699368300,1.1511e-06,1.1491e-06
1.407846e+13,1.404669e+13,1699368360,1.149e-06,1.1454e-06
1.404669e+13,1.405012e+13,1699368420,1.1457e-06,1.1463e-06
1.405011e+13,1.405115e+13,1699368480,1.1459e-06,1.1459e-06
1.405107e+13,1.405661e+13,1699368540,1.1463e-06,1.1455e-06
1.405661e+13,1.405705e+13,1699368600,1.1452e-06,1.1468e-06
