"OI_open","OI_close","timestamp","price_open","price_close"
83345917,83351482,1698017340,0.04186,0.04184
83230508,83293141,1698017400,0.04184,0.04187
83533966,83533966,1698017460,0.04187,0.0419
83544310,83526380,1698017520,0.04189,0.04187
83507681,83510821,1698017580,0.04185,0.04187
83518011,83518011,1698017640,0.04187,0.04188
83529774,83548652,1698017700,0.04188,0.04189
83551421,83575865,1698017760,0.04188,0.04188
83564765,83567397,1698017820,0.04189,0.04195
83572942,83572942,1698017880,0.04196,0.04193
83613816,83652850,1698017940,0.04193,0.0419
83652240,83680222,1698018000,0.04189,0.04193
83680096,83557098,1698018060,0.04194,0.0419
83550381,83558054,1698018120,0.04188,0.04187
83555641,83556213,1698018180,0.04186,0.04184
83556378,83556378,1698018240,0.04186,0.04187
83555675,83570216,1698018300,0.04185,0.04185
83576768,83572183,1698018360,0.04185,0.04188
83573380,83567707,1698018420,0.0419,0.04187
83569936,83537348,1698018480,0.04188,0.04189
83536400,83536400,1698018540,0.04189,0.0419
83541403,83548111,1698018600,0.0419,0.04196
83593698,83538503,1698018660,0.04194,0.04196
83540133,83540133,1698018720,0.04195,0.04194
83540010,83545221,1698018780,0.04193,0.04186
83584603,83609943,1698018840,0.04186,0.04176
83726750,83714878,1698018900,0.04176,0.04175
83699865,83692474,1698018960,0.04176,0.0418
83676265,83843262,1698019020,0.04181,0.04181
83841477,83841477,1698019080,0.04181,0.04183
83785952,83758323,1698019140,0.04183,0.0418
83747323,83729763,1698019200,0.04179,0.04177
83727198,83715923,1698019260,0.04176,0.04173
83685681,83634970,1698019320,0.04173,0.04175
83618176,83620084,1698019380,0.04174,0.04176
83614520,83648723,1698019440,0.04176,0.04174
83660095,83693779,1698019500,0.04176,0.0418
83700249,83725397,1698019560,0.04179,0.04184
83809779,83786857,1698019620,0.04182,0.04176
83802923,83776462,1698019680,0.04174,0.04175
83755497,83766084,1698019740,0.04176,0.04182
83818902,83785433,1698019800,0.04182,0.04187
83783383,83811342,1698019860,0.04184,0.04186
83790279,83790279,1698019920,0.04187,0.04187
83785260,83787526,1698019980,0.04185,0.04185
83787526,83787526,1698020040,0.04185,0.04188
83785897,83752725,1698020100,0.04188,0.04163
84698812,84721957,1698020160,0.04163,0.04172
84686062,84734599,1698020220,0.04173,0.04166
84714868,84720442,1698020280,0.04165,0.04169
84724783,84711398,1698020340,0.04169,0.04168
84720925,84758255,1698020400,0.04169,0.04164
84755054,84754119,1698020460,0.04163,0.04159
84758485,84693346,1698020520,0.04159,0.04154
84693772,84679334,1698020580,0.04153,0.04149
84679992,84677755,1698020640,0.04148,0.04145
84638658,84584171,1698020700,0.04145,0.0415
84588902,84569017,1698020760,0.04149,0.04149
84579934,84534947,1698020820,0.04148,0.04151
84534405,84538997,1698020880,0.04153,0.04153
84541745,84556901,1698020940,0.04155,0.04159
84554689,84554689,1698021000,0.04158,0.04156
84555744,84552239,1698021060,0.04157,0.04154
84546477,84548676,1698021120,0.04154,0.04156
84605060,84608797,1698021180,0.04157,0.04161
84596230,84596230,1698021240,0.04161,0.0416
84595345,84595345,1698021300,0.04162,0.04162
84641780,84627279,1698021360,0.04161,0.04154
84626962,84626962,1698021420,0.04152,0.04156
84613912,84614158,1698021480,0.04156,0.04152
84615649,84583038,1698021540,0.04153,0.04156
84583648,84595031,1698021600,0.04156,0.04157
84586702,84586702,1698021660,0.04156,0.04156
84586702,84585909,1698021720,0.04156,0.04155
84586526,84586526,1698021780,0.04156,0.04164
84464314,84436119,1698021840,0.04163,0.04166
84416506,84406545,1698021900,0.04166,0.04163
84389232,84377357,1698021960,0.04162,0.04171
84366913,84365530,1698022020,0.04171,0.04173
84326046,84393668,1698022080,0.04173,0.04182
84433184,84402800,1698022140,0.04182,0.04179
84498195,84780227,1698022200,0.04179,0.04183
84778597,84772125,1698022260,0.04184,0.04178
84771694,84773118,1698022320,0.04178,0.04173
84735094,84735094,1698022380,0.04174,0.04175
84713339,84749850,1698022440,0.04174,0.04183
84748025,84744722,1698022500,0.04182,0.04185
84735889,84735889,1698022560,0.04186,0.04193
84736237,84733376,1698022620,0.04193,0.04195
84734992,84702026,1698022680,0.04195,0.04188
84702533,84675035,1698022740,0.0419,0.04187
84674092,84672502,1698022800,0.04187,0.04185
84654133,84655146,1698022860,0.04184,0.0418
84764392,84761260,1698022920,0.0418,0.04173
84765682,84768445,1698022980,0.04174,0.04181
84764780,84764780,1698023040,0.04182,0.04181
84759300,84806720,1698023100,0.04182,0.04194
84570997,84570997,1698023160,0.04194,0.04195
84574477,84565872,1698023220,0.04197,0.04204
84544058,84452060,1698023280,0.04205,0.04211
84418866,84418866,1698023340,0.04211,0.04212
84410425,84388509,1698023400,0.04213,0.04209
84391466,84391466,1698023460,0.04208,0.04206
84387034,84428782,1698023520,0.04206,0.04206
84415812,84415812,1698023640,0.04206,0.04208
84409368,84408134,1698023700,0.04206,0.04205
84401542,84403011,1698023760,0.04204,0.04208
84373593,84420271,1698023820,0.04207,0.04215
84530916,84559709,1698023880,0.04216,0.04215
84560126,84559762,1698023940,0.04215,0.04214
84559247,84561486,1698024000,0.04214,0.04217
84527960,84519413,1698024060,0.04216,0.04211
84541525,84538680,1698024120,0.0421,0.04208
84551963,84556828,1698024180,0.04208,0.04214
84494626,84548390,1698024240,0.04216,0.04218
84541589,84521554,1698024300,0.04217,0.04214
84709945,84709945,1698024360,0.04216,0.04227
84865847,84857301,1698024420,0.04228,0.04227
84914712,84919879,1698024480,0.04227,0.04227
84954785,84990066,1698024540,0.04226,0.04223
84995886,85013656,1698024600,0.04224,0.04226
85019008,85015140,1698024660,0.04226,0.04235
84965859,84996857,1698024720,0.04235,0.04227
85024711,85062520,1698024780,0.04225,0.04205
84900697,84928451,1698024840,0.04205,0.04205
84893613,84980407,1698024900,0.04205,0.04208
85004824,85004957,1698024960,0.04209,0.04209
85013674,85017538,1698025020,0.04208,0.0421
85034329,85050527,1698025080,0.04211,0.04208
85034935,85030516,1698025140,0.0421,0.0421
85013308,85021231,1698025200,0.04211,0.04211
85050675,85082697,1698025260,0.04211,0.04206
84911437,84910915,1698025320,0.04207,0.04208
84919259,84915512,1698025380,0.04208,0.04211
84918615,84892978,1698025440,0.04212,0.04214
84869746,84869712,1698025500,0.04213,0.04213
84879384,84879384,1698025560,0.0421,0.04202
84868868,84856797,1698025620,0.04203,0.04202
85019072,85019234,1698025680,0.04202,0.04202
85060914,85060914,1698025740,0.04202,0.04204
85047569,85047465,1698025800,0.04205,0.04203
85049727,85034174,1698025860,0.04201,0.04201
84992211,85003586,1698025920,0.04201,0.042
85008077,85023319,1698025980,0.042,0.04203
84995345,84976513,1698026040,0.04203,0.04206
84913061,84913061,1698026100,0.04208,0.04213
84970093,84974284,1698026160,0.04212,0.04209
84983274,84989182,1698026220,0.04208,0.04204
84984844,84983543,1698026280,0.04206,0.04204
84978041,84978032,1698026340,0.04205,0.04209
85024770,85046201,1698026400,0.04209,0.04215
85046306,85050856,1698026460,0.04214,0.04217
85028580,85067595,1698026520,0.04217,0.04218
85069308,85070900,1698026580,0.04218,0.04217
85067451,85067451,1698026640,0.04216,0.04216
85033718,84979594,1698026700,0.04216,0.04215
85097533,85131112,1698026760,0.04215,0.04208
85107475,85106150,1698026820,0.04207,0.0421
85115380,85115380,1698026880,0.0421,0.04214
85130608,85130342,1698026940,0.04213,0.04218
85127229,85105756,1698027000,0.04219,0.04216
85105769,85110590,1698027060,0.04217,0.04213
85172727,85172290,1698027120,0.04211,0.04209
85174283,85174283,1698027180,0.04209,0.0421
85278059,85278059,1698027240,0.04212,0.04213
85277970,85282644,1698027300,0.04214,0.04212
85280961,85280961,1698027360,0.04212,0.04216
85280095,85281717,1698027420,0.04214,0.04215
85304935,85304935,1698027480,0.04215,0.04217
85325652,85331915,1698027540,0.04217,0.04222
85332474,85410545,1698027600,0.04221,0.04226
85380247,85380247,1698027660,0.04227,0.0423
85366552,85398588,1698027720,0.04232,0.04232
85398287,85398287,1698027780,0.04232,0.04232
85398153,85397215,1698027840,0.04231,0.04236
85387255,85382399,1698027900,0.04235,0.04232
85382117,85381870,1698027960,0.04232,0.04232
85382065,85385652,1698028020,0.04231,0.04232
85385652,85385652,1698028080,0.04233,0.04234
85386684,85270791,1698028140,0.04234,0.04235
85300034,85272354,1698028200,0.04236,0.04234
85272354,85272741,1698028260,0.04233,0.04236
85277226,85276151,1698028320,0.04236,0.04236
85276394,85280579,1698028380,0.04237,0.04235
85291569,85295576,1698028440,0.04235,0.04238
85296278,85290392,1698028500,0.04237,0.04234
85282707,85292069,1698028560,0.04235,0.04238
85231932,85231572,1698028620,0.04239,0.04238
85224750,85224750,1698028680,0.04237,0.04241
85223837,85259977,1698028740,0.04242,0.04239
85260497,85260497,1698028800,0.04239,0.04238
85256191,85255878,1698028860,0.04237,0.04227
85264009,85254021,1698028920,0.04225,0.04225
85235894,85235531,1698028980,0.04225,0.04223
85236623,85236623,1698029040,0.04223,0.04221
85207195,85212225,1698029100,0.04221,0.04221
85211550,85202986,1698029160,0.04221,0.04227
85203447,85207626,1698029220,0.04227,0.04233
85219808,85236037,1698029280,0.04233,0.04231
85235818,85237555,1698029340,0.04232,0.04233
85232116,85229515,1698029400,0.04234,0.04233
85219194,85205034,1698029460,0.04232,0.04231
85204918,85212905,1698029520,0.04231,0.04232
85216106,85216887,1698029580,0.04231,0.04231
85216308,85215162,1698029640,0.04231,0.0423
85194732,85166580,1698029700,0.0423,0.04225
85169422,85167727,1698029760,0.04225,0.0423
85161484,85161484,1698029820,0.04232,0.04231
85170129,85174995,1698029880,0.04233,0.04236
85170580,85170790,1698029940,0.04236,0.04234
85142941,85133563,1698030000,0.04233,0.0424
85128807,85123686,1698030060,0.0424,0.04233
85111554,85126371,1698030120,0.04233,0.04234
85126358,85322578,1698030180,0.04234,0.04228
85304789,85281910,1698030240,0.04227,0.0423
85225426,85007702,1698030300,0.04229,0.04236
85009441,85006179,1698030360,0.04235,0.04234
84976927,84934076,1698030420,0.04233,0.04232
84926527,84926385,1698030480,0.04232,0.04233
84918056,84918056,1698030540,0.04233,0.04236
84827909,84833216,1698030600,0.04234,0.04231
84820773,84775605,1698030660,0.0423,0.04229
84763800,84763800,1698030720,0.04227,0.04215
84749305,84750285,1698030780,0.04216,0.04214
84725505,84732422,1698030840,0.04215,0.04208
84739231,84710967,1698030900,0.04209,0.04204
84707809,84713769,1698030960,0.04204,0.042
84708748,84726965,1698031020,0.04201,0.04205
84737079,84726376,1698031080,0.04206,0.04211
84737265,84754537,1698031140,0.04211,0.04215
84760104,84739919,1698031200,0.04216,0.04213
84739919,84769993,1698031260,0.04214,0.04221
84919105,84813716,1698031320,0.04222,0.04218
84818081,84704121,1698031380,0.04218,0.04216
84702076,84702076,1698031440,0.04215,0.04214
84701232,84701232,1698031500,0.04213,0.04215
84685948,84774096,1698031560,0.04216,0.04214
84723949,84733962,1698031620,0.04213,0.04217
84697454,84697454,1698031680,0.04218,0.04225
84694492,84726763,1698031740,0.04225,0.04222
84730097,84653879,1698031800,0.04223,0.04214
84665001,84674006,1698031860,0.04213,0.0422
84694174,84698126,1698031920,0.04221,0.04217
84707306,84701895,1698031980,0.04218,0.04217
84702810,84700975,1698032040,0.04216,0.04217
84701194,84703718,1698032100,0.04217,0.04214
84703718,84692268,1698032160,0.04214,0.04212
84690746,84691172,1698032220,0.04213,0.04219
84691974,84703547,1698032280,0.04217,0.04218
84539462,84563398,1698032340,0.04217,0.04225
84559024,84569432,1698032400,0.04224,0.04221
84559700,84559436,1698032460,0.0422,0.04223
84553732,84553732,1698032520,0.04224,0.04226
84553433,84523795,1698032580,0.04224,0.04226
84534753,84522275,1698032640,0.04226,0.04229
84508152,84508152,1698032700,0.0423,0.04232
84509198,84534446,1698032760,0.04233,0.04232
84548796,84551717,1698032820,0.04233,0.04223
84556189,84556189,1698032880,0.04224,0.04231
84568088,84493386,1698032940,0.0423,0.04244
84509829,84511220,1698033000,0.04244,0.04235
84509825,84577157,1698033060,0.04235,0.04237
84639288,84633738,1698033120,0.04239,0.0424
84643037,84644845,1698033180,0.04239,0.04237
84634154,84656724,1698033240,0.04237,0.04239
84651817,84619849,1698033300,0.04237,0.04238
84620443,84615360,1698033360,0.04237,0.04234
84592379,84588040,1698033420,0.04233,0.04237
84600080,84612382,1698033480,0.04237,0.04238
84594272,84594163,1698033540,0.04237,0.04235
84574701,84556530,1698033600,0.04236,0.0424
84576284,84560922,1698033660,0.04239,0.04228
84609077,84616398,1698033720,0.04228,0.04235
84595294,84649776,1698033780,0.04234,0.04244
84664013,84677249,1698033840,0.04245,0.04246
84714707,84714707,1698033900,0.04246,0.04248
84746347,84799556,1698033960,0.04248,0.04233
84801960,84815662,1698034020,0.04231,0.04233
84778312,84773051,1698034080,0.04233,0.04231
84902170,85198408,1698034140,0.04231,0.04222
85252293,85252293,1698034200,0.04222,0.04223
85247362,85237659,1698034260,0.04223,0.04228
85228455,85230543,1698034320,0.04227,0.04227
85228354,85238370,1698034380,0.04227,0.04228
85232854,85246459,1698034440,0.04228,0.04224
85238072,85240861,1698034500,0.04227,0.04224
85230124,85231216,1698034560,0.04226,0.04228
85224944,85225451,1698034620,0.04228,0.04224
85229173,85177647,1698034680,0.04225,0.04224
85178830,85180950,1698034740,0.04225,0.04226
85172111,85154887,1698034800,0.04225,0.04225
85161454,85161454,1698034860,0.04225,0.04223
85159415,85165071,1698034920,0.04223,0.04223
85165071,85165071,1698034980,0.04224,0.04222
85162875,85154699,1698035040,0.04223,0.04221
85163563,85169427,1698035100,0.0422,0.04221
85168938,85168938,1698035160,0.0422,0.04221
85192382,85192382,1698035220,0.0422,0.04221
85183754,85187256,1698035280,0.04221,0.04225
85207510,85217793,1698035340,0.04224,0.04227
85218214,85302635,1698035400,0.04227,0.04225
85302408,85296744,1698035460,0.04226,0.04227
85301433,85303632,1698035520,0.04226,0.04227
85296167,85268980,1698035580,0.04227,0.04229
85268839,85268839,1698035640,0.04229,0.04227
85351182,85360170,1698035700,0.04227,0.0423
85394826,85416601,1698035760,0.04231,0.04233
85420392,85420268,1698035820,0.04234,0.04234
85420327,85420327,1698035880,0.04234,0.04234
85426271,85422055,1698035940,0.04234,0.04236
85417308,85397822,1698036000,0.04234,0.04233
85390342,85381117,1698036060,0.04233,0.04236
85381117,85368807,1698036120,0.04234,0.04231
85375958,85377880,1698036180,0.04231,0.04227
85368538,85359832,1698036240,0.04226,0.04231
85340416,85340214,1698036300,0.04231,0.04229
85340076,85330096,1698036360,0.04229,0.04229
85299899,85299899,1698036420,0.04229,0.04234
85180636,85171610,1698036480,0.04234,0.04235
85170990,85170990,1698036540,0.04235,0.04235
85177770,85210355,1698036600,0.04231,0.04234
85201918,85201558,1698036660,0.04234,0.04234
85210225,85187172,1698036720,0.04235,0.04235
85172357,85172357,1698036780,0.04236,0.04235
85173681,85173293,1698036840,0.04235,0.04235
85173261,85172459,1698036900,0.04236,0.04238
85181017,85175125,1698036960,0.04238,0.0424
85174397,85175842,1698037020,0.04239,0.04239
85175694,85103131,1698037080,0.04238,0.04236
85102892,85101033,1698037140,0.04236,0.04236
85087659,85080727,1698037200,0.04234,0.04231
85076831,85064393,1698037260,0.04232,0.04226
85046562,85046562,1698037320,0.04226,0.04224
85040686,85093941,1698037380,0.04223,0.0422
85095913,85120434,1698037440,0.0422,0.04217
85152384,85149042,1698037500,0.04218,0.0422
85133494,85133494,1698037560,0.04221,0.04227
85200879,85217246,1698037620,0.04229,0.04232
85203639,85206535,1698037680,0.04233,0.04235
85206535,85213817,1698037740,0.04235,0.04238
85476986,85476986,1698037800,0.04238,0.04242
85485542,85501744,1698037860,0.04242,0.04245
85504810,85507163,1698037920,0.04246,0.04245
85509459,85437426,1698037980,0.04246,0.04251
85463665,85466960,1698038040,0.04251,0.0425
85469351,85469351,1698038100,0.04249,0.04247
85469400,85451380,1698038160,0.04246,0.04248
85447605,85452706,1698038220,0.04249,0.04247
85448186,85445593,1698038280,0.04248,0.04249
85440607,85444939,1698038340,0.04246,0.04246
85446006,85498226,1698038400,0.04246,0.04246
85446061,85436693,1698038460,0.04247,0.04238
85430262,85434397,1698038520,0.04236,0.04236
85380892,85390828,1698038580,0.04237,0.04243
85448518,85448518,1698038640,0.04245,0.04238
85474551,85469651,1698038700,0.04237,0.04237
85464960,85498114,1698038760,0.04235,0.04234
85507790,85503454,1698038820,0.04231,0.04232
85435686,85435686,1698038880,0.04232,0.04233
85435523,85307421,1698038940,0.04234,0.04257
85577555,85983329,1698039000,0.04258,0.04261
86070682,86053030,1698039060,0.0426,0.04252
86006493,86010986,1698039120,0.04252,0.04251
86032969,86047358,1698039180,0.04251,0.04253
86012464,85981969,1698039240,0.04253,0.04255
85975650,85969604,1698039300,0.04254,0.04256
85965422,85956864,1698039360,0.04256,0.04255
85950130,85948266,1698039420,0.04254,0.04251
85951559,85968474,1698039480,0.0425,0.0425
85965092,85965092,1698039540,0.04251,0.0425
86001334,86018727,1698039600,0.0425,0.04245
86017831,86021022,1698039660,0.04245,0.04246
86010058,86025511,1698039780,0.04244,0.04242
86018388,85991962,1698039840,0.04241,0.04239
85986578,85966384,1698039900,0.0424,0.04238
85955494,85950827,1698039960,0.04239,0.0424
85952130,85945006,1698040020,0.04239,0.04238
85952875,85952875,1698040080,0.04238,0.04242
85920956,85920956,1698040140,0.04243,0.04243
85802079,85805818,1698040200,0.04242,0.04241
85804161,85831466,1698040260,0.0424,0.04237
85844762,85844762,1698040320,0.04237,0.04235
85855702,85858250,1698040380,0.04235,0.04234
85859884,85859429,1698040440,0.04233,0.04231
85845960,85929064,1698040500,0.04231,0.04228
85929219,85926975,1698040560,0.04227,0.04226
85928574,85928574,1698040620,0.04226,0.04225
85929639,85929639,1698040680,0.04226,0.04227
85924452,85924750,1698040740,0.04228,0.04227
85916496,85931163,1698040800,0.04226,0.04227
85918219,85925463,1698040860,0.04227,0.04226
85926080,85943332,1698040920,0.04226,0.04224
85943596,85942246,1698040980,0.04225,0.04229
85913185,85895838,1698041040,0.0423,0.04227
85895669,85894389,1698041100,0.04227,0.04231
85911899,85910850,1698041160,0.04232,0.04236
85906015,85906015,1698041220,0.04235,0.04234
85906190,85911068,1698041280,0.04235,0.04237
85920459,85916057,1698041340,0.04239,0.0424
85875911,85909284,1698041400,0.0424,0.04244
85897046,85903681,1698041460,0.04244,0.04247
85928781,85928781,1698041520,0.04246,0.04241
85971766,85986526,1698041580,0.04241,0.04238
85979251,85984563,1698041640,0.04237,0.04237
86032077,86034841,1698041700,0.04238,0.04244
86051417,86051417,1698041760,0.04243,0.04238
86256402,86263650,1698041820,0.04237,0.04235
86258522,86262509,1698041880,0.04236,0.04231
86198183,86179448,1698041940,0.04231,0.04226
86130479,86125847,1698042000,0.04226,0.04227
86119352,86151821,1698042060,0.04228,0.04217
86114617,86090125,1698042120,0.04219,0.04215
85982376,85992642,1698042180,0.04215,0.04216
85989070,85989070,1698042240,0.04218,0.04217
85983402,85986567,1698042300,0.04217,0.04222
85984434,86031208,1698042360,0.04222,0.04219
86034841,86034841,1698042420,0.04218,0.04217
86035482,86032975,1698042480,0.04217,0.04215
86032975,86032975,1698042540,0.04217,0.04217
86045321,86066657,1698042600,0.04218,0.04218
86062190,85977601,1698042660,0.04217,0.04212
85985473,85989230,1698042720,0.04212,0.04211
86031771,86025087,1698042780,0.04211,0.04206
86120914,86120914,1698042840,0.04205,0.04206
86124232,86128733,1698042900,0.04206,0.04205
86122573,86070548,1698042960,0.04204,0.04203
86073144,86073019,1698043020,0.04204,0.04205
86070439,86070439,1698043140,0.04205,0.04205
86073273,86076932,1698043200,0.04206,0.04204
86067390,86067265,1698043260,0.04202,0.04203
86066942,86066942,1698043320,0.04203,0.04203
86067156,86062536,1698043380,0.04206,0.04208
86064133,86065051,1698043440,0.04207,0.04206
86077930,86077930,1698043500,0.04207,0.04211
86039596,86039002,1698043560,0.04211,0.04211
86017730,85972811,1698043620,0.04209,0.04206
85931590,85897345,1698043680,0.04206,0.04203
85885431,85822213,1698043740,0.04202,0.04202
85824405,85824405,1698043800,0.04205,0.04202
85826310,85824529,1698043860,0.04202,0.04202
85821565,85793672,1698043920,0.04203,0.04201
85659586,85507719,1698043980,0.04201,0.04194
85528997,85588708,1698044040,0.04196,0.04196
85582047,85576116,1698044100,0.04197,0.04196
85526170,85526170,1698044160,0.04194,0.04193
85521215,85506541,1698044220,0.04194,0.0419
85421298,85434175,1698044280,0.04189,0.04188
85411929,85398081,1698044340,0.04189,0.04181
85426800,85426800,1698044400,0.04181,0.0418
85436072,85468111,1698044460,0.0418,0.04176
85484936,85488039,1698044520,0.04176,0.04178
85461252,85461959,1698044580,0.04178,0.04175
85464578,85472565,1698044640,0.04175,0.04175
85448476,85460020,1698044700,0.04175,0.0417
85443225,85366496,1698044760,0.04171,0.04168
85353659,85354326,1698044820,0.04166,0.04165
85320234,85243254,1698044880,0.04164,0.04158
85216194,85274480,1698044940,0.04158,0.04162
85257330,85255066,1698045000,0.04163,0.04156
85265573,85264947,1698045060,0.04157,0.04162
85274085,85259921,1698045120,0.04161,0.04159
85260113,85265735,1698045180,0.0416,0.04163
85266325,85266325,1698045240,0.04164,0.04162
85265680,85363952,1698045300,0.04163,0.04165
85380067,85380067,1698045360,0.04165,0.04171
85468151,85465663,1698045420,0.04171,0.04173
85462214,85449687,1698045480,0.04176,0.04179
85449908,85441293,1698045540,0.04181,0.04177
85458106,85458997,1698045600,0.04176,0.04176
85465016,85465273,1698045660,0.04177,0.04176
85482135,85482135,1698045720,0.04178,0.04179
85481849,85478465,1698045780,0.0418,0.04179
85478465,85464366,1698045840,0.04179,0.04181
85458842,85458842,1698045900,0.04182,0.04181
85440299,85440299,1698045960,0.04181,0.04181
85431925,85431925,1698046020,0.0418,0.04179
85413706,85413492,1698046080,0.04179,0.0418
85399189,85399189,1698046140,0.04181,0.04182
85397455,85397348,1698046200,0.0418,0.04181
85397348,85397348,1698046260,0.04181,0.04185
85393869,85410903,1698046320,0.04186,0.04186
85404420,85360449,1698046380,0.04186,0.04189
85361658,85361784,1698046440,0.04188,0.0419
85382075,85382075,1698046500,0.0419,0.04193
85397583,85397583,1698046560,0.04192,0.04192
85364970,85360750,1698046620,0.04193,0.04194
85361826,85361826,1698046680,0.04193,0.04193
85361683,85361683,1698046740,0.04192,0.04193
85338197,85336878,1698046800,0.04192,0.04191
85333450,85332031,1698046860,0.04192,0.04192
85337931,85337931,1698046920,0.04191,0.0419
85340864,85340864,1698046980,0.04191,0.04192
85342756,85342756,1698047040,0.04195,0.04194
85337937,85333297,1698047100,0.04194,0.04196
85391464,85390751,1698047160,0.04198,0.04197
85391969,85391174,1698047280,0.04196,0.04196
85391174,85391174,1698047340,0.04194,0.04193
85391421,85422681,1698047400,0.04193,0.04189
85422681,85414355,1698047460,0.04188,0.04181
85416968,85416968,1698047520,0.04181,0.04176
85402123,85365425,1698047580,0.04174,0.04174
85509280,85509280,1698047640,0.04174,0.04154
85524542,85548277,1698047700,0.04154,0.0416
85529585,85512739,1698047760,0.0416,0.04166
85470197,85459279,1698047820,0.04166,0.04163
85449657,85443457,1698047880,0.04163,0.04163
85448114,85450207,1698047940,0.04163,0.04165
85471160,85486159,1698048000,0.04166,0.04172
85516198,85480239,1698048060,0.04172,0.04169
85434413,85413064,1698048120,0.04169,0.04165
85397994,85461031,1698048180,0.04164,0.04159
85451366,85446520,1698048240,0.0416,0.04164
85539105,85547167,1698048300,0.04164,0.0417
85523413,85478673,1698048360,0.04172,0.04168
85475705,85471894,1698048420,0.04169,0.04171
85472690,85463651,1698048480,0.04172,0.04175
85461318,85461318,1698048540,0.04173,0.04175
85452313,85411765,1698048600,0.04177,0.04181
85409872,85407781,1698048660,0.04181,0.04177
85406062,85406062,1698048720,0.04175,0.04175
85415373,85415373,1698048780,0.04177,0.04178
85411767,85410273,1698048840,0.04178,0.04176
85417607,85417607,1698048900,0.04176,0.04175
85419449,85398675,1698048960,0.04177,0.04177
85413660,85413424,1698049020,0.04178,0.04178
85413424,85413232,1698049080,0.04177,0.04174
85412180,85412180,1698049140,0.04174,0.04176
85410896,85409652,1698049200,0.04174,0.04173
85419075,85411804,1698049260,0.04173,0.04169
85460030,85474549,1698049320,0.04168,0.04166
85466252,85432265,1698049380,0.04166,0.04171
85431630,85465538,1698049440,0.04171,0.04174
85471766,85470941,1698049500,0.04173,0.04176
85474549,85475881,1698049560,0.04177,0.04181
85484449,85482849,1698049620,0.04182,0.04182
85473746,85468737,1698049680,0.04182,0.04183
85441374,85441374,1698049740,0.04184,0.04189
85443103,85443103,1698049800,0.04188,0.04188
85407348,85399437,1698049860,0.04186,0.04188
85399907,85379093,1698049920,0.04188,0.04183
85381815,85378073,1698049980,0.04183,0.04182
85379807,85310184,1698050040,0.04182,0.04178
85307832,85299466,1698050100,0.0418,0.04178
85305451,85303529,1698050160,0.04178,0.04178
85301075,85308514,1698050220,0.04177,0.04182
85307880,85303756,1698050280,0.04181,0.04181
85293717,85652389,1698050340,0.04181,0.04186
85636167,85628129,1698050400,0.04187,0.04189
85627407,85600413,1698050460,0.04188,0.04188
85586835,85618938,1698050520,0.0419,0.04187
85618938,85608100,1698050580,0.04188,0.04187
85586023,85586023,1698050640,0.04186,0.04187
85575387,85566855,1698050700,0.04187,0.04188
85554923,85555171,1698050760,0.04188,0.04192
85535577,85536987,1698050820,0.04192,0.04191
85518713,85518713,1698050880,0.04191,0.04193
85520085,85517681,1698050940,0.04192,0.04193
85470747,85461970,1698051000,0.04193,0.04197
85497490,85511569,1698051060,0.04196,0.04196
85518642,85504655,1698051120,0.04195,0.04197
85505837,85504808,1698051180,0.04197,0.04197
85500335,85500335,1698051240,0.04198,0.04198
85497690,85492550,1698051300,0.04198,0.04197
85487267,85487267,1698051360,0.04197,0.04196
85485376,85469655,1698051420,0.04197,0.04198
85472385,85455948,1698051480,0.04199,0.04201
85444855,85445752,1698051540,0.042,0.04197
85482468,85492721,1698051600,0.04196,0.04193
85502945,85493063,1698051660,0.04194,0.04197
85475510,85477905,1698051720,0.04197,0.04199
85485287,85472154,1698051780,0.04197,0.04199
85459562,85460015,1698051840,0.042,0.04199
85459103,85491733,1698051900,0.04198,0.04197
85491881,85491881,1698051960,0.04197,0.04198
85548592,85548825,1698052020,0.04198,0.04199
85546707,85564083,1698052080,0.04199,0.04199
85634248,85634248,1698052140,0.04199,0.042
85651411,85645172,1698052200,0.04201,0.04203
85772084,85772084,1698052260,0.04203,0.04199
85747369,85753371,1698052320,0.04198,0.04201
85753203,85750787,1698052380,0.042,0.042
85743912,85729893,1698052440,0.04198,0.042
85696874,85696874,1698052500,0.04199,0.04197
85670967,85693488,1698052560,0.04197,0.04205
85688227,85687280,1698052620,0.04203,0.04206
85723659,85729873,1698052680,0.04203,0.04204
85733988,85763076,1698052740,0.04204,0.04198
85755056,85763733,1698052800,0.04197,0.04194
85466054,85448385,1698052860,0.04194,0.0418
85284751,85284751,1698052920,0.04178,0.04184
85285552,85318808,1698052980,0.04185,0.0419
85355916,85355916,1698053040,0.0419,0.04187
85346913,85416532,1698053100,0.04187,0.04192
85417511,85371116,1698053160,0.04191,0.04185
85366429,85395296,1698053220,0.04186,0.04185
85395296,85395296,1698053280,0.04184,0.04178
85388667,85385464,1698053340,0.04177,0.04177
85220028,85218332,1698053400,0.04178,0.04173
85223441,85225903,1698053460,0.04173,0.04168
85204446,85095297,1698053520,0.04167,0.04164
85094406,85109569,1698053580,0.04161,0.04155
85130666,85111352,1698053640,0.04154,0.04155
85109401,85109401,1698053700,0.04156,0.0416
85117133,85117584,1698053760,0.04159,0.04158
85109342,85132544,1698053820,0.04157,0.0416
85111146,85111146,1698053880,0.0416,0.04159
85080442,85099086,1698053940,0.04161,0.04159
85094739,85105270,1698054000,0.04159,0.04156
85103422,85103422,1698054060,0.04156,0.04152
85065739,85031207,1698054120,0.04152,0.04157
85010560,84989018,1698054180,0.04155,0.04148
84983085,84988121,1698054240,0.04148,0.04147
84993461,84905026,1698054300,0.04146,0.0414
84820803,84833892,1698054360,0.04141,0.04134
84810713,84793165,1698054420,0.04133,0.04126
84708424,84723370,1698054480,0.04124,0.04131
84681723,84681723,1698054540,0.04132,0.04134
84674375,84657482,1698054600,0.04135,0.04139
84650444,84641976,1698054660,0.04139,0.04141
84635587,84634885,1698054720,0.04142,0.04141
84634743,84634743,1698054780,0.04141,0.04146
84672537,84661085,1698054840,0.04146,0.04147
84659848,84655540,1698054900,0.04146,0.0415
84692986,84694831,1698054960,0.04151,0.0415
84705842,84701032,1698055020,0.0415,0.04145
84802113,84814844,1698055080,0.04146,0.0415
84811938,84811938,1698055140,0.04151,0.04152
84810606,84806110,1698055200,0.04151,0.04151
84802164,84813926,1698055260,0.0415,0.0415
84808626,84826444,1698055320,0.04149,0.04151
84828914,84781705,1698055380,0.04152,0.04155
84790695,84790573,1698055440,0.04155,0.04153
84793052,84793647,1698055500,0.04154,0.04153
84799051,84799051,1698055560,0.04153,0.04156
84810143,84815922,1698055620,0.04155,0.04155
84801540,84801540,1698055680,0.04156,0.0416
84804810,84810771,1698055740,0.0416,0.0416
84816743,84816743,1698055800,0.0416,0.0416
84810853,84808335,1698055860,0.0416,0.04163
84791529,84791529,1698055920,0.04163,0.04166
84787245,84789224,1698055980,0.04166,0.04166
84789509,84789140,1698056040,0.04165,0.04165
84789140,84783568,1698056100,0.04164,0.04166
84780782,84785324,1698056160,0.04167,0.04165
84764893,84764219,1698056220,0.04165,0.04165
84754014,84737478,1698056280,0.04166,0.04167
84744540,84749810,1698056340,0.04167,0.04172
84749040,84721693,1698056400,0.04173,0.0417
84711818,84714372,1698056460,0.0417,0.04171
84713133,84733862,1698056520,0.04171,0.04168
84731537,84729824,1698056580,0.04169,0.0417
84729824,84729824,1698056640,0.0417,0.04172
84736820,84730751,1698056700,0.04173,0.04171
84732191,84731423,1698056760,0.04171,0.04172
84783983,84783983,1698056820,0.04171,0.04168
84787552,84795747,1698056880,0.04171,0.04173
84793160,84793160,1698056940,0.04173,0.04174
84809764,84791495,1698057000,0.04175,0.04174
84788435,84799252,1698057060,0.04176,0.04177
84772326,84777089,1698057120,0.04178,0.04177
84765340,84757198,1698057180,0.04177,0.04176
84754931,84752861,1698057240,0.04175,0.04172
84755605,84752085,1698057300,0.04172,0.04169
84761634,84761395,1698057360,0.04169,0.04167
84783685,84786960,1698057420,0.04166,0.04165
84786960,84786960,1698057480,0.04165,0.04166
84810670,84787162,1698057540,0.04166,0.04172
84793941,84793941,1698057600,0.04172,0.04171
84775590,84775590,1698057660,0.04173,0.04168
84648940,84648544,1698057720,0.04171,0.04166
84659184,84664721,1698057780,0.04167,0.04168
84667444,84678890,1698057840,0.04168,0.04167
84675349,84680273,1698057900,0.04168,0.04168
84680003,84686028,1698057960,0.04167,0.04167
84686028,84682119,1698058020,0.04166,0.04167
84658879,84672568,1698058080,0.04166,0.04165
84666596,84660822,1698058140,0.04165,0.04164
84672898,84666880,1698058200,0.04164,0.04161
84730130,84752372,1698058260,0.04161,0.04162
84706510,84706510,1698058320,0.0416,0.04162
84681612,84667761,1698058380,0.04162,0.04165
84670359,84670359,1698058440,0.04166,0.04165
84665162,84660279,1698058500,0.04166,0.04164
84663549,84659193,1698058560,0.04163,0.04161
84673423,84660376,1698058620,0.04162,0.04164
84660376,84660376,1698058680,0.04162,0.04162
84653042,84652645,1698058740,0.04163,0.04162
84651991,84656995,1698058800,0.04163,0.04161
84645514,84601300,1698058860,0.04163,0.04169
84631173,84625907,1698058920,0.0417,0.04172
84623620,84620136,1698058980,0.04172,0.0417
84621953,84624509,1698059040,0.04171,0.0417
84613431,84609815,1698059100,0.04169,0.04172
84568490,84530523,1698059160,0.04172,0.04168
84806207,84806207,1698059220,0.04165,0.04169
84796092,84803387,1698059280,0.04169,0.04166
84803387,84809201,1698059340,0.04165,0.04162
84852774,84871644,1698059400,0.04162,0.04159
84846907,84833892,1698059460,0.0416,0.04162
84886259,84843600,1698059520,0.04161,0.04164
84832245,84831023,1698059580,0.04165,0.04165
84841650,84838261,1698059640,0.04164,0.04162
84822356,84822356,1698059700,0.04161,0.04169
84800255,84800380,1698059760,0.04169,0.04168
84802470,84807806,1698059820,0.04167,0.04164
84833946,84833946,1698059880,0.04165,0.04165
84827993,84827993,1698059940,0.04166,0.04167
84832626,84824201,1698060000,0.04167,0.04166
84825610,84825610,1698060060,0.04167,0.0417
84799033,84798707,1698060120,0.04171,0.04172
84788251,84788251,1698060180,0.04172,0.04172
84794254,84794254,1698060240,0.04172,0.0417
84809864,84796289,1698060300,0.04169,0.04171
84778410,84771318,1698060360,0.04173,0.04177
84749147,84736847,1698060420,0.04177,0.04177
84738878,84736104,1698060480,0.04176,0.04175
84738708,84735372,1698060540,0.04176,0.04173
84734825,84730890,1698060600,0.04173,0.04168
84722504,84712473,1698060660,0.04168,0.04165
84712106,84712106,1698060720,0.04164,0.04169
84717027,84716619,1698060780,0.04169,0.04167
84701091,84701091,1698060840,0.04168,0.04172
84686760,84718972,1698060900,0.04172,0.04168
84710071,84710071,1698060960,0.04168,0.04172
84699943,84697246,1698061020,0.04173,0.04173
84698552,84698116,1698061080,0.04172,0.04176
84698116,84701080,1698061140,0.04177,0.04177
84715437,84715437,1698061200,0.04177,0.04174
84713121,84705749,1698061260,0.04174,0.04181
84749893,84741857,1698061320,0.04179,0.04181
84736290,84728208,1698061380,0.04181,0.04184
84748863,84767928,1698061440,0.04185,0.04183
84743956,84736354,1698061500,0.04184,0.04181
84738651,84707314,1698061560,0.04182,0.04176
84715892,84718479,1698061620,0.04175,0.04176
84744926,84733418,1698061680,0.04178,0.04179
84753731,84747962,1698061740,0.04177,0.04177
84769120,84766434,1698061800,0.04178,0.0418
84818495,84818495,1698061860,0.0418,0.04183
84846415,84841155,1698061920,0.04183,0.0418
84877760,84892567,1698061980,0.0418,0.04179
84897639,84882348,1698062040,0.04178,0.04174
84887130,84887130,1698062100,0.04172,0.04174
84883904,84882781,1698062160,0.04175,0.04177
84882781,84894776,1698062220,0.04177,0.04178
84901138,84901138,1698062280,0.04178,0.04182
84821325,84832140,1698062340,0.04181,0.04182
84828962,84828962,1698062400,0.04182,0.04178
84817022,84825060,1698062460,0.04178,0.04181
84774540,84771988,1698062520,0.04181,0.04185
84756847,84748860,1698062580,0.04186,0.04183
84752878,84789527,1698062640,0.04183,0.04185
84795067,84794156,1698062700,0.04185,0.04185
84803775,84801650,1698062760,0.04186,0.04185
84770919,84939187,1698062820,0.04185,0.04178
84964244,84987073,1698062880,0.04178,0.04176
84947155,84964943,1698062940,0.04175,0.04176
84972021,84972021,1698063000,0.04178,0.04181
84989125,84991513,1698063060,0.0418,0.04181
84975707,84995072,1698063120,0.0418,0.04182
84979043,85013362,1698063180,0.0418,0.04182
85006144,85051647,1698063240,0.04182,0.04184
85049910,85029442,1698063300,0.04184,0.04185
85041857,85044132,1698063360,0.04185,0.0419
85038797,85032359,1698063420,0.0419,0.04191
85045112,85051944,1698063480,0.04191,0.04194
85059082,85062497,1698063540,0.04195,0.04194
85060037,85071803,1698063600,0.04192,0.04192
85077201,85095322,1698063660,0.04195,0.04194
85113974,85113605,1698063720,0.04192,0.04192
85137122,85129797,1698063780,0.04195,0.04197
85146833,85139654,1698063840,0.04194,0.04192
85156881,85181966,1698063900,0.04192,0.04195
85225381,85227008,1698063960,0.04192,0.04192
85217811,85217811,1698064020,0.04192,0.0419
85197639,85252231,1698064080,0.04191,0.04192
85244747,85244747,1698064140,0.04192,0.04195
85270373,85273826,1698064200,0.04196,0.04198
85335133,85375250,1698064260,0.04198,0.04196
85403258,85403258,1698064320,0.04196,0.04198
85437381,85452901,1698064380,0.04196,0.04195
85484067,85484211,1698064440,0.04195,0.04193
85507610,85526566,1698064500,0.04192,0.04193
85561475,85565258,1698064560,0.04192,0.04192
85642430,85666838,1698064620,0.04192,0.04194
85706395,85735223,1698064680,0.04195,0.04195
85775588,85771770,1698064740,0.04192,0.04192
85817227,85893782,1698064800,0.04193,0.04198
85950527,85975672,1698064860,0.04198,0.04204
86009030,86009030,1698064920,0.04203,0.04203
86075674,86120270,1698064980,0.04201,0.04203
86138824,86178768,1698065040,0.04204,0.04205
86209735,86232430,1698065100,0.04205,0.04207
86251077,86251077,1698065160,0.04204,0.04203
86301795,86029186,1698065220,0.04203,0.04193
86058056,86058056,1698065280,0.04193,0.04195
86041187,86059478,1698065340,0.04195,0.04201
86080911,86080911,1698065400,0.04201,0.04204
86086984,86103747,1698065460,0.04204,0.04205
86108573,86133248,1698065520,0.04206,0.04208
86140676,86137491,1698065580,0.04205,0.04205
86164672,86164672,1698065640,0.04204,0.04204
86158383,86148827,1698065700,0.04203,0.04204
86176269,86174206,1698065760,0.04203,0.04207
86184269,86229454,1698065820,0.04205,0.04211
86368403,86402422,1698065880,0.04211,0.04219
86425752,86422144,1698065940,0.04219,0.04223
86444157,86444157,1698066000,0.04221,0.04221
86441765,86547058,1698066060,0.04221,0.04218
86575011,86580550,1698066120,0.04215,0.04215
86605188,86626009,1698066180,0.04214,0.04211
86630278,86625577,1698066240,0.0421,0.04211
86639980,86639980,1698066300,0.04211,0.0421
86662200,86664950,1698066360,0.04211,0.04214
86692450,86702336,1698066420,0.04215,0.04221
86711406,86735671,1698066480,0.04221,0.04221
86758504,86768567,1698066540,0.04221,0.04223
86783499,86811308,1698066600,0.04223,0.04224
86805300,86835497,1698066660,0.04224,0.04227
86837874,86833232,1698066720,0.04229,0.04226
86848264,86874031,1698066780,0.04225,0.04228
86861522,86861402,1698066840,0.04228,0.04227
86902749,86919057,1698066900,0.04226,0.04225
86945948,86965134,1698066960,0.04225,0.04224
86980100,87010079,1698067020,0.04223,0.04224
87013238,87102258,1698067080,0.04223,0.04227
87234014,87234014,1698067140,0.04226,0.04216
87233884,87289101,1698067200,0.04217,0.04215
87301686,87301686,1698067260,0.04215,0.04214
87328444,87328012,1698067320,0.04215,0.04216
87338628,87352813,1698067380,0.04215,0.04213
87388566,87392072,1698067440,0.04212,0.04211
87387231,87340384,1698067500,0.04209,0.04201
87386403,87455968,1698067560,0.04201,0.04206
87446064,87516599,1698067620,0.04206,0.04207
87560278,87595771,1698067680,0.04209,0.04205
87577930,87577591,1698067740,0.04204,0.04204
87610192,87609268,1698067800,0.04204,0.04201
87606127,87551886,1698067860,0.04201,0.04193
87593535,87593278,1698067920,0.04192,0.04185
87597675,87601178,1698067980,0.04185,0.04191
87575368,87589958,1698068040,0.04192,0.04187
87619966,87613589,1698068100,0.04186,0.04191
87635777,87682371,1698068160,0.04192,0.04183
87765123,87793555,1698068220,0.04183,0.04186
87848357,87866528,1698068280,0.04187,0.04186
87848346,87997466,1698068340,0.04185,0.04189
87994438,87994438,1698068400,0.04192,0.04192
88022105,88022251,1698068460,0.04191,0.04196
88014862,87997835,1698068520,0.04197,0.04194
87948812,87983718,1698068580,0.04194,0.04198
88005164,88005164,1698068640,0.04196,0.04196
88067916,88066129,1698068700,0.04195,0.04202
88058264,88083027,1698068760,0.04201,0.04196
88102759,88119323,1698068820,0.04196,0.04198
88106631,88105885,1698068880,0.04198,0.04198
88119548,88148342,1698068940,0.04203,0.04203
88157478,88172551,1698069000,0.04203,0.04202
88199357,88193970,1698069060,0.04201,0.04199
88214282,88218585,1698069120,0.04199,0.04203
88222112,88237331,1698069180,0.04203,0.04205
88246793,88246793,1698069240,0.04204,0.04206
88280354,88305593,1698069300,0.04206,0.04207
88328526,88380632,1698069360,0.04208,0.04208
88378000,88378000,1698069420,0.0421,0.0421
88439302,88411365,1698069480,0.04212,0.04212
88462447,88476124,1698069540,0.04212,0.04216
88490781,88487602,1698069600,0.04214,0.0421
88472023,88476780,1698069660,0.0421,0.04212
88493578,88521967,1698069720,0.04212,0.04209
88502356,88529564,1698069780,0.04209,0.04212
88538961,88543354,1698069840,0.04212,0.04217
88741905,88743577,1698069900,0.04217,0.04222
88748601,88765051,1698069960,0.04222,0.04217
88759879,88779451,1698070020,0.04218,0.04222
88792421,88748176,1698070080,0.04221,0.04219
88744879,88717599,1698070140,0.04218,0.04219
88737592,88712553,1698070200,0.04219,0.04219
88699163,88641335,1698070260,0.04217,0.04216
88647651,88708532,1698070320,0.04214,0.04218
88726558,88743499,1698070380,0.04219,0.0422
88757631,88774134,1698070440,0.04221,0.04222
88762125,88762125,1698070500,0.04222,0.04222
88781878,88819831,1698070560,0.04222,0.04224
88838390,88841624,1698070620,0.04222,0.04227
88912235,88912235,1698070680,0.04226,0.0423
88925453,88933872,1698070740,0.04232,0.04232
88941158,88902533,1698070800,0.0423,0.04228
88904596,88932945,1698070860,0.04228,0.04226
88948550,88961875,1698070920,0.04225,0.04227
88973307,88998479,1698070980,0.04227,0.04229
89015311,89030409,1698071040,0.04228,0.04229
89038481,89074001,1698071100,0.04229,0.04233
89100666,89113612,1698071160,0.04234,0.04234
89118820,89133361,1698071220,0.04235,0.04233
89168144,89183697,1698071280,0.04233,0.04235
89171061,89183973,1698071340,0.04235,0.04238
89194821,89208093,1698071400,0.04238,0.04234
89222014,89268389,1698071460,0.04234,0.04233
89292447,89292447,1698071520,0.04233,0.04236
89301250,89337476,1698071580,0.04236,0.04236
89296272,89343761,1698071640,0.04235,0.04238
89355274,89404564,1698071700,0.04238,0.04235
89428944,89428944,1698071760,0.04236,0.04238
89455131,89470924,1698071820,0.04239,0.04237
89495290,89647543,1698071880,0.04237,0.04246
89686660,89798935,1698071940,0.04246,0.04249
89813459,89838641,1698072000,0.04247,0.04251
89859845,89873378,1698072060,0.0425,0.04252
89901531,89957618,1698072120,0.04252,0.04254
89961509,90003637,1698072180,0.04253,0.04253
90016830,90038663,1698072240,0.04253,0.04253
90237593,90141323,1698072300,0.04254,0.04249
90123245,90117099,1698072360,0.04249,0.04251
90113701,90120140,1698072420,0.0425,0.04253
90150164,90137818,1698072480,0.04252,0.04248
90132840,90160197,1698072540,0.04249,0.04246
90192808,90192808,1698072600,0.04248,0.04251
90216195,90229570,1698072660,0.0425,0.04253
90276835,90276835,1698072720,0.04253,0.04258
90297697,90312276,1698072780,0.04258,0.04261
90334687,90387549,1698072840,0.0426,0.04254
90394527,90382733,1698072900,0.04254,0.04256
90302010,90157633,1698072960,0.04254,0.04255
90160405,90162975,1698073020,0.04254,0.04256
90193470,90208003,1698073080,0.04255,0.04255
90276685,90294778,1698073140,0.04259,0.0426
90308039,90316479,1698073200,0.04258,0.04246
90286615,90298131,1698073260,0.04246,0.04252
90284836,90328237,1698073320,0.04252,0.0426
90320269,90301171,1698073380,0.04259,0.04255
90505769,90541905,1698073440,0.04257,0.04265
90612400,90573542,1698073500,0.04266,0.04266
90611186,90578382,1698073560,0.04266,0.04257
90542741,90407590,1698073620,0.04256,0.04246
90432117,90502893,1698073680,0.04245,0.04247
90465772,90398617,1698073740,0.04245,0.04243
90401885,90512403,1698073800,0.04245,0.04265
90544467,90549031,1698073860,0.04266,0.0427
90533892,90533892,1698073920,0.0427,0.04277
90645770,90612482,1698073980,0.04277,0.04279
90644544,90644544,1698074040,0.04279,0.04277
90658743,90681416,1698074100,0.04277,0.04278
90762568,90847164,1698074160,0.04278,0.04267
90865406,90912535,1698074220,0.04265,0.04259
90809308,90793342,1698074280,0.04259,0.04257
90842942,90841121,1698074340,0.04257,0.0426
90776148,90708679,1698074400,0.04258,0.04255
90748927,90764230,1698074460,0.04256,0.04255
90765572,90798295,1698074520,0.04255,0.04263
90829085,90839506,1698074580,0.04265,0.04269
90763818,90776797,1698074640,0.04267,0.04258
90792886,90824734,1698074700,0.04258,0.04259
90829496,90840354,1698074760,0.04257,0.04252
90878324,90872046,1698074820,0.04251,0.04252
90910929,90917449,1698074880,0.04252,0.04255
90937686,90944489,1698074940,0.04257,0.04262
90973384,90972263,1698075000,0.04263,0.0426
90991482,91047480,1698075060,0.0426,0.04263
91066622,91066622,1698075120,0.04263,0.04262
91132730,91164605,1698075180,0.04261,0.0425
91161485,91138795,1698075240,0.04255,0.04268
91193396,91363217,1698075300,0.04269,0.04277
91378995,91813090,1698075360,0.04277,0.04292
92616988,92688744,1698075420,0.04292,0.04284
92568944,92491411,1698075480,0.04285,0.04284
92620402,92602817,1698075540,0.04283,0.04276
92538091,92518737,1698075600,0.04276,0.04276
92615315,92693135,1698075660,0.04277,0.04282
92984375,93015444,1698075720,0.04281,0.04277
93423898,93424487,1698075780,0.04276,0.04279
93404853,93357805,1698075840,0.04278,0.04272
93390185,93404342,1698075900,0.04274,0.04275
93427618,94125426,1698075960,0.04275,0.04285
94059723,94198640,1698076020,0.04284,0.043
94295394,94304365,1698076080,0.043,0.04306
94252735,94440306,1698076140,0.04304,0.04304
94389270,94302452,1698076200,0.04306,0.043
94288665,94501445,1698076260,0.043,0.04327
94465733,94465733,1698076320,0.04328,0.04332
95369695,95637504,1698076380,0.04332,0.04338
95656630,95718743,1698076440,0.0434,0.04321
95809200,96562096,1698076500,0.04322,0.04324
96731294,96727988,1698076560,0.04324,0.04337
96673929,96689796,1698076620,0.04337,0.04334
96903623,96936952,1698076680,0.04336,0.0432
96417117,96280287,1698076740,0.0432,0.04321
96222945,96242796,1698076800,0.04322,0.04333
96372044,96415932,1698076860,0.04332,0.04353
96141180,96108599,1698076920,0.04353,0.04355
96269212,96567090,1698076980,0.04354,0.04357
97014700,97063968,1698077040,0.04357,0.04357
97419521,97441851,1698077100,0.04357,0.04353
97549052,97577176,1698077160,0.04352,0.04356
97638756,97757775,1698077220,0.04355,0.04364
97956463,98171455,1698077280,0.04363,0.04375
98258399,98409634,1698077340,0.04373,0.04377
98540952,98449777,1698077400,0.04376,0.04362
98404414,98411412,1698077460,0.04362,0.04356
98337583,98294973,1698077520,0.04355,0.04353
98304185,98353096,1698077580,0.04354,0.04359
98598201,98532133,1698077640,0.04358,0.0436
98629878,98629878,1698077700,0.04361,0.04367
98644898,98612298,1698077760,0.04366,0.04353
98556410,98357297,1698077820,0.04353,0.04353
98346485,98366891,1698077880,0.04353,0.04352
98375514,98381513,1698077940,0.04352,0.04355
98346374,98341139,1698078000,0.04354,0.04358
98343711,98308507,1698078060,0.04358,0.04357
98316773,98415876,1698078120,0.04355,0.0435
98481385,98463560,1698078180,0.0435,0.04346
98440415,98476853,1698078240,0.04347,0.04342
98359698,98315752,1698078300,0.04341,0.04336
98264048,98150954,1698078360,0.04337,0.04327
98160854,98160854,1698078420,0.04325,0.04327
98202053,98233048,1698078480,0.04326,0.04315
97808186,97737316,1698078540,0.04315,0.04306
97515146,96779362,1698078600,0.04306,0.04314
96688591,96691015,1698078660,0.04315,0.04308
96669489,96656243,1698078720,0.04306,0.04311
96582759,96649508,1698078780,0.0431,0.04321
96675694,96675694,1698078840,0.04321,0.04324
96701245,96698451,1698078900,0.04325,0.04337
96700941,96652075,1698078960,0.04337,0.04353
96687402,96670853,1698079020,0.04353,0.04352
96711800,96749377,1698079080,0.04353,0.04358
96734307,96736634,1698079140,0.04358,0.04357
96701064,96696959,1698079200,0.04358,0.04349
96689934,96710031,1698079260,0.04348,0.04354
96720163,96736214,1698079320,0.04353,0.04361
96747670,96783582,1698079380,0.0436,0.04365
96839705,96823307,1698079440,0.04365,0.0436
96877853,96877853,1698079500,0.04362,0.04353
96853043,96867865,1698079560,0.04352,0.04365
96701849,96676551,1698079620,0.04366,0.0436
96682877,96696402,1698079680,0.04362,0.04366
96659739,96725272,1698079740,0.04366,0.04372
96740882,96735911,1698079800,0.04371,0.04369
96724216,96711260,1698079860,0.04371,0.04376
96708256,96693185,1698079920,0.04376,0.04377
96776596,96753332,1698079980,0.04376,0.04377
96767193,96709967,1698080040,0.04377,0.0438
96689440,96689440,1698080100,0.04382,0.0439
96655213,96702784,1698080160,0.04389,0.04391
96649278,96649278,1698080220,0.0439,0.04388
96726454,96744796,1698080280,0.04386,0.04387
96715436,96687044,1698080340,0.04387,0.04375
96504713,96407636,1698080400,0.04376,0.04375
96336820,96340016,1698080460,0.04377,0.04369
96314234,96279217,1698080520,0.04368,0.04369
96235051,96279935,1698080580,0.04366,0.04361
96254230,96440344,1698080640,0.04361,0.04366
96485884,96491573,1698080700,0.04366,0.04379
96525442,96583536,1698080760,0.04379,0.04367
96577065,96592777,1698080820,0.04368,0.04379
96583919,96609339,1698080880,0.0438,0.04375
96621132,96622853,1698080940,0.04376,0.04377
96586843,96618440,1698081000,0.04377,0.04375
96574387,96602193,1698081060,0.04376,0.04369
96282816,96220652,1698081120,0.04369,0.04363
96217292,96210684,1698081180,0.04362,0.04368
96216701,96211095,1698081240,0.04368,0.0437
96212014,96202047,1698081300,0.0437,0.04362
96167550,96150210,1698081360,0.04361,0.04357
96099993,96155246,1698081420,0.04356,0.04361
96212161,96217372,1698081480,0.04361,0.04368
96232644,96232644,1698081540,0.04369,0.04368
96172432,96165754,1698081600,0.04367,0.04369
96186411,96225559,1698081660,0.0437,0.04372
96259192,96259192,1698081720,0.0437,0.04368
96258445,96262484,1698081780,0.04367,0.04369
96307479,96297092,1698081840,0.04368,0.04369
96364156,96638920,1698081900,0.0437,0.04354
96627259,96615918,1698081960,0.04354,0.04347
96582850,96526816,1698082020,0.04345,0.04345
96542734,96179849,1698082080,0.04345,0.04335
96135981,96133827,1698082140,0.04336,0.04338
96161444,96175800,1698082200,0.04339,0.04337
96147281,96194731,1698082260,0.04335,0.04344
96176504,96206151,1698082320,0.04345,0.04345
96240222,96265276,1698082380,0.04345,0.04347
96284170,96292189,1698082440,0.04346,0.04346
96281857,96279675,1698082500,0.04347,0.04355
96303779,96341509,1698082560,0.04355,0.04358
96491483,96513335,1698082620,0.04359,0.04359
96507569,96533092,1698082680,0.04359,0.04356
96544193,96568401,1698082740,0.04358,0.04357
96562511,96562511,1698082800,0.04358,0.04355
96620991,96645413,1698082860,0.04354,0.04358
96662999,96699346,1698082920,0.04358,0.04357
96719944,96792796,1698082980,0.04358,0.0436
96799781,96814588,1698083040,0.04359,0.04357
96827946,96848397,1698083100,0.04357,0.04364
96842984,96875061,1698083160,0.04363,0.04357
96890758,96908500,1698083220,0.04357,0.04365
96914145,96977668,1698083280,0.04365,0.04375
97006430,97108479,1698083340,0.04376,0.0438
97211201,97204769,1698083400,0.0438,0.04378
97225452,97246237,1698083460,0.04377,0.04382
97292726,97319814,1698083520,0.04383,0.0439
97331361,97460565,1698083580,0.0439,0.04403
97444293,97481582,1698083640,0.04403,0.04404
97500533,97500533,1698083700,0.04399,0.04396
97470537,97473423,1698083760,0.044,0.04407
97511301,97524799,1698083820,0.04407,0.04405
97574683,97659372,1698083880,0.04406,0.04408
97770570,97815294,1698083940,0.04408,0.04411
98156354,98090118,1698084000,0.04411,0.04402
97977992,97905012,1698084060,0.04402,0.04392
97894044,97891708,1698084120,0.04392,0.04398
97928172,97941275,1698084180,0.04398,0.04409
97935738,97988579,1698084240,0.04408,0.04404
98039190,98121587,1698084300,0.04404,0.04404
98075311,98142267,1698084360,0.04405,0.04391
98176313,98253729,1698084420,0.04392,0.04394
98269305,98237748,1698084480,0.04391,0.04384
98291376,98334698,1698084540,0.04383,0.04388
98323202,98334073,1698084600,0.04389,0.04395
98359859,98330620,1698084660,0.04395,0.04406
98361804,98439773,1698084720,0.04405,0.04415
98390752,98384351,1698084780,0.04415,0.04406
98399318,98399318,1698084840,0.04405,0.04418
98485242,98550426,1698084900,0.04417,0.04416
98541012,98566689,1698084960,0.04418,0.04413
98577114,98533742,1698085020,0.04414,0.04418
98559018,98549771,1698085080,0.04418,0.04416
98532306,98617401,1698085140,0.04416,0.04413
98613428,98648792,1698085200,0.04413,0.04411
98688668,98779030,1698085260,0.04413,0.04419
98804532,98827129,1698085320,0.04419,0.04417
98921179,98950297,1698085380,0.04418,0.04415
98989071,98989071,1698085440,0.04417,0.04426
99027383,99033052,1698085500,0.04428,0.04417
99019501,99101510,1698085560,0.04417,0.04409
99097071,99123760,1698085620,0.04408,0.04413
99124292,99174251,1698085680,0.04413,0.04417
99149266,99183522,1698085740,0.04411,0.04411
99212309,99242256,1698085800,0.04411,0.04418
99389213,99817253,1698085860,0.04419,0.04437
100096080,99963283,1698085920,0.04436,0.04453
99831881,99992647,1698085980,0.04453,0.04438
100129323,100299763,1698086040,0.04437,0.04455
100329712,100429270,1698086100,0.04454,0.04464
100637650,100637650,1698086160,0.04464,0.04461
100618497,100540684,1698086220,0.04462,0.04447
101291001,101291001,1698086280,0.04448,0.04455
101347930,101299539,1698086340,0.04456,0.04455
101318887,101365223,1698086400,0.04456,0.04464
101447190,101444521,1698086460,0.04464,0.04467
101474734,101478314,1698086520,0.04467,0.04466
101494037,101512681,1698086580,0.04465,0.0446
101583558,101660141,1698086640,0.04462,0.0445
101582442,101503497,1698086700,0.04451,0.04449
101489754,101432626,1698086760,0.04447,0.04439
101455865,101451860,1698086820,0.04439,0.04457
101370325,101425574,1698086880,0.04459,0.04463
101422371,101628740,1698086940,0.04464,0.0447
101942126,102123181,1698087000,0.0447,0.04486
102262291,102436535,1698087060,0.04485,0.0449
102570179,102601525,1698087120,0.04489,0.04495
102438303,102477528,1698087180,0.04495,0.04484
102309383,102286114,1698087240,0.04486,0.04484
102140098,102139453,1698087300,0.04484,0.04479
102128397,102115214,1698087360,0.04479,0.04486
102152483,102133348,1698087420,0.04486,0.04496
102192092,102192092,1698087480,0.04497,0.04503
102231910,102336709,1698087540,0.04503,0.04501
102450175,102921362,1698087600,0.04501,0.04521
102916321,103031421,1698087660,0.0452,0.04528
102962826,102942998,1698087720,0.04528,0.04531
102912227,103330446,1698087780,0.0453,0.04536
103487307,103656729,1698087840,0.04535,0.04532
103936981,103869817,1698087900,0.0453,0.04529
104013465,103988803,1698087960,0.0453,0.04516
104147425,104150269,1698088020,0.04516,0.04529
104208085,104668471,1698088080,0.04528,0.04513
104569063,104438123,1698088140,0.04514,0.04506
104251728,104284203,1698088200,0.04505,0.04529
104460776,104348071,1698088260,0.0453,0.04537
104438601,104439908,1698088320,0.04537,0.04536
104452679,104460360,1698088380,0.04538,0.04535
104459724,104442439,1698088440,0.04535,0.04542
104356024,104349650,1698088500,0.04543,0.04534
104397777,104405406,1698088560,0.04534,0.0454
104463093,104485717,1698088620,0.04539,0.04535
104513973,104526695,1698088680,0.04535,0.0453
104564773,104642633,1698088740,0.0453,0.04529
104629056,104737571,1698088800,0.04527,0.04534
104755775,105083016,1698088860,0.04535,0.04525
104980941,104832521,1698088920,0.04524,0.04524
104931236,104878949,1698088980,0.04523,0.04512
104801974,104801974,1698089040,0.0451,0.04502
104505989,104499374,1698089100,0.04503,0.04509
104474948,104474948,1698089160,0.0451,0.04496
104589700,104567727,1698089220,0.045,0.04505
104572759,104581690,1698089280,0.04505,0.04501
104561834,104508833,1698089340,0.045,0.04508
104525207,104547039,1698089400,0.04506,0.04495
104500007,104536378,1698089460,0.04495,0.04499
104544156,104530519,1698089520,0.045,0.04495
104522717,104502011,1698089580,0.04495,0.04491
104549748,104498348,1698089640,0.04489,0.04488
104642797,104578178,1698089700,0.04489,0.04493
104585229,104617478,1698089760,0.04492,0.04486
104540169,104469425,1698089820,0.04485,0.04481
104391973,104353337,1698089880,0.0448,0.0448
104345611,104304044,1698089940,0.04481,0.04484
104214012,104179258,1698090000,0.04483,0.04476
104155094,104163811,1698090060,0.04478,0.04482
104178033,104184407,1698090120,0.04483,0.04485
104189861,104189861,1698090180,0.04485,0.04496
104198494,104204420,1698090240,0.04496,0.04496
104161461,104289714,1698090300,0.04495,0.04511
104229344,104178057,1698090360,0.04511,0.04515
104229913,104216709,1698090420,0.04516,0.04502
104219099,104252384,1698090480,0.04503,0.04505
104261176,104431534,1698090540,0.04506,0.04488
104454113,104434049,1698090600,0.04489,0.04484
104454757,104469941,1698090660,0.04485,0.04493
104339328,104330707,1698090720,0.04493,0.045
104404365,104411528,1698090780,0.04501,0.04498
104393446,104427106,1698090840,0.04498,0.04495
104539429,104538578,1698090900,0.04495,0.04499
104533352,104570542,1698090960,0.04499,0.0451
104579767,104579767,1698091020,0.0451,0.0451
104564434,104590744,1698091080,0.04507,0.04507
104594079,104622829,1698091140,0.04505,0.04506
104616827,104646958,1698091200,0.04508,0.04515
104654148,104659205,1698091260,0.04515,0.04512
104668560,104684756,1698091320,0.04512,0.04524
104682901,104716963,1698091380,0.04524,0.04528
104849095,104836761,1698091440,0.04528,0.04505
104833482,104840116,1698091500,0.04505,0.04494
104907778,105072970,1698091560,0.04494,0.04494
104999702,104961189,1698091620,0.04496,0.04502
104985392,105042215,1698091680,0.045,0.04503
105072054,105099516,1698091740,0.04504,0.04515
105107603,105105838,1698091800,0.04514,0.04517
105082259,105081863,1698091860,0.0452,0.04515
105101601,105137205,1698091920,0.04514,0.04525
105151894,105290902,1698091980,0.04525,0.0453
105307713,105366333,1698092040,0.04529,0.04539
105388726,105360980,1698092100,0.04539,0.04526
105372674,105430077,1698092160,0.04525,0.04526
105461198,105426197,1698092220,0.04526,0.04527
105385390,105380309,1698092280,0.04528,0.04529
105431093,105540257,1698092340,0.0453,0.04539
105488045,105488045,1698092400,0.04538,0.04529
105430829,105392690,1698092460,0.04531,0.04529
105407093,105323814,1698092520,0.04529,0.04538
105338305,105536146,1698092580,0.04537,0.04538
105536527,105568638,1698092640,0.04538,0.04534
105573572,105601485,1698092700,0.04535,0.04541
105647618,105647972,1698092760,0.04541,0.04545
105667088,105777752,1698092820,0.04546,0.04547
105869775,105891668,1698092880,0.04548,0.04549
105911021,105890110,1698092940,0.04552,0.04547
105896157,105895971,1698093000,0.04545,0.04551
106226479,106230788,1698093060,0.04551,0.04553
106337355,106345822,1698093120,0.04554,0.0456
106438391,106562129,1698093180,0.0456,0.04577
106625574,106677143,1698093240,0.04573,0.04575
106662993,106735776,1698093300,0.04575,0.04584
106818579,106959160,1698093360,0.04583,0.04597
107022195,106944042,1698093420,0.04597,0.04596
106977030,106933852,1698093480,0.04595,0.04583
106907064,106958227,1698093540,0.04583,0.04585
106871484,106806007,1698093600,0.04584,0.04575
106771830,106737374,1698093660,0.04575,0.04573
106610743,106581155,1698093720,0.04572,0.04565
106589967,106632839,1698093780,0.04564,0.04569
106698219,106698219,1698093840,0.04567,0.04563
106705911,106679786,1698093900,0.04564,0.04566
106731241,106686270,1698093960,0.04563,0.04559
106767567,106795569,1698094020,0.04559,0.04558
106762596,106785925,1698094080,0.04558,0.04551
106762377,106824528,1698094140,0.04549,0.0455
106810013,106841924,1698094200,0.04547,0.0456
106915178,106810172,1698094260,0.04561,0.04541
106704224,106594729,1698094320,0.04541,0.04525
106524635,106422282,1698094380,0.04524,0.04524
106392110,106371620,1698094440,0.04524,0.04513
106317200,106305630,1698094500,0.04512,0.04512
106274043,106317093,1698094560,0.04513,0.04524
106359047,106447421,1698094620,0.04525,0.0452
106442620,106442620,1698094680,0.0452,0.04514
106425552,106464010,1698094740,0.04516,0.04523
106438564,106422020,1698094800,0.04524,0.04524
106359344,106345040,1698094860,0.04526,0.04532
106348665,106311067,1698094920,0.04531,0.04527
106337078,106356119,1698094980,0.04527,0.04535
106416351,106525535,1698095040,0.04533,0.04531
106515208,106505671,1698095100,0.04531,0.04525
106547803,106624773,1698095160,0.04525,0.04519
106637612,106527280,1698095220,0.04518,0.04511
106527152,106602351,1698095280,0.0451,0.04505
106833265,106809566,1698095340,0.04506,0.04503
106732417,106685592,1698095400,0.04502,0.04493
106589800,106423936,1698095460,0.04493,0.04493
106176157,106144234,1698095520,0.04493,0.04488
106130279,106130279,1698095580,0.04488,0.04485
105746483,104702550,1698095640,0.04486,0.04457
104224251,104235306,1698095700,0.04457,0.0445
104058375,104069314,1698095760,0.0445,0.04469
104108651,104071049,1698095820,0.04465,0.04475
104014507,103883902,1698095880,0.04476,0.04485
103873687,103863653,1698095940,0.04484,0.04493
103754667,103685133,1698096000,0.04493,0.04493
103685069,103640202,1698096060,0.04493,0.04493
103687058,103696118,1698096120,0.04494,0.0449
103707233,103552155,1698096180,0.04489,0.04498
103492705,103507721,1698096240,0.04497,0.04506
103521285,103458849,1698096300,0.04504,0.04513
103482185,103506145,1698096360,0.04513,0.04519
103508554,103558055,1698096420,0.0452,0.04524
103567904,103527787,1698096480,0.04525,0.04524
103554641,103555950,1698096540,0.04523,0.04532
103571355,103564078,1698096600,0.04531,0.04529
103538212,103538212,1698096660,0.04529,0.04533
103530890,103534192,1698096720,0.04533,0.04538
103586732,103636943,1698096780,0.04537,0.04538
103638224,103646676,1698096840,0.04538,0.04538
103650773,103642686,1698096900,0.04537,0.04544
103676055,103690315,1698096960,0.04544,0.04546
103700587,103705200,1698097020,0.04546,0.04547
103693306,103557786,1698097080,0.04548,0.04533
103508391,103440754,1698097140,0.04533,0.04535
103456965,103316675,1698097200,0.04535,0.04527
103305232,103332760,1698097260,0.04527,0.04532
103377415,103310977,1698097320,0.04532,0.04533
103260589,103264158,1698097380,0.04532,0.04536
103297749,103299280,1698097440,0.04535,0.04546
103341066,103386276,1698097500,0.04547,0.04548
103288682,103275807,1698097560,0.04548,0.04538
103292519,103268479,1698097620,0.04537,0.04543
103290883,103320810,1698097680,0.04545,0.04548
103274376,103310068,1698097740,0.04548,0.04547
103357744,103369343,1698097800,0.04548,0.04548
103367769,103422657,1698097860,0.04548,0.04548
103431055,103423909,1698097920,0.04548,0.04549
103435591,103435591,1698097980,0.04549,0.04551
103460895,103443783,1698098040,0.04551,0.04555
103449675,103482926,1698098100,0.04555,0.04557
103493954,103509516,1698098160,0.04558,0.0456
103519501,103623353,1698098220,0.0456,0.04567
103675837,103679544,1698098280,0.04566,0.04569
103961232,103967638,1698098340,0.04568,0.04571
103945822,103940242,1698098400,0.0457,0.04561
103949892,103961698,1698098460,0.04562,0.04566
103866146,103875179,1698098520,0.04566,0.04558
103778881,103809688,1698098580,0.04557,0.04562
103813549,103883770,1698098640,0.04562,0.0456
103864626,103864626,1698098700,0.0456,0.04556
103762852,103727632,1698098760,0.04556,0.04551
103807705,103791848,1698098820,0.04551,0.04551
103806482,103835640,1698098880,0.0455,0.0455
103835495,103896422,1698098940,0.0455,0.04553
103912052,103930501,1698099000,0.04553,0.04561
103928827,103918197,1698099060,0.0456,0.04562
103930898,103962763,1698099120,0.04562,0.04571
104021539,104026336,1698099180,0.04572,0.04565
104077903,104074886,1698099240,0.04565,0.04575
104107544,104134547,1698099300,0.04577,0.04575
104153613,104239991,1698099360,0.04575,0.04577
104223841,104176942,1698099420,0.04577,0.04573
104171760,104172926,1698099480,0.04572,0.04567
104197261,104226189,1698099540,0.04568,0.04576
104228951,104192189,1698099600,0.04575,0.04564
104201557,104174747,1698099660,0.04564,0.04561
104202101,104202101,1698099720,0.04561,0.04566
104217477,104232837,1698099780,0.04564,0.04565
104237926,104276823,1698099840,0.04564,0.04564
104336992,104336992,1698099900,0.04563,0.04562
104348140,104378468,1698099960,0.04562,0.04564
104431405,104449618,1698100020,0.04565,0.04566
104383466,104455635,1698100080,0.04566,0.04571
104446879,104426566,1698100140,0.04573,0.04579
104488035,104415399,1698100200,0.04579,0.04572
104413769,104369524,1698100260,0.04573,0.04582
104388716,104376993,1698100320,0.04583,0.04578
104358844,104385237,1698100380,0.0458,0.04575
104388487,104356166,1698100440,0.04575,0.04574
104478699,104546490,1698100500,0.04574,0.04588
104554096,104611956,1698100560,0.04587,0.04592
104613204,104621159,1698100620,0.04594,0.04593
104623580,104618838,1698100680,0.04594,0.04597
104617372,104652158,1698100740,0.04596,0.04597
104701846,104684265,1698100800,0.04598,0.0461
104574778,104645796,1698100860,0.0461,0.04642
104444281,104444281,1698100920,0.04646,0.04672
104298631,104377345,1698100980,0.04672,0.04674
104333485,104094342,1698101040,0.04675,0.04654
104237968,104237968,1698101100,0.04653,0.04631
104143495,104339376,1698101160,0.0463,0.04629
104293170,104305790,1698101220,0.04629,0.04605
104346177,104317472,1698101280,0.04603,0.04622
104337726,104342587,1698101340,0.04621,0.04646
104324648,104355594,1698101400,0.04646,0.04633
104331112,104345230,1698101460,0.04632,0.04641
104383304,104371458,1698101520,0.04641,0.04641
104479676,104518441,1698101580,0.0464,0.04632
104489224,104466115,1698101640,0.0463,0.04625
104379348,104423085,1698101700,0.04625,0.04634
104415962,104206895,1698101760,0.04634,0.04643
104170166,104154378,1698101820,0.04642,0.04638
104066176,104043123,1698101880,0.04638,0.04651
104102174,104091506,1698101940,0.0465,0.04669
104042240,104010406,1698102000,0.04665,0.04691
104098176,104069669,1698102060,0.0469,0.04665
104045140,104000924,1698102120,0.04666,0.04655
104035589,104035589,1698102180,0.04657,0.04648
104041312,103346282,1698102240,0.04646,0.0469
103380518,103768500,1698102300,0.0469,0.04693
103729173,103600127,1698102360,0.04694,0.04691
103658191,103542528,1698102420,0.04692,0.04678
103580300,103363067,1698102480,0.04677,0.04673
103320293,103364537,1698102540,0.04672,0.0467
103445722,103471985,1698102600,0.0467,0.04642
102940153,102954280,1698102660,0.0464,0.04641
102945841,102918032,1698102720,0.04641,0.04659
102945750,103013851,1698102780,0.04661,0.04667
103019706,102502173,1698102840,0.04663,0.04653
102464870,102441086,1698102900,0.04652,0.04658
102493304,102483134,1698102960,0.04657,0.04671
102663576,102690414,1698103020,0.04672,0.0468
102709297,102886863,1698103080,0.04678,0.04674
102916352,102947634,1698103140,0.04675,0.04683
103549738,103527204,1698103200,0.04682,0.0469
104299337,104291268,1698103260,0.0469,0.04684
104250772,104293501,1698103320,0.04686,0.04684
104374031,104374031,1698103380,0.04684,0.04699
104581326,104720045,1698103440,0.04696,0.04686
104721473,104944445,1698103500,0.04686,0.04676
105010012,104972269,1698103560,0.04677,0.04676
104970784,104970784,1698103620,0.04677,0.04676
105119702,105019224,1698103680,0.04674,0.04677
105019542,105032280,1698103740,0.04676,0.04692
105087573,105126809,1698103800,0.0469,0.04687
105172712,105176277,1698103860,0.04687,0.04696
105210637,105265887,1698103920,0.04695,0.04689
105337844,105414577,1698103980,0.04689,0.04697
105436045,105409831,1698104040,0.04696,0.04672
105415678,105340861,1698104100,0.04671,0.04661
105380747,105382374,1698104160,0.04661,0.04678
105250134,105255571,1698104220,0.0468,0.0467
105323760,105316718,1698104280,0.0467,0.0467
105314603,105304547,1698104340,0.04671,0.04666
105252475,105392618,1698104400,0.04666,0.04668
105442005,105478549,1698104460,0.04669,0.04674
105500961,105570957,1698104520,0.04672,0.04675
105580088,105580088,1698104580,0.04674,0.0468
105606423,105634012,1698104640,0.04681,0.04675
105621539,105645667,1698104700,0.04676,0.04677
105662849,105712604,1698104760,0.04678,0.04676
105742564,105738901,1698104820,0.04676,0.04685
105754735,105776423,1698104880,0.04683,0.04687
105783705,105713529,1698104940,0.04685,0.04682
105769193,105789335,1698105000,0.04681,0.04679
105796620,105826140,1698105060,0.04678,0.04681
105836775,105870550,1698105120,0.04682,0.04686
105935016,106070743,1698105180,0.04687,0.04698
106133454,106135767,1698105240,0.04696,0.04695
106146111,106159134,1698105300,0.04698,0.04703
106421885,106441209,1698105360,0.04702,0.04705
106409843,106399506,1698105420,0.04704,0.04705
106454025,106478990,1698105480,0.04705,0.04701
106534355,106483065,1698105540,0.04701,0.04707
106533753,106528054,1698105600,0.04707,0.04708
106584977,106528975,1698105660,0.04705,0.04711
106620438,106642528,1698105720,0.0471,0.04704
106655440,106686022,1698105780,0.04705,0.04715
106716215,106882085,1698105840,0.04715,0.04715
106999316,106999316,1698105900,0.04712,0.04702
106941166,106601844,1698105960,0.04702,0.04683
106082016,106035611,1698106020,0.04682,0.04688
106076331,106110561,1698106080,0.04685,0.04682
105981939,105965381,1698106140,0.04682,0.04682
105965811,105962620,1698106200,0.04683,0.04682
105997096,106013466,1698106260,0.04681,0.04689
106004146,105994890,1698106320,0.04689,0.04704
106120869,106189599,1698106380,0.04704,0.04701
106156304,106321834,1698106440,0.04702,0.04691
106240303,106208372,1698106500,0.0469,0.04684
106248168,106259149,1698106560,0.04684,0.0467
106281001,106302608,1698106620,0.04671,0.04678
106321417,106321803,1698106680,0.04677,0.04667
106269123,106237455,1698106740,0.04666,0.04681
106267689,106347138,1698106800,0.0468,0.04682
106305972,106314443,1698106860,0.04681,0.0469
106336123,106491035,1698106920,0.04688,0.04699
106410193,106515766,1698106980,0.04697,0.04701
106527865,106543529,1698107040,0.04701,0.04699
106579319,106588825,1698107100,0.04698,0.04694
106696610,106696610,1698107160,0.04692,0.04703
106697331,106717071,1698107220,0.04702,0.04702
106736269,106755957,1698107280,0.04703,0.04704
106791727,106793027,1698107340,0.04702,0.04708
106810334,106772220,1698107400,0.04707,0.04699
106770729,106867609,1698107460,0.04698,0.04718
107148158,107218004,1698107520,0.04719,0.04725
107210151,107219837,1698107580,0.04724,0.04726
107205393,107275285,1698107640,0.04729,0.04739
106979322,106984629,1698107700,0.04739,0.04735
106984432,107012901,1698107760,0.04735,0.04749
107036949,107066685,1698107820,0.04747,0.04738
107163332,107190325,1698107880,0.04739,0.04746
107199035,107221420,1698107940,0.04745,0.04737
107190120,107213491,1698108000,0.04737,0.04743
107213126,107231209,1698108060,0.04744,0.04752
107233085,107253384,1698108120,0.04753,0.04749
107264621,107315811,1698108180,0.0475,0.04747
107330417,107507605,1698108240,0.0475,0.04753
107632117,107655170,1698108300,0.04754,0.0475
107710396,107733060,1698108360,0.04752,0.04754
107719490,107719490,1698108420,0.04755,0.04764
107695973,107737348,1698108480,0.04765,0.04756
107760556,107823011,1698108540,0.04756,0.04764
107849138,107899263,1698108600,0.04763,0.04764
108022227,108001826,1698108660,0.04763,0.04767
108050982,107989804,1698108720,0.04766,0.04761
107943491,107974849,1698108780,0.04761,0.04775
107981804,108012135,1698108840,0.04775,0.04774
108050668,108127772,1698108900,0.04775,0.04782
108145571,108170217,1698108960,0.04782,0.04783
108177336,108269137,1698109020,0.04783,0.04773
108312561,108373393,1698109080,0.04773,0.04781
108422696,108437680,1698109140,0.04781,0.04775
108420038,108489652,1698109200,0.04773,0.04774
108427993,108408139,1698109260,0.04775,0.04753
108406825,108406825,1698109320,0.04753,0.04755
108426083,108431799,1698109380,0.04755,0.04876
109779899,110460724,1698109440,0.04877,0.04803
109774033,109508483,1698109500,0.04802,0.04801
109426314,109433210,1698109560,0.048,0.04803
109604582,109517087,1698109620,0.04803,0.0481
109629079,109633439,1698109680,0.0481,0.04823
109849695,109925779,1698109740,0.04825,0.04833
109791833,109720005,1698109800,0.04833,0.04825
109634686,109657833,1698109860,0.04825,0.04823
109680597,109751928,1698109920,0.04822,0.04806
110983537,114114260,1698109980,0.04806,0.04923
115399294,115583757,1698110040,0.04923,0.04874
115667789,115835781,1698110100,0.04875,0.04854
114748097,112974470,1698110160,0.04854,0.04786
112396466,112396466,1698110220,0.04786,0.04786
112308856,112307219,1698110280,0.04787,0.04812
112207979,112123233,1698110340,0.04812,0.04806
111961861,111961861,1698110400,0.04807,0.04814
111675939,111707716,1698110460,0.04812,0.04803
111634573,111628877,1698110520,0.04803,0.04801
111634031,111574977,1698110580,0.04801,0.04798
111538416,111531711,1698110640,0.04798,0.04786
111511819,111463136,1698110700,0.04784,0.04794
111441676,111447148,1698110760,0.04793,0.04789
111467751,111497016,1698110820,0.04789,0.04795
111583320,111618565,1698110880,0.04795,0.04787
111618115,111625889,1698110940,0.04788,0.0479
111591159,111538567,1698111000,0.0479,0.04791
111533356,111571873,1698111060,0.0479,0.04787
111539689,111539689,1698111120,0.04786,0.04778
111546167,111514245,1698111180,0.04778,0.04756
111213615,111081631,1698111240,0.04756,0.04765
109538584,109570189,1698111300,0.04765,0.04768
109563803,109336239,1698111360,0.04768,0.04755
109030514,109030514,1698111420,0.04755,0.04754
108978734,108940681,1698111480,0.04754,0.04764
109294421,109475346,1698111540,0.04765,0.04796
109498422,109443117,1698111600,0.04796,0.04794
109482851,109488998,1698111660,0.04794,0.04776
109426812,109412757,1698111720,0.04776,0.04769
109391667,109427049,1698111780,0.04768,0.04765
109459399,109475901,1698111840,0.04766,0.04765
109493224,109461782,1698111900,0.04766,0.04774
109481515,109476290,1698111960,0.04774,0.04779
109496839,109531018,1698112020,0.04776,0.0478
109539118,109551642,1698112080,0.0478,0.04779
109559251,109589997,1698112140,0.04777,0.04779
109662514,109677436,1698112200,0.04782,0.04787
109734638,109813052,1698112260,0.04785,0.04784
109822846,109822846,1698112320,0.04783,0.04791
109841974,109880057,1698112380,0.04792,0.04784
109898102,109927165,1698112440,0.04784,0.0478
109968511,109968511,1698112500,0.04782,0.04782
109942227,109976087,1698112560,0.04782,0.04783
109992913,109983014,1698112620,0.04784,0.04792
109953720,109953273,1698112680,0.0479,0.04798
110068055,110089495,1698112740,0.04797,0.04799
110130881,110202034,1698112800,0.04799,0.048
110172704,110187315,1698112860,0.04798,0.04806
110166304,110239859,1698112920,0.04806,0.04806
110430425,110454877,1698112980,0.04805,0.04812
110458513,110087753,1698113040,0.04814,0.04831
110221281,110262607,1698113100,0.0483,0.0481
109892648,109753780,1698113160,0.04808,0.04809
109935630,109927264,1698113220,0.04808,0.04812
109894007,109914111,1698113280,0.04817,0.04816
109903832,109919505,1698113340,0.04818,0.04817
109948632,110003732,1698113400,0.04815,0.04809
110061299,110100784,1698113460,0.04809,0.04822
110120461,110122513,1698113520,0.04822,0.04826
110108817,110108817,1698113580,0.04826,0.04819
110102009,110090076,1698113640,0.0482,0.04822
110114721,110169199,1698113700,0.04821,0.04827
110184490,110069940,1698113760,0.04827,0.04825
109996556,110004642,1698113820,0.04825,0.04841
110043053,110071932,1698113880,0.04839,0.04836
110029618,110024911,1698113940,0.04838,0.04843
110000849,109737677,1698114000,0.04841,0.04841
109738707,109763928,1698114060,0.04841,0.04851
109411242,109447772,1698114120,0.04852,0.04863
109472443,109666625,1698114180,0.04863,0.04854
109670064,109741968,1698114240,0.04853,0.04862
109618469,109655942,1698114300,0.0486,0.04876
109649096,110048310,1698114360,0.04876,0.04893
110079088,110045212,1698114420,0.0489,0.04883
110086548,110091041,1698114480,0.04882,0.04881
109919726,109832672,1698114540,0.04879,0.04863
109911216,109877709,1698114600,0.04862,0.04853
109861726,109861726,1698114660,0.04853,0.04859
109841889,109888477,1698114720,0.04859,0.0487
109948923,109948923,1698114780,0.04871,0.04881
109948635,110011968,1698114840,0.04878,0.04884
110027430,109853618,1698114900,0.04885,0.0488
109876714,109843812,1698114960,0.0488,0.04858
109798516,109775095,1698115020,0.04857,0.0486
109745618,109725707,1698115080,0.0486,0.04866
109734175,109749119,1698115140,0.04867,0.04878
109761710,109763878,1698115200,0.04877,0.0488
109739881,109737386,1698115260,0.0488,0.04892
109774973,109784349,1698115320,0.04893,0.049
109809023,109782000,1698115380,0.049,0.04906
109796693,109796693,1698115440,0.04904,0.04906
109815702,109910802,1698115500,0.04905,0.04908
109889953,109889953,1698115560,0.04909,0.04914
109816628,109397099,1698115620,0.04915,0.04927
109349374,109522376,1698115680,0.04928,0.0494
109528986,109537186,1698115740,0.04942,0.04925
109532199,109672047,1698115800,0.04924,0.04912
109616761,109618228,1698115860,0.04911,0.04902
109592903,109631151,1698115920,0.04902,0.04902
109649457,109669554,1698115980,0.04902,0.04897
109712156,109746536,1698116040,0.04897,0.04898
109779454,109779927,1698116100,0.04898,0.04911
109785657,109803838,1698116160,0.04911,0.04909
109810920,109798051,1698116220,0.04908,0.04907
109766561,109764196,1698116280,0.04909,0.049
109810617,109807576,1698116340,0.049,0.04897
109813677,109861777,1698116400,0.04896,0.04894
109890617,109890617,1698116460,0.04894,0.04878
109762392,109780290,1698116520,0.04876,0.04889
109745020,109716965,1698116580,0.04888,0.04893
109736978,109731162,1698116640,0.04894,0.04913
109693716,109691654,1698116700,0.04912,0.04916
109739197,109725344,1698116760,0.04915,0.04937
109794498,109741948,1698116820,0.04937,0.04929
109693072,109610305,1698116880,0.04929,0.04944
109577842,109592362,1698116940,0.04943,0.04918
109527740,109758649,1698117000,0.04918,0.04898
109670997,109726320,1698117060,0.04897,0.04917
109868927,109879234,1698117120,0.04918,0.04932
109884929,109910277,1698117180,0.04928,0.0493
109903326,109911642,1698117240,0.04929,0.04929
109932154,109985444,1698117300,0.04928,0.04923
110017304,110138734,1698117360,0.04923,0.04928
110247727,110168779,1698117420,0.04927,0.04898
110173643,110218541,1698117480,0.04899,0.049
110243353,110277996,1698117540,0.04901,0.04893
110255888,110227659,1698117600,0.04894,0.04878
110331966,110287282,1698117660,0.04879,0.04881
110318796,110318796,1698117720,0.0488,0.04879
110323175,110334398,1698117780,0.04879,0.04868
110310875,110310875,1698117840,0.04868,0.04858
110359195,110444439,1698117900,0.0486,0.04862
110490547,110522470,1698117960,0.04861,0.0485
110518716,110535960,1698118020,0.04851,0.04851
110574993,110581304,1698118080,0.0485,0.04854
110600896,110586419,1698118140,0.04851,0.0485
110604183,110606548,1698118200,0.04848,0.04861
110663321,110660426,1698118260,0.0486,0.04836
110510229,110323479,1698118320,0.04838,0.04838
110276713,110241568,1698118380,0.04837,0.04832
110245303,110227764,1698118440,0.04834,0.04821
110226096,110169958,1698118500,0.04821,0.04815
110095465,110150310,1698118560,0.04813,0.04826
110166567,110179879,1698118620,0.04828,0.0483
110189599,110189599,1698118680,0.04826,0.04823
110204268,110255344,1698118740,0.04821,0.04837
110298392,110369200,1698118800,0.04836,0.04828
110368972,110390992,1698118860,0.04826,0.04824
110407764,109739473,1698118920,0.04824,0.04813
109732498,109696429,1698118980,0.04812,0.04805
109676862,109652662,1698119040,0.04805,0.048
109654833,109563160,1698119100,0.048,0.04788
109111924,109126676,1698119160,0.04789,0.04794
109103842,109075407,1698119220,0.04797,0.04779
108889610,108856129,1698119280,0.04775,0.04784
108890908,108866010,1698119340,0.04784,0.04778
108855011,108928098,1698119400,0.04777,0.04786
108856802,108860985,1698119460,0.04785,0.04777
108871529,108892909,1698119520,0.04777,0.04777
108910609,109025644,1698119580,0.04776,0.04786
108999561,109130720,1698119640,0.04785,0.04761
108698830,108698830,1698119700,0.0476,0.04776
108718025,108657007,1698119760,0.04776,0.04762
108675760,108675760,1698119820,0.04763,0.04754
108695303,108621635,1698119880,0.04755,0.04752
108636607,108633805,1698119940,0.04751,0.04727
108585033,108540755,1698120000,0.04728,0.04749
108545525,108937334,1698120060,0.0475,0.04766
108991170,109071018,1698120120,0.04764,0.04772
109071928,109130727,1698120180,0.04771,0.04771
109126828,109051317,1698120240,0.0477,0.04754
108788462,108722466,1698120300,0.04754,0.04771
108702116,108701238,1698120360,0.04771,0.04767
108701837,108680351,1698120420,0.04765,0.04764
108685422,108623412,1698120480,0.04765,0.0477
108647258,108705647,1698120540,0.04771,0.04778
108682763,108757795,1698120600,0.0478,0.04786
108769049,108769049,1698120660,0.04786,0.04785
108764721,108808203,1698120720,0.04785,0.04781
108849277,108849277,1698120780,0.04781,0.04784
108845166,108882522,1698120840,0.04783,0.04778
108874903,108893373,1698120900,0.04777,0.04779
108899185,108899185,1698120960,0.04781,0.0478
108971656,108920127,1698121020,0.04776,0.04768
108940562,108940562,1698121080,0.04769,0.04775
108940562,108940562,1698017280,0.04182,0.04184
108940562,108940562,1698023580,0.04206,0.04206
108940562,108940562,1698039720,0.04245,0.04244
