"OI_open","OI_close","timestamp","price_open","price_close"
12789517.4,12791641.3,1698248580,0.5601,0.5607
12798854.7,12802164.4,1698248640,0.5607,0.5616
12806454.8,12810287.6,1698248700,0.5616,0.5632
12812435.4,12806986.5,1698248760,0.5631,0.5616
12799218.5,12797940.5,1698248820,0.5615,0.5625
12788413.1,12793684.5,1698248880,0.5625,0.5629
12789538.1,12791017.9,1698248940,0.5631,0.564
12790916.1,12790916.1,1698249000,0.5639,0.564
12784703.7,12777838.9,1698249060,0.5639,0.5624
12752325.3,12754942.4,1698249120,0.5624,0.5633
12757984.2,12784734.6,1698249180,0.5633,0.5627
12784908.6,12784131.5,1698249240,0.5627,0.5625
12768222.8,12774945.1,1698249300,0.5624,0.5622
12769004.8,12762495.1,1698249360,0.5622,0.5615
12766025.9,12766333.9,1698249420,0.5616,0.5617
12771488.6,12770619.9,1698249480,0.5616,0.5619
12767095.6,12792926.2,1698249540,0.5618,0.5616
12779869.2,12782748.3,1698249600,0.5616,0.5612
12781451.9,12770448.9,1698249660,0.5612,0.5631
12770006,12773016.3,1698249720,0.5632,0.5625
12774300.3,12769690.4,1698249780,0.5624,0.5624
12779548.8,12788657.7,1698249840,0.5624,0.5602
12788185.5,12791916.4,1698249900,0.5602,0.5615
12789864.3,12789864.3,1698249960,0.5616,0.5595
12803863.2,12805892.9,1698250020,0.5594,0.561
12805381.6,12800238.2,1698250080,0.5611,0.5595
12801045.2,12805014.1,1698250140,0.5596,0.5604
12804368.7,12806888,1698250200,0.5603,0.5613
12811656.8,12814742.3,1698250260,0.5612,0.5616
12818705,12829674.6,1698250320,0.5615,0.5608
12828204.6,12825312.4,1698250380,0.5607,0.5615
12832008.5,12825758.8,1698250440,0.5614,0.5622
12829087.5,12812159,1698250500,0.5623,0.5611
12814247.1,12812309.3,1698250560,0.5611,0.5631
12827122.6,12839790.8,1698250620,0.563,0.5604
12837643.8,12832049.9,1698250680,0.5605,0.5581
12830505.5,12785308.7,1698250740,0.558,0.5576
12781672.1,12786432.5,1698250800,0.5576,0.5592
12790560.5,12809077.8,1698250860,0.5593,0.5577
12793824.5,12793824.5,1698250920,0.5575,0.5542
12789043.3,12778863,1698250980,0.5542,0.5562
12769211.5,12768345.9,1698251040,0.5564,0.5555
12767866.9,12762537.8,1698251100,0.5556,0.5557
12763841.4,12787764.4,1698251160,0.5557,0.5535
12789553.4,12777237,1698251220,0.5533,0.5537
12765051.8,12764939.9,1698251280,0.5537,0.5525
12773760.3,12767812.2,1698251340,0.5525,0.5499
12758295.7,12760004.8,1698251400,0.55,0.5525
12758666.3,12753153.8,1698251460,0.5524,0.552
12754554.7,12757337.6,1698251520,0.5519,0.5526
12757538.9,12759881,1698251580,0.5526,0.5516
12739238.1,12756471,1698251640,0.5517,0.5526
12759714.6,12762090.7,1698251700,0.5526,0.5504
12755931.9,12761637.5,1698251760,0.5504,0.5512
12762798.7,12760175.5,1698251820,0.5513,0.5493
12753349.7,12753581,1698251880,0.5492,0.5498
12760474,12760481.2,1698251940,0.5499,0.5465
12753774.6,12752915.6,1698252000,0.5465,0.5462
12754826.7,12775162.7,1698252060,0.5462,0.5439
12756240.6,12746136.8,1698252120,0.5442,0.5447
12745401.5,12746392.6,1698252180,0.5446,0.5461
12745818.7,12741571.9,1698252240,0.5462,0.5471
12731257.9,12728325.4,1698252300,0.5471,0.5474
12732006.5,12733646.5,1698252360,0.5475,0.5464
12733499.3,12728058,1698252420,0.5465,0.5475
12731342.4,12730196.7,1698252480,0.5475,0.547
12727432.7,12730315.2,1698252540,0.547,0.549
12724054,12719506.5,1698252600,0.5489,0.5485
12706915.3,12704719,1698252660,0.5484,0.5477
12702759.3,12697088.1,1698252720,0.5476,0.5479
12695497.5,12696437.1,1698252780,0.5478,0.5459
12683997.1,12683835.5,1698252840,0.5458,0.546
12684491.4,12679062,1698252900,0.546,0.5453
12678662.8,12677580.1,1698252960,0.5454,0.5454
12703868.4,12703868.4,1698253020,0.5453,0.5456
12702843.6,12698248.5,1698253080,0.5457,0.5455
12697924.8,12689306,1698253140,0.5454,0.5433
12681773.6,12681329.2,1698253200,0.5434,0.5448
12666474,12656955.6,1698253260,0.5449,0.5419
12651305.9,12628686.7,1698253320,0.5419,0.5434
12630639.4,12629439.9,1698253380,0.5434,0.5454
12622168.6,12617564.5,1698253440,0.5454,0.5459
12615653.5,12606353.4,1698253500,0.5461,0.5467
12610355.3,12609851.9,1698253560,0.5467,0.5475
12605237.5,12605164.7,1698253620,0.5474,0.5481
12604750,12604414.5,1698253680,0.5481,0.5486
12612582.7,12611015.4,1698253740,0.5486,0.5487
12611504.3,12608817.9,1698253800,0.5488,0.5487
12608439.8,12604916.3,1698253860,0.5486,0.5491
12605447.1,12605207.3,1698253920,0.5491,0.5485
12605207.3,12656695.7,1698253980,0.5485,0.5484
12658546.4,12657381.7,1698254040,0.5484,0.5482
12657199.4,12654733.7,1698254100,0.5482,0.5489
12654927.4,12653408.9,1698254160,0.5488,0.5492
12653514.7,12652911.4,1698254220,0.5491,0.5469
12653631.6,12652411.5,1698254280,0.5467,0.5476
12648488.5,12646939.5,1698254340,0.5475,0.5471
12646953,12643757.4,1698254400,0.5471,0.5476
12640057.7,12640516.5,1698254460,0.5477,0.5478
12640348.5,12639398.8,1698254520,0.5479,0.548
12646303.3,12647424,1698254580,0.548,0.5479
12649414,12648923.6,1698254640,0.5479,0.5486
12649671.9,12650332.1,1698254700,0.5487,0.5482
12650778.5,12649134.7,1698254760,0.5482,0.5473
12649949.5,12653637.7,1698254820,0.5472,0.5475
12654292.2,12655651.9,1698254880,0.5476,0.5483
12674794.6,12681971.2,1698254940,0.5484,0.5492
12688276.5,12684941.5,1698255000,0.5491,0.5493
12689998.4,12681817,1698255060,0.5493,0.5494
12682398.4,12678584.4,1698255120,0.5493,0.55
12683250.6,12678145.1,1698255180,0.5501,0.5506
12679580.8,12678228.6,1698255240,0.5507,0.5513
12677473.3,12679729.6,1698255300,0.5513,0.5506
12678256.2,12681152.6,1698255360,0.5507,0.5504
12680370.2,12656041.4,1698255420,0.5504,0.5479
12654015.8,12663451.3,1698255480,0.5479,0.5478
12668259.4,12677923.8,1698255540,0.5478,0.5464
12676902,12676738.9,1698255600,0.5463,0.5459
12678724.9,12681798.8,1698255660,0.5457,0.5451
12647778.9,12648441.6,1698255720,0.5452,0.5452
12651314.1,12654366.9,1698255780,0.5454,0.5454
12653064.7,12652134.6,1698255840,0.5454,0.5453
12651113.2,12650335.9,1698255900,0.5451,0.5467
12652914,12655427.8,1698255960,0.5468,0.5461
12660400.8,12672919.8,1698256020,0.5461,0.5474
12674866.4,12671766.7,1698256080,0.5474,0.5483
12673147.5,12674351.2,1698256140,0.5483,0.5473
12675549.6,12678205.1,1698256200,0.5473,0.5467
12687446.9,12694516.4,1698256260,0.5466,0.5467
12694610.8,12694922,1698256320,0.5465,0.546
12698039.9,12697441.3,1698256380,0.5459,0.5461
12696278.5,12695720.4,1698256440,0.5461,0.5467
12694676.6,12694750.9,1698256500,0.5468,0.5475
12695426.6,12695994.3,1698256560,0.5473,0.547
12696447.5,12696447.5,1698256620,0.547,0.5472
12699375.6,12696565.6,1698256680,0.5468,0.5473
12696722.9,12696635.1,1698256740,0.5474,0.5469
12698203.4,12696142.3,1698256800,0.5469,0.548
12697408.7,12712964.3,1698256860,0.5481,0.5494
12713146.1,12731294.6,1698256920,0.5494,0.549
12727763.1,12819648.6,1698256980,0.549,0.5511
12812234.6,12817786.1,1698257040,0.5509,0.5501
12814498.8,12811701.8,1698257100,0.55,0.55
12813027,12821916.8,1698257160,0.5499,0.5495
12820758.4,12815032.4,1698257220,0.5494,0.5489
12796168.2,12805434.8,1698257280,0.5488,0.5483
12805451.1,12803386.8,1698257340,0.5485,0.5491
12802705.3,12799398.7,1698257400,0.549,0.5496
12817223.7,12816426.2,1698257460,0.5495,0.5484
12816288.5,12854841.5,1698257520,0.5481,0.5467
12850914.8,12856083.2,1698257580,0.5468,0.5471
12861184.7,12858515.4,1698257640,0.5472,0.5482
12856450,12855256.5,1698257700,0.5482,0.5489
12849236.3,12848694.2,1698257760,0.5489,0.548
12848522.2,12850736.6,1698257820,0.548,0.5494
12849140.1,12850736.2,1698257880,0.5494,0.5494
12847876.6,12851283.4,1698257940,0.5495,0.5478
12853981.1,12855825.5,1698258000,0.5478,0.5484
12852596.8,12852710.4,1698258060,0.5484,0.5481
12853950,12857628,1698258120,0.5481,0.5465
12857222.3,12860376.3,1698258180,0.5465,0.5474
12841285.6,12846087.5,1698258240,0.5472,0.547
12845491.4,12839781.8,1698258300,0.5469,0.5479
12834066.4,12832312,1698258360,0.548,0.5465
12833800,12833907.4,1698258420,0.5465,0.5471
12833513.2,12834205.9,1698258480,0.547,0.5473
12833798.5,12832812.2,1698258540,0.5476,0.5463
12835460.7,12833642.3,1698258600,0.5464,0.5466
12846686.9,12851362,1698258660,0.5465,0.5457
12851806.2,12861576.7,1698258720,0.5458,0.5473
12856536.9,12862914.1,1698258780,0.5474,0.5486
12859535.8,12857029.1,1698258840,0.5487,0.5489
12856807.1,12854124.9,1698258900,0.5489,0.5485
12856670.6,12855987.7,1698258960,0.5484,0.5478
12857754.8,12857654.9,1698259020,0.5478,0.5479
12856249.4,12856249.4,1698259080,0.548,0.5481
12855927.4,12853430.6,1698259140,0.548,0.5473
12852460.1,12853102.7,1698259200,0.5474,0.5484
12849930.9,12851642.6,1698259260,0.5483,0.5481
12852766.3,12861131.8,1698259320,0.5482,0.5479
12859757.2,12856861.7,1698259380,0.5479,0.5477
12856629.8,12861370.1,1698259440,0.5477,0.5485
12859305,12850802.8,1698259500,0.5483,0.5484
12847743.8,12846125.4,1698259560,0.5485,0.5471
12844866.6,12842625.2,1698259620,0.5471,0.5481
12842524.9,12853081.6,1698259680,0.5481,0.5487
12852502.8,12852666.4,1698259740,0.5487,0.5486
12851722.9,12835181.8,1698259800,0.5486,0.549
12837488.4,12837881.1,1698259860,0.5491,0.5493
12837053.5,12836311.3,1698259920,0.5494,0.55
12837422.1,12839124.8,1698259980,0.5501,0.5506
12848484.2,12847078.3,1698260040,0.5505,0.5506
12847078.3,12845153.1,1698260100,0.5507,0.5508
12845062.9,12844827.1,1698260160,0.5509,0.551
12847831.1,12849957.9,1698260220,0.551,0.5511
12867186.3,12865517.6,1698260280,0.5511,0.5511
12865512.8,12864283.6,1698260340,0.551,0.5509
12852702.6,12847631.7,1698260400,0.5509,0.5499
12862928.5,12862739,1698260460,0.5498,0.5502
12862844.4,12862226.3,1698260520,0.5502,0.5502
12864221.7,12854493.7,1698260580,0.5501,0.5494
12855130.9,12852851.6,1698260640,0.5493,0.5489
12853707.5,12854788.9,1698260700,0.549,0.5492
12854205.2,12854706.3,1698260760,0.5492,0.5495
12852186,12846149.7,1698260820,0.5495,0.548
12848295.1,12848191.7,1698260880,0.548,0.5475
12842057.2,12842057.2,1698260940,0.5475,0.5479
12842258.8,12839498.8,1698261000,0.5482,0.5482
12839990.4,12840864.9,1698261060,0.5482,0.5481
12842095.3,12839351.8,1698261120,0.548,0.5482
12839775.8,12839775.8,1698261180,0.5483,0.5484
12839665.4,12841121.9,1698261240,0.5484,0.5477
12843759.8,12841966.3,1698261300,0.5477,0.547
12843900.8,12846009.9,1698261360,0.547,0.546
12845132.4,12845616.6,1698261420,0.5461,0.5468
12845907.1,12845066.2,1698261480,0.5467,0.5459
12845528.8,12850069.8,1698261540,0.546,0.5464
12850207.2,12847828.1,1698261600,0.5463,0.5462
12846789.4,12851850.4,1698261660,0.5461,0.546
12855269.8,12859178.7,1698261720,0.546,0.5452
12859665.1,12863369.4,1698261780,0.5453,0.5454
12883636.6,12882451.3,1698261840,0.5454,0.5461
12878039.5,12876463.1,1698261900,0.5459,0.5461
12957622.7,12958078,1698261960,0.546,0.5458
12959052.8,12959683.9,1698262020,0.5457,0.5464
12959621.7,12957713.3,1698262080,0.5465,0.5468
12956004.9,12956428.5,1698262140,0.5468,0.5471
12955564.1,12953758.4,1698262200,0.5472,0.5472
12955688.5,12955634.7,1698262260,0.5471,0.5466
12957006,12957131.1,1698262320,0.5465,0.5468
12956722.2,12962012.5,1698262380,0.5468,0.5479
12961827.3,12961109.9,1698262440,0.5477,0.5478
12961082.9,12960021.8,1698262500,0.5479,0.5477
12962680.5,12963292.4,1698262560,0.5476,0.548
12963274,12963753.1,1698262620,0.5481,0.5486
12964604.3,12963446.8,1698262680,0.5486,0.5493
12963557,12963716,1698262740,0.5493,0.5491
12963434.7,12964097.8,1698262800,0.5492,0.5492
12959919.1,12960384.9,1698262860,0.5493,0.549
12959794.4,12960408.7,1698262920,0.549,0.5483
12959506.5,12960372.9,1698262980,0.5483,0.5479
12960209.2,12965063.4,1698263040,0.5479,0.547
12965085.2,12964627.2,1698263100,0.5471,0.5471
12963234.6,12963254.5,1698263160,0.5471,0.5472
12963181.1,12964249.5,1698263220,0.5471,0.5478
12963279.6,12956210.1,1698263280,0.5477,0.5481
12956157.6,12955100.7,1698263340,0.548,0.5478
12955180.6,12955623,1698263400,0.548,0.5477
12953889.2,12955142.7,1698263460,0.5477,0.5475
12955840.2,12955563.5,1698263520,0.5475,0.5469
12957221.7,12955964.6,1698263580,0.5469,0.5479
12954925.3,12955329.8,1698263640,0.5479,0.5482
12954001.3,12954524.8,1698263700,0.5482,0.5484
12957192.6,12955176.2,1698263760,0.5483,0.5484
12957029.3,12956287.1,1698263820,0.5483,0.5486
12959399.7,12953455.2,1698263880,0.5487,0.5489
12951189.1,12947504.6,1698263940,0.5489,0.5482
12949444,12948287.5,1698264000,0.5483,0.5478
12947312.4,12947312.4,1698264060,0.5479,0.5485
12947154.7,12943254,1698264120,0.5484,0.5478
12944412.5,12943777.9,1698264180,0.5477,0.5479
12946494.2,12946726.8,1698264240,0.5479,0.5479
12945498.5,12944444.7,1698264300,0.5479,0.5471
12945795.8,12950853.4,1698264360,0.547,0.5476
12948128.7,12947511.5,1698264420,0.5476,0.5481
12947515.9,12947973.5,1698264480,0.5481,0.5485
12948988.4,12947551.4,1698264540,0.5485,0.5488
12947881.2,12948847.6,1698264600,0.5487,0.5488
12947603.7,12947767,1698264660,0.5488,0.5493
12953328.2,12937441.5,1698264720,0.5494,0.5493
12945695.7,12946163.7,1698264780,0.5495,0.5488
12953943.2,12950732.7,1698264840,0.5489,0.5486
12949510.5,12952100.5,1698264900,0.5486,0.5482
12954008,12952973.5,1698264960,0.5481,0.5475
12959898.9,12960565.1,1698265020,0.5474,0.5491
12961250.9,12953613.8,1698265080,0.549,0.5482
12955167.1,12956011.5,1698265140,0.5482,0.5482
12956474.6,12956817.4,1698265200,0.5481,0.5479
12958972,12961834.6,1698265260,0.5479,0.5475
12964211.8,12965220.7,1698265320,0.5474,0.5475
12964288.5,12964005.3,1698265380,0.5476,0.5473
12961829.1,12959611.4,1698265440,0.5474,0.5474
12953999.1,12966235.8,1698265500,0.5472,0.5468
12966316.6,12961392.6,1698265560,0.5468,0.5461
12957729.4,12957058.7,1698265620,0.5461,0.5469
12957287.8,12957346,1698265680,0.547,0.5463
12956618.8,12958057.7,1698265740,0.5464,0.5465
12957729.8,12958241.7,1698265800,0.5464,0.5459
12957518.8,12958852.2,1698265860,0.546,0.5472
12958601.7,12958562.1,1698265920,0.5473,0.5469
12958215,12958090.8,1698265980,0.5469,0.5476
12959565.6,12957107.5,1698266040,0.5476,0.5464
12956114.5,12957836.9,1698266100,0.5464,0.5469
12954735.4,12957324.7,1698266160,0.5468,0.5467
12957957.2,12956070.3,1698266220,0.5468,0.5473
12956009.7,12955738.8,1698266280,0.5471,0.5468
12956414.8,12956449.6,1698266340,0.5466,0.547
12958872.6,12957044.2,1698266400,0.547,0.5468
12956765.3,12954960.7,1698266460,0.5469,0.5471
12958519.2,12958541.1,1698266520,0.5471,0.5474
12957916.3,12958655.5,1698266580,0.5473,0.5473
12958656.1,12957066.8,1698266640,0.5474,0.5477
12956499.1,12956608.7,1698266700,0.5476,0.547
12955604.8,12956013.8,1698266760,0.547,0.5466
12956664.4,12957211.5,1698266820,0.5465,0.5459
12959108.4,12959831.2,1698266880,0.5459,0.5459
12960275.9,12964520.8,1698266940,0.5459,0.5455
12965997.3,13024482.5,1698267000,0.5454,0.5443
13029094.1,13026695.9,1698267060,0.5443,0.5447
13031858.7,13023567.2,1698267120,0.5447,0.5432
13014233.7,12990220.4,1698267180,0.5432,0.5425
12988139,12990031,1698267240,0.5425,0.5425
12988435.4,12984023.4,1698267300,0.5425,0.5422
12984696.2,12982953.2,1698267360,0.542,0.5419
12984642.5,12986377.1,1698267420,0.542,0.5427
12986922,12987655.6,1698267480,0.5427,0.5425
12991721.7,12991453.4,1698267540,0.5425,0.5425
12992764.9,12962094.3,1698267600,0.5424,0.5417
12962766.2,12959981.4,1698267660,0.5417,0.5424
12962564.7,12962418.4,1698267720,0.5424,0.5424
12957886.5,12956941.4,1698267780,0.5423,0.5416
12937696.3,12933775.3,1698267840,0.5415,0.5408
12904398.5,12890280.6,1698267900,0.5409,0.5417
12892888.9,12891417.2,1698267960,0.5417,0.5416
12891001,12891016.9,1698268020,0.5415,0.5414
12890990.2,12894517.6,1698268080,0.5414,0.5414
12893822.6,12897109.3,1698268140,0.5416,0.5422
12897834.9,12895907.7,1698268200,0.5423,0.5417
12895722.2,12893357.2,1698268260,0.5417,0.5418
12893052.3,12892635.1,1698268320,0.5417,0.5413
12893182.5,12894649.3,1698268380,0.5413,0.5409
12895612.7,12894531.4,1698268440,0.541,0.5408
12890521.9,12890029.5,1698268500,0.5408,0.5407
12887996.5,12890431.4,1698268560,0.5407,0.5415
12890129.8,12890262,1698268620,0.5415,0.5424
12891326.9,12890775.8,1698268680,0.5424,0.5424
12891794.7,12892765.5,1698268740,0.5425,0.5423
12899879.9,12900651.9,1698268800,0.5423,0.5423
12900826.3,12903116.2,1698268860,0.5423,0.5422
12906301.5,12907929,1698268920,0.5422,0.5426
12906960.5,12907453.1,1698268980,0.5424,0.5424
12907466.2,12907466.2,1698269040,0.5424,0.5427
12908831,12905635,1698269100,0.5425,0.5422
12905106.5,12905081.7,1698269160,0.5423,0.5423
12904151.7,12904151.7,1698269220,0.5424,0.5426
12905857.8,12905857.8,1698269280,0.5425,0.5425
12906532.1,12902321.2,1698269340,0.5424,0.5424
12904665.6,12901415.3,1698269400,0.5425,0.5413
12900655.6,12900812.2,1698269460,0.5412,0.541
12905398.8,12907917.6,1698269520,0.5409,0.5411
12903684.8,12907796.2,1698269580,0.541,0.5408
12881824.6,12853154.2,1698269640,0.5408,0.5389
12846909.5,12850465.6,1698269700,0.5389,0.5393
12843774.8,12844687,1698269760,0.5394,0.5399
12849826,12849548,1698269820,0.54,0.5392
12849399.2,12850233.4,1698269880,0.5392,0.5385
12852266,12856860.7,1698269940,0.5386,0.5383
12857855.9,12856432.4,1698270000,0.5383,0.5375
12856753.2,12840824.2,1698270060,0.5375,0.538
12853384.5,12848773.4,1698270120,0.5381,0.538
12848583.4,12844071.2,1698270180,0.5387,0.5383
12843989.9,12844002.1,1698270240,0.5384,0.5386
12847325.2,12844891.8,1698270300,0.5386,0.5382
12845251.1,12845228.3,1698270360,0.5382,0.5385
12845262.1,12845002.5,1698270420,0.5385,0.5385
12844615,12845282.8,1698270480,0.5386,0.5389
12833767.8,12833268,1698270540,0.539,0.5392
12833825.8,12833588.7,1698270600,0.5391,0.5392
12833955.9,12843832.5,1698270660,0.5392,0.54
12843820.7,12843530.9,1698270720,0.54,0.5401
12843540,12834962.1,1698270780,0.5401,0.5406
12835865.6,12837446,1698270840,0.5406,0.5404
12838043.5,12837547.8,1698270900,0.5405,0.542
12837422.7,12843051.1,1698270960,0.5421,0.5421
12844268.4,12853427.7,1698271020,0.542,0.5434
12853821.4,12871279.9,1698271080,0.5434,0.5444
12871290.7,12871998.9,1698271140,0.5444,0.5446
12873920.9,12893977.7,1698271200,0.5446,0.5449
12889804.2,12882280.8,1698271260,0.5449,0.5452
12883106.8,12880546.4,1698271320,0.5453,0.5463
12880520.2,12888050.6,1698271380,0.5463,0.5468
12882708.6,12878141.2,1698271440,0.5467,0.5463
12878140.1,12875499.6,1698271500,0.5464,0.5467
12877746.3,12877869.7,1698271560,0.5467,0.5465
12877607.2,12881727.7,1698271620,0.5464,0.545
12880065.2,12880065.2,1698271680,0.545,0.5458
12879911.5,12878550.4,1698271740,0.5458,0.5456
12881126.5,12880756.6,1698271800,0.5456,0.5462
12883966.4,12886689.7,1698271860,0.5462,0.5468
12887560.4,12887709.8,1698271920,0.5469,0.5475
12885795.8,12885318.2,1698271980,0.5475,0.548
12888043.8,12888133.5,1698272040,0.5479,0.5483
12887872.3,12884299.8,1698272100,0.5484,0.5487
12885003,12885308.7,1698272160,0.5487,0.5488
12885308.7,12882098.4,1698272220,0.5487,0.548
12883067,12882983.4,1698272280,0.548,0.5478
12888231.2,12887364.7,1698272340,0.5476,0.5479
12888008.5,12892171.4,1698272400,0.5478,0.548
12887939.6,12888397.4,1698272460,0.5481,0.5484
12887062.5,12883973.7,1698272520,0.5483,0.5486
12883618.2,12885699.9,1698272580,0.5485,0.5479
12887478.1,12888744.7,1698272640,0.5479,0.5477
12888346.3,12888474.7,1698272700,0.5478,0.5478
12891563.7,12892665.2,1698272760,0.5479,0.5476
12893853,12894403.6,1698272820,0.5476,0.5475
12894585.8,12895162.5,1698272880,0.5474,0.5472
12897119.2,12891562.2,1698272940,0.5473,0.5473
12895092.8,12894142.2,1698273000,0.5474,0.5476
12895652.9,12897689.1,1698273060,0.5477,0.5473
12887301.3,12887301.3,1698273120,0.5472,0.5472
12887460.1,12891682.9,1698273180,0.5472,0.5475
12888875.5,12887443.2,1698273240,0.5475,0.548
12888227.5,12891713.2,1698273300,0.5479,0.5485
12892818.1,12892185.4,1698273360,0.5486,0.5484
12894108.1,12901986,1698273420,0.5486,0.5487
12901516.7,12912969.2,1698273480,0.5488,0.5486
12909735,12908182.9,1698273540,0.5486,0.5491
12906709.6,12903955.9,1698273600,0.549,0.5495
12903872.2,12902651.1,1698273660,0.5495,0.5497
12902703,12905082.3,1698273720,0.5498,0.5499
12906068.4,12904229.1,1698273780,0.55,0.55
12904239.3,12905330.9,1698273840,0.5499,0.5498
12903022.9,12902308.6,1698273900,0.5498,0.5496
12901676.4,12900972.4,1698273960,0.5495,0.5491
12901437.8,12898221.6,1698274020,0.549,0.5485
12894709,12893759.1,1698274080,0.5484,0.5483
12886806.2,12886325,1698274140,0.5484,0.5488
12883541.6,12881763.2,1698274200,0.5489,0.5487
12882312.9,12882880.5,1698274260,0.5488,0.5492
12883125.3,12899800.3,1698274320,0.5492,0.5487
12898321.4,12888301.3,1698274380,0.5486,0.5488
12888340.1,12887914.3,1698274440,0.5489,0.5496
12878459.6,12877680.4,1698274500,0.5497,0.5502
12877805.3,12869971.6,1698274560,0.5502,0.5505
12862472.5,12858241.6,1698274620,0.5505,0.55
12856756.9,12855204.1,1698274680,0.5499,0.5493
12853182.6,12853891.3,1698274740,0.5494,0.55
12849242.4,12849093.8,1698274800,0.5499,0.5484
12850414.1,12851749.7,1698274860,0.5483,0.5491
12851854.3,12855073.5,1698274920,0.5492,0.5484
12851717.8,12846478.2,1698274980,0.5483,0.5467
12851280.1,12834584,1698275040,0.5467,0.5466
12839616.5,12846569.3,1698275100,0.5466,0.5467
12847263.9,12835740.4,1698275160,0.5467,0.5463
12837567.3,12832924.3,1698275220,0.5464,0.5444
12821483.2,12857338.5,1698275280,0.5444,0.5456
12855749.2,12861258.2,1698275340,0.5457,0.5456
12860658.8,12861297.9,1698275400,0.5456,0.5447
12858830.3,12858830.3,1698275460,0.5446,0.5456
12854710.8,12855354.5,1698275520,0.5456,0.5448
12858106.8,12859756,1698275580,0.5448,0.5445
12859887.3,12857743.3,1698275640,0.5445,0.5451
12859479.3,12856669.7,1698275700,0.5452,0.5459
12856818.6,12840504.3,1698275760,0.5459,0.5464
12826940.6,12824035.5,1698275820,0.5466,0.5475
12821877.8,12823045.5,1698275880,0.5475,0.5474
12822983,12828552.3,1698275940,0.5475,0.548
12836294.4,12844163.5,1698276000,0.5481,0.5482
12842716.7,12840471.4,1698276060,0.5483,0.5487
12846326.5,12846945.9,1698276120,0.5488,0.5488
12844742.4,12847321,1698276180,0.5488,0.549
12846407.6,12848475.2,1698276240,0.5492,0.5493
12849665.1,12843189.5,1698276300,0.5492,0.549
12842106.9,12841000.6,1698276360,0.549,0.5485
12841615.2,12841029.4,1698276420,0.5486,0.5488
12842781.2,12844854,1698276480,0.5488,0.5488
12845833.7,12849242,1698276540,0.5487,0.5488
12848024.4,12846735.7,1698276600,0.5489,0.5493
12847048,12847133.4,1698276660,0.5494,0.5491
12848412.6,12845660.6,1698276720,0.549,0.5501
12854499.7,12853964.6,1698276780,0.5501,0.5503
12850661,12850070.8,1698276840,0.5503,0.5502
12848817.8,12850489.2,1698276900,0.5502,0.5495
12860114.2,12860778.2,1698276960,0.5495,0.5489
12861921.3,12868512.6,1698277020,0.549,0.5485
12869219.1,12868026.3,1698277080,0.5485,0.5484
12867908.9,12846156.6,1698277140,0.5484,0.5483
12846030.3,12846817.8,1698277200,0.5482,0.5492
12846585.1,12857325.1,1698277260,0.5492,0.5502
12858503.6,12858579.5,1698277320,0.5502,0.55
12872983.7,12887866.7,1698277380,0.55,0.5508
12886538,12886364.8,1698277440,0.5508,0.5507
12886464.4,12883937.2,1698277500,0.5507,0.5507
12882272.6,12886110.1,1698277560,0.5508,0.5507
12886155.1,12883001.2,1698277620,0.5507,0.5497
12882324.4,12881497.4,1698277680,0.5498,0.5501
12881687.9,12881687.9,1698277740,0.5501,0.5497
12882987.2,12884138,1698277800,0.5498,0.5501
12915568.5,12915568.5,1698277860,0.5502,0.5493
12916134.7,12916641.4,1698277920,0.5494,0.5497
12919869.3,12919190,1698277980,0.5498,0.5496
12919271.4,12920174.7,1698278040,0.5496,0.5497
12921625,12920624.8,1698278100,0.5498,0.5496
12921290.1,12928458.1,1698278160,0.5497,0.5496
12929690.7,12934346.5,1698278220,0.5496,0.5496
12943633.5,12969934.1,1698278280,0.5495,0.5496
12972976.6,12985914.1,1698278340,0.5497,0.5498
12998054.3,13007042.2,1698278400,0.5499,0.549
12983627.1,12990096.3,1698278460,0.5488,0.5473
12992500.8,13006684.8,1698278520,0.5472,0.5482
13001026.6,12989404.1,1698278580,0.5482,0.5487
12975420,12974058.2,1698278640,0.5486,0.5483
12972343.7,12980251.2,1698278700,0.5486,0.5488
12978589.8,12979720,1698278760,0.5487,0.5482
12981167.9,12980642,1698278820,0.5483,0.5467
12976398.5,12974125.5,1698278880,0.5467,0.5485
12937303.3,12934398.1,1698278940,0.5484,0.5475
12935539.3,12936078.3,1698279000,0.5475,0.5467
12931236.1,12930652.7,1698279060,0.5467,0.5475
12929298.5,12925382.7,1698279120,0.5475,0.5484
12926197.1,12927859.7,1698279180,0.5483,0.5489
12927517.4,12929170.7,1698279240,0.5489,0.5484
12933129.7,12932876.1,1698279300,0.5484,0.5476
12935012.8,12935766.2,1698279360,0.5475,0.5486
12929676,12922426.3,1698279420,0.5486,0.5486
12922267.8,12931346.9,1698279480,0.549,0.5492
12934500.9,12934615.8,1698279540,0.5491,0.5485
12934563.9,12934590.6,1698279600,0.5485,0.5486
12938085.7,12944169,1698279660,0.5487,0.5488
12943770.8,12945575.2,1698279720,0.5487,0.5496
12947621.9,12946426.5,1698279780,0.5496,0.5494
12948301.2,12947592,1698279840,0.5496,0.5502
12948050.1,12963383.3,1698279900,0.5503,0.5508
12964712.1,12979517.6,1698279960,0.5507,0.5519
12975905.9,12970676.3,1698280020,0.5519,0.5522
12971023.4,12965974,1698280080,0.5523,0.553
12965142,12963357.5,1698280140,0.5529,0.5531
12970401.2,12968288,1698280200,0.5531,0.5534
12966456,12963728,1698280260,0.5535,0.5542
12963695.5,12973537.7,1698280320,0.5542,0.5531
12971736.7,12973788.5,1698280380,0.5531,0.5531
12973227.3,12969155.5,1698280440,0.5531,0.5527
12968256.7,12975322.2,1698280500,0.5526,0.5519
12972838.5,12973052.2,1698280560,0.552,0.552
12972929.3,12968824.8,1698280620,0.5519,0.551
12970960.2,12970694,1698280680,0.551,0.5507
12967284.9,12976674.8,1698280740,0.5506,0.5512
12974349.9,12973516.5,1698280800,0.5513,0.5507
12966169.1,12967319.3,1698280860,0.5507,0.5507
12967854.5,12995961.8,1698280920,0.5506,0.5495
12995450,12995553.6,1698280980,0.5496,0.5502
12998039.3,12995556.4,1698281040,0.5503,0.5495
12999504.8,13004917.7,1698281100,0.5495,0.5483
13006109.3,13005036.9,1698281160,0.5482,0.5472
13008415.3,13007634.5,1698281220,0.5471,0.5458
13005623.2,12999886,1698281280,0.5458,0.5455
13000923.1,12992111.4,1698281340,0.5454,0.546
12989875.8,12989865.9,1698281400,0.5459,0.5463
12986881.6,12981323.3,1698281460,0.5462,0.5462
12979639.7,12977636.9,1698281520,0.5465,0.5476
12977082.2,12978249.3,1698281580,0.5475,0.5486
12978230.7,12977919.5,1698281640,0.5485,0.55
12976534.1,12979192.4,1698281700,0.55,0.5498
12980718.9,12977923.8,1698281760,0.5498,0.5488
12978080.8,12980258,1698281820,0.5487,0.5506
12980699.8,12980182.4,1698281880,0.5507,0.5504
12982049.7,12989289,1698281940,0.5504,0.5508
12992908.2,12999342,1698282000,0.5508,0.5511
13003329.6,13001686.3,1698282060,0.551,0.5525
13004574.1,13005167.2,1698282120,0.5525,0.5514
13006968.2,13009074.4,1698282180,0.5514,0.5515
13009705.9,13002334,1698282240,0.5517,0.5498
13002396.3,13002702.4,1698282300,0.5498,0.5498
13006466.3,13008221.7,1698282360,0.5499,0.5499
13007983.2,13005385,1698282420,0.5498,0.5495
13003725.2,13001644,1698282480,0.5495,0.5495
13005133.7,13003146.1,1698282540,0.5494,0.5482
13016746,13012831.5,1698282600,0.5481,0.5492
13021235.7,13034226.5,1698282660,0.5491,0.5483
13031423,13033758,1698282720,0.5484,0.548
13032715.9,13033211.2,1698282780,0.5481,0.5484
13029235.1,13031364,1698282840,0.5484,0.548
13032775.7,13041142,1698282900,0.5479,0.5483
13038712.2,13038551.5,1698282960,0.5484,0.5483
13038251.9,13023067.2,1698283020,0.5482,0.5488
13023061.1,13021555,1698283080,0.5488,0.5491
13026148.7,13028679.4,1698283140,0.5491,0.5481
13027504.2,13042394.3,1698283200,0.5482,0.5485
13043085.7,13043111.4,1698283260,0.5483,0.5491
13041937.1,13043593.9,1698283320,0.5491,0.5489
13047624.5,13047061.4,1698283380,0.549,0.5499
13042303.9,13041839.8,1698283440,0.5501,0.5504
13042792.5,13041343.7,1698283500,0.5504,0.551
13041238.8,13042771,1698283560,0.5511,0.551
13039501.5,13039028.2,1698283620,0.551,0.5513
13039895.7,13040958.1,1698283680,0.5512,0.5518
13046739.6,13042201.2,1698283740,0.5517,0.5521
13042477.5,13040950.2,1698283800,0.5523,0.553
13034755.4,13033474.4,1698283860,0.553,0.5527
13034505.7,13034452,1698283920,0.5527,0.5521
13047854.7,13050536,1698283980,0.5521,0.5525
13051222.1,13051240,1698284040,0.5525,0.5517
13051299.3,13053124.4,1698284100,0.5516,0.5523
13054899,13053628.1,1698284160,0.5523,0.5526
13053260,13063856.1,1698284220,0.5526,0.5526
13064001.4,13062394.5,1698284280,0.5527,0.5535
13065934.4,13065893.7,1698284340,0.5535,0.5528
13058686.1,13055862,1698284400,0.5527,0.5524
13055224.7,13054337.6,1698284460,0.5523,0.5505
13061774.4,13059703.6,1698284520,0.5504,0.5499
13065925.6,13069482.8,1698284580,0.5498,0.5499
13070300.6,13068412.7,1698284640,0.5497,0.5474
13067879.7,13073659.5,1698284700,0.5475,0.5462
13068642.8,13065140.7,1698284760,0.5461,0.549
13058735.9,13053647.2,1698284820,0.549,0.5484
13048650,13040187.1,1698284880,0.5483,0.5508
13056814.5,13054922.5,1698284940,0.551,0.5512
13050196.7,13043418.6,1698285000,0.5511,0.5514
13041289.8,13040709.3,1698285060,0.5514,0.5502
13040476.4,13039403.9,1698285120,0.5501,0.5497
13038872.9,13036846.7,1698285180,0.5496,0.5502
13037254.7,13037638.5,1698285240,0.5501,0.5505
13036798.4,13035927.4,1698285300,0.5504,0.5513
13032687.1,13032687.1,1698285360,0.5514,0.5503
13016246.1,13010828.2,1698285420,0.5502,0.5505
13011008.6,13002669.9,1698285480,0.5504,0.5508
13004291.6,13004536.8,1698285540,0.5508,0.5506
13002284.2,12999734.9,1698285600,0.5507,0.5499
12997304,12995530.1,1698285660,0.5499,0.5502
12997083.3,13001165.2,1698285720,0.5501,0.5482
12996680.5,12994856.1,1698285780,0.5482,0.5482
12995045.4,12995817.5,1698285840,0.5482,0.5488
12992405.1,12990139.5,1698285900,0.549,0.5493
13006828.3,13009474.3,1698285960,0.5493,0.549
13006537.1,13007997,1698286020,0.5489,0.5475
13005934.3,13001982.4,1698286080,0.5476,0.5486
13002783.4,13003243.4,1698286140,0.5487,0.5496
13001627.1,13000154.1,1698286200,0.5496,0.5489
12997101.7,12997130.3,1698286260,0.5488,0.5483
12999691.6,12998683.6,1698286320,0.5482,0.5478
12997518.3,12998644.8,1698286380,0.5479,0.5475
12997951.5,12996146.2,1698286440,0.5475,0.5478
12996894.6,12996318.5,1698286500,0.5478,0.5475
12990566.5,12991819.5,1698286560,0.5476,0.5472
12991671.2,12991942,1698286620,0.5472,0.5474
12990512.1,12992159.2,1698286680,0.5473,0.5478
12991110.9,12988938.9,1698286740,0.5479,0.5472
12989945.6,12992174.4,1698286800,0.5471,0.5469
12992494.1,12994799.2,1698286860,0.5468,0.5483
12994300.2,12995407.3,1698286920,0.5481,0.5473
12994977.6,12975928,1698286980,0.5473,0.5467
12975232.1,12971272.7,1698287040,0.5469,0.5478
12971208.5,12968106.8,1698287100,0.5479,0.5472
12980303.5,12976395,1698287160,0.5471,0.5473
12978094.2,12968927.6,1698287220,0.5472,0.5468
12964514.6,12959888.9,1698287280,0.5468,0.5472
12956346.7,12956843,1698287340,0.5471,0.5472
12950494.7,12947613.7,1698287400,0.5471,0.5481
12948839.9,12950418.4,1698287460,0.5481,0.5482
12951640.5,12952364.4,1698287520,0.5482,0.5483
12954382.9,12954029.8,1698287580,0.5483,0.5489
12953937.5,12951647.4,1698287640,0.5489,0.5488
12952919.5,12951672,1698287700,0.5487,0.5484
12952758.9,12952281.3,1698287760,0.5485,0.5491
12952846.7,12955138.9,1698287820,0.5492,0.5491
12964531.5,12964314.8,1698287880,0.549,0.5499
12965839.8,12966526.4,1698287940,0.5498,0.5499
12967781.6,12967781.6,1698288000,0.5498,0.5502
12965310.9,12978973.2,1698288060,0.5503,0.5498
12979120.5,12979120.5,1698288120,0.5497,0.5501
12978827,12976195.6,1698288180,0.5501,0.5503
12980391.2,12977189.8,1698288240,0.5502,0.5497
12977865.7,12980278.4,1698288300,0.5497,0.5497
12989278.5,12989634.2,1698288360,0.5499,0.5493
12989079.6,12994847.6,1698288420,0.5494,0.5483
12976980.1,12978670.5,1698288480,0.5482,0.547
13010688.5,13010954.1,1698288540,0.5471,0.5469
13013579.9,13014120.7,1698288600,0.5469,0.5471
13004230.6,13003360,1698288660,0.547,0.5475
13003104.7,13005418.5,1698288720,0.5473,0.5471
13006073.3,13008826.6,1698288780,0.5472,0.5473
13011231.5,13021224.1,1698288840,0.5473,0.5472
13020644.1,13020404.4,1698288900,0.5472,0.5472
13019241.9,13018875,1698288960,0.5471,0.5474
13018820,13020831,1698289020,0.5473,0.5467
13020821.3,13022119.8,1698289080,0.5467,0.5465
13022418.3,13022480,1698289140,0.5466,0.5468
13019858.5,13020074,1698289200,0.5469,0.5463
13024130.1,13035063.5,1698289260,0.5463,0.5481
13034300.2,13033047.6,1698289320,0.548,0.5486
13032225.1,13022265.5,1698289380,0.5486,0.5497
13022829.7,13020815.3,1698289440,0.5496,0.5496
13019030.2,13020915.5,1698289500,0.5495,0.5498
13025388.7,13026698.2,1698289560,0.5499,0.5491
13028354.3,13029544.3,1698289620,0.549,0.5483
13029711.5,13030343.2,1698289680,0.5484,0.5479
13005551.1,13005026.4,1698289740,0.5479,0.5475
13003845.7,13003914.1,1698289800,0.5475,0.5476
13004161.4,13008312.5,1698289860,0.5476,0.5468
13008340.3,13007298,1698289920,0.5469,0.548
13006526.1,13010534.3,1698289980,0.548,0.548
13010534.3,13009503,1698290040,0.548,0.5482
13008128.2,13007279.3,1698290100,0.5481,0.5491
13006088.2,13006263.3,1698290160,0.5491,0.5494
13005364.5,13008150.6,1698290220,0.5495,0.5493
13009638.4,13010834.1,1698290280,0.5494,0.5495
13009983.2,13012308,1698290340,0.5495,0.5502
13010757.7,13014821.1,1698290400,0.5504,0.5515
13020560,13021830.1,1698290460,0.5514,0.5523
13024645.9,13031186.1,1698290520,0.5523,0.5525
13032243.5,13031846.5,1698290580,0.5524,0.5531
13025767.2,13029198.7,1698290640,0.5531,0.5537
13043189.4,13038251.8,1698290700,0.5537,0.5544
13040107.7,13049251.3,1698290760,0.5545,0.5555
13058836.3,13077293.8,1698290820,0.5555,0.5559
13074129.5,13068800.5,1698290880,0.556,0.5572
13069797.1,13089722,1698290940,0.5572,0.557
13097566.9,13099795.4,1698291000,0.557,0.5569
13091717.6,13090962,1698291060,0.5569,0.5576
13083557.8,13124781.4,1698291120,0.5575,0.5577
13134687.9,13367231.8,1698291180,0.5575,0.5622
13469570.7,13460419.5,1698291240,0.5622,0.5628
13476070.8,13482151.8,1698291300,0.5628,0.5633
13751132.3,13864964.5,1698291360,0.5635,0.5705
13967997.9,13963370.4,1698291420,0.5705,0.5697
13971027.7,14051173.1,1698291480,0.5696,0.5718
14010774,14015634.9,1698291540,0.5718,0.5713
14083217.2,14138282.1,1698291600,0.5714,0.5754
14175636.6,14183644.4,1698291660,0.5755,0.5787
14213489,14317671,1698291720,0.5787,0.5838
14355873.9,14400358.9,1698291780,0.5837,0.5885
14417380.9,14434254.5,1698291840,0.5884,0.5879
14421638.5,14405865.6,1698291900,0.5879,0.5877
14415409.4,14252227,1698291960,0.5877,0.5851
14297586.9,14159867.6,1698292020,0.5852,0.5829
14161843.3,14166422.3,1698292080,0.5831,0.5839
14123738.5,14130422.9,1698292140,0.584,0.5857
14123211.7,14043177.3,1698292200,0.5856,0.5834
14006396.2,14013521,1698292260,0.5835,0.5847
14014207.1,14068552.8,1698292320,0.5847,0.5838
14064103.3,14074080,1698292380,0.5837,0.5855
14088986.3,14109464.1,1698292440,0.5855,0.5869
14120584.7,14119735,1698292500,0.5869,0.5862
14113253.1,14161009.8,1698292560,0.5861,0.5907
14267323,14361508.3,1698292620,0.5906,0.597
14455005.2,14486753.2,1698292680,0.5968,0.5985
14497517.3,14465749.9,1698292740,0.5987,0.6045
14399673.6,14468660.6,1698292800,0.6042,0.6113
14539406,14734832.1,1698292860,0.6113,0.6197
14682590.2,14783479,1698292920,0.6198,0.6167
14757447.3,14761085.9,1698292980,0.6168,0.6159
14847908.2,14781618,1698293040,0.616,0.6142
14810330,14874101,1698293100,0.6143,0.6141
14830350.6,14817820.8,1698293160,0.614,0.613
14842038.9,14833703.1,1698293220,0.613,0.6101
14832226.6,14861548.3,1698293280,0.6101,0.6087
14840854.7,14862382.1,1698293340,0.6088,0.6086
14848307.3,14852078.2,1698293400,0.6085,0.6061
14854583.4,14883048.6,1698293460,0.6062,0.6095
14890236.3,14866603.1,1698293520,0.6095,0.6073
14885309.3,14878916,1698293580,0.6073,0.6106
14882778.8,14909018.7,1698293640,0.6105,0.6118
14963888.7,14957203.1,1698293700,0.6117,0.612
14986654.4,15029650.4,1698293760,0.6121,0.6156
15137728.4,15225040.4,1698293820,0.6158,0.6134
15202549.3,15201470.2,1698293880,0.6133,0.6113
15192123.2,15194499.4,1698293940,0.6112,0.6119
15191998.7,15203130.2,1698294000,0.612,0.6131
15227127.4,15255168.2,1698294060,0.6131,0.6143
15269529.7,15270873.5,1698294120,0.6142,0.6128
15270253.2,15287371.1,1698294180,0.6128,0.6129
15296456.2,15309446.4,1698294240,0.6131,0.6132
15307516.3,15271936.3,1698294300,0.6135,0.6105
15266588.6,15298769.2,1698294360,0.6105,0.6095
15294202.2,15279456.1,1698294420,0.6096,0.6089
15264141.4,15288362.6,1698294480,0.609,0.609
15285770.5,15293642.5,1698294540,0.6089,0.6077
15269961.6,15248581.5,1698294600,0.6077,0.6048
15240616.6,15214509.6,1698294660,0.6047,0.6025
15214491.3,15064990.7,1698294720,0.6025,0.5961
14992552.4,14982015.3,1698294780,0.5962,0.5937
14935876.9,14910925.3,1698294840,0.5938,0.5947
14951393.2,14966352.7,1698294900,0.5948,0.5934
14981827.2,14989910.1,1698294960,0.5934,0.5962
14974028.1,14999580,1698295020,0.5963,0.5941
14990554.5,14994393.9,1698295080,0.5941,0.5967
15010615.4,15020009.3,1698295140,0.5963,0.599
15019342.3,15031580.4,1698295200,0.5989,0.5972
15019774.8,15017344.7,1698295260,0.597,0.5964
14997666.6,14989043.7,1698295320,0.5962,0.5968
14984885.7,14994033.1,1698295380,0.5967,0.5981
14979429.4,14975839,1698295440,0.598,0.5958
14967279.5,14971449.2,1698295500,0.5958,0.5939
14970067.3,14965742.1,1698295560,0.5938,0.5945
14975283.6,14972318.7,1698295620,0.5944,0.5947
14982413.2,14982413.2,1698295680,0.5947,0.5959
14987689.2,14968201.1,1698295740,0.5958,0.5988
14983476.5,14993960.7,1698295800,0.5987,0.5998
15015112.2,15067160.4,1698295860,0.5997,0.5987
15048419.2,15048012.7,1698295920,0.5987,0.5964
15046311.6,15046880.6,1698295980,0.5964,0.5981
15041608.2,15034913.2,1698296040,0.598,0.5991
15032560.8,15039493.7,1698296100,0.5992,0.5981
15025282,15023043.3,1698296160,0.5982,0.5975
15008696.6,15017829.4,1698296220,0.5977,0.5982
15020459.7,15020459.7,1698296280,0.5983,0.5995
15021496.4,15023369.3,1698296340,0.5994,0.5992
15038581.5,15034896.4,1698296400,0.5993,0.5981
15034913.8,15043605.5,1698296460,0.5981,0.5993
15047564.9,15047748.7,1698296520,0.5993,0.6002
15042510.4,15046235.3,1698296580,0.6003,0.6009
15052226.3,15052940,1698296640,0.6008,0.5989
15039068.8,15005333,1698296700,0.5988,0.6
15000596,14998814.6,1698296760,0.6,0.602
15000053.7,15002482.7,1698296820,0.602,0.601
14989768.7,14960018.8,1698296880,0.601,0.5998
14948027.1,14958536.4,1698296940,0.5998,0.6003
14947256.6,14960952.1,1698297000,0.6003,0.5987
14951455.3,14952200.7,1698297060,0.5987,0.5995
14941079.7,14945755,1698297120,0.5995,0.5978
14933847.6,14937263.4,1698297180,0.5979,0.5977
14948283.8,14949721.2,1698297240,0.5978,0.5996
14950017,14948395.1,1698297300,0.5997,0.6001
14957117.2,14957206.5,1698297360,0.6001,0.5999
14953113.5,14948193.9,1698297420,0.6001,0.5996
14944830.3,14936295.9,1698297480,0.5997,0.5989
14929899.6,14932431.2,1698297540,0.5989,0.6018
14909805.7,14917995.7,1698297600,0.6016,0.6011
14934955.2,14942566.6,1698297660,0.6011,0.6023
14956156.4,14967328.8,1698297720,0.6022,0.6024
14972241.8,15003444.5,1698297780,0.6024,0.6026
15001915.9,14998402.5,1698297840,0.6026,0.6017
14995146,14983359,1698297900,0.6017,0.6008
14990998.8,14987154,1698297960,0.6009,0.6015
14992069.2,14985358.1,1698298020,0.6014,0.5999
14975241.5,14972050.2,1698298080,0.5999,0.5987
14923185.1,14921798.4,1698298140,0.5987,0.5986
14922999.2,14927059.6,1698298200,0.5987,0.5984
14937594.6,14934893,1698298260,0.5983,0.6
14933718.4,14933741.7,1698298320,0.6,0.5989
14931332,14930740.7,1698298380,0.5989,0.5981
14924345.1,14827231.1,1698298440,0.598,0.5957
14828521.5,14834996.1,1698298500,0.596,0.5952
14816785.6,14821233.4,1698298560,0.5951,0.5952
14825397.5,14819540.9,1698298620,0.595,0.5939
14772503.3,14750932.3,1698298680,0.594,0.5948
14752705.7,14749514.8,1698298740,0.5947,0.594
14740960.6,14744547.8,1698298800,0.5941,0.5941
14751329.3,14756466.7,1698298860,0.594,0.595
14759336.1,14769964.7,1698298920,0.595,0.594
14776119.3,14779203.7,1698298980,0.5939,0.5939
14779091.6,14780082.7,1698299040,0.5939,0.5943
14776396.5,14776815.9,1698299100,0.5945,0.5946
14808113.7,14808400.5,1698299160,0.5945,0.5939
14814439.7,14815151.7,1698299220,0.5938,0.5932
14802057.8,14801484.1,1698299280,0.5933,0.5924
14809609.8,14813727.5,1698299340,0.5924,0.591
14807881,14792740.5,1698299400,0.591,0.5903
14799197.1,14778622.8,1698299460,0.5904,0.5882
14763142.7,14763467.3,1698299520,0.5882,0.5916
14769139.9,14767025.3,1698299580,0.5916,0.5904
14761217.9,14760415.7,1698299640,0.5904,0.5909
14754329.3,14732810.4,1698299700,0.5907,0.5907
14735414.7,14735269.7,1698299760,0.5906,0.5876
14683237.8,14656095.1,1698299820,0.5876,0.5864
14653285.7,14680085,1698299880,0.5864,0.586
14681220.6,14680359,1698299940,0.5858,0.5863
14682990.2,14662293.6,1698300000,0.5863,0.587
14649392.6,14576595,1698300060,0.5871,0.5849
14557416.2,14547848.9,1698300120,0.5849,0.5842
14538225.4,14538225.4,1698300180,0.5843,0.5806
14497664.6,14496500.6,1698300240,0.5806,0.5781
14415256.8,14411975.8,1698300300,0.5781,0.5821
14451749.2,14412840.4,1698300360,0.5821,0.5795
14421180.6,14418670.1,1698300420,0.5794,0.5772
14413952.5,14394146.9,1698300480,0.5771,0.5801
14410285.1,14423277.5,1698300540,0.5802,0.5804
14424885.2,14427056,1698300600,0.5804,0.5796
14427054.3,14444150.6,1698300660,0.5797,0.5801
14449983.2,14471061.3,1698300720,0.5803,0.5818
14462197.2,14468591.1,1698300780,0.5818,0.5818
14470618.5,14472208.5,1698300840,0.5814,0.583
14478190.9,14526322.3,1698300900,0.583,0.5814
14537423.8,14542613.2,1698300960,0.5814,0.5848
14610176.6,14611244.3,1698301020,0.5848,0.5864
14619912.7,14623931.5,1698301080,0.5863,0.5864
14624441.8,14620224.3,1698301140,0.5865,0.5878
14623052.5,14681337.3,1698301200,0.5879,0.5865
14679530.8,14669002.4,1698301260,0.5865,0.5867
14668056.3,14662458.7,1698301320,0.5868,0.5863
14673760.8,14677249,1698301380,0.5862,0.5858
14689750,14696285.4,1698301440,0.5858,0.587
14725123.1,14719504.4,1698301500,0.587,0.5855
14720978.2,14665058.4,1698301560,0.5856,0.5839
14660928.4,14666535,1698301620,0.584,0.5845
14665124.4,14664708.3,1698301680,0.5845,0.5842
14661464.9,14670449.9,1698301740,0.5842,0.5837
14665610.7,14661938.2,1698301800,0.5837,0.5831
14653493.9,14650933.6,1698301860,0.5833,0.5856
14648307.1,14659048,1698301920,0.5856,0.5859
14651276.5,14652650.3,1698301980,0.5858,0.5858
14658652,14664492.4,1698302040,0.5855,0.5867
14666157.1,14665568.7,1698302100,0.5867,0.5855
14659398.1,14664299.6,1698302160,0.5855,0.5858
14660374.8,14656862.7,1698302220,0.5859,0.5855
14657848.6,14647406.5,1698302280,0.5855,0.5849
14643442.8,14650119.6,1698302340,0.5848,0.5852
14648534.8,14662164.9,1698302400,0.5851,0.5851
14654964.5,14654766.7,1698302460,0.585,0.5851
14657304.2,14653595.2,1698302520,0.585,0.5869
14654850.5,14671357.8,1698302580,0.5869,0.5892
14683035.6,14682453.9,1698302640,0.5892,0.5899
14693467.7,14679927,1698302700,0.5899,0.5891
14680472.8,14678850.8,1698302760,0.5892,0.5898
14672319.5,14676865.5,1698302820,0.5898,0.5892
14662519.9,14676066.7,1698302880,0.5892,0.5896
14676536.9,14684255.7,1698302940,0.5896,0.5898
14694186.7,14703403.5,1698303000,0.5895,0.5903
14705385.1,14699386,1698303060,0.5903,0.5906
14718192.4,14725769.3,1698303120,0.5905,0.5926
14731260.8,14750048.3,1698303180,0.5925,0.5933
14753690.6,14749477.4,1698303240,0.5931,0.5938
14763003.3,14763003.3,1698303300,0.5937,0.5944
14759776.8,14767603.1,1698303360,0.5943,0.5939
14767428.6,14757165.2,1698303420,0.5938,0.5941
14762314.2,14762084,1698303480,0.594,0.5953
14775304.9,14800984.4,1698303540,0.5953,0.5958
14808500.4,14791130.6,1698303600,0.5959,0.5929
14803071.2,14781455.5,1698303660,0.5927,0.5926
14786499.5,14789003.7,1698303720,0.5927,0.593
14788018.1,14779921.5,1698303780,0.5931,0.5917
14770713.9,14728279.6,1698303840,0.5917,0.5896
14729942.1,14684550.9,1698303900,0.5896,0.5879
14677085.7,14680374,1698303960,0.588,0.5896
14672498.9,14645774.5,1698304020,0.5896,0.5879
14630517.4,14632014.1,1698304080,0.5879,0.5904
14627776.5,14644943.6,1698304140,0.5903,0.5899
14653163.3,14655073.7,1698304200,0.5898,0.5888
14655258.7,14651628.3,1698304260,0.5888,0.5906
14655990.2,14660091,1698304320,0.5906,0.5927
14654361.5,14669971.5,1698304380,0.5927,0.5949
14726548.8,14724189.6,1698304440,0.5951,0.5953
14721268.9,14747747.2,1698304500,0.5956,0.5982
14775258.6,14774615.8,1698304560,0.5982,0.5985
14762154.2,14769466.8,1698304620,0.5985,0.5996
14770150.7,14772042.6,1698304680,0.5996,0.601
14778954.3,14770103.5,1698304740,0.6009,0.6003
14773553.9,14788799.8,1698304800,0.6003,0.6034
14800904.5,14802788.5,1698304860,0.6034,0.6017
14795297.8,14783712.4,1698304920,0.6017,0.6008
14760670.6,14773220.2,1698304980,0.6007,0.6018
14773257,14776108,1698305040,0.6018,0.6006
14779524.1,14777742.6,1698305100,0.6007,0.6028
14783999.5,14775337.3,1698305160,0.6029,0.6009
14773804,14786893.9,1698305220,0.6008,0.6017
14850774.2,14852978.9,1698305280,0.6019,0.6042
14890212.5,14895484.5,1698305340,0.6042,0.6059
14891152.8,14872708.8,1698305400,0.606,0.6036
14896841.5,14823654.3,1698305460,0.6036,0.6013
14801517.5,14811320,1698305520,0.6013,0.6009
14816432.6,14800633,1698305580,0.6008,0.6001
14794572.5,14735339.3,1698305640,0.6001,0.5998
14729462.4,14720904.6,1698305700,0.5996,0.5986
14723696,14710389,1698305760,0.5988,0.6017
14714618.7,14704323.5,1698305820,0.6018,0.6035
14699078.9,14704674.4,1698305880,0.6035,0.6046
14730880.7,14795379.6,1698305940,0.6046,0.6098
14795598,14802048.7,1698306000,0.6098,0.608
14772204.5,14755488,1698306060,0.6081,0.6112
14759850.3,14759850.3,1698306120,0.6112,0.6105
14759850.3,14759850.3,1698306180,0.6106,0.6103
