"OI_open","OI_close","timestamp","price_open","price_close"
190558059,190587313,1698017400,0.06216,0.06221
190581636,190577942,1698017460,0.0622,0.06221
190588157,190626718,1698017520,0.06221,0.06218
190660690,190593642,1698017580,0.06219,0.06219
190593601,190592301,1698017640,0.0622,0.06222
190571194,190574149,1698017700,0.06222,0.06223
190577197,190609069,1698017760,0.06223,0.06229
190553832,190566842,1698017820,0.06229,0.06234
190579284,190468292,1698017880,0.06234,0.06227
190513630,190478095,1698017940,0.06227,0.06227
190500271,190530002,1698018000,0.06225,0.06228
190561623,190555689,1698018060,0.06228,0.06233
190559897,190554621,1698018120,0.06233,0.06226
190554467,190552604,1698018180,0.06226,0.06224
190550364,190531839,1698018240,0.06224,0.06224
190405812,190388284,1698018300,0.06225,0.06224
190352477,190352477,1698018360,0.06224,0.06236
190319424,190252800,1698018420,0.06237,0.06232
190222156,190222156,1698018480,0.06232,0.06234
190215669,190190258,1698018540,0.06233,0.06235
190209090,190209090,1698018600,0.06235,0.0624
190206168,190264977,1698018660,0.06239,0.0624
190266643,190277028,1698018720,0.06241,0.06237
190285390,190366409,1698018780,0.06238,0.06235
190471212,190432456,1698018840,0.06234,0.06232
190460651,190411866,1698018900,0.06233,0.06234
190422770,190308775,1698018960,0.06235,0.06246
190319151,190345094,1698019020,0.06246,0.06248
190326475,190253683,1698019080,0.06247,0.06252
190300256,190518356,1698019140,0.06253,0.06254
190666608,190521782,1698019200,0.06254,0.06257
190255088,190377147,1698019260,0.06257,0.06263
190619051,190726803,1698019320,0.06263,0.06264
190674817,190875315,1698019380,0.06264,0.0626
190829246,190892101,1698019440,0.06259,0.06272
190810421,190820765,1698019500,0.06271,0.0627
190867076,190892654,1698019560,0.06269,0.06267
190761248,190684005,1698019620,0.06267,0.06253
190454593,190466179,1698019680,0.06252,0.06235
190456678,190489543,1698019740,0.06235,0.06235
190905025,191216720,1698019800,0.06234,0.06234
191421901,191421901,1698019860,0.06234,0.06213
191635916,191480259,1698019920,0.06215,0.06204
191412112,191267113,1698019980,0.06204,0.06205
191254019,191310196,1698020040,0.06205,0.06215
191354594,191222947,1698020100,0.06216,0.06206
191217197,191260662,1698020160,0.06206,0.06207
191257269,191337621,1698020220,0.06206,0.06198
191350522,191324496,1698020280,0.06198,0.06205
191338877,191332408,1698020340,0.06205,0.06206
191352809,191285361,1698020400,0.06206,0.06203
191312649,191266270,1698020460,0.06202,0.06198
191145126,191071801,1698020520,0.06198,0.06192
190992893,191063465,1698020580,0.06193,0.06189
191050881,191044879,1698020640,0.06188,0.06186
191025338,191107245,1698020700,0.06186,0.06194
191020554,191027759,1698020760,0.06194,0.06195
191027573,191002443,1698020820,0.06196,0.06199
191018837,191037202,1698020880,0.06199,0.06194
191084413,191090013,1698020940,0.06194,0.06197
191227280,191229065,1698021000,0.06196,0.06194
191228104,191251214,1698021060,0.06194,0.0619
191226410,191263602,1698021120,0.0619,0.06193
191281272,191269091,1698021180,0.06194,0.06201
191170109,191178488,1698021240,0.06201,0.06191
191145417,191164491,1698021300,0.06191,0.06194
191198933,191616202,1698021360,0.06193,0.06177
191661523,191654581,1698021420,0.06177,0.06187
191670283,191713342,1698021480,0.06187,0.06184
191783278,191835018,1698021540,0.06185,0.0619
191820139,191820139,1698021600,0.0619,0.0619
191790758,191768336,1698021660,0.0619,0.06196
191781004,191787888,1698021720,0.06197,0.06196
191759764,191693379,1698021780,0.06195,0.06201
191642596,191642596,1698021840,0.062,0.06201
191570493,191712104,1698021900,0.06202,0.06206
191734427,191837360,1698021960,0.06206,0.06212
191845140,191764371,1698022020,0.06212,0.06208
191722272,191724950,1698022080,0.06208,0.06215
191708429,191671031,1698022140,0.06216,0.06215
191697543,191662773,1698022200,0.06215,0.06214
191672731,191658973,1698022260,0.06214,0.06207
191611231,191565182,1698022320,0.06206,0.06203
191452090,191446424,1698022380,0.06203,0.06207
191344841,191451993,1698022440,0.06207,0.0621
191487711,191428593,1698022500,0.06211,0.0621
191428409,191452404,1698022560,0.0621,0.06222
191442384,191417587,1698022620,0.06222,0.06222
191350787,191394489,1698022680,0.06222,0.06221
191366897,191361243,1698022740,0.06221,0.06216
191388152,191320937,1698022800,0.06215,0.06218
191437385,191387198,1698022860,0.06218,0.06221
191358324,191328140,1698022920,0.06221,0.06219
191302588,191303507,1698022980,0.0622,0.06223
191295133,191275852,1698023040,0.06223,0.06224
191296129,191296129,1698023100,0.06225,0.06238
191394931,191205113,1698023160,0.06239,0.06248
191175932,191103396,1698023220,0.06248,0.06252
191143112,190995132,1698023280,0.06251,0.06251
190796089,190935841,1698023340,0.0625,0.06255
190791737,190803083,1698023400,0.06256,0.06248
190700157,190682752,1698023460,0.06248,0.06243
190705723,190738540,1698023520,0.06243,0.06245
190662452,190698182,1698023580,0.06244,0.06249
190698346,190717466,1698023640,0.06249,0.06254
190732746,190702565,1698023700,0.06255,0.06259
190703444,190703877,1698023760,0.0626,0.06264
190503826,190358739,1698023820,0.06265,0.06264
190371998,190395040,1698023880,0.06264,0.06272
190288688,190371117,1698023940,0.06272,0.0628
190136219,190195032,1698024000,0.0628,0.06292
190154124,190026032,1698024060,0.06291,0.06292
190041651,190022644,1698024120,0.06292,0.06296
189801615,189590857,1698024180,0.06296,0.063
189369974,189375508,1698024240,0.06301,0.06296
189174337,189174337,1698024300,0.06295,0.06295
189092406,189096178,1698024360,0.06295,0.06306
189330831,189393208,1698024420,0.06308,0.06312
189355268,189400680,1698024480,0.06312,0.06317
189427448,189366599,1698024540,0.06317,0.06307
189256137,189227640,1698024600,0.06307,0.06316
189139885,189207529,1698024660,0.06316,0.06327
189281441,189316188,1698024720,0.06327,0.06296
189019133,188917785,1698024780,0.06296,0.06264
189023444,188902693,1698024840,0.06265,0.06262
188903793,188668178,1698024900,0.06264,0.0627
188677348,188898186,1698024960,0.0627,0.06266
188936076,188929499,1698025020,0.06264,0.06272
188870199,188818033,1698025080,0.06273,0.06264
188924119,188850461,1698025140,0.06265,0.06276
188868659,188807103,1698025200,0.06275,0.06273
188795755,188769917,1698025260,0.06273,0.06265
188730599,188778422,1698025320,0.06264,0.06274
188844073,189044091,1698025380,0.06274,0.06275
189065723,189078273,1698025440,0.06276,0.0628
189118678,189105904,1698025500,0.06281,0.06284
189203755,189212031,1698025560,0.06285,0.06274
189129211,188958710,1698025620,0.06275,0.06272
189038741,189044970,1698025680,0.06273,0.06271
189016552,188965158,1698025740,0.06272,0.06275
189058794,189049448,1698025800,0.06276,0.0627
189032305,189004604,1698025860,0.06269,0.06265
188983974,188983974,1698025920,0.06264,0.06265
188947026,188953862,1698025980,0.06266,0.06269
189027435,189067709,1698026040,0.0627,0.06271
189084366,189168649,1698026100,0.06272,0.0628
189335347,189292500,1698026160,0.06279,0.06273
189295440,189277079,1698026220,0.06273,0.0627
189260976,189262275,1698026280,0.0627,0.06265
189121226,189088832,1698026340,0.06265,0.0627
189376848,189378438,1698026400,0.0627,0.06269
189273895,189284247,1698026460,0.0627,0.06274
189284538,189240554,1698026520,0.06274,0.06266
189311260,189333184,1698026580,0.06266,0.06268
189067941,189028972,1698026640,0.06268,0.06261
189071405,189046709,1698026700,0.06261,0.06261
189160385,189079528,1698026760,0.06259,0.06254
189046778,189105723,1698026820,0.06252,0.0625
189118428,189054523,1698026880,0.0625,0.06255
189036504,188966789,1698026940,0.06254,0.06257
188899669,188862432,1698027000,0.06257,0.0626
188840054,188815735,1698027060,0.0626,0.06253
188842885,188842885,1698027120,0.06253,0.06258
188855778,188791874,1698027180,0.06259,0.06251
188863436,188891904,1698027240,0.06251,0.06249
188907083,189098487,1698027300,0.06248,0.06247
189160763,189160763,1698027360,0.06247,0.0626
189183903,189208740,1698027420,0.0626,0.06258
189244451,189278673,1698027480,0.06257,0.06261
189275220,189285611,1698027540,0.06262,0.06266
189365658,189393208,1698027600,0.06266,0.06269
189428064,189439298,1698027660,0.06268,0.06271
189479505,189476537,1698027720,0.06271,0.06275
189389304,189411140,1698027780,0.06274,0.06272
189416872,189416872,1698027840,0.06273,0.06275
189422108,189402912,1698027900,0.06274,0.06273
189400401,189427043,1698027960,0.06273,0.06275
189455602,189501543,1698028020,0.06276,0.0628
189537450,189537545,1698028080,0.06281,0.06285
189480884,189526810,1698028140,0.06284,0.06276
189544758,189536349,1698028200,0.06277,0.06278
189539362,189491761,1698028260,0.06278,0.06282
189542593,189556736,1698028320,0.06284,0.06291
189574355,189656354,1698028380,0.06291,0.06296
189666771,189666771,1698028440,0.06295,0.06293
189557681,189347622,1698028500,0.06293,0.06289
189366307,189375506,1698028560,0.06289,0.06297
189367297,189304208,1698028620,0.06297,0.06297
189321991,189329795,1698028680,0.06297,0.063
189450177,189413504,1698028740,0.063,0.06299
189430081,189402416,1698028800,0.06299,0.06296
189176482,189135560,1698028860,0.06295,0.06289
189333703,189369012,1698028920,0.06289,0.06291
189455196,189333000,1698028980,0.06292,0.06288
189522731,189508886,1698029040,0.06288,0.06288
189506058,189506058,1698029100,0.06288,0.06285
189501845,189495432,1698029160,0.06286,0.06297
189450014,189376186,1698029220,0.06297,0.06303
189438206,189400939,1698029280,0.06303,0.06305
189318850,189321059,1698029340,0.06306,0.06315
189376634,189371478,1698029400,0.06316,0.06309
189429156,189498930,1698029460,0.06311,0.06314
189471363,189375999,1698029520,0.06314,0.06323
189657207,189829654,1698029580,0.06323,0.0633
189871384,189694624,1698029640,0.06329,0.06319
189762167,189851577,1698029700,0.06318,0.06312
189810892,189826381,1698029760,0.06312,0.06323
189833164,189695247,1698029820,0.06323,0.06317
189646527,189615715,1698029880,0.06318,0.06311
189709208,189703857,1698029940,0.06312,0.06312
189878114,190001937,1698030000,0.06313,0.06319
189983014,190138377,1698030060,0.0632,0.0633
189982352,190020322,1698030120,0.06331,0.06332
190028132,190172633,1698030180,0.06333,0.06329
190232372,190318757,1698030240,0.06328,0.06328
190329632,190408390,1698030300,0.06328,0.06337
190421486,190421486,1698030360,0.06336,0.06325
190436042,190417268,1698030420,0.06326,0.06311
190469809,190469809,1698030480,0.06311,0.06301
190404487,190287877,1698030540,0.06301,0.06293
189957123,189959270,1698030600,0.06294,0.06294
190030505,190024728,1698030660,0.06294,0.06297
189930601,189958544,1698030720,0.06297,0.06281
190036668,189901729,1698030780,0.06283,0.06282
189849058,189688503,1698030840,0.06282,0.06296
189600436,189637136,1698030900,0.06296,0.06301
189594513,189575946,1698030960,0.06302,0.063
189622823,189711428,1698031020,0.06299,0.06302
189711469,189710307,1698031080,0.06301,0.06303
189768344,189769822,1698031140,0.06304,0.0632
189766898,189792381,1698031200,0.0632,0.06315
189766809,189772349,1698031260,0.06316,0.0633
189883417,189903896,1698031320,0.0633,0.06329
189912284,189884864,1698031380,0.0633,0.06324
189867034,189735181,1698031440,0.06322,0.06324
189721014,189727594,1698031500,0.06324,0.06324
189735650,189758927,1698031560,0.06325,0.06329
189774952,189793450,1698031620,0.06328,0.06333
189743491,189668593,1698031680,0.06333,0.06339
189733062,189747605,1698031740,0.06338,0.06339
189691275,189691275,1698031800,0.06339,0.06298
188016962,188016653,1698031860,0.06298,0.06301
188050676,188205240,1698031920,0.06302,0.06294
188314643,188350837,1698031980,0.06294,0.06291
188170463,188155543,1698032040,0.06292,0.06296
188195125,188243399,1698032100,0.06297,0.063
188266979,188212478,1698032160,0.063,0.06299
188353553,188583079,1698032220,0.06299,0.06311
188648908,188654559,1698032280,0.06311,0.06307
188632928,188748230,1698032340,0.06307,0.06311
188755290,188748687,1698032400,0.06311,0.06308
188689293,188755361,1698032460,0.06308,0.06313
188780016,188801859,1698032520,0.06314,0.06313
188799030,188838847,1698032580,0.06313,0.06313
188839976,188928436,1698032640,0.06313,0.06316
188951104,188995510,1698032700,0.06317,0.06313
188935690,188937970,1698032760,0.06314,0.06313
188919309,188827166,1698032820,0.06312,0.06299
188837951,188825980,1698032880,0.06299,0.06303
188981482,188848252,1698032940,0.06303,0.06322
188686137,188927224,1698033000,0.06322,0.06308
188889788,188814857,1698033060,0.06308,0.0632
188815473,188791896,1698033120,0.0632,0.06319
188768690,188754609,1698033180,0.06319,0.06311
188809647,188809647,1698033240,0.06311,0.06316
188768448,188740249,1698033300,0.06316,0.06312
188751708,188854751,1698033360,0.06312,0.06311
188877667,189001571,1698033420,0.06311,0.06316
189035713,189133844,1698033480,0.06317,0.06316
189192609,189194096,1698033540,0.06317,0.06316
189196240,189195055,1698033600,0.06316,0.06323
189200882,189261123,1698033660,0.06323,0.06302
189280673,189333631,1698033720,0.06302,0.06306
189261034,189260044,1698033780,0.06306,0.06318
189370012,189331671,1698033840,0.06318,0.06326
189042573,188874626,1698033900,0.06325,0.06313
188856079,188824215,1698033960,0.06312,0.06299
188822526,188772704,1698034020,0.06299,0.06279
187926151,187924355,1698034080,0.06278,0.06274
187960919,187963168,1698034140,0.06274,0.0628
187571920,187436232,1698034200,0.0628,0.06267
187435261,187437286,1698034260,0.06267,0.06282
187427289,187423441,1698034320,0.06282,0.06288
187401262,187348886,1698034380,0.06288,0.06293
187325667,187370399,1698034440,0.06293,0.06299
187486303,187406868,1698034500,0.06298,0.06301
187360374,187320347,1698034560,0.06301,0.06299
187426487,187414327,1698034620,0.06298,0.0629
187392338,187386214,1698034680,0.06289,0.06302
187228064,187262239,1698034740,0.06303,0.06299
187283916,187283916,1698034800,0.06299,0.06296
187338009,187382968,1698034860,0.06295,0.06299
187417031,187417031,1698034920,0.06299,0.06303
187345390,187770015,1698034980,0.06304,0.06312
187804225,187804225,1698035040,0.06311,0.06328
187361105,187628390,1698035100,0.06328,0.06333
187609731,187661414,1698035160,0.06333,0.06322
187664809,187587727,1698035220,0.06323,0.06324
187570315,187604139,1698035280,0.06323,0.06342
187611337,187610108,1698035340,0.06342,0.06347
187618973,187723197,1698035400,0.06347,0.06346
187777036,187965889,1698035460,0.06345,0.06376
189106308,189049161,1698035520,0.06376,0.06374
189156984,189208904,1698035580,0.06376,0.06371
189012117,188994136,1698035640,0.0637,0.06385
188899163,189051390,1698035700,0.06385,0.06373
189174767,189082463,1698035760,0.06375,0.06362
189243219,189321015,1698035820,0.06361,0.06369
189320400,189325045,1698035880,0.06368,0.06362
189547670,189534832,1698035940,0.06363,0.0636
189563968,189542416,1698036000,0.0636,0.06365
189488264,189481837,1698036060,0.06365,0.06375
189465030,189457566,1698036120,0.06374,0.06385
189285741,189206262,1698036180,0.06385,0.06376
189434657,189864672,1698036240,0.06377,0.06381
189735117,189707288,1698036300,0.0638,0.06371
189761749,189761749,1698036360,0.06371,0.06377
189737285,189719415,1698036420,0.06377,0.06385
189714625,189848340,1698036480,0.06384,0.06393
189911139,189913936,1698036540,0.06392,0.06385
189878187,190163059,1698036600,0.06385,0.06389
190360996,190396983,1698036660,0.06388,0.06394
190616192,190676854,1698036720,0.06393,0.06396
190683554,190677549,1698036780,0.06396,0.06393
190615824,190437932,1698036840,0.06392,0.06387
190438170,192867825,1698036900,0.06387,0.06395
192855584,192781840,1698036960,0.06396,0.06386
192479476,192580060,1698037020,0.06386,0.06392
192603456,192654091,1698037080,0.0639,0.06385
192658631,192649940,1698037140,0.06385,0.06387
192562535,192655666,1698037200,0.06387,0.06379
192771675,192570311,1698037260,0.06379,0.06374
192548089,192534055,1698037320,0.06373,0.06375
192651829,192695496,1698037380,0.06375,0.06378
192592560,192518597,1698037440,0.06378,0.06359
192471293,192551725,1698037500,0.06359,0.06344
192555152,192585190,1698037560,0.06344,0.06348
192790446,192847661,1698037620,0.06348,0.06354
192841955,192912066,1698037680,0.06353,0.06353
193297838,194310392,1698037740,0.06353,0.06354
193948964,193938412,1698037800,0.06354,0.0636
194058343,193900769,1698037860,0.0636,0.06363
193802292,193796317,1698037920,0.06362,0.06355
193842232,193827841,1698037980,0.06354,0.06358
194398952,194398952,1698038040,0.06357,0.06358
194355319,194569186,1698038100,0.06358,0.06361
194611673,194653243,1698038160,0.06361,0.06371
194709993,194679737,1698038220,0.06371,0.06366
194666017,194645338,1698038280,0.06367,0.06364
194579347,194536081,1698038340,0.06364,0.06368
194682398,194873488,1698038400,0.06368,0.06352
194919563,194978003,1698038460,0.06352,0.06347
195138551,195142378,1698038520,0.06346,0.06361
195505820,195585266,1698038580,0.06362,0.06362
195669707,195579859,1698038640,0.06361,0.06345
195600007,195630163,1698038700,0.06345,0.06344
195594164,195699455,1698038760,0.06346,0.0634
195537859,195493987,1698038820,0.06341,0.06345
195592400,195663931,1698038880,0.06345,0.06348
196008355,196082783,1698038940,0.06349,0.06357
196232910,196166291,1698039000,0.06356,0.06352
196421667,196400578,1698039060,0.06353,0.06351
196560031,196548737,1698039120,0.06352,0.06363
196685279,196692022,1698039180,0.06363,0.06367
196699181,196699181,1698039240,0.06367,0.06372
196864424,196919082,1698039300,0.06373,0.06379
196980383,197061085,1698039360,0.06379,0.06374
197008763,196951662,1698039420,0.06374,0.06365
197013957,196961663,1698039480,0.06364,0.06358
196878467,196935687,1698039540,0.06359,0.06361
197010432,197014928,1698039600,0.06362,0.06366
197168620,197166803,1698039660,0.06367,0.06369
197142552,197209260,1698039720,0.0637,0.06372
197314879,197354486,1698039780,0.06372,0.06374
197437764,197598594,1698039840,0.06374,0.06377
197752296,198176750,1698039900,0.06378,0.06386
199056725,198899175,1698039960,0.06386,0.06391
199053805,199063028,1698040020,0.0639,0.06387
198800581,198871274,1698040080,0.06387,0.06394
198858666,199179228,1698040140,0.06394,0.06398
199102022,199016615,1698040200,0.064,0.064
199280785,199235729,1698040260,0.064,0.064
199332159,199354352,1698040320,0.064,0.06402
199402456,199496477,1698040380,0.06402,0.06406
199616553,199438171,1698040440,0.06406,0.06386
199664888,199767323,1698040500,0.06386,0.06384
199753461,199753461,1698040560,0.06385,0.06384
199804233,199777478,1698040620,0.06384,0.06382
199652216,199652216,1698040680,0.06381,0.06383
199966051,199614143,1698040740,0.06382,0.06393
199846473,200297994,1698040800,0.06393,0.06413
200674532,200981896,1698040860,0.06412,0.06376
201018261,201731789,1698040920,0.06375,0.06349
200804699,201010339,1698040980,0.06348,0.06357
201010522,200636973,1698041040,0.06358,0.06342
201147854,201307556,1698041100,0.06342,0.06347
201194921,200930461,1698041160,0.06347,0.0635
200915889,201152212,1698041220,0.0635,0.06361
201319254,201841681,1698041280,0.0636,0.06368
202201716,202180714,1698041340,0.06368,0.06365
202194207,202499477,1698041400,0.06365,0.0638
202835346,202877749,1698041460,0.0638,0.06389
202944219,202485278,1698041520,0.06389,0.06378
202492810,202447470,1698041580,0.06378,0.06371
202365916,202428731,1698041640,0.06371,0.06367
202491284,202579743,1698041700,0.06367,0.06368
202759770,203058968,1698041760,0.06367,0.06385
203191800,203102126,1698041820,0.06384,0.06379
203158088,203158088,1698041880,0.0638,0.06378
203073830,203065370,1698041940,0.06376,0.06368
203202315,203073402,1698042000,0.06367,0.06375
203429425,203236111,1698042060,0.06375,0.06378
203148336,203834777,1698042120,0.06378,0.06377
203786746,203920482,1698042180,0.06376,0.06387
204429276,204537696,1698042240,0.06388,0.06389
204612327,204636110,1698042300,0.0639,0.06389
204684993,205105499,1698042360,0.06389,0.0639
205110967,204868672,1698042420,0.06389,0.06389
204878293,204923462,1698042480,0.06388,0.06387
204831557,204834739,1698042540,0.06387,0.06385
205230012,205150647,1698042600,0.06385,0.06371
205338574,205349013,1698042660,0.06372,0.06378
205403218,205619070,1698042720,0.06378,0.06381
205621170,205823737,1698042780,0.06381,0.06383
205749216,206024399,1698042840,0.06383,0.06369
206340842,206675556,1698042900,0.06368,0.06373
206698315,206699973,1698042960,0.06373,0.06372
207847207,207639818,1698043020,0.06371,0.06377
207842520,207808521,1698043080,0.06376,0.06362
207825530,207736020,1698043140,0.06362,0.06341
207729717,207774144,1698043200,0.0634,0.06335
207824418,207800427,1698043260,0.06335,0.06335
207806236,207806236,1698043320,0.06336,0.06331
207726620,207664153,1698043380,0.06332,0.06329
207620938,207707147,1698043440,0.06329,0.06332
208075165,208075165,1698043500,0.06332,0.06346
208074647,208045312,1698043560,0.06345,0.06343
208024809,208009440,1698043620,0.06343,0.06347
208099029,208099029,1698043680,0.06347,0.0638
208856439,209091187,1698043740,0.0638,0.06366
208931589,208976954,1698043800,0.06366,0.06365
208984326,209019303,1698043860,0.06366,0.06364
209028383,209075396,1698043920,0.06365,0.06355
209107651,209194417,1698043980,0.06355,0.06339
209051534,209144554,1698044040,0.06338,0.06343
209129741,209111876,1698044100,0.06343,0.06321
208045707,207818126,1698044160,0.06321,0.06314
207922209,207879179,1698044220,0.06314,0.06305
207830547,207308707,1698044280,0.06304,0.06291
207211637,207101318,1698044340,0.06292,0.06292
207282565,207303592,1698044400,0.06292,0.06297
207614030,207429312,1698044460,0.06298,0.06293
207390402,207593107,1698044520,0.06292,0.06302
207809129,207864718,1698044580,0.06302,0.06302
207979476,208015627,1698044640,0.06302,0.06301
208076539,208155500,1698044700,0.06301,0.06301
208186244,208595808,1698044760,0.06301,0.063
208683482,208510901,1698044820,0.063,0.06283
208807916,208819705,1698044880,0.06282,0.06286
208861684,209069185,1698044940,0.06286,0.06291
209292202,209292202,1698045000,0.06291,0.06267
209318116,209404509,1698045060,0.06268,0.06273
209779982,210772642,1698045120,0.06274,0.06277
211018249,211201823,1698045180,0.06277,0.06278
211355628,211525441,1698045240,0.06278,0.06271
211432710,211479351,1698045300,0.06272,0.06279
211637015,211830667,1698045360,0.0628,0.06294
211918489,212140487,1698045420,0.06293,0.06305
212590455,212877095,1698045480,0.06307,0.06321
213334971,213334971,1698045540,0.06322,0.06315
213669694,213629664,1698045600,0.06316,0.06315
213769377,213927319,1698045660,0.06316,0.06319
214264932,214709848,1698045720,0.0632,0.0632
214724398,214790560,1698045780,0.06319,0.06318
215054765,215405714,1698045840,0.06318,0.06324
215500182,215535559,1698045900,0.06323,0.06319
215370656,215416393,1698045960,0.0632,0.06316
215703924,215529832,1698046020,0.06316,0.06317
215554427,215588038,1698046080,0.06317,0.06312
215552737,215596098,1698046140,0.06312,0.06305
215706135,215918658,1698046200,0.06305,0.06312
216564563,216564563,1698046260,0.06313,0.06324
216730913,216961675,1698046320,0.06324,0.06333
217473387,217774650,1698046380,0.06333,0.06328
218023122,218292150,1698046440,0.06328,0.06337
218419531,218640297,1698046500,0.06338,0.06345
218750233,219077098,1698046560,0.06345,0.0635
219516457,219647256,1698046620,0.06351,0.06354
219705388,219767500,1698046680,0.06355,0.06348
220029290,220102081,1698046740,0.06348,0.06337
220499088,220464176,1698046800,0.06336,0.06337
220225737,220174339,1698046860,0.06336,0.06321
220204264,220134742,1698046920,0.06321,0.06309
220241878,220549965,1698046980,0.06309,0.06302
220664359,220580496,1698047040,0.06304,0.063
220826056,220970293,1698047100,0.06301,0.06312
221068238,221108081,1698047160,0.06311,0.06296
221220562,221279445,1698047220,0.06296,0.06295
221294834,221180044,1698047280,0.06295,0.06296
221151136,221231413,1698047340,0.06295,0.06302
221364672,221377916,1698047400,0.06302,0.06286
220919493,220919493,1698047460,0.06285,0.06282
220637461,220618640,1698047520,0.06283,0.06267
220501848,220278790,1698047580,0.06266,0.06256
220046313,220050950,1698047640,0.06256,0.06231
219977364,219871256,1698047700,0.06229,0.06246
219750529,219879584,1698047760,0.06245,0.06247
219997477,219988242,1698047820,0.06247,0.06245
220226157,220250171,1698047880,0.06244,0.06244
220180014,220351965,1698047940,0.06244,0.06265
220293642,220001329,1698048000,0.06264,0.06257
220009510,220028221,1698048060,0.06257,0.06244
219962664,219788965,1698048120,0.06243,0.06246
219471392,219370305,1698048180,0.06246,0.06237
219235813,216690075,1698048240,0.06236,0.0621
215768520,215381428,1698048300,0.0621,0.06209
215273176,215524055,1698048360,0.06208,0.06208
215289460,215259728,1698048420,0.06208,0.06217
215272882,215458620,1698048480,0.06218,0.06231
215334470,215352418,1698048540,0.06232,0.06231
215382053,215370927,1698048600,0.0623,0.06228
215416304,215416304,1698048660,0.06228,0.06218
215396280,215422908,1698048720,0.06217,0.06215
215424212,215424212,1698048780,0.06215,0.06213
215433344,215878298,1698048840,0.06213,0.0621
215854793,215821799,1698048900,0.06209,0.06211
215870758,215926455,1698048960,0.06211,0.06203
215790933,215996889,1698049020,0.06202,0.06204
216043495,216242353,1698049080,0.06203,0.06196
216272672,216492966,1698049140,0.06196,0.06201
216677730,216759659,1698049200,0.062,0.06206
216866607,216841470,1698049260,0.06206,0.06203
216892789,216784051,1698049320,0.06204,0.06205
216917496,216986145,1698049380,0.06205,0.06208
216991876,217100304,1698049440,0.06208,0.06212
217703523,217789311,1698049500,0.06212,0.06211
218018482,218136421,1698049560,0.06212,0.06217
218458372,218174948,1698049620,0.06218,0.06206
218334073,218456934,1698049680,0.06206,0.06202
218475000,218515470,1698049740,0.06202,0.06205
218555522,218562274,1698049800,0.06206,0.06208
218603470,218612427,1698049860,0.06208,0.06206
218601253,218736751,1698049920,0.06206,0.06203
218731289,218731289,1698049980,0.06202,0.06204
218742787,218785528,1698050040,0.06205,0.06208
218907061,218908497,1698050100,0.06208,0.06219
218858867,218887687,1698050160,0.06219,0.0622
218874670,218849382,1698050220,0.0622,0.06224
218835557,218832872,1698050280,0.06223,0.06221
218742426,218742426,1698050340,0.06221,0.06232
218721724,218766024,1698050400,0.06231,0.06232
218745462,218631610,1698050460,0.06232,0.06218
218704342,218723630,1698050520,0.06218,0.0622
218802802,218564025,1698050580,0.06221,0.06228
218544301,218586122,1698050640,0.06228,0.06228
218657671,218896827,1698050700,0.06229,0.06236
218943603,218937037,1698050760,0.06236,0.06239
218941650,218950395,1698050820,0.06238,0.06236
218923812,218951495,1698050880,0.06236,0.06235
218962001,218966720,1698050940,0.06235,0.06232
218948179,219154942,1698051000,0.06233,0.06228
219207499,219252337,1698051060,0.06228,0.06227
219170841,219303502,1698051120,0.06226,0.06225
219326477,219296129,1698051180,0.06226,0.06229
219327551,219440582,1698051240,0.06229,0.06239
219347228,219236173,1698051300,0.06239,0.06246
219224305,219150984,1698051360,0.06246,0.06251
218938026,218959251,1698051420,0.06251,0.06243
218942913,218982001,1698051480,0.06243,0.06245
218958346,219010948,1698051540,0.06246,0.06231
218989953,219202583,1698051600,0.06231,0.06202
219228510,219292802,1698051660,0.06203,0.06208
219325145,219372220,1698051720,0.06208,0.06207
219407864,219477208,1698051780,0.06207,0.06207
219491239,219527940,1698051840,0.06207,0.06218
219324800,219374268,1698051900,0.06217,0.06218
219412436,219485946,1698051960,0.06218,0.06221
219509551,219525776,1698052020,0.0622,0.06229
219522929,219363724,1698052080,0.06229,0.06228
219042324,219042324,1698052140,0.06228,0.06225
218802645,218763023,1698052200,0.06225,0.06221
218783052,218807112,1698052260,0.06221,0.06218
218819663,218823332,1698052320,0.06218,0.0622
218828647,218869982,1698052380,0.06218,0.06203
218946269,218945638,1698052440,0.06203,0.06216
218956185,218790805,1698052500,0.06215,0.06206
218783692,218967706,1698052560,0.06206,0.06221
218972756,219101817,1698052620,0.06221,0.06224
219097399,219056178,1698052680,0.06224,0.06224
219146327,219095723,1698052740,0.06224,0.06213
219103204,219069091,1698052800,0.06213,0.06209
219162216,219133311,1698052860,0.06208,0.06197
219070031,219149949,1698052920,0.06198,0.06194
219234542,219410900,1698052980,0.06195,0.06205
219664236,219704189,1698053040,0.06206,0.0621
219687712,219719412,1698053100,0.06209,0.06215
219759472,219759353,1698053160,0.06214,0.06203
219759205,219825298,1698053220,0.06204,0.06201
219617317,219547130,1698053280,0.06201,0.06196
219497071,219466549,1698053340,0.06196,0.06192
219528147,219505667,1698053400,0.06191,0.06191
219358776,219417202,1698053460,0.0619,0.06181
219371497,219233976,1698053520,0.06182,0.06188
219244819,219383649,1698053580,0.06187,0.06176
219421784,219421784,1698053640,0.06176,0.06175
219634620,219751929,1698053700,0.06175,0.06173
219782850,219764363,1698053760,0.06172,0.06178
219767669,219971228,1698053820,0.06177,0.06184
220060031,220311210,1698053880,0.06184,0.0619
220329125,220374844,1698053940,0.0619,0.0619
220414694,220545375,1698054000,0.06191,0.06181
220559760,220679279,1698054060,0.06182,0.06173
220759772,220945160,1698054120,0.06174,0.06187
221147614,221168198,1698054180,0.06187,0.06175
221213214,221242389,1698054240,0.06175,0.06174
221280289,221368051,1698054300,0.06173,0.06162
221050046,221100599,1698054360,0.06163,0.06153
221312838,221386507,1698054420,0.06152,0.06136
221299774,221647129,1698054480,0.06136,0.06149
221853439,221901883,1698054540,0.06148,0.06159
222059823,220898579,1698054600,0.06159,0.06176
220111543,220144791,1698054660,0.06177,0.06172
220051348,219953269,1698054720,0.06172,0.06178
219801909,219894240,1698054780,0.06178,0.06192
219165691,219246287,1698054840,0.06192,0.06188
219319877,219315663,1698054900,0.06188,0.06201
218678915,218403232,1698054960,0.062,0.06199
218549788,218504612,1698055020,0.06198,0.06196
218481958,218391284,1698055080,0.06195,0.06196
218500414,218491623,1698055140,0.06196,0.06197
218607845,218786960,1698055200,0.06197,0.062
218852279,218852279,1698055260,0.062,0.06203
218854669,218867657,1698055320,0.06203,0.0621
219168120,219168120,1698055380,0.06209,0.06206
219190764,219225977,1698055440,0.06205,0.06213
219217851,219298846,1698055500,0.06213,0.06221
219343552,219561354,1698055560,0.06221,0.06228
219442098,219409484,1698055620,0.06228,0.06228
219488399,219471153,1698055680,0.06228,0.06227
219427641,219432643,1698055740,0.06226,0.06231
219477936,219308097,1698055800,0.06231,0.06221
219283155,219259783,1698055860,0.06221,0.06231
219274982,219261458,1698055920,0.06231,0.0623
219248783,219247258,1698055980,0.0623,0.06226
219318432,219304895,1698056040,0.06226,0.06225
219299728,219614181,1698056100,0.06225,0.06226
219615873,219736856,1698056160,0.06226,0.06233
219655369,219632646,1698056220,0.06233,0.06231
219627411,219537162,1698056280,0.06232,0.06232
219603889,219613233,1698056340,0.06232,0.0624
219735618,219455336,1698056400,0.06241,0.0624
219395522,219304679,1698056460,0.0624,0.06239
219290292,219293472,1698056520,0.06238,0.06236
219323963,219430489,1698056580,0.06236,0.06238
219290866,219293757,1698056640,0.06238,0.06239
219305462,219305462,1698056700,0.06238,0.06238
219334278,219324890,1698056760,0.06238,0.06238
219330960,219336917,1698056820,0.06241,0.06242
219307693,219307693,1698056880,0.06241,0.06243
219284408,219293375,1698056940,0.06243,0.06247
219201382,219237932,1698057000,0.06247,0.06249
219241160,219458662,1698057060,0.0625,0.06252
219451311,219341585,1698057120,0.06251,0.06251
219312124,219266634,1698057180,0.06251,0.0625
219280705,219318150,1698057240,0.06249,0.0625
219279958,219294704,1698057300,0.06249,0.0625
219282542,219218749,1698057360,0.06249,0.06251
219340019,219397288,1698057420,0.0625,0.06249
219337616,219344256,1698057480,0.06249,0.0625
219317312,219227723,1698057540,0.0625,0.06258
219218147,219218147,1698057600,0.06258,0.06262
219202394,219187426,1698057660,0.06263,0.06264
219149539,219217152,1698057720,0.06263,0.06262
219185121,219301833,1698057780,0.06262,0.06265
219350212,219320736,1698057840,0.06266,0.06269
219318337,219354890,1698057900,0.06268,0.06274
219314651,219274657,1698057960,0.06274,0.06268
219226640,219258024,1698058020,0.06268,0.06272
219287635,219351359,1698058080,0.06272,0.06274
219335731,219344265,1698058140,0.06274,0.06274
219317451,219338089,1698058200,0.06273,0.06278
219202399,219206007,1698058260,0.06278,0.06276
219217633,219236858,1698058320,0.06276,0.06272
219276585,219322969,1698058380,0.06272,0.06272
219365079,219428835,1698058440,0.06273,0.06272
219444436,219403445,1698058500,0.06272,0.06271
219575101,219543832,1698058560,0.06272,0.06277
219267888,219707932,1698058620,0.06278,0.06281
219484014,219475448,1698058680,0.06281,0.06283
219417236,219417236,1698058740,0.06282,0.06288
219912870,219524984,1698058800,0.06288,0.06299
219806597,219908678,1698058860,0.06298,0.06302
219932560,219752013,1698058920,0.06302,0.06302
219630336,219844874,1698058980,0.06301,0.0633
220297999,220106776,1698059040,0.0633,0.0633
220114681,219999374,1698059100,0.06331,0.06335
219699604,220235357,1698059160,0.06335,0.06337
220249645,220251689,1698059220,0.06335,0.06336
220292304,220183498,1698059280,0.06335,0.06333
220086513,219757815,1698059340,0.06333,0.06329
219557448,219714347,1698059400,0.06329,0.06318
219694396,219676155,1698059460,0.06318,0.06323
219677961,219614964,1698059520,0.06322,0.06323
219694759,219691430,1698059580,0.06323,0.06323
219701390,219710480,1698059640,0.06322,0.06319
219744555,219731868,1698059700,0.06318,0.06323
219625076,219341768,1698059760,0.06324,0.06322
219312869,219342691,1698059820,0.06321,0.06323
219400297,219341609,1698059880,0.06323,0.06323
219331445,219319224,1698059940,0.06322,0.06321
219492319,219288218,1698060000,0.06322,0.0631
219308064,219308064,1698060060,0.06311,0.06308
219389019,219350810,1698060120,0.06308,0.06309
218986153,218914944,1698060180,0.06309,0.06305
218683494,218456584,1698060240,0.06305,0.06298
218182398,218066860,1698060300,0.06299,0.0631
218159038,218463948,1698060360,0.0631,0.06308
218446606,218287025,1698060420,0.06308,0.06309
218296566,218261404,1698060480,0.06309,0.06308
218271890,218367537,1698060540,0.06308,0.06308
217924658,217985562,1698060600,0.06307,0.06304
217899283,217900029,1698060660,0.06304,0.06305
217844709,217876641,1698060720,0.06305,0.06305
217876289,217832397,1698060780,0.06304,0.06302
217759490,217874659,1698060840,0.06303,0.06322
217833367,217867790,1698060900,0.06323,0.06329
217945398,217983420,1698060960,0.06328,0.06333
217982072,217969262,1698061020,0.06333,0.06333
217951808,217934859,1698061080,0.06333,0.06336
217903281,217872930,1698061140,0.06336,0.06333
217879399,217702789,1698061200,0.06332,0.06329
217722518,217720148,1698061260,0.06328,0.0633
217703343,217785590,1698061320,0.0633,0.06328
217683044,217696287,1698061380,0.06328,0.06326
217704737,217704737,1698061440,0.06327,0.06319
217744261,217757701,1698061500,0.06318,0.06312
217610237,217658315,1698061560,0.06314,0.06307
217647782,217628102,1698061620,0.06308,0.06313
217612148,217689560,1698061680,0.06315,0.06322
217897852,217914136,1698061740,0.06322,0.06317
217927247,217946652,1698061800,0.06317,0.06316
217931787,217990126,1698061860,0.06316,0.06313
218079064,218058798,1698061920,0.06313,0.06312
218037755,217973117,1698061980,0.06311,0.06305
217990927,217976206,1698062040,0.06306,0.06307
217903853,217919636,1698062100,0.06307,0.06304
217879196,217987058,1698062160,0.06306,0.06308
218047091,218061358,1698062220,0.06307,0.06303
218049560,217724141,1698062280,0.06303,0.06294
217859457,217808166,1698062340,0.06294,0.06292
217827978,217825178,1698062400,0.06293,0.06292
217799122,217880522,1698062460,0.06291,0.06292
217778231,217649117,1698062520,0.06293,0.06293
217665932,217641021,1698062580,0.06298,0.06288
217591648,217534819,1698062640,0.06288,0.06287
217374198,217411971,1698062700,0.06286,0.06288
217549173,217481077,1698062760,0.06288,0.06289
217345734,217362452,1698062820,0.0629,0.0628
217355131,217365026,1698062880,0.0628,0.06272
217267178,217278636,1698062940,0.06271,0.06276
217277290,217338715,1698063000,0.06275,0.06276
217345216,217345219,1698063060,0.06275,0.06276
217370028,217394425,1698063120,0.06276,0.06275
217481290,217417196,1698063180,0.06275,0.06277
217486301,217473845,1698063240,0.06278,0.06281
217474542,217474542,1698063300,0.0628,0.06281
217515149,217545381,1698063360,0.0628,0.06283
217555587,217546930,1698063420,0.06283,0.06292
217519837,217464140,1698063480,0.06291,0.06295
217506558,217478053,1698063540,0.06293,0.06284
217487159,217469763,1698063600,0.06283,0.0629
217599120,217766152,1698063660,0.0629,0.06296
218211119,218167036,1698063720,0.06295,0.06298
218126699,218102455,1698063780,0.06298,0.06301
218081570,218077198,1698063840,0.063,0.06297
218048320,218060520,1698063900,0.06297,0.06279
216216536,215835510,1698063960,0.06278,0.06276
215803776,215785015,1698064020,0.06275,0.06268
215852469,215847146,1698064080,0.06268,0.06272
215847906,215454577,1698064140,0.06273,0.06257
215464213,215517460,1698064200,0.06257,0.06267
215521728,215538302,1698064260,0.06267,0.06261
215540794,215502921,1698064320,0.06261,0.0626
215395375,215400649,1698064380,0.06259,0.06259
215398972,215198359,1698064440,0.06258,0.06271
215119750,215140062,1698064500,0.06266,0.06267
215069444,215015275,1698064560,0.06268,0.06268
215029936,214987669,1698064620,0.06267,0.06268
214950272,214921694,1698064680,0.06268,0.06266
214832670,214840430,1698064740,0.06266,0.06266
214855227,214855227,1698064800,0.06266,0.06269
214892871,214865697,1698064860,0.06269,0.06271
214899528,214844866,1698064920,0.06271,0.06271
214872861,214833196,1698064980,0.06271,0.06274
214835613,214638522,1698065040,0.06273,0.06273
214491736,214485851,1698065100,0.06273,0.06275
214479063,214443830,1698065160,0.06274,0.06269
214198159,214190965,1698065220,0.06269,0.0627
214194551,214211332,1698065280,0.0627,0.06276
214322787,214333150,1698065340,0.06277,0.06284
214424971,214512070,1698065400,0.06283,0.06289
214584843,214570609,1698065460,0.06289,0.06293
214583600,214773309,1698065520,0.06293,0.06298
214845547,214864091,1698065580,0.06297,0.0629
214895650,214883869,1698065640,0.06289,0.06293
214875328,214849378,1698065700,0.06292,0.06291
214847404,214863918,1698065760,0.06291,0.06292
214864315,214864315,1698065820,0.06291,0.06289
214863498,214903880,1698065880,0.06289,0.06289
214965976,214965976,1698065940,0.06289,0.06292
215155030,215125578,1698066000,0.06291,0.06289
215089725,214916806,1698066060,0.06288,0.06284
214881125,214899466,1698066120,0.06283,0.06286
214895825,214903506,1698066180,0.06286,0.06287
214923120,214852436,1698066240,0.06286,0.06287
214853200,214911085,1698066300,0.06286,0.0628
214902450,214521092,1698066360,0.0628,0.06277
214071572,214025918,1698066420,0.06276,0.06287
214088705,214161953,1698066480,0.06286,0.06285
214052453,214056507,1698066540,0.06286,0.06287
214120987,214269210,1698066600,0.06289,0.06294
214275504,214297298,1698066660,0.06294,0.06303
214298845,214381533,1698066720,0.06303,0.06303
214400026,214404982,1698066780,0.06302,0.06302
214404478,214408406,1698066840,0.06301,0.06295
214455256,214375254,1698066900,0.06294,0.06292
214323053,214303325,1698066960,0.06292,0.06297
214314204,214339829,1698067020,0.06296,0.06294
214241545,214331082,1698067080,0.06292,0.06293
214421244,214465880,1698067140,0.06293,0.06288
214596573,214649029,1698067200,0.06287,0.06294
214757489,214741504,1698067260,0.06294,0.06296
214800441,214835745,1698067320,0.06296,0.06283
214749734,214683339,1698067380,0.06282,0.06276
214441336,214441336,1698067440,0.06275,0.06275
214435670,214164436,1698067500,0.06275,0.06274
214169206,213864243,1698067560,0.06273,0.0627
213846734,213846734,1698067620,0.0627,0.06271
213699731,213708817,1698067680,0.06271,0.06266
213532598,213526982,1698067740,0.06265,0.06263
213242466,213101568,1698067800,0.06263,0.06261
212916911,212694245,1698067860,0.06262,0.06259
212490396,212456166,1698067920,0.06258,0.06242
212435969,212575585,1698067980,0.06242,0.06253
212394549,212195438,1698068040,0.06252,0.06242
212150986,212246132,1698068100,0.06241,0.06262
211974897,212015374,1698068160,0.06261,0.06246
212173334,212097842,1698068220,0.06248,0.06265
212174886,212104174,1698068280,0.06266,0.06238
211568289,211654613,1698068340,0.06239,0.06245
211583234,211576803,1698068400,0.06245,0.06246
211514399,211514399,1698068460,0.06246,0.0625
211608150,211501535,1698068520,0.06251,0.0625
211499484,211499484,1698068580,0.06249,0.06255
211516801,211434894,1698068640,0.06255,0.06246
211491204,211497261,1698068700,0.06246,0.06257
211545554,211474261,1698068760,0.06257,0.06252
211412548,211411783,1698068820,0.0625,0.06249
211410757,211479670,1698068880,0.06249,0.06256
211482020,211434643,1698068940,0.06256,0.06255
211411891,211449049,1698069000,0.06254,0.06249
211459655,211084941,1698069060,0.06248,0.0625
211073774,211063821,1698069120,0.06249,0.06252
210996487,210962705,1698069180,0.06252,0.06251
210948520,210873907,1698069240,0.0625,0.0625
210910487,210866964,1698069300,0.06251,0.06264
210917514,210918409,1698069360,0.06264,0.06269
210836000,210841970,1698069420,0.06269,0.06275
210845707,210858570,1698069480,0.06275,0.06276
210997233,211094475,1698069540,0.06276,0.06279
211087370,211116197,1698069600,0.0628,0.06281
211118144,211075615,1698069660,0.06282,0.06285
210981041,210983654,1698069720,0.06284,0.06283
210961414,210973645,1698069780,0.06282,0.06289
211149053,211158910,1698069840,0.06289,0.06294
211108534,211080279,1698069900,0.06294,0.06304
211087383,211077241,1698069960,0.06304,0.06299
211088257,211082977,1698070020,0.06299,0.06304
211122355,211122355,1698070080,0.06304,0.06307
211116159,211130970,1698070140,0.06307,0.06304
211119564,211125674,1698070200,0.06304,0.06302
211130765,211153740,1698070260,0.06301,0.06297
211125214,211352011,1698070320,0.06297,0.06279
210860451,210884350,1698070380,0.06279,0.06283
210497228,210500798,1698070440,0.06284,0.06285
210499742,210504087,1698070500,0.06284,0.06283
210480093,210419353,1698070560,0.06283,0.06283
210373929,210365075,1698070620,0.06283,0.06282
210444209,210460588,1698070680,0.06282,0.06283
210471545,210493374,1698070740,0.06282,0.06289
210480667,210465338,1698070800,0.06289,0.06281
210464576,210471433,1698070860,0.06281,0.06273
210474133,210573018,1698070920,0.06274,0.06278
210567599,210576614,1698070980,0.06277,0.06281
210568003,210558599,1698071040,0.06282,0.0628
210583171,210602301,1698071100,0.0628,0.06285
210590210,210595105,1698071160,0.06285,0.06291
210580695,210546844,1698071220,0.06291,0.06282
210549488,210561970,1698071280,0.06281,0.0628
210551301,210579372,1698071340,0.06279,0.06284
210587706,210602591,1698071400,0.06283,0.06281
210568542,210548264,1698071460,0.0628,0.06282
210573672,210563886,1698071520,0.06281,0.06278
210542880,210560962,1698071580,0.06276,0.06276
210572756,210577644,1698071640,0.06275,0.06275
210586173,210586173,1698071700,0.06275,0.06272
210589620,210424106,1698071760,0.06273,0.06276
210443201,210506272,1698071820,0.06275,0.06273
210464691,210405667,1698071880,0.06272,0.06278
210367377,210375710,1698071940,0.06279,0.06282
210363053,210330525,1698072000,0.06282,0.06288
210363657,210392359,1698072060,0.06288,0.0629
210405846,210406741,1698072120,0.06291,0.06301
210347670,210330796,1698072180,0.063,0.06296
210335948,210553633,1698072240,0.06294,0.06308
210512206,210447570,1698072300,0.06308,0.06294
210390663,210429296,1698072360,0.06295,0.06297
210524288,210409506,1698072420,0.06298,0.06303
209453848,209222929,1698072480,0.06303,0.06305
209075985,209007534,1698072540,0.06305,0.06304
209064410,208900193,1698072600,0.06304,0.0631
208843017,208684313,1698072660,0.06309,0.06313
208610756,208508609,1698072720,0.06313,0.06321
208489086,208096567,1698072780,0.0632,0.0633
207829793,207100857,1698072840,0.06329,0.06326
207075123,207141407,1698072900,0.06327,0.0632
207168479,207060650,1698072960,0.0632,0.06312
206977753,206987073,1698073020,0.06312,0.06307
207038339,207025473,1698073080,0.06306,0.06307
207023779,207019048,1698073140,0.06306,0.06304
206993062,207005866,1698073200,0.06304,0.06303
207004617,207004617,1698073260,0.06302,0.06306
206996449,207059124,1698073320,0.06305,0.06307
207047380,207097112,1698073380,0.06307,0.06298
207016330,207015926,1698073440,0.06297,0.06289
206967730,206987005,1698073500,0.06288,0.06292
206994050,206845635,1698073560,0.06293,0.06267
205661120,205628853,1698073620,0.06267,0.06279
205525101,205400057,1698073680,0.06279,0.06285
205096840,204939999,1698073740,0.06285,0.06285
204899730,204973170,1698073800,0.06284,0.06293
204917194,204887987,1698073860,0.06293,0.06296
204640850,204533425,1698073920,0.06296,0.06295
204507851,204639588,1698073980,0.06294,0.06293
204513534,204453293,1698074040,0.06292,0.06293
204425359,204422004,1698074100,0.06293,0.06294
204336798,204310737,1698074160,0.06295,0.06285
204062162,204000569,1698074220,0.06284,0.06286
203981266,204006704,1698074280,0.06286,0.0628
204208231,205486362,1698074340,0.0628,0.06324
206146240,206041165,1698074400,0.06325,0.06304
206137980,206237296,1698074460,0.06304,0.06316
206389751,206364114,1698074520,0.06317,0.06326
206116219,206239143,1698074580,0.06327,0.06323
206268186,206307742,1698074640,0.06322,0.06323
207102078,207357426,1698074700,0.06323,0.06349
207191774,207256953,1698074760,0.06349,0.06343
207311283,207471692,1698074820,0.06344,0.06361
207655801,207710542,1698074880,0.0636,0.06345
207509952,207529678,1698074940,0.06345,0.06351
207896245,207929061,1698075000,0.06352,0.06353
207957733,207896555,1698075060,0.06354,0.06354
207720841,207596614,1698075120,0.06354,0.06329
207462040,207445712,1698075180,0.06329,0.06327
207429524,207429524,1698075240,0.06327,0.06336
207361342,207376476,1698075300,0.06336,0.06338
207314894,207358119,1698075360,0.06338,0.0633
207201820,207172279,1698075420,0.0633,0.06335
207517644,207607310,1698075480,0.06335,0.06352
207435831,207195115,1698075540,0.06353,0.06337
207226414,207243655,1698075600,0.06336,0.06337
207191248,207193839,1698075660,0.06337,0.06342
207195000,207285016,1698075720,0.06342,0.06347
207346509,207288814,1698075780,0.06347,0.06348
207289138,207230420,1698075840,0.06348,0.06337
207206876,207259880,1698075900,0.06338,0.06335
207330008,207321087,1698075960,0.06336,0.06337
207182029,207204442,1698076020,0.06337,0.06334
207042476,207012798,1698076080,0.06334,0.0634
207015385,207052337,1698076140,0.0634,0.06341
207146441,207255699,1698076200,0.0634,0.06347
207307930,207175992,1698076260,0.06347,0.06347
207231456,207261292,1698076320,0.06346,0.06346
207158679,207131545,1698076380,0.06346,0.06345
207032286,207070844,1698076440,0.06345,0.06333
207114461,207045988,1698076500,0.06333,0.06329
206799451,206890123,1698076560,0.06326,0.06334
206999839,206999839,1698076620,0.06334,0.06351
207100884,206918447,1698076680,0.06351,0.06347
206834682,206901868,1698076740,0.06348,0.06349
206931244,206292644,1698076800,0.06349,0.06336
206284247,206280654,1698076860,0.06338,0.06336
206206501,206138655,1698076920,0.06337,0.0633
206139663,206098248,1698076980,0.0633,0.06327
206069188,206106059,1698077040,0.06328,0.06329
206215533,206255896,1698077100,0.0633,0.06342
206262502,206351853,1698077160,0.06341,0.06348
206144866,206045461,1698077220,0.06348,0.06366
206070195,206059748,1698077280,0.06366,0.06373
206042695,205990415,1698077340,0.06373,0.06375
206178730,206132178,1698077400,0.06376,0.06381
205884026,205832555,1698077460,0.06381,0.06364
205940506,206141377,1698077520,0.06363,0.06372
206100631,206126692,1698077580,0.06372,0.06366
206164810,206055013,1698077640,0.06366,0.06373
206351002,206342134,1698077700,0.06372,0.06381
206323388,206323388,1698077760,0.06382,0.06371
206299885,206291104,1698077820,0.06371,0.0637
206236469,206318686,1698077880,0.06369,0.06366
206337934,206415264,1698077940,0.06366,0.06375
206471082,206449516,1698078000,0.06374,0.06371
206415778,206415778,1698078060,0.0637,0.06358
206347022,206446960,1698078120,0.06359,0.06357
206357228,206338723,1698078180,0.06356,0.06353
206342583,206392084,1698078240,0.06353,0.06352
206381149,206071114,1698078300,0.06353,0.06339
205931641,205930572,1698078360,0.0634,0.06332
205911453,205975078,1698078420,0.06332,0.06335
205995150,205999234,1698078480,0.06335,0.06328
205992458,205134404,1698078540,0.06329,0.06314
205156340,205368762,1698078600,0.06314,0.06328
205270787,205201707,1698078660,0.06328,0.06314
205079909,205009908,1698078720,0.06314,0.06328
205084909,205071297,1698078780,0.06327,0.06329
205062410,205062410,1698078840,0.06329,0.06329
205098704,205142933,1698078900,0.06329,0.0633
205071782,205026300,1698078960,0.0633,0.06343
205047375,205029201,1698079020,0.06343,0.0635
205059901,205048321,1698079080,0.0635,0.06352
205078399,205108732,1698079140,0.06353,0.06356
204926876,204926876,1698079200,0.06356,0.06346
204968359,204991143,1698079260,0.06345,0.06351
204943747,204774934,1698079320,0.06351,0.06359
204682132,204593957,1698079380,0.0636,0.0636
204422448,204422448,1698079440,0.06362,0.06361
204450465,204478479,1698079500,0.06362,0.06356
204494826,204463570,1698079560,0.06357,0.06365
204492208,204448001,1698079620,0.06364,0.06362
204376181,204383270,1698079680,0.06363,0.06365
204318017,204359122,1698079740,0.06366,0.06377
204169857,204181861,1698079800,0.06378,0.06371
204108654,204090811,1698079860,0.06372,0.06365
204090534,204115330,1698079920,0.06365,0.06372
204133862,204086875,1698079980,0.06373,0.06375
204082162,204097531,1698080040,0.06376,0.06376
204122818,204099775,1698080100,0.06377,0.06383
204145649,204112732,1698080160,0.06384,0.06384
204222009,204242689,1698080220,0.06385,0.0638
204246167,204195716,1698080280,0.06381,0.06379
204318467,204259463,1698080340,0.0638,0.06376
204184507,204171860,1698080400,0.06378,0.06372
204001395,204033654,1698080460,0.06365,0.06353
203944149,204204190,1698080520,0.06352,0.06353
204197156,204197156,1698080580,0.06353,0.06339
204330662,204307574,1698080640,0.06339,0.06347
204405763,204413774,1698080700,0.06348,0.06369
204423035,204399680,1698080760,0.06368,0.06363
204393082,204360686,1698080820,0.06363,0.06375
204385961,204371891,1698080880,0.06375,0.06364
204386487,204381893,1698080940,0.06364,0.06369
204374954,204400223,1698081000,0.06369,0.06369
204446421,204281729,1698081060,0.06369,0.06382
204634753,204631080,1698081120,0.06381,0.06365
204675543,204667790,1698081180,0.06365,0.06365
204725073,204724940,1698081240,0.06366,0.06373
204579816,204454294,1698081300,0.06373,0.06354
204458286,204421738,1698081360,0.06354,0.06348
204470094,204535472,1698081420,0.06347,0.06354
204544678,204527515,1698081480,0.06353,0.06353
204537864,204682897,1698081540,0.06353,0.06344
204678578,204713947,1698081600,0.06344,0.06341
204799848,204655686,1698081660,0.06341,0.06334
204610492,204826106,1698081720,0.06335,0.06328
204837639,204913442,1698081780,0.06328,0.06324
204974322,204974322,1698081840,0.06325,0.06329
204953964,204953022,1698081900,0.06329,0.06317
204842329,205035127,1698081960,0.06317,0.06309
204811199,204853152,1698082020,0.06308,0.06321
204990621,204786771,1698082080,0.06319,0.06307
204539590,204707530,1698082140,0.06308,0.06303
204810625,204865136,1698082200,0.06303,0.06312
205167526,205205727,1698082260,0.0631,0.06325
205209441,205472247,1698082320,0.06324,0.06324
205476734,205439355,1698082380,0.06325,0.06327
205450927,205456706,1698082440,0.06326,0.06327
205444696,205684157,1698082500,0.06327,0.06333
205791962,205550537,1698082560,0.06334,0.06341
205534951,205524531,1698082620,0.06341,0.06341
205586519,205590010,1698082680,0.0634,0.06341
205575191,205546613,1698082740,0.06341,0.06338
205472167,205457356,1698082800,0.06338,0.06346
205236788,205250680,1698082860,0.06346,0.06351
205262586,205220374,1698082920,0.06351,0.0635
205325024,205318800,1698082980,0.06351,0.06353
205322997,205335183,1698083040,0.06352,0.06347
205341125,205373714,1698083100,0.06348,0.06351
205378528,205388092,1698083160,0.06351,0.06346
205387192,205392419,1698083220,0.06346,0.06349
205403212,205464253,1698083280,0.06349,0.06356
205410259,205410259,1698083340,0.06355,0.06364
205386466,205100467,1698083400,0.06364,0.06353
205132980,205132980,1698083460,0.06353,0.06356
205131694,205133282,1698083520,0.06356,0.06359
205247819,205247819,1698083580,0.06359,0.06355
205221536,205212644,1698083640,0.06356,0.06362
205215537,205241338,1698083700,0.06362,0.0636
205234833,205130630,1698083760,0.06359,0.06357
205451184,205454490,1698083820,0.06356,0.06354
205411108,205404737,1698083880,0.06354,0.06344
205142155,205122039,1698083940,0.06344,0.06342
205102853,205093078,1698084000,0.06343,0.06346
205058027,205079203,1698084060,0.06346,0.06358
205049290,205042156,1698084120,0.06358,0.06356
204941560,204944194,1698084180,0.06357,0.06362
204977536,205017612,1698084240,0.06362,0.06362
205028525,205233296,1698084300,0.06367,0.06367
205336258,205336862,1698084360,0.06367,0.06367
205356205,205367905,1698084420,0.06367,0.06367
205437483,205355426,1698084480,0.06367,0.06363
205345900,205334635,1698084540,0.06364,0.06366
205320889,205320889,1698084600,0.06366,0.06369
205392464,205402131,1698084660,0.0637,0.06372
205395901,205395901,1698084720,0.06372,0.06391
205713802,205712952,1698084780,0.06391,0.06385
205722872,205673148,1698084840,0.06385,0.06387
205892890,205933406,1698084900,0.06388,0.06383
205920209,205896846,1698084960,0.06382,0.06371
205898885,205881840,1698085020,0.06371,0.06372
205909882,205895851,1698085080,0.06372,0.06368
205935093,205916883,1698085140,0.06367,0.06367
205873236,205742329,1698085200,0.06367,0.06362
205746885,205756334,1698085260,0.06362,0.06365
205767337,205769066,1698085320,0.06364,0.06363
205447781,205462767,1698085380,0.06363,0.06357
205469447,205471786,1698085440,0.06358,0.06359
205484311,205497371,1698085500,0.06359,0.06356
205494031,205574753,1698085560,0.06356,0.06348
205558086,205663387,1698085620,0.06347,0.06346
205672490,205287346,1698085680,0.06346,0.06332
205287185,205208432,1698085740,0.06332,0.06332
205271674,205303688,1698085800,0.06332,0.06336
205274377,205460867,1698085860,0.06336,0.06343
205477931,205516614,1698085920,0.06342,0.06344
205429514,205449185,1698085980,0.06343,0.06343
205407149,205468252,1698086040,0.06342,0.06332
205471404,205499505,1698086100,0.06332,0.06334
205517760,205516182,1698086160,0.06335,0.06339
205542250,205508961,1698086220,0.06339,0.06338
205527203,205527203,1698086280,0.06338,0.0634
205639648,205695758,1698086340,0.06339,0.06347
205686554,205675518,1698086400,0.06347,0.06339
205691827,205691827,1698086460,0.06339,0.0634
205707917,206026834,1698086520,0.0634,0.06344
206068070,206068070,1698086580,0.06345,0.06346
206078381,205910814,1698086640,0.06346,0.06333
206283042,206243150,1698086700,0.06333,0.06328
206191794,206249761,1698086760,0.06328,0.06342
206133998,206206165,1698086820,0.06342,0.06353
206225821,206175556,1698086880,0.06353,0.06346
206151233,206070698,1698086940,0.06346,0.06343
206014740,205994620,1698087000,0.06342,0.0635
206034449,206032675,1698087060,0.06349,0.06347
206034352,206034007,1698087120,0.06347,0.06353
205990113,205963318,1698087180,0.06352,0.06362
205930864,205885446,1698087240,0.06362,0.06364
205852410,206030278,1698087300,0.06365,0.06365
206071429,206088225,1698087360,0.06365,0.06363
206105169,206118129,1698087420,0.06363,0.06366
206123514,206095213,1698087480,0.06367,0.06365
206071512,206073359,1698087540,0.06366,0.06365
206077144,206107411,1698087600,0.06364,0.06364
206253329,206110436,1698087660,0.06365,0.06375
206085293,206038312,1698087720,0.06376,0.06381
206141489,206211661,1698087780,0.0638,0.06376
206200342,206125473,1698087840,0.06378,0.06381
206064062,206064062,1698087900,0.06382,0.06373
206073826,206059739,1698087960,0.06374,0.0637
206064300,205846469,1698088020,0.0637,0.0637
205742169,205633961,1698088080,0.0637,0.06362
205616155,205526758,1698088140,0.06361,0.06363
205255901,205279375,1698088200,0.06363,0.06368
205294404,205306043,1698088260,0.06368,0.06372
205218493,205220387,1698088320,0.06373,0.06378
205227987,205228674,1698088380,0.06379,0.0638
205283984,205241929,1698088440,0.0638,0.06383
205284449,205139778,1698088500,0.06383,0.06383
205142887,205086666,1698088560,0.06383,0.06388
205076647,205145384,1698088620,0.06388,0.06382
205127935,205102465,1698088680,0.06383,0.06379
205035763,204961978,1698088740,0.06379,0.06368
204965887,204957115,1698088800,0.06366,0.06371
204958618,204975918,1698088860,0.0637,0.06371
204956742,204994739,1698088920,0.0637,0.06368
204994198,204799021,1698088980,0.06369,0.06361
204783745,204802497,1698089040,0.06359,0.06353
204809054,204990911,1698089100,0.06354,0.06365
205042236,205153098,1698089160,0.06365,0.06367
205124500,205213339,1698089220,0.06366,0.06371
205192663,205139674,1698089280,0.0637,0.06368
205129863,205132267,1698089340,0.06367,0.06366
205131995,205044793,1698089400,0.06366,0.06361
205009650,204984336,1698089460,0.06362,0.06367
205091551,205120361,1698089520,0.06367,0.06368
205051433,205177249,1698089580,0.06367,0.06369
205137709,205166621,1698089640,0.06369,0.06385
205276825,205276825,1698089700,0.06386,0.06386
205226825,205283817,1698089760,0.06386,0.06387
205272845,205146736,1698089820,0.06386,0.06384
205010786,205057252,1698089880,0.06385,0.06385
205092837,205176648,1698089940,0.06385,0.06388
205150805,205174763,1698090000,0.06387,0.06386
205252208,205413132,1698090060,0.06387,0.06393
205483948,205542428,1698090120,0.06393,0.06394
205553990,205561923,1698090180,0.06393,0.06392
205581912,205561332,1698090240,0.06393,0.06393
205557326,205560284,1698090300,0.06393,0.06397
205556722,205505559,1698090360,0.06397,0.06396
205503153,205544037,1698090420,0.06396,0.06397
205537018,205516731,1698090480,0.06398,0.06397
205537561,205553985,1698090540,0.06397,0.06396
205561124,205436671,1698090600,0.06396,0.06385
205476796,205877974,1698090660,0.06385,0.06396
206128761,206125642,1698090720,0.06396,0.06399
206095114,206063222,1698090780,0.064,0.06396
206062268,206094359,1698090840,0.06396,0.06393
206083742,206063077,1698090900,0.06394,0.06394
206269155,206347953,1698090960,0.06394,0.06398
206393051,206358665,1698091020,0.06399,0.06397
206405630,206430672,1698091080,0.06397,0.06395
206340690,206321170,1698091140,0.06395,0.06391
206435210,206554545,1698091200,0.0639,0.06399
206546569,206546569,1698091260,0.06399,0.06391
206467487,206509565,1698091320,0.06392,0.06399
206471769,206457195,1698091380,0.064,0.0639
206202400,206202400,1698091440,0.0639,0.06394
205786337,205768788,1698091500,0.06393,0.0639
205783943,205727043,1698091560,0.0639,0.06399
205677364,205624638,1698091620,0.06399,0.06391
205604578,205673273,1698091680,0.0639,0.06394
205723852,205703872,1698091740,0.06395,0.06394
205699700,205748666,1698091800,0.06394,0.06398
205769535,205895538,1698091860,0.06398,0.06407
206755231,206996524,1698091920,0.06407,0.06422
207097822,207133866,1698091980,0.06421,0.0641
207111349,207098871,1698092040,0.0641,0.06413
207092135,207080835,1698092100,0.06412,0.06409
207081530,207163993,1698092160,0.06409,0.06411
207126380,207241740,1698092220,0.06411,0.06416
207229084,207238145,1698092280,0.06416,0.06415
207277455,207299251,1698092340,0.06416,0.0642
207068144,207107366,1698092400,0.0642,0.06414
207116241,207043633,1698092460,0.06414,0.06402
206982212,207034251,1698092520,0.06403,0.06409
207211492,207231466,1698092580,0.0641,0.06423
207265539,207323829,1698092640,0.06422,0.06418
207379369,207397396,1698092700,0.06418,0.06414
207391237,207397312,1698092760,0.06414,0.06411
207475959,207436555,1698092820,0.0641,0.064
207390187,207365732,1698092880,0.064,0.06403
207343144,207290166,1698092940,0.06403,0.06399
207328784,207328784,1698093000,0.06399,0.06406
207366088,207312391,1698093060,0.06406,0.06402
207233168,207233168,1698093120,0.06403,0.06403
207231838,207235100,1698093180,0.06403,0.06412
207176255,207160066,1698093240,0.06412,0.06407
207168935,207311083,1698093300,0.06407,0.06418
207300735,207273371,1698093360,0.06419,0.06424
207429238,207406116,1698093420,0.06424,0.06427
207079563,206813478,1698093480,0.06427,0.06435
206407329,205742936,1698093540,0.06436,0.06439
205690757,205542298,1698093600,0.06439,0.06431
205534335,205657299,1698093660,0.06433,0.06432
205579752,205551415,1698093720,0.06431,0.06429
205600499,205369067,1698093780,0.06428,0.06418
205252090,205131561,1698093840,0.06418,0.06412
205148603,205018754,1698093900,0.06412,0.06406
204952795,204877253,1698093960,0.06405,0.06406
204866490,204864598,1698094020,0.06406,0.06412
204822452,204833989,1698094080,0.06412,0.0641
204866233,204907955,1698094140,0.0641,0.06404
204902995,204796912,1698094200,0.06403,0.06405
204659249,203834634,1698094260,0.06404,0.06389
203691291,203650032,1698094320,0.06388,0.06386
203477524,203059501,1698094380,0.06385,0.0639
203048660,203048660,1698094440,0.06389,0.06397
203023468,203029660,1698094500,0.06396,0.064
203015289,202929334,1698094560,0.06399,0.06405
202854677,202869319,1698094620,0.06405,0.06403
202886275,202871469,1698094680,0.06403,0.06403
202843734,202820088,1698094740,0.06402,0.06405
202820193,202852544,1698094800,0.06405,0.06416
202875335,202860309,1698094860,0.06414,0.06419
202898414,202823143,1698094920,0.06418,0.06417
202834156,202818647,1698094980,0.06418,0.0641
203764047,204310374,1698095040,0.06411,0.06406
204279352,204240716,1698095100,0.06407,0.06392
204121700,204056604,1698095160,0.06391,0.06393
203982783,204025891,1698095220,0.06393,0.06394
204014701,204014716,1698095280,0.06394,0.06389
203951865,203984944,1698095340,0.06387,0.06387
203944293,203876544,1698095400,0.06386,0.06387
203689344,203607742,1698095460,0.06386,0.06378
203587628,203670599,1698095520,0.06379,0.06383
203642669,203654693,1698095580,0.06383,0.06377
203700371,203710002,1698095640,0.06377,0.06389
203703941,203561475,1698095700,0.06389,0.06377
203562364,203589972,1698095760,0.06376,0.06376
203513646,203575892,1698095820,0.06376,0.06387
203530805,203494285,1698095880,0.06386,0.06393
203526194,203373370,1698095940,0.06393,0.06392
203378133,203393180,1698096000,0.06392,0.06389
203403009,203402476,1698096060,0.0639,0.06387
203393820,203446895,1698096120,0.06387,0.06384
203447992,203408133,1698096180,0.06385,0.06388
203393214,203393214,1698096240,0.06388,0.06389
203392384,203402528,1698096300,0.06389,0.064
203458883,203444710,1698096360,0.06399,0.06396
203445390,203463356,1698096420,0.06396,0.06396
203284112,203282911,1698096480,0.06396,0.06399
203287325,203288675,1698096540,0.06398,0.06397
203298080,203289143,1698096600,0.06396,0.06397
203341292,203345292,1698096660,0.06397,0.06398
203311093,203279857,1698096720,0.06397,0.06396
203294987,203304626,1698096780,0.06395,0.06398
203329394,203335926,1698096840,0.06398,0.06409
203472353,203383834,1698096900,0.06409,0.06411
203310926,203329121,1698096960,0.06411,0.06409
203329818,203333311,1698097020,0.06409,0.06413
203337345,203372873,1698097080,0.06413,0.06412
203355983,203353293,1698097140,0.06413,0.06418
203278134,203310032,1698097200,0.06417,0.06414
203314511,203301919,1698097260,0.06414,0.06412
203302605,203275795,1698097320,0.06413,0.06411
203273613,203280439,1698097380,0.0641,0.0641
203290211,203286635,1698097440,0.06411,0.06412
203287166,203262387,1698097500,0.06412,0.06415
203307849,203307093,1698097560,0.06416,0.06418
203279400,203279400,1698097620,0.06418,0.06418
203264803,203286288,1698097680,0.06416,0.06418
203286178,203286178,1698097740,0.06419,0.06417
203245705,203472434,1698097800,0.06418,0.06428
203456910,203423189,1698097860,0.06428,0.0643
203481156,203481156,1698097920,0.06429,0.06429
203311080,203316479,1698097980,0.06429,0.06428
203306295,203200987,1698098040,0.06427,0.06427
203199993,203387092,1698098100,0.06426,0.06426
203376647,203402586,1698098160,0.06425,0.06427
203406334,203357639,1698098220,0.06427,0.06425
203319681,203303212,1698098280,0.06425,0.06425
203222722,203180286,1698098340,0.06424,0.06422
203118738,203060762,1698098400,0.06422,0.06421
203047164,202989524,1698098460,0.0642,0.06418
203023271,202865982,1698098520,0.06418,0.06414
202816676,202797552,1698098580,0.06414,0.06414
202816039,202808081,1698098640,0.06415,0.06415
202807048,202811396,1698098700,0.06414,0.06411
202795881,202808493,1698098760,0.06411,0.06416
202815243,202809243,1698098820,0.06417,0.06419
202743042,202741155,1698098880,0.06419,0.06424
202719032,202570673,1698098940,0.06424,0.06421
202606895,202608727,1698099000,0.06421,0.06422
202701849,202706712,1698099060,0.06422,0.06427
202666328,202661564,1698099120,0.06427,0.06437
202606229,202586265,1698099180,0.06437,0.06429
202587086,202587086,1698099240,0.06429,0.0643
202582578,202654495,1698099300,0.0643,0.06428
202607086,202595671,1698099360,0.06429,0.06433
202673354,202673354,1698099420,0.06434,0.06434
202670852,202510951,1698099480,0.06433,0.06433
202472964,202466225,1698099540,0.06434,0.06434
202461515,202398264,1698099600,0.06434,0.06433
202363941,202298952,1698099660,0.06431,0.0642
202215826,202251061,1698099720,0.06418,0.06429
202277683,202288429,1698099780,0.0643,0.06425
202282468,202205319,1698099840,0.06424,0.06428
202198628,202166629,1698099900,0.06427,0.06421
202132128,202161826,1698099960,0.06421,0.06431
202137891,202186144,1698100020,0.06432,0.06428
202062615,202015948,1698100080,0.06428,0.06436
201985238,202040640,1698100140,0.06436,0.06441
201983772,201958097,1698100200,0.06442,0.06437
201905486,201990036,1698100260,0.06437,0.06439
202177635,202110791,1698100320,0.06439,0.06436
202148011,202143624,1698100380,0.06436,0.06431
202171402,202280688,1698100440,0.06431,0.06429
202325378,202364192,1698100500,0.06428,0.06432
202327664,202358881,1698100560,0.06432,0.06437
202259959,202238411,1698100620,0.06436,0.06433
202039218,202143625,1698100680,0.06434,0.06442
202153253,202195579,1698100740,0.06442,0.06451
202221560,202352970,1698100800,0.0645,0.0646
202153959,202153959,1698100860,0.0646,0.06516
202136994,201564965,1698100920,0.06518,0.06531
200891562,200741638,1698100980,0.06526,0.06539
200550028,200748784,1698101040,0.06544,0.06495
200760497,200942352,1698101100,0.065,0.06476
200748339,200449019,1698101160,0.06476,0.06477
199942116,199842171,1698101220,0.06475,0.06451
199216011,199082271,1698101280,0.0645,0.06482
199065288,199124785,1698101340,0.06483,0.06496
199098529,199047723,1698101400,0.06497,0.06492
199020322,198993744,1698101460,0.06495,0.06506
198985515,198990483,1698101520,0.06505,0.06509
198943740,198954751,1698101580,0.0651,0.0651
198936868,199010405,1698101640,0.06509,0.06519
198883750,198939747,1698101700,0.06519,0.06535
199236798,199309545,1698101760,0.06534,0.06533
199153387,199112328,1698101820,0.06533,0.06531
199169792,198936088,1698101880,0.06529,0.06544
198173303,197207510,1698101940,0.06544,0.06576
197332718,197425971,1698102000,0.06577,0.0661
197194098,197072586,1698102060,0.06605,0.06569
196895959,196785060,1698102120,0.0657,0.0656
196727588,196690944,1698102180,0.0656,0.06557
196630933,196786308,1698102240,0.06556,0.06583
196624063,196780487,1698102300,0.06583,0.06564
196669842,196631905,1698102360,0.06565,0.06571
196718201,196718201,1698102420,0.0657,0.06559
196701158,196452059,1698102480,0.06558,0.06556
196417890,196456245,1698102540,0.06556,0.06551
196551513,196551513,1698102600,0.06551,0.06508
196096511,196164268,1698102660,0.06506,0.06508
195640996,195641370,1698102720,0.06508,0.0653
195727154,195760243,1698102780,0.06529,0.06541
195500334,195478821,1698102840,0.06541,0.06541
195533425,195562086,1698102900,0.06541,0.06545
195524880,195419066,1698102960,0.06543,0.06557
195464841,195438555,1698103020,0.06557,0.06553
195424971,195589587,1698103080,0.06554,0.06556
195661530,195598019,1698103140,0.06556,0.06557
195584405,195589223,1698103200,0.06559,0.06554
195578331,195600744,1698103260,0.06554,0.06549
195556244,195462070,1698103320,0.06551,0.0656
195498175,195753138,1698103380,0.06561,0.06574
195912139,196085994,1698103440,0.06573,0.06566
196070225,195962551,1698103500,0.06567,0.06562
195999173,195981094,1698103560,0.06562,0.06566
195987348,196095098,1698103620,0.06564,0.06567
195705750,195517142,1698103680,0.06566,0.06578
195484267,195514931,1698103740,0.06579,0.06583
195517980,195476529,1698103800,0.06584,0.06576
195454276,195377653,1698103860,0.06577,0.06591
195471191,195496686,1698103920,0.06591,0.06584
195584332,195584332,1698103980,0.06583,0.06593
195712417,195937339,1698104040,0.06592,0.06586
195948529,195935548,1698104100,0.06586,0.06571
195948260,196084121,1698104160,0.0657,0.06577
196095520,196100319,1698104220,0.06578,0.06569
196019352,195922377,1698104280,0.06568,0.06564
195923149,195947519,1698104340,0.06565,0.06562
195459187,195611274,1698104400,0.06557,0.06558
195643248,195652275,1698104460,0.06558,0.06571
195613588,195567081,1698104520,0.06571,0.06575
195508261,195391142,1698104580,0.06575,0.06583
195378478,195447907,1698104640,0.06582,0.0658
195512005,195583381,1698104700,0.0658,0.06587
195664796,195760325,1698104760,0.06586,0.06587
195768595,195976869,1698104820,0.06586,0.06588
195985259,196053468,1698104880,0.06587,0.06594
196079817,196117060,1698104940,0.06594,0.06593
196018566,196023708,1698105000,0.06592,0.06587
195738600,195687108,1698105060,0.06587,0.0659
195749139,195459771,1698105120,0.06592,0.06596
195435074,195435074,1698105180,0.06596,0.06599
195445241,195505106,1698105240,0.06599,0.06612
195882042,195917577,1698105300,0.06611,0.06618
195671567,195577941,1698105360,0.06618,0.06606
195604440,195666444,1698105420,0.06606,0.06627
195649248,195786574,1698105480,0.06625,0.06599
195690394,195698178,1698105540,0.066,0.0662
195868062,195841105,1698105600,0.06619,0.06629
195921104,195814653,1698105660,0.06628,0.06627
195975975,195937636,1698105720,0.06627,0.06608
195847243,195858124,1698105780,0.06608,0.06623
195886805,195917191,1698105840,0.06624,0.06613
195951704,195907719,1698105900,0.06613,0.066
196910155,196896186,1698105960,0.06599,0.06581
196872909,196958042,1698106020,0.0658,0.06579
196935699,196387706,1698106080,0.06578,0.06574
196354173,196329601,1698106140,0.06575,0.06558
196191628,196387088,1698106200,0.06557,0.06566
196391165,196391165,1698106260,0.06566,0.0657
196424992,196497955,1698106320,0.06571,0.0657
196573816,196582500,1698106380,0.06572,0.06568
196629757,196482441,1698106440,0.06568,0.06562
196493678,196356782,1698106500,0.06562,0.06573
196408913,196384691,1698106560,0.06572,0.06565
196472806,196425673,1698106620,0.06566,0.06576
196402036,197303340,1698106680,0.06575,0.06581
197258525,197568297,1698106740,0.0658,0.06594
197869431,197841217,1698106800,0.06594,0.06596
197827334,197952223,1698106860,0.06596,0.06611
197955544,198089170,1698106920,0.06611,0.06618
198118258,198068785,1698106980,0.06617,0.06617
198092400,198238655,1698107040,0.06619,0.06623
198337794,198238342,1698107100,0.06623,0.06619
198529011,198500225,1698107160,0.06618,0.0664
198678371,198817450,1698107220,0.06642,0.06636
198824610,198866327,1698107280,0.06636,0.06637
198795593,198839092,1698107340,0.06637,0.06644
198792377,198830160,1698107400,0.06643,0.06629
199005313,198987378,1698107460,0.06628,0.06654
199132610,199122087,1698107520,0.06655,0.06657
199088675,199088675,1698107580,0.06657,0.06655
198750435,198680211,1698107640,0.06657,0.06654
198562344,198426338,1698107700,0.06655,0.06647
198354329,198233169,1698107760,0.06648,0.06651
198382676,198269841,1698107820,0.0665,0.06641
198345597,198317108,1698107880,0.06641,0.0664
198320918,198203134,1698107940,0.0664,0.06629
198259117,198252264,1698108000,0.06628,0.06639
198343908,198446855,1698108060,0.0664,0.0665
198456589,198310064,1698108120,0.06649,0.06639
198211942,198183459,1698108180,0.06639,0.06636
198204091,198303634,1698108240,0.06635,0.06643
198402352,198393449,1698108300,0.06643,0.06641
198373613,198333133,1698108360,0.06642,0.06649
198339615,198427413,1698108420,0.06649,0.06663
198498939,198581646,1698108480,0.06663,0.06674
198985475,198923768,1698108540,0.06674,0.06686
198926269,198799400,1698108600,0.06685,0.06677
198959263,199163877,1698108660,0.06677,0.06686
198931875,198959735,1698108720,0.06686,0.06686
198996915,198990844,1698108780,0.06686,0.06691
198934520,198934520,1698108840,0.06691,0.06687
198884347,198986358,1698108900,0.06687,0.0669
198988028,199036900,1698108960,0.0669,0.0669
199080078,199004547,1698109020,0.0669,0.06666
198838055,199121530,1698109080,0.06666,0.06673
199197204,199212201,1698109140,0.06674,0.0666
199214034,199224224,1698109200,0.06661,0.0667
199097316,198961884,1698109260,0.06669,0.06647
198902225,198893841,1698109320,0.06647,0.06648
198904568,198984216,1698109380,0.06648,0.06672
198990167,199034772,1698109440,0.0667,0.06677
199168002,199221306,1698109500,0.06676,0.06681
199357303,199707756,1698109560,0.06682,0.06686
199726121,199924844,1698109620,0.06686,0.06696
199943292,199951907,1698109680,0.06696,0.06694
199892424,199959881,1698109740,0.06694,0.06696
199899907,200081283,1698109800,0.06696,0.06707
200548575,200520197,1698109860,0.06706,0.06701
200476729,199726384,1698109920,0.067,0.0668
199710272,199609781,1698109980,0.06679,0.06665
199593062,199593062,1698110040,0.06669,0.06665
199589675,199582650,1698110100,0.06666,0.06656
199569454,199569454,1698110160,0.06657,0.06659
199557787,199594599,1698110220,0.0666,0.0666
199553363,199564089,1698110280,0.0666,0.06669
199567271,199600900,1698110340,0.06669,0.06672
199616602,199577756,1698110400,0.06672,0.0667
199605390,199677531,1698110460,0.0667,0.06656
199455094,199384564,1698110520,0.06657,0.06664
199378302,199171637,1698110580,0.06663,0.06668
199111666,199119183,1698110640,0.06668,0.06657
199115708,199118513,1698110700,0.06657,0.06663
199135938,199233866,1698110760,0.06663,0.0665
199230971,198718426,1698110820,0.06651,0.06644
198620384,198611295,1698110880,0.06644,0.06631
198581565,198601487,1698110940,0.06631,0.0664
198502041,198503969,1698111000,0.06639,0.06637
198542806,198561486,1698111060,0.06637,0.06636
198561478,198343152,1698111120,0.06636,0.06632
198345376,198359962,1698111180,0.06633,0.06627
198274582,198288875,1698111240,0.06628,0.06625
198356918,198153293,1698111300,0.06625,0.06612
198141720,198141720,1698111360,0.06613,0.06605
198196302,198011408,1698111420,0.06605,0.06604
198087710,198090413,1698111480,0.06605,0.06619
198088681,198077964,1698111540,0.0662,0.06623
198121901,198276147,1698111600,0.06622,0.06627
198495716,198462584,1698111660,0.06625,0.0663
198456536,198466340,1698111720,0.0663,0.06632
198444134,198427586,1698111780,0.06633,0.06639
198383151,198390651,1698111840,0.06639,0.06634
198200851,198190306,1698111900,0.06635,0.06629
198242530,198173946,1698111960,0.0663,0.06632
198167187,198193276,1698112020,0.06632,0.0664
198181607,198151778,1698112080,0.06641,0.06638
198150464,198181615,1698112140,0.06637,0.06641
198174947,198159053,1698112200,0.06642,0.06637
198073188,198063412,1698112260,0.06636,0.06638
198169811,198212219,1698112320,0.06638,0.06646
198247700,198290491,1698112380,0.06647,0.06644
198293788,198298563,1698112440,0.06644,0.06643
198255129,198244410,1698112500,0.06644,0.0664
198081898,198149757,1698112560,0.06639,0.06633
198138557,198131963,1698112620,0.06634,0.06641
197867293,197867293,1698112680,0.06641,0.06652
198032035,198029868,1698112740,0.06651,0.06655
198006877,197884704,1698112800,0.06655,0.06648
197733056,197730414,1698112860,0.06648,0.06648
197749940,197766397,1698112920,0.0665,0.06652
197723123,197711310,1698112980,0.06653,0.06662
197712349,197727032,1698113040,0.06663,0.06669
197744167,197718025,1698113100,0.06669,0.06642
197553890,197178857,1698113160,0.06641,0.06628
197168851,197055540,1698113220,0.06629,0.06639
197059448,197113893,1698113280,0.0664,0.06639
197031359,197033288,1698113340,0.06637,0.06636
197071754,197045049,1698113400,0.06637,0.06615
197182204,197256641,1698113460,0.06615,0.0663
197234055,197155387,1698113520,0.06631,0.06637
197181437,197329591,1698113580,0.06635,0.06629
197384374,197304749,1698113640,0.0663,0.0663
197302383,197293766,1698113700,0.0663,0.06638
197311651,197388911,1698113760,0.06638,0.06636
197495860,197495860,1698113820,0.06636,0.06649
197372013,197192724,1698113880,0.06649,0.0665
197110638,197110638,1698113940,0.0665,0.06658
197104228,197066913,1698114000,0.06658,0.06679
196908165,196946019,1698114060,0.06678,0.06686
197110788,197299078,1698114120,0.06686,0.06682
197255684,197164357,1698114180,0.06682,0.06677
196922886,196865005,1698114240,0.06677,0.06683
196874662,196876468,1698114300,0.06684,0.06689
196812224,196827344,1698114360,0.0669,0.06695
196908195,196794186,1698114420,0.06695,0.06697
196809311,196715820,1698114480,0.06692,0.06683
196669993,196598961,1698114540,0.06683,0.06672
196480200,196294775,1698114600,0.06672,0.06674
196399810,196372156,1698114660,0.06675,0.06677
196502596,196516273,1698114720,0.06679,0.06676
196531975,196554026,1698114780,0.06676,0.06678
196537477,196526478,1698114840,0.06678,0.0668
196449100,196413995,1698114900,0.0668,0.06682
196341839,196288714,1698114960,0.06682,0.06664
196458585,196458585,1698115020,0.06662,0.06663
196435391,196250001,1698115080,0.06664,0.06668
196371585,196371585,1698115140,0.06669,0.06679
196365938,196401404,1698115200,0.06679,0.06679
196363397,196325362,1698115260,0.06679,0.06687
196251673,196347588,1698115320,0.06687,0.06698
196646117,196491008,1698115380,0.067,0.06722
196929667,196894663,1698115440,0.06722,0.0672
196883284,197035561,1698115500,0.0672,0.06716
197036743,197063547,1698115560,0.06717,0.06727
197254552,197191023,1698115620,0.06728,0.06732
197205338,197321451,1698115680,0.06731,0.06739
197392413,197574295,1698115740,0.06739,0.06735
197645601,197601038,1698115800,0.06735,0.06736
197630960,197810030,1698115860,0.06737,0.06735
197764659,197830853,1698115920,0.06736,0.06739
197766905,197799721,1698115980,0.06737,0.06723
197769383,197732931,1698116040,0.06723,0.06737
197775616,197865759,1698116100,0.06738,0.0674
197844076,197836295,1698116160,0.0674,0.06738
197714432,197688985,1698116220,0.06738,0.06742
197481646,197422780,1698116280,0.06743,0.06727
197750649,197665502,1698116340,0.06729,0.0673
197626680,197606232,1698116400,0.06729,0.06724
197473239,197236083,1698116460,0.06723,0.06704
197248925,197248925,1698116520,0.06703,0.06722
197186733,197239153,1698116580,0.06723,0.06713
197000500,196969446,1698116640,0.06714,0.06714
196853755,196838332,1698116700,0.06714,0.06715
196859949,196840090,1698116760,0.06715,0.06717
196735592,196762727,1698116820,0.06717,0.06708
196723053,196687649,1698116880,0.06709,0.06716
196518060,196447652,1698116940,0.06715,0.06714
196437142,196390532,1698117000,0.06714,0.067
195942148,195799592,1698117060,0.067,0.06715
195730175,195669478,1698117120,0.06714,0.06724
195658916,195666797,1698117180,0.06723,0.06727
195604389,195659476,1698117240,0.06728,0.06731
195752313,195602604,1698117300,0.06731,0.06718
195544002,195567423,1698117360,0.06719,0.06729
195544770,195452083,1698117420,0.06729,0.06722
195408423,195277278,1698117480,0.06721,0.06722
195306489,195287233,1698117540,0.06723,0.06721
195271980,195211422,1698117600,0.0672,0.06712
195217187,195252474,1698117660,0.06712,0.06729
195307384,195021816,1698117720,0.06728,0.06734
195003595,194970884,1698117780,0.06733,0.06724
194915375,194933118,1698117840,0.06724,0.06723
195078647,195078647,1698117900,0.06723,0.0673
195274001,195265299,1698117960,0.06729,0.06725
195306592,195320038,1698118020,0.06726,0.06723
195303486,195295501,1698118080,0.06722,0.0672
195233069,195233069,1698118140,0.0672,0.06719
195172681,195166208,1698118200,0.06718,0.06726
195142945,195275759,1698118260,0.06726,0.06729
195206559,194902162,1698118320,0.06729,0.06706
195029229,195001138,1698118380,0.06705,0.06705
195080527,195308056,1698118440,0.06706,0.06697
195254193,195167879,1698118500,0.06698,0.06671
194917967,194841477,1698118560,0.0667,0.06683
194897067,194874737,1698118620,0.06684,0.06684
194913615,194904187,1698118680,0.06683,0.06677
194893465,194873233,1698118740,0.06677,0.06686
194883894,194848992,1698118800,0.06686,0.06681
194849530,194897296,1698118860,0.06681,0.06673
194894874,194950572,1698118920,0.06672,0.06675
194901692,194926907,1698118980,0.06676,0.06665
194938193,194700998,1698119040,0.06666,0.06666
194716443,194613757,1698119100,0.06666,0.06657
194701472,194723637,1698119160,0.06658,0.06666
194570570,194562903,1698119220,0.06668,0.06657
194501855,194522769,1698119280,0.06656,0.06669
194460454,194463779,1698119340,0.06669,0.06663
194489335,194534647,1698119400,0.06662,0.06663
194339183,194339183,1698119460,0.06663,0.0665
194339048,194323648,1698119520,0.06649,0.06644
194312578,194275886,1698119580,0.06645,0.06656
194262066,194111249,1698119640,0.06656,0.06679
193859021,193835003,1698119700,0.0668,0.06719
193918281,193971636,1698119760,0.0672,0.06776
194104465,195239278,1698119820,0.06775,0.06848
196638229,198833615,1698119880,0.06849,0.06759
199454484,199252636,1698119940,0.06759,0.06698
199461555,199162224,1698120000,0.06697,0.06723
199437487,199339620,1698120060,0.06722,0.06717
199339620,199339620,1698017340,0.06209,0.06217
199339620,199339620,1698120120,0.06716,0.06728
