"OI_open","OI_close","timestamp","price_open","price_close"
57441938.2,57442037.4,1698241800,0.473,0.473
57443115.3,57443115.3,1698241860,0.473,0.474
57678376.9,57678376.9,1698241920,0.474,0.474
57677324.6,57596220.5,1698241980,0.474,0.474
57595254.4,57727140.5,1698242040,0.474,0.474
57759899.3,57781653.1,1698242100,0.474,0.475
57707663.5,57701743.5,1698242160,0.475,0.476
57701743.5,57702917.1,1698242220,0.475,0.476
57703199.2,57751517.7,1698242280,0.475,0.475
57767249.8,57784228.9,1698242340,0.476,0.476
57767814.2,57761332.6,1698242400,0.475,0.475
57715402.7,57677181.7,1698242460,0.476,0.476
57677181.7,57699170.2,1698242520,0.475,0.475
57697941.6,57562560.6,1698242580,0.475,0.475
57656746.6,57656746.6,1698242640,0.475,0.475
57651482.7,57651482.6,1698242700,0.475,0.475
57651372.3,57651372.3,1698242760,0.475,0.475
57625320.3,57563063,1698242820,0.476,0.476
57562018.4,57562908.4,1698242880,0.475,0.475
57555510.1,57555510.1,1698242940,0.475,0.475
57548961.8,57577344.2,1698243000,0.476,0.476
57580095.6,57633528.4,1698243060,0.477,0.476
57623250.4,57623662.6,1698243120,0.476,0.476
57627690.4,57558685.2,1698243180,0.477,0.477
57539080.6,57568277.6,1698243240,0.478,0.477
57568071.5,57567790.4,1698243300,0.478,0.478
57565338.5,57671912.3,1698243360,0.478,0.476
57671912.3,57671525.2,1698243420,0.477,0.476
57671525.2,57671525.2,1698243480,0.477,0.476
57659480.2,57721058.1,1698243540,0.476,0.476
57716042.1,57716122.4,1698243600,0.476,0.478
57702486.7,57746526.1,1698243660,0.477,0.478
57737923,57722542.5,1698243720,0.478,0.479
57730093.3,57727718.5,1698243780,0.478,0.479
57727718.5,57727718.5,1698243840,0.479,0.478
57898303.6,57936824.7,1698243900,0.478,0.479
57940084.5,57941136.9,1698243960,0.479,0.478
57941901.1,58013769.3,1698244020,0.479,0.477
58020371.5,58020388.2,1698244080,0.478,0.478
58002093.3,58002093.3,1698244140,0.477,0.477
58002093.3,58026079.6,1698244200,0.478,0.477
58026079.6,57892509.9,1698244260,0.478,0.479
57891751.1,57863693.4,1698244320,0.479,0.479
57863503.1,57863503.1,1698244380,0.478,0.479
57863503.1,57935725.9,1698244440,0.478,0.479
57935725.9,57942103.2,1698244500,0.478,0.479
57996747.1,57997027.5,1698244560,0.478,0.477
57996411.3,58002206.1,1698244620,0.478,0.477
58004608.1,58047614,1698244680,0.477,0.478
58081643.8,57980267.6,1698244740,0.478,0.479
58050211.7,57941007.7,1698244800,0.479,0.479
57940857.5,57995534.9,1698244860,0.479,0.479
58016482.9,58089781,1698244920,0.479,0.478
58091819.1,58092921.4,1698244980,0.479,0.478
58096929,58063073.1,1698245040,0.479,0.478
58061919.7,58063103.9,1698245100,0.479,0.478
58065516.3,58057294.5,1698245160,0.478,0.479
58056233,58113354.2,1698245220,0.479,0.479
58117511.3,58117511.3,1698245280,0.48,0.481
58061196.6,58060932.4,1698245340,0.48,0.48
58059489,58061370.2,1698245400,0.48,0.48
58147502,58058155.6,1698245460,0.48,0.48
58087488.2,58105549.4,1698245520,0.48,0.481
58101953.3,58191344.7,1698245580,0.481,0.481
58191546.4,58191546.4,1698245640,0.481,0.482
58151415.9,58146331.5,1698245700,0.482,0.481
58163625.9,58163517.3,1698245760,0.481,0.481
58163319.9,58163316.3,1698245820,0.481,0.481
58187113.8,58152659,1698245880,0.481,0.481
58144327.1,58181496.3,1698245940,0.481,0.482
58173796.4,58124858.9,1698246000,0.482,0.481
58104811.9,58089981.2,1698246060,0.482,0.481
58059642.4,58059642.4,1698246120,0.481,0.482
57947126.6,57960309.1,1698246180,0.482,0.483
57964368.9,57936559.3,1698246240,0.483,0.482
57922021.8,57886847.3,1698246300,0.481,0.483
57906263,57919739.7,1698246360,0.483,0.484
57919839.3,58056237.9,1698246420,0.484,0.484
58122123.6,58137771.6,1698246480,0.484,0.483
58137650.5,58137658.4,1698246540,0.482,0.483
58016869.6,58131948,1698246600,0.482,0.482
58106574.8,58100784.3,1698246660,0.482,0.481
58135636.8,58136538.9,1698246720,0.481,0.482
58136538.9,58113109.8,1698246780,0.481,0.481
58197712.3,58202305.2,1698246840,0.481,0.482
58200034.7,58200034.7,1698246900,0.481,0.481
58258000.6,58206597.1,1698246960,0.481,0.481
58277878,58279127.1,1698247020,0.481,0.481
58195997.2,58195997.2,1698247080,0.481,0.481
58196395.8,58260829.9,1698247140,0.482,0.482
58273643.9,58278470.4,1698247200,0.483,0.482
58282234.8,58210159.8,1698247260,0.483,0.482
58231589.5,58233008.7,1698247320,0.483,0.482
58235225.6,58235520,1698247380,0.481,0.482
58137102.7,58199270,1698247440,0.481,0.482
58235001.4,58232591,1698247500,0.482,0.482
58243786.1,58282726.6,1698247560,0.482,0.482
58284942.4,58285371.3,1698247620,0.483,0.483
58303277,58295602.3,1698247680,0.483,0.483
58354106.8,58353971.3,1698247740,0.483,0.484
58454884.7,58454884.7,1698247800,0.484,0.485
58331065.8,58335214.6,1698247860,0.485,0.486
58232643,58174676.2,1698247920,0.486,0.487
58173917.1,57831442.5,1698247980,0.487,0.488
57717658.5,57719574.9,1698248040,0.488,0.488
57751779.4,57903121.2,1698248100,0.488,0.487
57909472.4,57906609.7,1698248160,0.487,0.486
57910572.7,57903256.4,1698248220,0.486,0.485
57874401.2,57874401.2,1698248280,0.485,0.485
57872660.9,57872660.9,1698248340,0.485,0.486
57874459.5,58095975,1698248400,0.486,0.485
58146051.2,58064697.2,1698248460,0.485,0.485
58063421.4,58065500.6,1698248520,0.485,0.485
58083010.5,58080952.9,1698248580,0.485,0.486
58081817,58083170.5,1698248640,0.486,0.486
58123358.5,58152417.4,1698248700,0.486,0.487
58131282.3,58135711.1,1698248760,0.487,0.485
58131488.7,58191602.2,1698248820,0.486,0.486
58101628.4,58118950.3,1698248880,0.486,0.486
58141628.1,58141908.5,1698248940,0.487,0.487
58147442.4,58151519.9,1698249000,0.487,0.487
58173375.7,58131505.4,1698249060,0.487,0.486
58104570.8,58105265.5,1698249120,0.486,0.486
58106848,58153379.1,1698249180,0.486,0.486
58153597,58156966.2,1698249240,0.486,0.486
58140804.9,58209083.8,1698249300,0.485,0.485
58281080.5,58281080.5,1698249360,0.485,0.486
58293308.3,58262518.1,1698249420,0.485,0.486
58266384.7,58272301.3,1698249480,0.485,0.486
58289826.3,58289826.3,1698249540,0.485,0.485
58284420.9,58266103.7,1698249600,0.485,0.484
58232425.1,58063990.9,1698249660,0.484,0.486
58064323.4,58070177.5,1698249720,0.486,0.486
58040364.3,58085598.5,1698249780,0.486,0.486
58102812.7,58186200.9,1698249840,0.486,0.484
58245626.7,58148675.5,1698249900,0.484,0.485
58167245.5,58167658.6,1698249960,0.485,0.484
58205598,58167381.4,1698250020,0.484,0.485
58173099.4,58238798.5,1698250080,0.484,0.483
58227499,58230926.2,1698250140,0.483,0.484
58245391.9,58250281,1698250200,0.485,0.485
58253797,58307847.4,1698250260,0.484,0.484
58296869.4,58292251,1698250320,0.485,0.485
58292141.5,58351631.1,1698250380,0.484,0.484
58356509.6,58349545.2,1698250440,0.484,0.484
58337597.5,58340009.7,1698250500,0.485,0.484
58288720.4,58279307.1,1698250560,0.484,0.486
58266681.5,58266681.5,1698250620,0.485,0.484
58260572.5,58173177.1,1698250680,0.484,0.481
58190993.7,58052432.5,1698250740,0.482,0.482
58049297.8,58062233.8,1698250800,0.481,0.483
58023109.2,57952834.8,1698250860,0.483,0.482
57958063.2,58086630.9,1698250920,0.483,0.48
58099676.1,58031322.2,1698250980,0.48,0.481
57981383,58135665.9,1698251040,0.481,0.48
58129948,58075465.7,1698251100,0.481,0.48
57913858.9,57895430.8,1698251160,0.481,0.479
57892788.2,57737474.6,1698251220,0.48,0.48
57791443.4,57827989.4,1698251280,0.479,0.479
57805384.8,57873546.8,1698251340,0.479,0.478
57863948.6,57844231.8,1698251400,0.478,0.479
57775142.7,57901986.1,1698251460,0.479,0.479
57877146.3,57920211.2,1698251520,0.478,0.48
57918339.1,57919638,1698251580,0.48,0.479
57852516.8,57840202.5,1698251640,0.478,0.48
57840791.5,57791052.6,1698251700,0.48,0.478
57844122.3,57844666,1698251760,0.478,0.479
57844666,57860571,1698251820,0.478,0.477
57857497.9,57980807.1,1698251880,0.478,0.479
58014879.7,57859343.7,1698251940,0.478,0.476
57875198.1,57844550.2,1698252000,0.476,0.476
57868305.7,57860595.1,1698252060,0.476,0.475
57703267.2,57582334.6,1698252120,0.475,0.475
57621020.5,57656620.2,1698252180,0.475,0.475
57701643.8,57794953,1698252240,0.474,0.475
57872075.3,57872713.6,1698252300,0.476,0.476
57885295,57822906.8,1698252360,0.476,0.476
57881277.3,57835907.4,1698252420,0.477,0.476
57836007.9,57848653.5,1698252480,0.476,0.477
57813186.2,57813186.2,1698252540,0.477,0.476
57852530.6,57907919.5,1698252600,0.477,0.476
58005822.3,58163699.1,1698252660,0.476,0.476
58095947,58108391.3,1698252720,0.475,0.475
58108603.3,58108603.3,1698252780,0.476,0.474
58107226.4,58107736.3,1698252840,0.474,0.474
58163610.3,58154441.9,1698252900,0.474,0.474
58156513.1,58156878.8,1698252960,0.475,0.474
58156878.8,58189253,1698253020,0.475,0.475
58224764.5,58224853.9,1698253080,0.475,0.474
58275568,58267273.2,1698253140,0.474,0.473
58268566.3,58285271.4,1698253200,0.474,0.475
58309292.5,58271071.9,1698253260,0.475,0.474
58271741.5,58334197.6,1698253320,0.473,0.475
58331360.3,58251680.4,1698253380,0.474,0.475
58273857.9,58274711,1698253440,0.475,0.477
58229329.4,58191113.4,1698253500,0.477,0.476
58121483.5,58246076.2,1698253560,0.477,0.477
58266433.5,58300980.3,1698253620,0.477,0.478
58279687.6,58334400.5,1698253680,0.478,0.477
58315583.3,58315127.2,1698253740,0.477,0.478
58330095.5,58223263.3,1698253800,0.478,0.479
58221633.1,58221185.8,1698253860,0.478,0.479
58206876.9,58215657,1698253920,0.478,0.479
58215657,58215688.6,1698253980,0.478,0.478
58215702,58215786.4,1698254040,0.479,0.478
58217971.6,58217971.6,1698254100,0.479,0.479
58218355,58228438.6,1698254160,0.479,0.479
58238569.8,58292256.8,1698254220,0.479,0.477
58292256.8,58291964.9,1698254280,0.478,0.477
58286783.2,58286224.5,1698254340,0.478,0.478
58275712.7,58307027,1698254400,0.477,0.477
58312164.3,58312333.4,1698254460,0.477,0.477
58312083.5,58445563,1698254520,0.478,0.478
58445676.2,58445707.8,1698254580,0.478,0.478
58431601.8,58484675.2,1698254640,0.478,0.479
58485247.5,58481820.7,1698254700,0.478,0.478
58456713.8,58456768.3,1698254760,0.477,0.477
58429493.9,58429393.4,1698254820,0.477,0.478
58428144.8,58428034.6,1698254880,0.477,0.477
58428034.6,58427193.7,1698254940,0.478,0.478
58317544,58344939.4,1698255000,0.477,0.479
58345776.8,58345816.5,1698255060,0.478,0.478
58345855.6,58345887.2,1698255120,0.478,0.478
58343807.9,58343807.9,1698255180,0.478,0.479
58328394.8,58362510.2,1698255240,0.479,0.48
58362510.2,58361347.9,1698255300,0.48,0.48
58359629.2,58359629.2,1698255360,0.479,0.479
58412832.6,58388540.9,1698255420,0.479,0.479
58389019.2,58389584.7,1698255480,0.478,0.479
58389122.4,58388110.3,1698255540,0.478,0.478
58339335.9,58335284.2,1698255600,0.478,0.478
58371394.9,58397415.8,1698255660,0.477,0.477
58327875.8,58289743.1,1698255720,0.477,0.478
58289743.1,58289633.6,1698255780,0.477,0.477
58289511.7,58288894.5,1698255840,0.478,0.478
58287888.1,58287320.8,1698255900,0.477,0.477
58288131.7,58337112.9,1698255960,0.478,0.477
58301139,58302098.5,1698256020,0.478,0.479
58325026.2,58322874.9,1698256080,0.478,0.479
58232449.7,58263557.8,1698256140,0.48,0.479
58298600.7,58298600.7,1698256200,0.479,0.479
58298131.6,58298158,1698256260,0.478,0.478
58298143.7,58297112.7,1698256320,0.479,0.478
58304257,58345194.8,1698256380,0.478,0.477
58337419.6,58337191.7,1698256440,0.478,0.479
58332292.9,58332580.7,1698256500,0.479,0.479
58332580.7,58331643.2,1698256560,0.478,0.478
58331193.8,58331193.8,1698256620,0.478,0.478
58331193.8,58330766.8,1698256680,0.478,0.48
58362893.8,58362157.6,1698256740,0.479,0.479
58374226.8,58373600.2,1698256800,0.478,0.48
58326137.1,58427085.8,1698256860,0.48,0.48
58482827.5,58455267.7,1698256920,0.48,0.48
58423758.7,58441123.3,1698256980,0.48,0.481
58484896.3,58478686.9,1698257040,0.481,0.481
58479127,58495659.4,1698257100,0.481,0.482
58347255.1,58343194,1698257160,0.481,0.481
58343094.8,58341921.7,1698257220,0.48,0.48
58312539.9,58281014.6,1698257280,0.48,0.48
58328074,58361808.4,1698257340,0.48,0.48
58336181.7,58337019.2,1698257400,0.48,0.481
58337019.2,58329365,1698257460,0.48,0.48
58328527.8,58328527.8,1698257520,0.479,0.479
58339900.6,58328776.6,1698257580,0.479,0.479
58328462,58328162,1698257640,0.48,0.48
58332715.8,58360763.6,1698257700,0.481,0.48
58360842,58360523.5,1698257760,0.481,0.48
58340681.6,58341298.4,1698257820,0.48,0.48
58341309.4,58377256.7,1698257880,0.48,0.48
58346995.2,58394007.9,1698257940,0.481,0.48
58479548.2,58494284.9,1698258000,0.48,0.481
58483206.9,58482485.2,1698258060,0.48,0.48
58437468.3,58437614.1,1698258120,0.48,0.479
58437614.1,58420072.2,1698258180,0.479,0.479
58348909.8,58349480.7,1698258240,0.48,0.48
58348508,58352055.8,1698258300,0.479,0.479
58299917.9,58299917.9,1698258360,0.48,0.479
58328743,58337203.8,1698258420,0.479,0.48
58336083.6,58343065,1698258480,0.479,0.48
58343099.4,58343099.4,1698258540,0.479,0.479
58321239.3,58321239.3,1698258600,0.479,0.479
58321270.9,58321366.2,1698258660,0.478,0.477
58251379.8,58222508.5,1698258720,0.478,0.478
58222508.5,58238082.2,1698258780,0.478,0.479
58213466.8,58213466.8,1698258840,0.479,0.479
58211536.2,58299505.1,1698258900,0.48,0.478
58299972.7,58300016,1698258960,0.479,0.478
58301344.9,58255169.8,1698259020,0.479,0.478
58254817.1,58254860.4,1698259080,0.479,0.478
58254860.4,58254831.1,1698259140,0.478,0.479
58254831.1,58254874.4,1698259200,0.478,0.479
58323706,58323706,1698259260,0.478,0.479
58298267.6,58238166.7,1698259320,0.48,0.48
58238207.2,58238207.2,1698259380,0.479,0.48
58231415,58228869.2,1698259440,0.48,0.479
58238845.8,58238845.8,1698259500,0.478,0.479
58267583.3,58283949.8,1698259560,0.479,0.477
58283496.7,58274906.8,1698259620,0.478,0.478
58294318.4,58294639.9,1698259680,0.478,0.478
58276827.2,58276201.2,1698259740,0.478,0.478
58274735.6,58275559.2,1698259800,0.478,0.478
58275263.6,58300721.3,1698259860,0.478,0.478
58301389.1,58304495.8,1698259920,0.479,0.479
58304361.7,58297840.2,1698259980,0.48,0.48
58297827.8,58297475.3,1698260040,0.479,0.48
58301759.7,58309559.9,1698260100,0.479,0.479
58342096,58455711.7,1698260160,0.48,0.48
58456225.4,58435785,1698260220,0.48,0.481
58473493.4,58505013.2,1698260280,0.48,0.479
58497906.9,58373148.8,1698260340,0.479,0.481
58341930.6,58433742,1698260400,0.48,0.48
58429830.4,58394012.4,1698260460,0.48,0.48
58393302.2,58401039.6,1698260520,0.479,0.48
58400356.6,58382484.9,1698260580,0.479,0.479
58382881.5,58382924.8,1698260640,0.478,0.478
58385038.6,58407149.4,1698260700,0.478,0.479
58345469.6,58345469.6,1698260760,0.478,0.479
58343894.5,58337153.5,1698260820,0.479,0.479
58337487.7,58337756.9,1698260880,0.478,0.478
58342071.6,58342071.6,1698260940,0.478,0.478
58341918.7,58309504.1,1698261000,0.478,0.479
58307780.7,58327840,1698261060,0.479,0.478
58327285.9,58327329.2,1698261120,0.479,0.478
58374755.9,58375356.6,1698261180,0.478,0.479
58394687.9,58394687.9,1698261240,0.479,0.478
58396823.5,58294559.9,1698261300,0.479,0.477
58279985.3,58280327.6,1698261360,0.477,0.477
58280425.9,58280469.2,1698261420,0.478,0.478
58280469.2,58280469.2,1698261480,0.477,0.477
58280658.1,58280658.1,1698261540,0.477,0.477
58280848.1,58280883.1,1698261600,0.477,0.478
58400637.1,58399899.1,1698261660,0.477,0.477
58398818,58394676.2,1698261720,0.476,0.476
58398948.4,58392682.6,1698261780,0.476,0.477
58393286.6,58392489,1698261840,0.476,0.476
58392836.3,58392879,1698261900,0.476,0.476
58392879,58392879,1698261960,0.476,0.476
58393774,58393860.2,1698262020,0.476,0.477
58460147,58467423.1,1698262080,0.477,0.476
58468177.3,58376927.1,1698262140,0.476,0.477
58376588.1,58417264.6,1698262200,0.478,0.477
58417250.5,58417250.5,1698262260,0.478,0.477
58402369.1,58351369.1,1698262320,0.477,0.477
58341302.2,58341273.6,1698262380,0.477,0.478
58340205.3,58340205.3,1698262440,0.478,0.478
58342206.9,58338847.8,1698262500,0.477,0.478
58367591.5,58367596.1,1698262560,0.477,0.478
58367518,58455873.7,1698262620,0.477,0.478
58456237,58457316.7,1698262680,0.479,0.479
58457733.6,58458020.3,1698262740,0.479,0.479
58460477.1,58460477.1,1698262800,0.478,0.478
58460477.1,58460541.9,1698262860,0.478,0.479
58460571.8,58384743,1698262920,0.478,0.477
58384178,58383604.9,1698262980,0.478,0.477
58383457.6,58389683.6,1698263040,0.478,0.476
58395128.6,58396648.1,1698263100,0.477,0.476
58505469.6,58555162.5,1698263160,0.477,0.476
58441689,58468995.2,1698263220,0.477,0.477
58468995.2,58468995.2,1698263280,0.477,0.478
58467986.1,58467374,1698263340,0.477,0.477
58467271.1,58469078.8,1698263400,0.477,0.478
58468217.6,58380640.6,1698263460,0.477,0.477
58379633.5,58396864.9,1698263520,0.477,0.477
58394714,58384508.4,1698263580,0.476,0.477
58384380.2,58382583.3,1698263640,0.478,0.477
58382185.3,58362781.3,1698263700,0.477,0.479
58363217.1,58363710.6,1698263760,0.478,0.478
58363710.6,58363806.1,1698263820,0.478,0.478
58345636.2,58345591.7,1698263880,0.478,0.478
58347133.1,58346383.5,1698263940,0.479,0.478
58341108,58341741.9,1698264000,0.478,0.479
58342469.1,58349898.5,1698264060,0.479,0.479
58350010.7,58349777.2,1698264120,0.478,0.479
58347819.9,58362861,1698264180,0.478,0.478
58362273.9,58366903.9,1698264240,0.478,0.478
58363103.1,58361902.8,1698264300,0.478,0.477
58361864,58273817.6,1698264360,0.477,0.477
58273417.3,58272611.7,1698264420,0.478,0.478
58262563.1,58262499,1698264480,0.478,0.478
58259948,58149663.5,1698264540,0.478,0.479
58149283,58148441.5,1698264600,0.48,0.479
58186668.9,58186668.9,1698264660,0.48,0.48
58223397.7,58223397.7,1698264720,0.48,0.479
58223197.2,58223197.2,1698264780,0.479,0.479
58223197.2,58223197.2,1698264840,0.48,0.479
58226605.3,58276602.4,1698264900,0.48,0.479
58284561.2,58287334.2,1698264960,0.479,0.479
58289302.9,58290835.4,1698265020,0.478,0.479
58268324,58264937.1,1698265080,0.479,0.479
58264937.1,58264937.1,1698265140,0.479,0.478
58264937,58264937,1698265200,0.478,0.478
58297611.4,58296661,1698265260,0.478,0.478
58296621.2,58296567.7,1698265320,0.479,0.478
58295850.7,58295850.7,1698265380,0.479,0.478
58295850.7,58295766.5,1698265440,0.478,0.478
58297598.3,58297586.7,1698265500,0.479,0.478
58371643.8,58371643.8,1698265560,0.478,0.478
58371448.3,58368257.1,1698265620,0.477,0.477
58369230.3,58312114.1,1698265680,0.478,0.477
58312960.2,58312977.3,1698265740,0.478,0.478
58313517,58378860.4,1698265800,0.477,0.476
58497489.4,58494406,1698265860,0.476,0.477
58562749.1,58562096.8,1698265920,0.478,0.477
58564637.9,58590153.5,1698265980,0.478,0.477
58590153.5,58405974.1,1698266040,0.478,0.477
58368480.8,58325892.5,1698266100,0.478,0.477
58322402.2,58323336.3,1698266160,0.477,0.478
58323248.5,58416787.8,1698266220,0.478,0.478
58416531.4,58310607.6,1698266280,0.477,0.478
58309114,58309114,1698266340,0.477,0.478
58309033,58308331.5,1698266400,0.477,0.478
58308139.5,58308032,1698266460,0.477,0.477
58308020,58307782.9,1698266520,0.477,0.478
58307332.8,58237779.7,1698266580,0.478,0.478
58237535,58241208.4,1698266640,0.477,0.479
58194640.9,58194027.3,1698266700,0.478,0.477
58195566.9,58195916.9,1698266760,0.478,0.478
58195966.9,58195369.6,1698266820,0.478,0.477
58270128.4,58270548.6,1698266880,0.477,0.476
58271565.1,58271580.3,1698266940,0.476,0.476
58271604.8,58274615.2,1698267000,0.476,0.476
58343790.8,58334933.5,1698267060,0.475,0.476
58283388.6,58283437.2,1698267120,0.477,0.475
58349429.9,58353262.6,1698267180,0.476,0.474
58357124,58355266.2,1698267240,0.475,0.474
58355417,58356561.1,1698267300,0.475,0.475
58358632.7,58359135.3,1698267360,0.475,0.475
58358969.7,58358549.7,1698267420,0.474,0.474
58402715.7,58394981.1,1698267480,0.475,0.476
58392276.1,58343676.7,1698267540,0.476,0.474
58341063.5,58338981.6,1698267600,0.474,0.475
58338509.6,58415538.1,1698267660,0.475,0.475
58407510.7,58455415.4,1698267720,0.474,0.475
58456522.9,58456628.2,1698267780,0.475,0.475
58457067.2,58457542.7,1698267840,0.476,0.476
58458087.3,58458331.5,1698267900,0.475,0.476
58441306.7,58457419,1698267960,0.476,0.477
58502637.3,58527685.9,1698268020,0.476,0.476
58529930.4,58529930.4,1698268080,0.475,0.475
58529930.4,58550393.3,1698268140,0.476,0.476
58550556.4,58465243.6,1698268200,0.477,0.475
58320931.4,58320931.4,1698268260,0.476,0.476
58277485.7,58276864.6,1698268320,0.476,0.475
58276864.6,58276864.6,1698268380,0.476,0.476
58355339.1,58355339.1,1698268440,0.475,0.475
58355690.3,58393163.4,1698268500,0.475,0.474
58382821,58415919.4,1698268560,0.475,0.476
58392469.5,58381686.4,1698268620,0.475,0.477
58469468.2,58470569.8,1698268680,0.476,0.476
58470278.7,58478559.8,1698268740,0.475,0.476
58484378,58485430.7,1698268800,0.476,0.475
58485544.1,58485565.8,1698268860,0.476,0.475
58485565.8,58485937.5,1698268920,0.476,0.475
58482296.6,58467094.4,1698268980,0.476,0.476
58467094.4,58467094.4,1698269040,0.476,0.476
58511176,58499526.4,1698269100,0.476,0.475
58498538.7,58496360.1,1698269160,0.476,0.475
58497286.2,58510750.8,1698269220,0.476,0.476
58514364.9,58514364.9,1698269280,0.476,0.476
58514887.6,58522262.4,1698269340,0.475,0.475
58475409,58419954,1698269400,0.476,0.476
58415614.3,58415614.3,1698269460,0.476,0.477
58410681.7,58410491,1698269520,0.476,0.476
58408855.2,58476537.2,1698269580,0.476,0.475
58474186.8,58523988.4,1698269640,0.475,0.474
58535081.1,58429814.1,1698269700,0.474,0.474
58429704.4,58429692.3,1698269760,0.475,0.474
58429761.2,58481491.6,1698269820,0.475,0.473
58486709.4,58485573.7,1698269880,0.474,0.474
58485573.7,58485573.7,1698269940,0.473,0.473
58485222.7,58506038.6,1698270000,0.473,0.472
58509082.8,58509082.8,1698270060,0.472,0.473
58465298.7,58465298.7,1698270120,0.472,0.473
58465155.9,58465155.9,1698270180,0.472,0.472
58465282.8,58442245.4,1698270240,0.472,0.472
58443738.2,58445555.5,1698270300,0.473,0.473
58452154.6,58452154.6,1698270360,0.473,0.472
58452177.2,58454443.7,1698270420,0.472,0.472
58457745.8,58457745.8,1698270480,0.473,0.473
58470716.3,58471648.2,1698270540,0.473,0.473
58471648.2,58471648.2,1698270600,0.474,0.474
58474070,58474070,1698270660,0.473,0.473
58475323.9,58475323.9,1698270720,0.474,0.473
58475027.4,58476480.9,1698270780,0.473,0.474
58494542,58488823.2,1698270840,0.473,0.473
58488936.5,58439409.7,1698270900,0.474,0.474
58439887.4,58443304.2,1698270960,0.475,0.474
58446170.1,58446170.1,1698271020,0.475,0.475
58453470.7,58454555.1,1698271080,0.475,0.475
58454555.1,58454555.1,1698271140,0.476,0.475
58455651.7,58453316.2,1698271200,0.475,0.476
58483844,58501427.2,1698271260,0.475,0.476
58501178.9,58484829.1,1698271320,0.476,0.476
58484553,58504504.2,1698271380,0.477,0.478
58506491.8,58507212.1,1698271440,0.478,0.477
58565839.3,58563622.2,1698271500,0.478,0.477
58563547.3,58566514.2,1698271560,0.477,0.478
58565258,58558936,1698271620,0.477,0.477
58559170.9,58559116.1,1698271680,0.477,0.477
58691942.9,58709958.9,1698271740,0.477,0.477
58708759.5,58708264.9,1698271800,0.478,0.478
58688023.1,58688017.2,1698271860,0.478,0.478
58688326,58688326,1698271920,0.479,0.479
58688326,58712459.4,1698271980,0.479,0.479
58712762.8,58712762.8,1698272040,0.478,0.479
58744326.2,58761408.4,1698272100,0.479,0.479
58761408.4,58781529.3,1698272160,0.48,0.48
58782001,58782001,1698272220,0.479,0.479
58782365.9,58779782.6,1698272280,0.479,0.48
58779946.7,58780050.7,1698272340,0.48,0.48
58779834.1,58777371.2,1698272400,0.479,0.48
58777114.7,58776526.4,1698272460,0.479,0.479
58776129.8,58775968.7,1698272520,0.48,0.48
58770999.5,58770571.6,1698272580,0.479,0.48
58770020.3,58768432.2,1698272640,0.48,0.479
58768051.4,58768874.4,1698272700,0.48,0.479
58768190.6,58769426.4,1698272760,0.479,0.479
58769392.1,58768900.8,1698272820,0.48,0.479
58768437.8,58751394.8,1698272880,0.48,0.479
58751454,58751166.5,1698272940,0.48,0.48
58750667,58747737.4,1698273000,0.48,0.479
58746817.2,58746557.4,1698273060,0.479,0.479
58725577.4,58725019.1,1698273120,0.48,0.479
58725211.4,58725063.7,1698273180,0.478,0.478
58735600.8,58735600.8,1698273240,0.479,0.478
58735446,58720642,1698273300,0.479,0.479
58723111.8,58723559.9,1698273360,0.479,0.478
58719343.3,58719189.6,1698273420,0.478,0.478
58694015.3,58676293.6,1698273480,0.478,0.479
58676507.3,58671656,1698273540,0.479,0.479
58671508.3,58670580.7,1698273600,0.478,0.479
58671803.2,58672274.2,1698273660,0.478,0.478
58672274.2,58673182.9,1698273720,0.478,0.478
58673085,58675181.6,1698273780,0.479,0.479
58675181.6,58676255.2,1698273840,0.479,0.478
58676712.2,58672507.4,1698273900,0.479,0.478
58671916.5,58671768.8,1698273960,0.479,0.477
58709491.7,58706434,1698274020,0.478,0.477
58658764.3,58660316.1,1698274080,0.477,0.476
58660367.5,58661447.1,1698274140,0.477,0.477
58554511.7,58514872.5,1698274200,0.476,0.476
58468722.8,58406197.4,1698274260,0.477,0.477
58433156,58451687.5,1698274320,0.478,0.476
58451693.8,58451071.7,1698274380,0.476,0.476
58451091.6,58400651.2,1698274440,0.476,0.477
58400448.8,58502236.6,1698274500,0.477,0.477
58502218.3,58501854.6,1698274560,0.478,0.478
58501357.3,58500843.3,1698274620,0.477,0.476
58452475.9,58449194.8,1698274680,0.476,0.478
58445878.1,58514067.7,1698274740,0.478,0.477
58484504.8,58469383.4,1698274800,0.477,0.477
58471354.2,58529095.1,1698274860,0.477,0.477
58529497.7,58584051.5,1698274920,0.477,0.476
58590276,58497527,1698274980,0.476,0.475
58462958.4,58564751.3,1698275040,0.475,0.475
58457757.1,58523413.4,1698275100,0.475,0.475
58503416,58493329,1698275160,0.475,0.475
58480050.4,58434846.2,1698275220,0.476,0.474
58449995.7,58381153.9,1698275280,0.474,0.475
58485562.4,58493933.9,1698275340,0.475,0.475
58496487.6,58533475.7,1698275400,0.475,0.475
58563538.5,58527085,1698275460,0.475,0.476
58527477.9,58490998.6,1698275520,0.475,0.476
58527332.5,58550149.3,1698275580,0.475,0.475
58550137,58582132.5,1698275640,0.474,0.475
58582833.1,58619091.9,1698275700,0.475,0.475
58686475.2,58706538.5,1698275760,0.475,0.476
58706538.5,58668168.5,1698275820,0.477,0.476
58669256,58669391.7,1698275880,0.477,0.476
58584112.5,58508325,1698275940,0.476,0.476
58566048.9,58486565.6,1698276000,0.477,0.477
58486646.8,58486619.9,1698276060,0.477,0.477
58485762.9,58486735.6,1698276120,0.477,0.478
58486935.6,58482292.4,1698276180,0.478,0.477
58482890,58482890,1698276240,0.477,0.477
58486589.5,58429128.7,1698276300,0.477,0.477
58434196.7,58434196.7,1698276360,0.477,0.477
58435254.4,58438533.9,1698276420,0.478,0.477
58439703.3,58439703.3,1698276480,0.478,0.477
58444171.5,58449200.4,1698276540,0.477,0.478
58468375.8,58491376.7,1698276600,0.478,0.478
58489577,58489577,1698276660,0.479,0.479
58483882.6,58484402.4,1698276720,0.479,0.478
58484402.4,58489214.8,1698276780,0.478,0.478
58489214.8,58492725.4,1698276840,0.478,0.479
58492772.9,58492772.9,1698276900,0.478,0.478
58632821.4,58632713.8,1698276960,0.478,0.478
58632967.3,58661309.5,1698277020,0.477,0.477
58661484.5,58664644.4,1698277080,0.476,0.477
58665122,58682807.8,1698277140,0.476,0.477
58683064.2,58682746.4,1698277200,0.476,0.476
58680724.2,58681096.5,1698277260,0.477,0.478
58681096.5,58717176.5,1698277320,0.478,0.477
58682401.9,58682401.9,1698277380,0.477,0.478
58682585.9,58682496.7,1698277440,0.478,0.477
58682496.7,58684185,1698277500,0.478,0.478
58684185,58684185,1698277560,0.478,0.477
58803208.4,58804680.8,1698277620,0.477,0.477
58709949,58749667.4,1698277680,0.477,0.478
58672926,58644769.6,1698277740,0.478,0.476
58618788.3,58621639.8,1698277800,0.477,0.478
58623937.4,58623975,1698277860,0.477,0.477
58624380.9,58625137.6,1698277920,0.478,0.478
58625683,58669709.1,1698277980,0.477,0.477
58670620.7,58672132.2,1698278040,0.478,0.477
58672123.3,58672123.3,1698278100,0.477,0.477
58672123.3,58655469.1,1698278160,0.478,0.479
58658018.8,58658018.8,1698278220,0.479,0.478
58642882,58642882,1698278280,0.478,0.479
58642480.2,58622071.6,1698278340,0.478,0.479
58622071.6,58623113.5,1698278400,0.479,0.479
58676045.2,58679289.9,1698278460,0.478,0.477
58664887,58646991.8,1698278520,0.477,0.477
58635540.8,58656359.5,1698278580,0.478,0.478
58752830.1,58708874.7,1698278640,0.479,0.478
58704674.9,58616691.9,1698278700,0.479,0.479
58598093.8,58595726.9,1698278760,0.479,0.478
58595900,58605401.4,1698278820,0.478,0.477
58605401.4,58624994.1,1698278880,0.477,0.479
58651975.8,58597127.9,1698278940,0.478,0.479
58591899.9,58563043.6,1698279000,0.478,0.478
58453185,58435621.9,1698279060,0.477,0.478
58434174.5,58432292.8,1698279120,0.478,0.479
58364801.1,58384294.4,1698279180,0.479,0.479
58383810.7,58383684.5,1698279240,0.48,0.48
58383577.8,58420999.9,1698279300,0.479,0.479
58420685.1,58420685.1,1698279360,0.478,0.48
58420726.8,58423239.3,1698279420,0.479,0.479
58423338.4,58423618.3,1698279480,0.479,0.479
58423579.4,58455510.4,1698279540,0.479,0.479
58455397.9,58457069.7,1698279600,0.479,0.479
58457017.8,58457371,1698279660,0.48,0.479
58452844.3,58438211.8,1698279720,0.48,0.481
58407393,58407632.7,1698279780,0.48,0.48
58407393.1,58337316.1,1698279840,0.48,0.482
58337937.7,58385780.1,1698279900,0.482,0.481
58395932,58377218.1,1698279960,0.48,0.481
58377332.1,58378003.4,1698280020,0.482,0.481
58378003.4,58379366.1,1698280080,0.482,0.481
58379868.3,58379589.3,1698280140,0.482,0.482
58379709.3,58379684.2,1698280200,0.482,0.482
58381218.3,58395157.4,1698280260,0.481,0.482
58341333.7,58335685.5,1698280320,0.482,0.482
58354497.6,58354482.7,1698280380,0.482,0.481
58354482.7,58354228.3,1698280440,0.481,0.481
58357540.1,58350548.6,1698280500,0.482,0.481
58404686,58399520.9,1698280560,0.482,0.481
58465120.6,58465245.4,1698280620,0.481,0.48
58465245.4,58465245.4,1698280680,0.48,0.481
58465245.4,58465468.8,1698280740,0.48,0.481
58459781.3,58501621.7,1698280800,0.482,0.481
58501850.5,58501850.5,1698280860,0.48,0.48
58501873.9,58501873.9,1698280920,0.481,0.481
58501956.5,58501956.5,1698280980,0.48,0.48
58502066.9,58500556.7,1698281040,0.48,0.481
58501101.2,58531399.5,1698281100,0.481,0.479
58518742.9,58518654.6,1698281160,0.479,0.478
58515602.5,58548200.9,1698281220,0.478,0.477
58549927.7,58584337.5,1698281280,0.477,0.477
58466036.2,58465622.2,1698281340,0.476,0.478
58505666.2,58392867.2,1698281400,0.478,0.478
58419285.9,58435374.7,1698281460,0.478,0.478
58404675.5,58403624.7,1698281520,0.478,0.479
58403139.2,58407573.9,1698281580,0.478,0.48
58403576.4,58449782.8,1698281640,0.48,0.48
58419216.1,58419216.1,1698281700,0.48,0.481
58498712.5,58547547.7,1698281760,0.481,0.48
58543016.9,58508909.2,1698281820,0.479,0.482
58467000.3,58498589.1,1698281880,0.481,0.481
58500263.4,58545874.5,1698281940,0.481,0.482
58523241,58523214.6,1698282000,0.481,0.482
58594741.2,58592310.7,1698282060,0.482,0.483
58495248.7,58534227.3,1698282120,0.483,0.481
58535745.9,58535744.8,1698282180,0.481,0.481
58533871.8,58580689.3,1698282240,0.481,0.481
58464410.7,58574937.7,1698282300,0.48,0.482
58574750.3,58573783.3,1698282360,0.481,0.481
58591677.4,58604252.9,1698282420,0.482,0.481
58570663.5,58570631.9,1698282480,0.481,0.481
58608681.3,58575180.7,1698282540,0.481,0.48
58596035,58635008.4,1698282600,0.48,0.481
58497714,58507749.2,1698282660,0.482,0.481
58488316.1,58537476,1698282720,0.48,0.481
58601825.9,58639427.5,1698282780,0.481,0.481
58628685.9,58628685.9,1698282840,0.481,0.481
58628752.8,58648851.4,1698282900,0.48,0.481
58547764.3,58547764.3,1698282960,0.481,0.48
58622931,58621462.5,1698283020,0.48,0.48
58541704.1,58541704.1,1698283080,0.481,0.481
58541929.3,58545653.6,1698283140,0.481,0.48
58576665.5,58576665.5,1698283200,0.481,0.48
58576642.4,58576642.4,1698283260,0.481,0.481
58546826,58561371.8,1698283320,0.481,0.481
58546228.4,58544812.5,1698283380,0.482,0.481
58497646.6,58497856.2,1698283440,0.481,0.481
58408524.7,58408151.8,1698283500,0.482,0.483
58408397.9,58375629.9,1698283560,0.482,0.482
58379573.5,58411478.7,1698283620,0.481,0.482
58411478.7,58411478.7,1698283680,0.483,0.482
58411592.7,58410303.7,1698283740,0.482,0.483
58411152.9,58451334.5,1698283800,0.483,0.483
58451795.6,58355325.6,1698283860,0.483,0.484
58355325.6,58355622.4,1698283920,0.483,0.483
58347992.7,58358630.6,1698283980,0.483,0.482
58413985.8,58385948.3,1698284040,0.482,0.482
58360129.2,58360129.2,1698284100,0.483,0.484
58372311.7,58372311.7,1698284160,0.483,0.483
58376271.7,58419850.2,1698284220,0.484,0.484
58418813,58413522,1698284280,0.484,0.483
58413392.4,58327780.1,1698284340,0.484,0.483
58336914.9,58334124.7,1698284400,0.483,0.483
58334390,58323257.5,1698284460,0.482,0.482
58323915.3,58355483.8,1698284520,0.481,0.48
58411872.7,58419370.2,1698284580,0.48,0.481
58379335.4,58375907.3,1698284640,0.481,0.479
58340191.7,58291991.1,1698284700,0.479,0.479
58354137.1,58354137.1,1698284760,0.478,0.48
58342135.1,58326461.1,1698284820,0.481,0.479
58326556.2,58415490.2,1698284880,0.479,0.481
58415151,58415071.7,1698284940,0.48,0.48
58413041.6,58386796.9,1698285000,0.48,0.48
58467584.1,58383355.9,1698285060,0.48,0.48
58343848.3,58332827.1,1698285120,0.48,0.48
58334675.9,58229004.2,1698285180,0.48,0.48
58228878.2,58227396.3,1698285240,0.48,0.48
58229436.2,58227740,1698285300,0.48,0.481
58195180.9,58242623.5,1698285360,0.481,0.481
58223836,58166960.6,1698285420,0.481,0.48
58166932.3,58165504.6,1698285480,0.481,0.48
58165492.7,58161213.5,1698285540,0.481,0.481
58272768.8,58312758.2,1698285600,0.48,0.48
58312758.2,58338899.7,1698285660,0.48,0.481
58338971.6,58358111.9,1698285720,0.48,0.48
58393509.8,58393537.1,1698285780,0.479,0.48
58415497.1,58415664.4,1698285840,0.479,0.48
58337780.5,58362416.4,1698285900,0.48,0.481
58363695.2,58355159.2,1698285960,0.48,0.481
58341382.2,58354815.2,1698286020,0.48,0.479
58394883.1,58379792.3,1698286080,0.479,0.479
58410489,58410474.7,1698286140,0.479,0.48
58410474.7,58409429.3,1698286200,0.481,0.481
58343150.4,58358612.7,1698286260,0.48,0.48
58286771.1,58313339.4,1698286320,0.48,0.48
58313316.5,58313316.5,1698286380,0.48,0.48
58275734.2,58256561.8,1698286440,0.479,0.479
58256674.2,58256883.2,1698286500,0.479,0.478
58249185,58249142.1,1698286560,0.479,0.479
58248933.1,58248846,1698286620,0.478,0.479
58249736.1,58249683.4,1698286680,0.478,0.479
58256010.2,58256579.7,1698286740,0.479,0.479
58257188.7,58232315.6,1698286800,0.478,0.478
58226887.7,58254145.1,1698286860,0.478,0.48
58229061.6,58237608.9,1698286920,0.479,0.478
58235680.9,58234521.3,1698286980,0.479,0.479
58228133.5,58225003.9,1698287040,0.479,0.479
58224690.1,58228356.8,1698287100,0.48,0.479
58230216.8,58230360.4,1698287160,0.478,0.479
58230893.1,58232340.8,1698287220,0.479,0.478
58234019.1,58234019.1,1698287280,0.478,0.478
58234873.5,58234873.5,1698287340,0.478,0.478
58234882.3,58235151.3,1698287400,0.478,0.479
58255308.8,58254667,1698287460,0.479,0.479
58254458.5,58254458.5,1698287520,0.479,0.479
58253832.8,58254151.7,1698287580,0.479,0.479
58255582.3,58255582.3,1698287640,0.479,0.479
58255582.3,58255582.3,1698287700,0.479,0.48
58355052.7,58389365.2,1698287760,0.48,0.48
58389535.2,58389535.2,1698287820,0.479,0.479
58389523.4,58389523.4,1698287880,0.479,0.48
58433878.3,58435601,1698287940,0.48,0.479
58430165.5,58430107.8,1698288000,0.48,0.48
58434915.2,58413484.5,1698288060,0.48,0.48
58413966.9,58414049.7,1698288120,0.481,0.481
58414424.4,58414424.4,1698288180,0.481,0.48
58414424.4,58414424.4,1698288240,0.48,0.48
58414948.5,58416207.5,1698288300,0.481,0.481
58417140,58417210.3,1698288360,0.48,0.481
58417278.3,58430843.5,1698288420,0.481,0.481
58429617.8,58403070,1698288480,0.481,0.48
58440155.7,58398545.6,1698288540,0.48,0.48
58398358.2,58398038.7,1698288600,0.479,0.481
58431005.3,58430004.6,1698288660,0.48,0.48
58429447.7,58429447.7,1698288720,0.48,0.481
58429435.5,58429435.5,1698288780,0.48,0.48
58429397.7,58429102.7,1698288840,0.481,0.481
58420964.9,58420278.3,1698288900,0.481,0.481
58420694.1,58434730.2,1698288960,0.481,0.48
58434798.1,58434798.1,1698289020,0.481,0.481
58434789.5,58434798.5,1698289080,0.48,0.48
58385612,58434476.2,1698289140,0.48,0.481
58435093.9,58431452,1698289200,0.481,0.481
58430683.1,58375787.6,1698289260,0.48,0.481
58374828.4,58374786.6,1698289320,0.48,0.48
58369556.2,58369575.4,1698289380,0.481,0.48
58369499.2,58373753,1698289440,0.481,0.48
58443213.8,58369297.7,1698289500,0.481,0.48
58398529.8,58383855.4,1698289560,0.481,0.481
58377614.1,58377599.9,1698289620,0.482,0.48
58379596.9,58377520,1698289680,0.481,0.48
58377820.5,58377905.6,1698289740,0.481,0.481
58377956.8,58376003,1698289800,0.48,0.48
58375263.4,58376247.1,1698289860,0.48,0.481
58407626.9,58407053.4,1698289920,0.48,0.481
58416133,58407434.7,1698289980,0.481,0.481
58450357.5,58450357.5,1698290040,0.481,0.482
58450357.5,58450374.7,1698290100,0.481,0.482
58452640,58452745.9,1698290160,0.482,0.482
58559198.3,58565896.6,1698290220,0.483,0.483
58568173.7,58568173.7,1698290280,0.483,0.484
58570865.9,58570534.1,1698290340,0.483,0.483
58570452.3,58550670.4,1698290400,0.483,0.485
58566571.5,58566357.7,1698290460,0.484,0.485
58557077.6,58556904,1698290520,0.484,0.484
58556736.7,58556736.7,1698290580,0.485,0.485
58556281.2,58555767.9,1698290640,0.484,0.484
58552509.7,58552246.8,1698290700,0.484,0.485
58599709.4,58599469,1698290760,0.485,0.485
58599384.6,58599384.6,1698290820,0.486,0.486
58599194.4,58603966.6,1698290880,0.486,0.486
58651580.4,58657924.4,1698290940,0.486,0.486
58664557.5,58819308.8,1698291000,0.486,0.485
58819207.9,58817370.5,1698291060,0.486,0.485
58817370.5,58813334.4,1698291120,0.486,0.486
58813140.1,58813140.1,1698291180,0.485,0.484
59046301.1,58992897.2,1698291240,0.484,0.486
58992897.2,58992341.6,1698291300,0.486,0.486
58988946.8,58975621.9,1698291360,0.486,0.485
59074457,59074457,1698291420,0.486,0.486
59074457,59074659.8,1698291480,0.485,0.486
59133887.1,59133887.1,1698291540,0.486,0.486
59133887.1,59133856.8,1698291600,0.485,0.485
59133998.1,59127978.4,1698291660,0.485,0.485
59127978.4,59127750.9,1698291720,0.486,0.486
59122987.1,59122177.4,1698291780,0.485,0.486
59122027.7,59122027.7,1698291840,0.485,0.486
59121714.9,59121439,1698291900,0.485,0.484
59083209.6,58997190.3,1698291960,0.484,0.485
59014581.1,59026625.9,1698292020,0.484,0.485
59053819.5,59155606.6,1698292080,0.486,0.486
59070352.5,59060198.1,1698292140,0.486,0.487
59060885.6,59042768.9,1698292200,0.486,0.487
59117476.3,59117476.3,1698292260,0.487,0.486
59096690,59091847.1,1698292320,0.485,0.484
59091037.6,59034008.5,1698292380,0.485,0.486
59033373.7,59031588.1,1698292440,0.485,0.486
59030081.5,59029777,1698292500,0.485,0.485
59025268.2,58960459.5,1698292560,0.486,0.485
58962947.3,59050104.6,1698292620,0.486,0.487
59248792.8,59261760.9,1698292680,0.487,0.487
59262121.2,59262226,1698292740,0.487,0.487
59265588.5,59300821.4,1698292800,0.486,0.486
59325001.5,59321618.4,1698292860,0.486,0.487
59323904.8,59323866.1,1698292920,0.486,0.487
59330833,59274134.6,1698292980,0.486,0.488
59324458.3,59334448.7,1698293040,0.487,0.486
59337758.9,59337553.2,1698293100,0.487,0.487
59281132.9,59276061.9,1698293160,0.486,0.486
59272915.3,59455185.3,1698293220,0.487,0.485
59454915.2,59457979.2,1698293280,0.485,0.486
59468157.5,59468387.9,1698293340,0.485,0.486
59452296.7,59453675.9,1698293400,0.485,0.487
59539094,59539204.8,1698293460,0.486,0.486
59546790.9,59539232.5,1698293520,0.487,0.487
59621436.1,59609900,1698293580,0.486,0.485
59602395.2,59600443.6,1698293640,0.485,0.485
59589920.2,59577968.3,1698293700,0.485,0.485
59488457,59576956.9,1698293760,0.485,0.485
59564508.7,59586834.3,1698293820,0.485,0.485
59605632.8,59577430.5,1698293880,0.485,0.484
59497908.7,59469471.5,1698293940,0.484,0.486
59467244.4,59461234.5,1698294000,0.486,0.486
59458444.4,59543129.4,1698294060,0.486,0.485
59531233,59530565.9,1698294120,0.485,0.485
59525414.7,59548312.8,1698294180,0.484,0.485
59540105.7,59539952.8,1698294240,0.484,0.484
59539904.2,59519853.1,1698294300,0.485,0.485
59519425.7,59519074.9,1698294360,0.485,0.484
59518053.3,59518053.3,1698294420,0.485,0.484
59518016.7,59518128.2,1698294480,0.485,0.484
59564778.2,59551001.1,1698294540,0.485,0.484
59536694.1,59535599.4,1698294600,0.484,0.485
59528722.7,59521080,1698294660,0.484,0.484
59503886,59498354.6,1698294720,0.484,0.484
59443874.2,59445919.4,1698294780,0.484,0.485
59440244.5,59636989.1,1698294840,0.484,0.485
59637692.7,59648406.9,1698294900,0.484,0.484
59647917.1,59647628.7,1698294960,0.484,0.484
59643661.7,59643297.1,1698295020,0.484,0.485
59642199.2,59641932.4,1698295080,0.486,0.486
59639361,59639142.1,1698295140,0.485,0.486
59639093.5,59464483.8,1698295200,0.486,0.485
59465115.7,59464787.8,1698295260,0.484,0.484
59413144.7,59416648.2,1698295320,0.484,0.486
59418071.8,59424543.8,1698295380,0.485,0.485
59418008.1,59418685,1698295440,0.486,0.486
59418249,59456438.7,1698295500,0.486,0.485
59454398.7,59453966.6,1698295560,0.485,0.485
59447759.5,59447540.6,1698295620,0.486,0.486
59447453,59422029.6,1698295680,0.486,0.485
59421647,59422600.9,1698295740,0.486,0.486
59492554.8,59512554.5,1698295800,0.486,0.486
59512178.7,59300382.2,1698295860,0.486,0.486
59246467.5,59253081,1698295920,0.485,0.486
59196686.8,59173356.4,1698295980,0.485,0.487
59198252.7,59198252.7,1698296040,0.486,0.487
59199016.5,59198286.5,1698296100,0.487,0.487
59198838.1,59208248.4,1698296160,0.486,0.485
59207657,59205339.1,1698296220,0.486,0.486
59205290.5,59205069.9,1698296280,0.486,0.486
59084599.1,59121745,1698296340,0.486,0.487
59125899.1,59208373.2,1698296400,0.486,0.486
59210360.5,59211035.1,1698296460,0.486,0.485
59215294.6,59223542,1698296520,0.486,0.486
59223626.8,59217993.9,1698296580,0.486,0.487
59217949.1,59214607.6,1698296640,0.486,0.486
59214371,59174804.7,1698296700,0.485,0.486
59152037.5,59154831.4,1698296760,0.486,0.487
59154831.4,59136963.1,1698296820,0.486,0.486
59137157.6,59137216.3,1698296880,0.485,0.486
59137216.3,59137057.2,1698296940,0.486,0.486
59136817.6,59158095.8,1698297000,0.486,0.486
59208166.9,59258155.1,1698297060,0.485,0.486
59215519.8,59215495,1698297120,0.487,0.486
59215737.4,59216263.6,1698297180,0.487,0.486
59236013,59245565.5,1698297240,0.486,0.486
59233884.9,59236721.2,1698297300,0.487,0.487
59237668.6,59234383.9,1698297360,0.487,0.486
59233819.3,59299323.8,1698297420,0.487,0.486
59302418.6,59305138.7,1698297480,0.486,0.485
59280723.4,59280723.4,1698297540,0.485,0.486
59280829.2,59366517.2,1698297600,0.485,0.484
59366106.9,59357453.2,1698297660,0.485,0.485
59259295.9,59259295.9,1698297720,0.485,0.485
59191286.9,59301737.5,1698297780,0.486,0.485
59352524.7,59352524.7,1698297840,0.486,0.484
59355120.3,59356383.8,1698297900,0.485,0.485
59356267.6,59361565.8,1698297960,0.484,0.485
59360748.1,59361758,1698298020,0.484,0.485
59350616.6,59350616.6,1698298080,0.484,0.484
59350931.8,59350940.6,1698298140,0.484,0.485
59350282.1,59352371.9,1698298200,0.484,0.485
59352316.8,59352430.2,1698298260,0.484,0.486
59354296.3,59377864.3,1698298320,0.485,0.484
59452251,59451966.1,1698298380,0.485,0.484
59508594.3,59504052,1698298440,0.484,0.484
59501728.5,59500203.9,1698298500,0.485,0.484
59511012.3,59511012.3,1698298560,0.484,0.485
59497283,59591674.9,1698298620,0.485,0.483
59607286.4,59607861,1698298680,0.484,0.484
59609115.1,59613562.1,1698298740,0.485,0.485
59559523.7,59589619.9,1698298800,0.484,0.484
59615306.1,59636051.7,1698298860,0.483,0.485
59626628,59624762.1,1698298920,0.484,0.484
59657191.3,59657062.4,1698298980,0.484,0.484
59656996.9,59656893.4,1698299040,0.484,0.484
59635258.6,59635659.9,1698299100,0.484,0.485
59602567.8,59630307.4,1698299160,0.484,0.484
59638825.8,59587842.2,1698299220,0.484,0.484
59515018.3,59514406.1,1698299280,0.484,0.483
59521628.2,59521628.2,1698299340,0.484,0.483
59453671.6,59453300.3,1698299400,0.484,0.482
59404848.2,59417303.3,1698299460,0.483,0.481
59417938.3,59204110.9,1698299520,0.482,0.482
59206427.5,59296730.1,1698299580,0.483,0.481
59298282.9,59310565.7,1698299640,0.481,0.481
59310934.2,59246489.1,1698299700,0.482,0.482
59293519.5,59284025.1,1698299760,0.482,0.482
59284273.9,59284429.4,1698299820,0.482,0.481
59294935.6,59393926.6,1698299880,0.48,0.481
59401264.1,59249569.5,1698299940,0.481,0.481
59282673.6,59281803,1698300000,0.481,0.481
59284328.6,59286226.4,1698300060,0.482,0.481
59212801.1,59204022.2,1698300120,0.48,0.481
59203066.1,59279089.5,1698300180,0.48,0.48
59316838.1,59197850.9,1698300240,0.48,0.48
59205850.6,59241377.6,1698300300,0.48,0.48
59256311.3,59198383.8,1698300360,0.481,0.479
59217784.1,59226642.3,1698300420,0.479,0.479
59233993.1,59083881.7,1698300480,0.479,0.48
59083983.3,59083983.3,1698300540,0.479,0.48
59083979.1,59083979.1,1698300600,0.479,0.479
59054136.9,59054136.9,1698300660,0.479,0.48
59011114.5,59017108.6,1698300720,0.48,0.481
59017075.4,59019404.5,1698300780,0.481,0.481
59019518.7,59019470.1,1698300840,0.48,0.481
59062737.6,59086982.4,1698300900,0.481,0.481
59085675.7,59085675.7,1698300960,0.48,0.481
59103598.7,59126073.7,1698301020,0.482,0.482
59122754.5,59127415.3,1698301080,0.482,0.481
59128308.1,59128727.4,1698301140,0.481,0.481
59129218,59163376.2,1698301200,0.482,0.482
59262053.9,59261917.1,1698301260,0.482,0.482
59261628.7,59260464.7,1698301320,0.482,0.481
59251959.1,59346306.9,1698301380,0.481,0.482
59340396.5,59322803.8,1698301440,0.482,0.483
59289297.9,59289065.7,1698301500,0.482,0.481
59289367.6,59294779.1,1698301560,0.481,0.482
59261495.6,59261935,1698301620,0.481,0.481
59258543.6,59258564.8,1698301680,0.482,0.482
59274272.8,59274302.7,1698301740,0.482,0.481
59174847.1,59198005.7,1698301800,0.482,0.482
59198965.1,59293464.2,1698301860,0.482,0.483
59319242.8,59333807.8,1698301920,0.483,0.483
59333655.6,59333204.4,1698301980,0.483,0.483
59344999.7,59344999.7,1698302040,0.482,0.483
59346421,59329403.6,1698302100,0.483,0.483
59339799.9,59339815,1698302160,0.483,0.483
59339876.1,59340291.4,1698302220,0.483,0.484
59351929.4,59351973.9,1698302280,0.483,0.484
59405634.8,59405634.8,1698302340,0.484,0.484
59405227.2,59397500.8,1698302400,0.483,0.484
59377582.3,59372587.5,1698302460,0.483,0.484
59372669.3,59382999.8,1698302520,0.483,0.484
59343272.1,59343272.1,1698302580,0.484,0.484
59343292.9,59344538.8,1698302640,0.484,0.485
59326155.7,59327878.2,1698302700,0.484,0.484
59404988.3,59402240.5,1698302760,0.485,0.484
59452537.7,59454702.7,1698302820,0.484,0.485
59454844.3,59438775.5,1698302880,0.485,0.484
59438603,59438965.9,1698302940,0.485,0.484
59450996.8,59453586.4,1698303000,0.484,0.484
59453691.2,59454493.4,1698303060,0.484,0.484
59454841.2,59520461.5,1698303120,0.484,0.485
59547028.1,59546860.2,1698303180,0.484,0.486
59544885.3,59544885.3,1698303240,0.486,0.485
59544736.7,59544579.6,1698303300,0.486,0.485
59544497,59544497,1698303360,0.486,0.486
59546845.1,59555855,1698303420,0.486,0.486
59610429.1,59635056.5,1698303480,0.487,0.486
59573756.8,59574561.5,1698303540,0.487,0.485
59697149.5,59686833.6,1698303600,0.486,0.486
59690037.3,59637795.6,1698303660,0.487,0.487
59636431,59604431.5,1698303720,0.487,0.486
59634321.1,59634445.3,1698303780,0.485,0.486
59634990.6,59635003.7,1698303840,0.485,0.486
59636622.7,59637246,1698303900,0.486,0.485
59622021.1,59623986.9,1698303960,0.486,0.486
59630983.4,59630071.2,1698304020,0.485,0.486
59601060.7,59601060.7,1698304080,0.485,0.486
59488205.1,59506003.8,1698304140,0.486,0.487
59509446.1,59504143.2,1698304200,0.486,0.487
59515724.5,59476597.8,1698304260,0.486,0.488
59598647.1,59510138.1,1698304320,0.487,0.488
59265979.7,59207671.3,1698304380,0.488,0.49
59252490.4,59237620.4,1698304440,0.49,0.491
59209197.8,59258578.7,1698304500,0.491,0.491
59261422.6,59278803,1698304560,0.491,0.492
59387961.9,59387961.9,1698304620,0.492,0.492
59345889.5,59278043,1698304680,0.492,0.492
59255950.2,59248950.8,1698304740,0.492,0.491
59258883,59311053.9,1698304800,0.491,0.492
59343733.2,59344426.8,1698304860,0.492,0.492
59329367.1,59329610.5,1698304920,0.493,0.492
59342769.6,59363876.8,1698304980,0.493,0.492
59364889.6,59269765.1,1698305040,0.493,0.493
59072556.4,59294602.3,1698305100,0.492,0.494
59295392.6,59287005.8,1698305160,0.494,0.494
59303068.2,59388173.7,1698305220,0.493,0.495
59384543.9,59377264.8,1698305280,0.495,0.495
59320230.2,59315607.6,1698305340,0.494,0.495
59301341,59301830.6,1698305400,0.495,0.495
59305602.8,59186889,1698305460,0.494,0.494
59063925.3,59099049.8,1698305520,0.494,0.493
59097437.6,59096255.3,1698305580,0.493,0.494
59089455,59124971.3,1698305640,0.493,0.494
59315522.3,59253363.8,1698305700,0.494,0.494
59269512.8,59334981.7,1698305760,0.493,0.494
59355096.1,59248000.4,1698305820,0.494,0.494
59236222.1,59256649,1698305880,0.495,0.495
59256791.2,59386503.6,1698305940,0.494,0.496
59386503.4,59386503,1698306000,0.496,0.495
59122825.9,59179022.4,1698306060,0.495,0.497
59058348.1,59445642.8,1698306120,0.497,0.498
59695000.3,59664757.8,1698306180,0.499,0.497
59657167.6,59684462.8,1698306240,0.497,0.496
59642276.1,59585233.5,1698306300,0.496,0.496
59614282.7,59592774.8,1698306360,0.496,0.497
59647566.6,59621358.7,1698306420,0.497,0.498
59808184,59798923.5,1698306480,0.497,0.499
59812008.5,59791640.7,1698306540,0.499,0.498
59829800.8,59829800.8,1698306600,0.497,0.499
