"OI_open","OI_close","timestamp","price_open","price_close"
1407755956,1407609649,1698276720,0.01592,0.01592
1405838489,1405861621,1698276780,0.01592,0.01592
1405754237,1405761679,1698276840,0.01592,0.01593
1406012712,1406418447,1698276900,0.01593,0.01593
1407886011,1407756565,1698276960,0.01594,0.0159
1407603560,1407352362,1698277020,0.0159,0.01588
1407063443,1407124478,1698277080,0.01589,0.01587
1407487998,1407551405,1698277140,0.01586,0.01586
1407205128,1407390148,1698277200,0.01586,0.01588
1407392982,1407727684,1698277260,0.01589,0.01591
1407421069,1408071623,1698277320,0.01591,0.01591
1408077067,1407793688,1698277380,0.01591,0.01592
1407806517,1407391977,1698277440,0.01592,0.01593
1407981224,1408027344,1698277500,0.01592,0.01592
1407810408,1408349698,1698277560,0.01592,0.01591
1408428854,1408384443,1698277620,0.0159,0.01588
1408471767,1408817699,1698277680,0.01588,0.01589
1408821115,1409264642,1698277740,0.01589,0.01589
1408736882,1408407116,1698277800,0.0159,0.01593
1408430870,1407246419,1698277860,0.01593,0.01594
1407373505,1407830593,1698277920,0.01595,0.01593
1407619016,1407870617,1698277980,0.01594,0.01594
1408040645,1407796860,1698278040,0.01594,0.01597
1407036451,1406271588,1698278100,0.01596,0.01597
1406461467,1406717353,1698278160,0.01597,0.01598
1406990026,1407248144,1698278220,0.01599,0.01601
1407337604,1405896988,1698278280,0.01601,0.01601
1406262835,1406711715,1698278340,0.016,0.016
1406426108,1405488312,1698278400,0.01601,0.01598
1404283652,1404617609,1698278460,0.01598,0.01598
1405771074,1405122913,1698278520,0.01598,0.01601
1405220111,1403899035,1698278580,0.01601,0.016
1403758605,1404407760,1698278640,0.01599,0.01599
1403588412,1403588412,1698278700,0.016,0.016
1404246739,1405799671,1698278760,0.01601,0.01603
1406065540,1406242304,1698278820,0.01604,0.01601
1406924699,1407182418,1698278880,0.01601,0.01603
1407946096,1407921577,1698278940,0.01603,0.01602
1407391711,1407817943,1698279000,0.01602,0.01598
1407268290,1407772227,1698279060,0.01597,0.016
1408026149,1408024784,1698279120,0.01601,0.01603
1408603222,1407388308,1698279180,0.01602,0.01602
1407219685,1407676772,1698279240,0.01602,0.01602
1407382051,1407057818,1698279300,0.01603,0.016
1408521036,1409740346,1698279360,0.016,0.01603
1409697202,1409780273,1698279420,0.01603,0.01603
1409642221,1410073873,1698279480,0.01603,0.01605
1410240803,1410808006,1698279540,0.01604,0.01604
1411241682,1411954764,1698279600,0.01603,0.01606
1412012442,1411898527,1698279660,0.01606,0.01606
1413071224,1413281724,1698279720,0.01606,0.01608
1413423085,1413761376,1698279780,0.01608,0.01606
1412680523,1412794718,1698279840,0.01607,0.0161
1415696416,1417752706,1698279900,0.01609,0.01612
1418068667,1416918285,1698279960,0.01612,0.01613
1419103280,1420103889,1698280020,0.01612,0.01617
1421509690,1420419653,1698280080,0.01616,0.01618
1419121113,1419052416,1698280140,0.01618,0.01616
1418126871,1418544179,1698280200,0.01615,0.01618
1418869589,1418955035,1698280260,0.01617,0.01619
1419794457,1421245280,1698280320,0.01619,0.01619
1421409937,1422737362,1698280380,0.01618,0.01622
1424226081,1424905982,1698280440,0.01622,0.01625
1426806286,1426226433,1698280500,0.01626,0.0162
1425858895,1424688865,1698280560,0.0162,0.01618
1424827698,1425170107,1698280620,0.01617,0.01619
1425509622,1426776832,1698280680,0.01619,0.01617
1425629675,1426953070,1698280740,0.01617,0.01622
1427074390,1428872694,1698280800,0.01623,0.01626
1431301915,1434989079,1698280860,0.01627,0.01631
1436421809,1435368311,1698280920,0.0163,0.0163
1446835844,1448996039,1698280980,0.0163,0.01637
1444034603,1445025848,1698281040,0.01637,0.01624
1443608372,1441824306,1698281100,0.01625,0.01618
1441731314,1441625471,1698281160,0.01617,0.01617
1442343874,1440924933,1698281220,0.01617,0.01613
1440662322,1440473832,1698281280,0.01612,0.01608
1441510407,1441856723,1698281340,0.01609,0.01615
1441883250,1442662945,1698281400,0.01615,0.01614
1442483219,1443125005,1698281460,0.01614,0.01616
1442399641,1443866244,1698281520,0.01615,0.0162
1444333434,1444785246,1698281580,0.01619,0.01623
1445723248,1445733090,1698281640,0.01623,0.01629
1445809642,1448235850,1698281700,0.01629,0.01637
1448523170,1447338611,1698281760,0.01637,0.01629
1447254142,1448892776,1698281820,0.0163,0.01632
1448506935,1450652190,1698281880,0.01633,0.01631
1451292159,1451822972,1698281940,0.01632,0.01637
1453847826,1453670883,1698282000,0.01637,0.01635
1454263109,1457182950,1698282060,0.01636,0.01641
1456819095,1456819095,1698282120,0.0164,0.01635
1455559690,1456806987,1698282180,0.01635,0.01643
1456395647,1457894584,1698282240,0.01642,0.01641
1458340908,1457338087,1698282300,0.01641,0.01636
1457792936,1457583823,1698282360,0.01637,0.01634
1456995371,1456210320,1698282420,0.01634,0.01634
1457179569,1457647036,1698282480,0.01634,0.01639
1456552146,1456241218,1698282540,0.01639,0.01637
1456319837,1456167315,1698282600,0.01636,0.01637
1458536758,1456289123,1698282660,0.01638,0.01628
1456485337,1456549170,1698282720,0.01627,0.0163
1458064449,1458037214,1698282780,0.0163,0.01636
1456982495,1457144911,1698282840,0.01636,0.01638
1459471526,1458302537,1698282900,0.01638,0.01641
1473137982,1482853170,1698282960,0.01641,0.01656
1483025111,1481342842,1698283020,0.01655,0.01662
1485874640,1485874640,1698283080,0.01662,0.01661
1483945993,1486097459,1698283140,0.0166,0.01667
1486849860,1486062336,1698283200,0.01666,0.01668
1492271241,1490258108,1698283260,0.01668,0.01671
1490713255,1489282806,1698283320,0.01672,0.01668
1488306514,1489955194,1698283380,0.01668,0.01684
1491091394,1493157744,1698283440,0.01684,0.01683
1494253802,1495666368,1698283500,0.01683,0.01689
1502119353,1501960449,1698283560,0.01689,0.0168
1501779538,1500700415,1698283620,0.01679,0.0168
1505009288,1503875214,1698283680,0.0168,0.01672
1501161581,1502870048,1698283740,0.01673,0.01676
1501863205,1504680704,1698283800,0.01677,0.01687
1505833049,1507330619,1698283860,0.01688,0.01689
1511541615,1512440656,1698283920,0.01689,0.01685
1514347448,1515031659,1698283980,0.01686,0.01685
1514183320,1513582608,1698284040,0.01686,0.01682
1513956078,1516133695,1698284100,0.01683,0.01689
1516375213,1514366075,1698284160,0.0169,0.01695
1515282601,1516174772,1698284220,0.01696,0.01689
1517467003,1518901949,1698284280,0.0169,0.01698
1519170781,1518621905,1698284340,0.01698,0.01695
1519255086,1523296401,1698284400,0.01694,0.01692
1523888279,1523875232,1698284460,0.01692,0.01684
1520387479,1515140495,1698284520,0.01684,0.01681
1515782144,1513504998,1698284580,0.01681,0.01684
1514324713,1513235972,1698284640,0.01683,0.01674
1512914709,1504710938,1698284700,0.01675,0.0167
1503595831,1503595831,1698284760,0.0167,0.0168
1507170220,1505163189,1698284820,0.0168,0.01669
1506103111,1504246746,1698284880,0.01669,0.01671
1503486080,1502325402,1698284940,0.01671,0.01677
1503690775,1502926982,1698285000,0.01678,0.01682
1503923849,1504350150,1698285060,0.01681,0.01679
1505740532,1505448814,1698285120,0.01679,0.0167
1505703819,1506543290,1698285180,0.01669,0.01675
1508197537,1508737479,1698285240,0.01676,0.01677
1509489026,1508618891,1698285300,0.01677,0.01672
1509233506,1510496472,1698285360,0.01673,0.01671
1510984371,1509748062,1698285420,0.01671,0.01669
1508988038,1507747581,1698285480,0.01668,0.01666
1507945772,1508697750,1698285540,0.01667,0.01671
1509704478,1495876976,1698285600,0.01672,0.01661
1494878184,1495208135,1698285660,0.01661,0.01661
1494296933,1493884382,1698285720,0.01661,0.0166
1494466593,1494354105,1698285780,0.0166,0.01659
1494663429,1494482783,1698285840,0.0166,0.01664
1494400785,1493528930,1698285900,0.01664,0.01662
1493157226,1492861330,1698285960,0.01661,0.01661
1493170522,1490820870,1698286020,0.01661,0.01655
1490669866,1489933407,1698286080,0.01655,0.0166
1491017587,1490943435,1698286140,0.0166,0.01661
1491756784,1490919175,1698286200,0.01661,0.01662
1490121296,1491193560,1698286260,0.01661,0.01657
1491607114,1491268483,1698286320,0.01657,0.01655
1490800197,1490306815,1698286380,0.01655,0.01655
1490554038,1491091987,1698286440,0.01655,0.01655
1488978439,1488809524,1698286500,0.01654,0.01651
1490590993,1490213213,1698286560,0.01652,0.01652
1491047597,1490640673,1698286620,0.01651,0.01652
1490793862,1493144375,1698286680,0.01651,0.01653
1492634164,1491045260,1698286740,0.01652,0.01649
1491038838,1492877594,1698286800,0.01648,0.01646
1492660084,1493050015,1698286860,0.01645,0.01649
1493826091,1493425491,1698286920,0.0165,0.01646
1492491130,1492448473,1698286980,0.01645,0.01642
1491601051,1492673212,1698287040,0.01642,0.01646
1493683775,1494407055,1698287100,0.01645,0.01642
1493281631,1494456859,1698287160,0.01643,0.0164
1491755939,1491730446,1698287220,0.01641,0.01639
1491806171,1491991974,1698287280,0.0164,0.01638
1492764613,1491662178,1698287340,0.01638,0.01637
1492495788,1493151844,1698287400,0.01636,0.0164
1493167934,1492906536,1698287460,0.0164,0.01639
1492849558,1492936506,1698287520,0.01639,0.0164
1493059995,1493340794,1698287580,0.0164,0.01642
1492981411,1493033211,1698287640,0.01643,0.0164
1493285368,1493174070,1698287700,0.01641,0.0164
1493233029,1493739447,1698287760,0.0164,0.01645
1493425955,1495084296,1698287820,0.01645,0.01646
1496625408,1496147745,1698287880,0.01647,0.01647
1497412254,1497966938,1698287940,0.01646,0.0165
1497538670,1497660674,1698288000,0.01651,0.0165
1497871075,1498613666,1698288060,0.01651,0.01656
1498399438,1499732406,1698288120,0.01656,0.01658
1499713081,1500453643,1698288180,0.01658,0.01658
1500561788,1500773416,1698288240,0.01658,0.01658
1500961669,1501480369,1698288300,0.01657,0.01659
1502814681,1503495561,1698288360,0.01659,0.01654
1502843367,1502139663,1698288420,0.01655,0.01652
1501968381,1501931341,1698288480,0.01653,0.01655
1502382470,1504410386,1698288540,0.01655,0.01658
1505750405,1505918229,1698288600,0.01657,0.01658
1505947645,1507250747,1698288660,0.01657,0.01659
1509155068,1508784074,1698288720,0.01659,0.01662
1509418466,1509536113,1698288780,0.01662,0.01661
1509871965,1509610752,1698288840,0.01661,0.01659
1509962816,1510053893,1698288900,0.01659,0.01658
1510205942,1510169604,1698288960,0.01658,0.01655
1509755799,1511380490,1698289020,0.01655,0.01659
1511619931,1512256832,1698289080,0.01658,0.01657
1512082643,1512500796,1698289140,0.01658,0.01659
1515994859,1515651014,1698289200,0.0166,0.01656
1513465692,1514053182,1698289260,0.01655,0.01666
1515006635,1513110605,1698289320,0.01665,0.01663
1513484214,1513797869,1698289380,0.01663,0.01663
1513845375,1514087457,1698289440,0.01663,0.01664
1515018056,1513594374,1698289500,0.01663,0.01664
1513610867,1513480113,1698289560,0.01664,0.01665
1513439126,1514056484,1698289620,0.01666,0.01663
1513689496,1513229661,1698289680,0.01664,0.01658
1512293978,1511881523,1698289740,0.01658,0.01656
1511519120,1510926391,1698289800,0.01656,0.01656
1511037119,1510764711,1698289860,0.01655,0.01654
1510925091,1510829517,1698289920,0.01655,0.01655
1510704720,1509512496,1698289980,0.01656,0.01656
1509328585,1510103783,1698290040,0.01656,0.01656
1511043291,1510725297,1698290100,0.01657,0.01658
1510835269,1511250603,1698290160,0.01659,0.01662
1511254154,1511574129,1698290220,0.01662,0.01665
1511030031,1511561402,1698290280,0.01665,0.01661
1511206329,1510728060,1698290340,0.01661,0.01657
1510155894,1509741250,1698290400,0.01658,0.01662
1509603659,1510109228,1698290460,0.01662,0.0166
1510932985,1510843096,1698290520,0.01661,0.01656
1508458942,1508506827,1698290580,0.01657,0.0166
1508825440,1508909471,1698290640,0.0166,0.01662
1508857202,1509090343,1698290700,0.01661,0.01666
1509877630,1510593961,1698290760,0.01666,0.01667
1510963023,1511973018,1698290820,0.01667,0.01665
1512100520,1513868449,1698290880,0.01666,0.01672
1515933339,1516750767,1698290940,0.01671,0.01673
1516973674,1517869541,1698291000,0.01673,0.01671
1517034674,1516546210,1698291060,0.01671,0.01672
1517155378,1515827096,1698291120,0.01672,0.01669
1515550463,1515681218,1698291180,0.01669,0.01665
1514684521,1515183568,1698291240,0.01664,0.01664
1514941975,1516403320,1698291300,0.01664,0.01668
1518537253,1520292002,1698291360,0.01669,0.01675
1520498811,1521170835,1698291420,0.01674,0.01676
1520994042,1521359034,1698291480,0.01676,0.01676
1520580724,1519684769,1698291540,0.01676,0.0167
1518367563,1518151675,1698291600,0.0167,0.01672
1518590357,1518476023,1698291660,0.01672,0.01669
1518063196,1518399995,1698291720,0.01669,0.01671
1518669720,1518217540,1698291780,0.01671,0.01668
1518574785,1518574785,1698291840,0.01669,0.01667
1517354942,1516798962,1698291900,0.01667,0.01664
1516674085,1515457068,1698291960,0.01663,0.01661
1514649488,1514337983,1698292020,0.01662,0.01667
1516447900,1516799890,1698292080,0.01667,0.01667
1516573406,1516539432,1698292140,0.01667,0.01669
1518245922,1518335846,1698292200,0.0167,0.01669
1517679408,1517645014,1698292260,0.01669,0.01673
1517361083,1517514313,1698292320,0.01673,0.01672
1519213153,1517614152,1698292380,0.01672,0.01681
1516883982,1517056787,1698292440,0.01681,0.01684
1517170290,1518700774,1698292500,0.01683,0.01686
1518947067,1519311224,1698292560,0.01685,0.0168
1517664679,1516919533,1698292620,0.01681,0.01685
1517550607,1517462459,1698292680,0.01686,0.01685
1517833280,1517973228,1698292740,0.01685,0.01688
1517815725,1517338293,1698292800,0.01688,0.01692
1519132797,1519132797,1698292860,0.01692,0.01692
1518031641,1513730530,1698292920,0.01693,0.01686
1511192565,1511542854,1698292980,0.01687,0.01688
1509090832,1509047956,1698293040,0.01689,0.01682
1507584827,1506049478,1698293100,0.01683,0.01683
1505224170,1504570936,1698293160,0.01682,0.01683
1504705972,1504665234,1698293220,0.01683,0.01683
1505563595,1505409080,1698293280,0.01684,0.0168
1504975256,1506491502,1698293340,0.0168,0.0168
1507114779,1506286273,1698293400,0.0168,0.01678
1507853167,1507228473,1698293460,0.01677,0.01681
1507391419,1506803908,1698293520,0.01681,0.0168
1506792908,1506905383,1698293580,0.01679,0.01679
1506610848,1507474239,1698293640,0.01679,0.01676
1507202031,1507024815,1698293700,0.01676,0.01676
1507089224,1507077381,1698293760,0.01677,0.0168
1507581750,1508385170,1698293820,0.0168,0.01677
1508539931,1507207769,1698293880,0.01677,0.01675
1507270404,1507413728,1698293940,0.01675,0.01677
1507939096,1507412511,1698294000,0.01677,0.01678
1507135833,1507013735,1698294060,0.01678,0.01681
1508116756,1508264819,1698294120,0.0168,0.01683
1508805136,1507785928,1698294180,0.01683,0.01677
1507730514,1508786948,1698294240,0.01677,0.01675
1509055743,1507897663,1698294300,0.01674,0.01673
1507255602,1507017480,1698294360,0.01674,0.01674
1507046430,1506561352,1698294420,0.01674,0.01676
1507051070,1507052625,1698294480,0.01677,0.01676
1506882338,1507471456,1698294540,0.01677,0.0168
1508107103,1508186334,1698294600,0.01679,0.01673
1507872122,1506041386,1698294660,0.01673,0.01671
1507373559,1507177661,1698294720,0.01671,0.01671
1507489565,1507552424,1698294780,0.01672,0.0167
1507628801,1507560167,1698294840,0.01671,0.01671
1506817730,1506285971,1698294900,0.01672,0.01672
1506390207,1506565338,1698294960,0.01672,0.01674
1507127611,1506721150,1698295020,0.01674,0.01678
1507036129,1506511237,1698295080,0.01678,0.01678
1506937156,1508045388,1698295140,0.01678,0.0168
1508359003,1509109901,1698295200,0.0168,0.01678
1508928941,1510267744,1698295260,0.01678,0.01683
1511829078,1511963074,1698295320,0.01682,0.01688
1516369136,1516190048,1698295380,0.01688,0.0169
1517209459,1517060095,1698295440,0.01691,0.01692
1518773090,1521012680,1698295500,0.01692,0.01687
1520803710,1520611869,1698295560,0.01687,0.0169
1521287918,1520940205,1698295620,0.01691,0.01694
1521151802,1521151802,1698295680,0.01694,0.01702
1523404736,1528637487,1698295740,0.01701,0.01708
1530912499,1534199895,1698295800,0.01709,0.01706
1534578279,1533256719,1698295860,0.01706,0.01699
1530538421,1531866334,1698295920,0.01698,0.01698
1531203915,1532068454,1698295980,0.01698,0.01703
1532305333,1533036118,1698296040,0.01703,0.01707
1533682439,1535272718,1698296100,0.01706,0.01711
1542436340,1547556175,1698296160,0.0171,0.01716
1552661304,1555447596,1698296220,0.01715,0.01717
1558582808,1554545547,1698296280,0.01718,0.01717
1553565362,1554429878,1698296340,0.01717,0.01713
1557024930,1556663117,1698296400,0.01714,0.01707
1556131707,1564273895,1698296460,0.01707,0.01716
1564000764,1564529004,1698296520,0.01715,0.01717
1570211336,1572667470,1698296580,0.01716,0.01724
1574696247,1583094566,1698296640,0.01724,0.01729
1583570645,1585916115,1698296700,0.01729,0.01729
1586198674,1588369058,1698296760,0.01729,0.01741
1595658919,1602261065,1698296820,0.01742,0.01737
1596444694,1596030626,1698296880,0.01738,0.01739
1600691912,1603004002,1698296940,0.01739,0.01743
1601705016,1601272422,1698297000,0.01742,0.01747
1602245151,1601047896,1698297060,0.01746,0.01755
1607967719,1608288325,1698297120,0.01755,0.01749
1605456536,1601225301,1698297180,0.0175,0.01743
1602502335,1601603426,1698297240,0.01744,0.01741
1601305818,1605658410,1698297300,0.01741,0.01753
1611080624,1608089338,1698297360,0.01752,0.01744
1607611479,1606693426,1698297420,0.01743,0.01738
1605483930,1609878369,1698297480,0.01738,0.01734
1605929137,1606122444,1698297540,0.01735,0.01733
1605394020,1607708632,1698297600,0.01733,0.0173
1607542535,1609804612,1698297660,0.0173,0.01731
1610832554,1610393142,1698297720,0.01731,0.01729
1609788679,1610032438,1698297780,0.0173,0.01727
1605145341,1607139216,1698297840,0.01727,0.01731
1608568021,1608941575,1698297900,0.01731,0.01727
1609072255,1610365129,1698297960,0.01728,0.01726
1610114794,1609024514,1698298020,0.01726,0.01725
1607898722,1609361020,1698298080,0.01725,0.01724
1609016251,1609016251,1698298140,0.01725,0.01724
1608679263,1609795809,1698298200,0.01725,0.01726
1609612324,1609839576,1698298260,0.01726,0.01733
1611156591,1611105942,1698298320,0.01733,0.0173
1612072260,1611761217,1698298380,0.01731,0.01728
1611704531,1602649635,1698298440,0.01727,0.01721
1600558512,1601155867,1698298500,0.0172,0.0172
1600734300,1600663831,1698298560,0.0172,0.01725
1592689938,1592153580,1698298620,0.01725,0.0172
1591915781,1591932667,1698298680,0.01721,0.0172
1591808625,1590641759,1698298740,0.0172,0.0172
1593209789,1593568189,1698298800,0.0172,0.01724
1593337316,1595272658,1698298860,0.01723,0.0173
1595076967,1595882287,1698298920,0.01729,0.01732
1594546973,1592794881,1698298980,0.01731,0.0173
1593521360,1592280124,1698299040,0.01731,0.01732
1591168965,1591143539,1698299100,0.01732,0.01735
1593089432,1594273613,1698299160,0.01736,0.01749
1605007627,1604267869,1698299220,0.01748,0.01753
1605741312,1604100214,1698299280,0.01754,0.01745
1607358121,1609040700,1698299340,0.01745,0.0175
1607207625,1613110241,1698299400,0.0175,0.01753
1615461558,1616027816,1698299460,0.01753,0.01749
1617098428,1623430573,1698299520,0.0175,0.01762
1623717997,1631594656,1698299580,0.01763,0.01766
1625559360,1624995230,1698299640,0.01765,0.01767
1627075457,1626325041,1698299700,0.01767,0.01782
1634015064,1633527839,1698299760,0.01781,0.01792
1633598800,1630744374,1698299820,0.01791,0.01785
1631548547,1636950146,1698299880,0.01785,0.01782
1630243147,1634444363,1698299940,0.01781,0.01787
1634431627,1630600281,1698300000,0.01788,0.01797
1639248694,1641537332,1698300060,0.01796,0.01802
1642085268,1645976880,1698300120,0.01803,0.01813
1653695936,1647597746,1698300180,0.01812,0.01802
1645319505,1643583098,1698300240,0.01802,0.01789
1636228189,1635145307,1698300300,0.0179,0.018
1643987422,1641468244,1698300360,0.018,0.01782
1640663609,1638495739,1698300420,0.01783,0.01778
1630397487,1617302026,1698300480,0.01779,0.01775
1617434802,1621694822,1698300540,0.01776,0.01768
1620229273,1615126147,1698300600,0.01768,0.01768
1615689408,1617274822,1698300660,0.01768,0.01771
1617993455,1615874885,1698300720,0.01771,0.01771
1615084105,1616421133,1698300780,0.01772,0.01777
1615874298,1620473602,1698300840,0.01777,0.01787
1620566036,1618945173,1698300900,0.01788,0.01778
1618613757,1617307994,1698300960,0.01777,0.01779
1619162748,1619321959,1698301020,0.01779,0.01782
1622429293,1622245890,1698301080,0.01782,0.01788
1630238172,1633311162,1698301140,0.01789,0.01801
1639445534,1641777888,1698301200,0.01801,0.01811
1645389021,1652435545,1698301260,0.01811,0.01828
1674622592,1677713351,1698301320,0.01829,0.01843
1680438655,1677569741,1698301380,0.01843,0.01848
1673312492,1675771934,1698301440,0.01847,0.01859
1682332222,1692031062,1698301500,0.01858,0.01877
1693764876,1693257373,1698301560,0.01876,0.01877
1695187195,1693958687,1698301620,0.01877,0.01865
1695740281,1679021224,1698301680,0.01866,0.0185
1646230545,1641120003,1698301740,0.01851,0.01834
1640502512,1650175302,1698301800,0.01834,0.0185
1657225019,1661082700,1698301860,0.01849,0.01866
1665489875,1667237235,1698301920,0.01865,0.01866
1668545551,1673204641,1698301980,0.01866,0.01864
1673303553,1677827572,1698302040,0.01864,0.01856
1678360969,1682164304,1698302100,0.01856,0.01848
1684255903,1685862129,1698302160,0.01848,0.01856
1687276440,1687410537,1698302220,0.01857,0.01851
1687423073,1688939607,1698302280,0.01851,0.01842
1688000103,1688917739,1698302340,0.01843,0.01843
1688415137,1687754187,1698302400,0.01843,0.01848
1686809532,1686286667,1698302460,0.01848,0.01837
1677631595,1678252934,1698302520,0.01837,0.01838
1678938697,1680561345,1698302580,0.01838,0.01838
1681929443,1685406016,1698302640,0.01837,0.01844
1685465601,1684044852,1698302700,0.01845,0.01832
1681968669,1680543689,1698302760,0.01832,0.0184
1679867916,1681596455,1698302820,0.01839,0.01835
1683376452,1683050200,1698302880,0.01835,0.01834
1682026752,1682296525,1698302940,0.01835,0.01828
1682910959,1685714451,1698303000,0.01828,0.01835
1686435162,1683212497,1698303060,0.01835,0.01851
1686295872,1690269177,1698303120,0.0185,0.01863
1690682994,1696171117,1698303180,0.01863,0.01864
1694114361,1694114361,1698303240,0.01864,0.01859
1694283369,1695011746,1698303300,0.01858,0.0186
1696229144,1697779234,1698303360,0.01859,0.01878
1704689740,1711919725,1698303420,0.01878,0.01877
1710507812,1709891048,1698303480,0.01878,0.01874
1710773001,1709472535,1698303540,0.01875,0.0187
1708380347,1700742736,1698303600,0.0187,0.01865
1707053696,1706633326,1698303660,0.01865,0.01861
1707173815,1706731015,1698303720,0.01861,0.01861
1707234697,1710199084,1698303780,0.01861,0.01869
1714012826,1714194600,1698303840,0.01869,0.01863
1715029903,1715366758,1698303900,0.01862,0.01864
1717192819,1716789788,1698303960,0.01865,0.01857
1713976318,1712043861,1698304020,0.01857,0.01862
1711926295,1710794504,1698304080,0.01862,0.01858
1709613994,1711970587,1698304140,0.01858,0.01877
1726517699,1728175531,1698304200,0.01877,0.01911
1728741418,1724758970,1698304260,0.0191,0.01911
1724582602,1723377556,1698304320,0.01912,0.01911
1721695363,1725397417,1698304380,0.0191,0.01904
1726318809,1726739910,1698304440,0.01904,0.01911
1715541699,1716627159,1698304500,0.01911,0.01901
1713754244,1714087182,1698304560,0.01901,0.01899
1713371049,1715174613,1698304620,0.01899,0.019
1715301668,1721290020,1698304680,0.01901,0.0191
1722284204,1722371281,1698304740,0.01909,0.01902
1722703078,1727632469,1698304800,0.01902,0.01904
1727992853,1728198286,1698304860,0.01903,0.01908
1731401795,1729827294,1698304920,0.01908,0.0191
1735967266,1735705229,1698304980,0.01911,0.01921
1733246410,1716957967,1698305040,0.01921,0.01954
1722003197,1721250167,1698305100,0.01954,0.01959
1711381182,1710022001,1698305160,0.01958,0.01964
1710469643,1706686258,1698305220,0.01965,0.01957
1708482604,1705744003,1698305280,0.01956,0.01954
1709831210,1723416803,1698305340,0.01954,0.01945
1727653005,1725853290,1698305400,0.01946,0.01943
1726274810,1735685948,1698305460,0.01944,0.01963
1737053766,1736727723,1698305520,0.01962,0.01955
1735029841,1734568013,1698305580,0.01955,0.01954
1736820198,1741290337,1698305640,0.01953,0.01952
1742038629,1742038629,1698305700,0.01952,0.01953
1745570492,1746766983,1698305760,0.01952,0.01966
1743540403,1743633834,1698305820,0.01966,0.01972
1742709067,1748010837,1698305880,0.01971,0.01985
1748972893,1751091480,1698305940,0.01984,0.01985
1761331370,1770779037,1698306000,0.01985,0.01993
1773609611,1775454923,1698306060,0.01993,0.01994
1777719008,1783941123,1698306120,0.01994,0.01988
1786247893,1783947584,1698306180,0.01988,0.01981
1783196077,1785804253,1698306240,0.01981,0.01987
1781187705,1787870278,1698306300,0.01988,0.01981
1789412248,1806421681,1698306360,0.01982,0.02
1794869874,1794869874,1698306420,0.02001,0.02027
1794450472,1795325904,1698306480,0.02027,0.02034
1800012734,1810304562,1698306540,0.02033,0.02029
1825072915,1813684664,1698306600,0.0203,0.02034
1824010377,1833972096,1698306660,0.02034,0.02037
1838011778,1838474558,1698306720,0.02037,0.02043
1853678761,1853413919,1698306780,0.02044,0.02041
1857573319,1856949835,1698306840,0.0204,0.02028
1861429334,1864178685,1698306900,0.02027,0.0202
1853465386,1856768445,1698306960,0.02019,0.02023
1860619344,1862044467,1698307020,0.02024,0.02029
1864291057,1865831870,1698307080,0.02029,0.02025
1863954537,1863877305,1698307140,0.02024,0.02023
1869281270,1875155635,1698307200,0.02023,0.02006
1828448769,1823231741,1698307260,0.02006,0.01996
1825542391,1818736447,1698307320,0.01995,0.01994
1820550618,1822742854,1698307380,0.01995,0.01988
1809857435,1805577820,1698307440,0.01989,0.01982
1806853438,1811390977,1698307500,0.01982,0.0199
1812237763,1814835214,1698307560,0.01991,0.01992
1816375700,1806700160,1698307620,0.01992,0.01979
1806677657,1762373707,1698307680,0.01979,0.01964
1761147556,1755711791,1698307740,0.01965,0.01969
1755624206,1762017301,1698307800,0.01968,0.01965
1760024123,1759831883,1698307860,0.01964,0.01965
1758687575,1758012878,1698307920,0.01965,0.01979
1757568210,1756815641,1698307980,0.0198,0.01963
1754933988,1762416122,1698308040,0.01963,0.01982
1765208254,1765047903,1698308100,0.01981,0.01983
1772313869,1768780888,1698308160,0.01983,0.01955
1766735611,1749045888,1698308220,0.01956,0.0194
1747518753,1754406842,1698308280,0.0194,0.01943
1755619575,1760451966,1698308340,0.01942,0.01948
1754188350,1751727553,1698308400,0.01948,0.01944
1752395377,1753124232,1698308460,0.01945,0.01948
1753307894,1758744532,1698308520,0.01948,0.01948
1768149207,1765305369,1698308580,0.01949,0.01953
1766264559,1760578573,1698308640,0.01952,0.01941
1760112219,1760765262,1698308700,0.01942,0.01939
1761718984,1762678651,1698308760,0.0194,0.01947
1762426751,1759196085,1698308820,0.01947,0.0194
1758608847,1760485302,1698308880,0.01941,0.01937
1765555173,1769651723,1698308940,0.01937,0.01945
1773600146,1776722167,1698309000,0.01946,0.01939
1772895306,1768140737,1698309060,0.01939,0.01942
1775790334,1777532891,1698309120,0.01943,0.01957
1781218882,1782915043,1698309180,0.01957,0.01964
1781635281,1782213949,1698309240,0.01964,0.01968
1786268404,1790631933,1698309300,0.01969,0.01981
1804977240,1806861298,1698309360,0.01981,0.0198
1813646907,1812195104,1698309420,0.0198,0.01973
1816351183,1817420610,1698309480,0.01972,0.01967
1818016157,1825614754,1698309540,0.01966,0.01981
1829734190,1830649301,1698309600,0.01981,0.01977
1830951681,1831157969,1698309660,0.01976,0.01975
1831293589,1833695987,1698309720,0.01975,0.01974
1834063614,1837321015,1698309780,0.01974,0.01976
1837768565,1839436861,1698309840,0.01976,0.01972
1840698193,1843605824,1698309900,0.01973,0.01982
1844927073,1841831830,1698309960,0.01982,0.01988
1845818194,1852354056,1698310020,0.01988,0.01994
1851264516,1855320340,1698310080,0.01994,0.01995
1855065375,1860719432,1698310140,0.01994,0.01995
1862289602,1865397041,1698310200,0.01995,0.02007
1867478206,1870292044,1698310260,0.02006,0.02002
1866386786,1868979324,1698310320,0.02001,0.02015
1875518849,1878860132,1698310380,0.02015,0.02034
1879863289,1877208067,1698310440,0.02034,0.02037
1890343375,1884890901,1698310500,0.02037,0.0202
1882563891,1881738909,1698310560,0.02019,0.02013
1880463639,1884263019,1698310620,0.02014,0.02007
1871994323,1866068713,1698310680,0.02007,0.01997
1871291964,1873971253,1698310740,0.01997,0.01997
1876920942,1877893878,1698310800,0.01997,0.01999
1884594536,1882532495,1698310860,0.01999,0.01994
1887145693,1891640566,1698310920,0.01995,0.02014
1892798774,1901323405,1698310980,0.02014,0.02023
1901081270,1901664140,1698311040,0.02022,0.0202
1905656721,1905656721,1698311100,0.0202,0.02013
1907075217,1905861768,1698311160,0.02014,0.02008
1905851025,1906522276,1698311220,0.02008,0.02001
1907072974,1905187874,1698311280,0.02,0.01993
1905149285,1904181529,1698311340,0.01993,0.01993
1906739541,1907466178,1698311400,0.01993,0.0199
1905111282,1891308997,1698311460,0.01991,0.01982
1889223772,1896215972,1698311520,0.01982,0.0198
1895170460,1887241265,1698311580,0.01979,0.01973
1885195079,1888240016,1698311640,0.01973,0.01983
1889733478,1892156144,1698311700,0.01983,0.01972
1890582264,1889236308,1698311760,0.01971,0.01974
1889113598,1889538730,1698311820,0.01973,0.01976
1887394088,1888395689,1698311880,0.01975,0.01965
1878948383,1864753421,1698311940,0.01965,0.01957
1857196589,1856162371,1698312000,0.01957,0.01961
1857473753,1858961935,1698312060,0.01961,0.01964
1858141632,1861115534,1698312120,0.01964,0.01956
1862818750,1863729927,1698312180,0.01955,0.01967
1864122713,1863875859,1698312240,0.01967,0.01965
1864389832,1865813807,1698312300,0.01965,0.01958
1865605451,1866450119,1698312360,0.01958,0.01955
1863191921,1862802739,1698312420,0.01956,0.01956
1866662750,1855952047,1698312480,0.01955,0.01942
1857489270,1858895887,1698312540,0.01942,0.01954
1860051270,1866092985,1698312600,0.01953,0.01956
1871210468,1872486925,1698312660,0.01957,0.01962
1873225881,1870988240,1698312720,0.01963,0.01974
1874164876,1875240326,1698312780,0.01974,0.01972
1875612451,1877577503,1698312840,0.01972,0.01972
1876952512,1875336822,1698312900,0.01972,0.01967
1874802839,1878754547,1698312960,0.01967,0.01972
1879593570,1876627822,1698313020,0.01971,0.01963
1877302366,1883464770,1698313080,0.01963,0.01966
1885416553,1885830882,1698313140,0.01966,0.01969
1886267487,1887970483,1698313200,0.01969,0.01974
1891893317,1892756773,1698313260,0.01974,0.01979
1902581813,1902208802,1698313320,0.01979,0.01992
1904826198,1901251431,1698313380,0.01992,0.0199
1905885991,1905407580,1698313440,0.0199,0.01985
1906729631,1906813926,1698313500,0.01985,0.01984
1907804029,1905838907,1698313560,0.01984,0.01979
1907078298,1908040899,1698313620,0.0198,0.01976
1910240004,1912820522,1698313680,0.01976,0.01989
1913726526,1914667807,1698313740,0.01989,0.01976
1914757064,1912509256,1698313800,0.01976,0.0198
1911907558,1914299967,1698313860,0.01979,0.01989
1915143330,1917640892,1698313920,0.0199,0.01992
1918788268,1917047453,1698313980,0.01993,0.01986
1917247443,1924638893,1698314040,0.01986,0.01989
1925002077,1927685374,1698314100,0.01989,0.01983
1926575150,1928747882,1698314160,0.01984,0.01981
1928441467,1928265850,1698314220,0.01981,0.01982
1930079321,1933167272,1698314280,0.01983,0.0199
1935879067,1937849145,1698314340,0.01991,0.0199
1940392172,1939501875,1698314400,0.0199,0.0198
1942436818,1940845786,1698314460,0.01979,0.01988
1940973481,1944836431,1698314520,0.01989,0.01988
1946126343,1937821200,1698314580,0.01988,0.01972
1932284945,1935032188,1698314640,0.01972,0.01965
1931609508,1923188839,1698314700,0.01965,0.01953
1926389952,1926790371,1698314760,0.01953,0.01957
1927354589,1916163125,1698314820,0.01957,0.01948
1916189751,1916146115,1698314880,0.01948,0.0196
1916544806,1920857792,1698314940,0.0196,0.01969
1920984196,1911847674,1698315000,0.01969,0.01999
1921720163,1937657311,1698315060,0.02,0.02006
1938794869,1943261541,1698315120,0.02005,0.02012
1948469197,1947960130,1698315180,0.02012,0.02005
1948044071,1941780669,1698315240,0.02005,0.02003
1945602967,1953331630,1698315300,0.02004,0.01992
1952773712,1955342992,1698315360,0.01992,0.01991
1954457131,1954231948,1698315420,0.01991,0.0199
1953979825,1957776475,1698315480,0.0199,0.01999
1959758312,1956232162,1698315540,0.01999,0.01993
1954632347,1956328885,1698315600,0.01993,0.01989
1959773757,1956390489,1698315660,0.01989,0.01994
1956852799,1958109549,1698315720,0.01994,0.01991
1959216530,1962329310,1698315780,0.01991,0.01992
1964133557,1964639530,1698315840,0.01991,0.01988
1959109993,1959137396,1698315900,0.01988,0.01979
1954359274,1951510321,1698315960,0.01979,0.01973
1948621623,1949443370,1698316020,0.01973,0.01977
1950666702,1952109134,1698316080,0.01977,0.01978
1955153046,1959050862,1698316140,0.01978,0.01975
1958769322,1960496069,1698316200,0.01974,0.01974
1961408258,1962383558,1698316260,0.01975,0.01977
1962221388,1962288326,1698316320,0.01978,0.0198
1959208018,1959886626,1698316380,0.0198,0.01988
1967539797,1972719042,1698316440,0.01987,0.01991
1970964697,1971439200,1698316500,0.0199,0.01992
1977998909,1978501098,1698316560,0.01992,0.01981
1976035886,1978773976,1698316620,0.01981,0.01986
1980000923,1982517715,1698316680,0.01986,0.0199
1992708686,1997811123,1698316740,0.0199,0.01988
2001557367,2007911776,1698316800,0.01989,0.01989
2011671199,2017779639,1698316860,0.01989,0.01998
2019114902,2020353870,1698316920,0.01997,0.01986
2020521259,2019621774,1698316980,0.01985,0.01986
2022874292,2017896088,1698317040,0.01986,0.01979
2020083441,2021210697,1698317100,0.01979,0.01967
2023390642,2015693909,1698317160,0.01966,0.01954
2010557500,2001988341,1698317220,0.01954,0.01959
2005406739,2006441073,1698317280,0.01959,0.01967
2005435337,2010482843,1698317340,0.01967,0.01968
2013614569,2014475198,1698317400,0.01968,0.01958
2013700103,2013436017,1698317460,0.01958,0.01961
2014521839,2017763790,1698317520,0.01961,0.01966
2017457826,2021507441,1698317580,0.01966,0.01966
2021639930,2023698345,1698317640,0.01967,0.01966
2024483135,2022788740,1698317700,0.01967,0.01958
2023079161,2026726721,1698317760,0.01959,0.0196
2025472617,2025183178,1698317820,0.01961,0.01967
2027166452,2025869459,1698317880,0.01967,0.01967
2026537414,2027271839,1698317940,0.01967,0.01969
2025978937,2025951776,1698318000,0.0197,0.01984
2029927988,2025037217,1698318060,0.01984,0.02004
2030152742,2039931760,1698318120,0.02003,0.01996
2050752893,2056148584,1698318180,0.01996,0.01997
2058173475,2067256691,1698318240,0.01997,0.01989
2051749902,2056818137,1698318300,0.01989,0.01999
2066533693,2071817810,1698318360,0.02,0.01993
2062737704,2065681734,1698318420,0.01994,0.0199
2060697429,2059499871,1698318480,0.0199,0.01993
2061382134,2074768815,1698318540,0.01993,0.01994
2076781976,2078133917,1698318600,0.01994,0.01989
2079658032,2078893868,1698318660,0.01989,0.01989
2078588012,2080189743,1698318720,0.01989,0.01994
2080231113,2081208576,1698318780,0.01994,0.01994
2081802304,2080390801,1698318840,0.01994,0.01997
2084112080,2081124394,1698318900,0.01997,0.01988
2081066121,2074567296,1698318960,0.01988,0.01984
2076655903,2076100401,1698319020,0.01983,0.01985
2077049185,2076957719,1698319080,0.01984,0.0198
2073966867,2073810683,1698319140,0.0198,0.01981
2074154143,2075154898,1698319200,0.01981,0.01976
2075377607,2073894144,1698319260,0.01976,0.01977
2075325972,2075740742,1698319320,0.01976,0.0197
2075187141,2074814644,1698319380,0.0197,0.01975
2076208646,2079345176,1698319440,0.01975,0.01976
2081040628,2084318911,1698319500,0.01977,0.01973
2083931374,2084527016,1698319560,0.01972,0.01972
2083893603,2084269388,1698319620,0.01972,0.01975
2082866382,2086984028,1698319680,0.01975,0.0197
2088468642,2088269340,1698319740,0.0197,0.01969
2086888119,2082402197,1698319800,0.01969,0.01964
2082251035,2084105413,1698319860,0.01964,0.01964
2083821598,2083995112,1698319920,0.01964,0.01961
2084541852,2084641675,1698319980,0.01961,0.01965
2084422905,2086915725,1698320040,0.01966,0.0197
2087591146,2086933456,1698320100,0.01971,0.01968
2087443264,2089822621,1698320160,0.01967,0.01959
2090756229,1979067754,1698320220,0.01959,0.01915
1971145957,1970875884,1698320280,0.01915,0.01907
1959732715,1921857076,1698320340,0.01908,0.01871
1914138926,1894825892,1698320400,0.01871,0.01858
1897018184,1897728147,1698320460,0.01859,0.01856
1873354134,1865836336,1698320520,0.01856,0.0185
1867125705,1870888267,1698320580,0.01849,0.01873
1864766690,1864052129,1698320640,0.01872,0.01876
1869567582,1866040924,1698320700,0.01876,0.0186
1869925948,1877047654,1698320760,0.01861,0.01877
1879468853,1882952566,1698320820,0.01876,0.01875
1881522579,1883810724,1698320880,0.01874,0.01873
1883829634,1884904348,1698320940,0.01874,0.0188
1866931346,1866849247,1698321000,0.0188,0.0189
1846305137,1844892040,1698321060,0.0189,0.01881
1845445284,1847970276,1698321120,0.01881,0.01884
1848976600,1855169125,1698321180,0.01884,0.01889
1855980725,1858411971,1698321240,0.01889,0.01902
1855093467,1856491980,1698321300,0.01901,0.01895
1855194794,1855070357,1698321360,0.01896,0.01887
1854972205,1856572931,1698321420,0.01888,0.01895
1858134083,1859032570,1698321480,0.01896,0.01889
1861196411,1857869795,1698321540,0.01889,0.01884
1863609910,1863626506,1698321600,0.01884,0.01899
1863163351,1856540500,1698321660,0.01899,0.01912
1858566206,1868641726,1698321720,0.01912,0.01915
1868784438,1873136935,1698321780,0.01916,0.01908
1872718306,1872748535,1698321840,0.01908,0.01912
1874552704,1880689539,1698321900,0.01911,0.01918
1883255175,1883417829,1698321960,0.01918,0.01916
1888400283,1891321265,1698322020,0.01916,0.01919
1896568535,1896039500,1698322080,0.01919,0.0192
1897956179,1900035273,1698322140,0.01921,0.01921
1897811629,1900882803,1698322200,0.01922,0.01923
1894851790,1893567905,1698322260,0.01923,0.01919
1892779782,1893563618,1698322320,0.0192,0.01912
1892260298,1894883790,1698322380,0.01911,0.01913
1893985540,1896868194,1698322440,0.01913,0.01915
1896937438,1896100195,1698322500,0.01914,0.01907
1892006111,1882988326,1698322560,0.01908,0.01901
1884408755,1888237468,1698322620,0.01901,0.01909
1888821137,1889151746,1698322680,0.01909,0.01896
1886829876,1900718786,1698322740,0.01895,0.01906
1901930301,1902431477,1698322800,0.01906,0.01915
1910176706,1911567126,1698322860,0.01915,0.01911
1911569461,1911247738,1698322920,0.01911,0.01909
1909744648,1910499478,1698322980,0.0191,0.01911
1910511744,1912293348,1698323040,0.01912,0.01912
1913081908,1913293623,1698323100,0.01911,0.01911
1915285262,1916086901,1698323160,0.01911,0.01915
1916320902,1916992877,1698323220,0.01915,0.01908
1902658159,1906024135,1698323280,0.01909,0.01907
1905366098,1907429498,1698323340,0.01908,0.01916
1907215257,1907063029,1698323400,0.01915,0.01915
1906035429,1901524306,1698323460,0.01915,0.01928
1898078275,1897058235,1698323520,0.01929,0.01933
1898450049,1904816111,1698323580,0.01932,0.01938
1904790540,1905839836,1698323640,0.01938,0.01932
1905980953,1904141878,1698323700,0.01932,0.01926
1905285924,1905614571,1698323760,0.01926,0.01925
1906096815,1905675626,1698323820,0.01925,0.01928
1906143338,1906820877,1698323880,0.01928,0.01926
1906933635,1915532612,1698323940,0.01925,0.01917
1915990657,1913961905,1698324000,0.01918,0.01922
1914988079,1915387852,1698324060,0.01923,0.01918
1915092081,1915092081,1698324120,0.01919,0.01919
1916040714,1912405532,1698324180,0.0192,0.01919
1914522539,1915966477,1698324240,0.0192,0.0192
1919139614,1919713376,1698324300,0.01921,0.01916
1921222104,1920290155,1698324360,0.01916,0.0192
1921393912,1922264446,1698324420,0.0192,0.01925
1923182438,1923410941,1698324480,0.01925,0.01922
1925982361,1925640207,1698324540,0.01921,0.01907
1921160484,1921830470,1698324600,0.01907,0.0191
1923885627,1924311864,1698324660,0.01909,0.01915
1924354024,1922241413,1698324720,0.01915,0.0191
1927591888,1926556728,1698324780,0.01909,0.01909
1926588990,1925766211,1698324840,0.01908,0.01907
1922227596,1923158242,1698324900,0.01906,0.01914
1922595000,1922616974,1698324960,0.01914,0.01906
1924146976,1924934094,1698325020,0.01905,0.01906
1927043352,1928148636,1698325080,0.01906,0.01905
1930546433,1929656613,1698325140,0.01904,0.019
1929649791,1928341869,1698325200,0.01901,0.01905
1928375459,1928140490,1698325260,0.01905,0.01913
1922598389,1921780206,1698325320,0.01914,0.01919
1921779632,1920862767,1698325380,0.01919,0.01913
1921806556,1921806556,1698325440,0.01912,0.01908
1918604576,1918463337,1698325500,0.01908,0.01906
1918560625,1919767632,1698325560,0.01906,0.01908
1917897176,1917571234,1698325620,0.01908,0.01906
1920432656,1920508875,1698325680,0.01906,0.01907
1919881859,1919999753,1698325740,0.01907,0.019
1920337338,1920900544,1698325800,0.019,0.01898
1920963320,1920825257,1698325860,0.01898,0.01894
1915864082,1909367222,1698325920,0.01894,0.0189
1910487963,1913501162,1698325980,0.01889,0.01881
1919819433,1911484367,1698326040,0.01882,0.01871
1912846193,1914431585,1698326100,0.01871,0.01882
1908940449,1905580610,1698326160,0.01883,0.01889
1906904670,1907939157,1698326220,0.01889,0.01886
1908203400,1908203400,1698326280,0.01885,0.01883
1910740400,1911116339,1698326340,0.01883,0.01875
1911062512,1912232219,1698326400,0.01876,0.01882
1914549758,1914954927,1698326460,0.01882,0.01878
1914585178,1916236437,1698326520,0.01877,0.01876
1914148693,1916790442,1698326580,0.01875,0.0188
1917159029,1918479802,1698326640,0.0188,0.01878
1918643078,1919842226,1698326700,0.01879,0.01879
1919393748,1919862096,1698326760,0.01879,0.01876
1920894596,1921574242,1698326820,0.01877,0.01882
1920977505,1921002205,1698326880,0.01881,0.01882
1921499398,1922153050,1698326940,0.01882,0.01881
1925224780,1925836178,1698327000,0.01881,0.01876
1926039722,1925220492,1698327060,0.01877,0.01877
1926564739,1927499541,1698327120,0.01878,0.01885
1928957029,1928525750,1698327180,0.01884,0.01877
1927016593,1921154202,1698327240,0.01877,0.01863
1922313968,1911574228,1698327300,0.01863,0.01854
1908642973,1879541457,1698327360,0.01854,0.01853
1878654169,1881323940,1698327420,0.01853,0.01856
1879181041,1875768100,1698327480,0.01856,0.01857
1878261464,1884545127,1698327540,0.01857,0.0186
1883493596,1883994362,1698327600,0.0186,0.0186
1884468185,1884653790,1698327660,0.0186,0.01865
1884326110,1887525636,1698327720,0.01865,0.01866
1887950565,1887821653,1698327780,0.01866,0.01869
1886136324,1887685415,1698327840,0.01869,0.01862
1889491708,1892151503,1698327900,0.01861,0.01862
1891995539,1891205561,1698327960,0.01861,0.01865
1894942582,1895093722,1698328020,0.01865,0.01861
1890169778,1889305710,1698328080,0.01861,0.01855
1888746638,1889070162,1698328140,0.01855,0.01856
1885885242,1886019252,1698328200,0.01856,0.01862
1886857968,1887086751,1698328260,0.01861,0.01856
1886060679,1886308857,1698328320,0.01856,0.01859
1886179525,1885975784,1698328380,0.01858,0.01855
1885720070,1880866685,1698328440,0.01854,0.01849
1880804653,1879755388,1698328500,0.01849,0.01837
1860798022,1853330514,1698328560,0.01837,0.01833
1851736498,1851736498,1698328620,0.01833,0.01824
1852371744,1852862106,1698328680,0.01825,0.0183
1848861702,1850986260,1698328740,0.0183,0.0183
1851318343,1855284547,1698328800,0.01831,0.01829
1860316941,1854399635,1698328860,0.0183,0.01838
1854841216,1858854367,1698328920,0.01837,0.01842
1862600786,1867505411,1698328980,0.01842,0.01847
1870022427,1871776007,1698329040,0.01847,0.01849
1873641512,1877090258,1698329100,0.01849,0.01844
1876388865,1873757453,1698329160,0.01843,0.01845
1873773916,1872281390,1698329220,0.01845,0.0185
1873393445,1875149541,1698329280,0.01851,0.01852
1877979208,1877661938,1698329340,0.01851,0.01846
1879577680,1884407472,1698329400,0.01845,0.01851
1884170363,1885069719,1698329460,0.01852,0.01849
1885226202,1885305348,1698329520,0.01849,0.01843
1885181293,1886292064,1698329580,0.01843,0.0185
1884749431,1884196642,1698329640,0.01849,0.01845
1882253313,1878648815,1698329700,0.01845,0.01839
1876900764,1875841965,1698329760,0.01839,0.01836
1875615078,1867482176,1698329820,0.01835,0.01832
1863540454,1863927693,1698329880,0.01831,0.01831
1863260972,1867115257,1698329940,0.01831,0.01835
1867979534,1870841935,1698330000,0.01835,0.01839
1872270344,1872624197,1698330060,0.0184,0.01839
1874685481,1876373767,1698330120,0.01839,0.01833
1875717577,1874464875,1698330180,0.01832,0.01823
1870065355,1869214003,1698330240,0.01823,0.01835
1871917144,1875189816,1698330300,0.01834,0.01837
1876786063,1876307010,1698330360,0.01838,0.01832
1876180256,1871957531,1698330420,0.01832,0.01822
1870346325,1864523269,1698330480,0.01822,0.01824
1867876687,1870013398,1698330540,0.01823,0.01823
1872429798,1872783336,1698330600,0.01824,0.01817
1874133179,1872435558,1698330660,0.01817,0.01816
1874492205,1836863858,1698330720,0.01817,0.0181
1839225043,1843584639,1698330780,0.01809,0.01805
1849459023,1845924223,1698330840,0.01805,0.01801
1849024194,1849277272,1698330900,0.018,0.01796
1850490680,1852609226,1698330960,0.01795,0.01807
1854536164,1861057583,1698331020,0.01807,0.018
1860000382,1820885942,1698331080,0.01799,0.01784
1817431674,1814694223,1698331140,0.01783,0.01783
1816171920,1820485336,1698331200,0.01783,0.01783
1828174125,1824800440,1698331260,0.01782,0.01792
1824249083,1823831321,1698331320,0.01792,0.01781
1820104332,1820111850,1698331380,0.0178,0.01782
1828266109,1830292226,1698331440,0.01782,0.01781
1833485736,1830280865,1698331500,0.01782,0.01794
1835382869,1838400978,1698331560,0.01793,0.01796
1837538880,1838631418,1698331620,0.01797,0.01801
1836528210,1831961857,1698331680,0.01801,0.01812
1833420342,1836673351,1698331740,0.01812,0.01807
1838276980,1841588334,1698331800,0.01807,0.018
1841965104,1844100405,1698331860,0.018,0.01804
1847014480,1848470048,1698331920,0.01804,0.01801
1850286001,1852615364,1698331980,0.018,0.01804
1855213071,1856838519,1698332040,0.01804,0.01809
1859988600,1863046423,1698332100,0.0181,0.01809
1867279539,1869031198,1698332160,0.0181,0.01815
1871323721,1872404669,1698332220,0.01815,0.01811
1872569633,1872569633,1698332280,0.0181,0.01809
1878684106,1879479108,1698332340,0.01809,0.01813
1880705723,1880111046,1698332400,0.01812,0.01806
1879571953,1886949066,1698332460,0.01807,0.01803
1888307524,1890251055,1698332520,0.01804,0.0179
1891777171,1896363975,1698332580,0.0179,0.01784
1896026267,1896905956,1698332640,0.01783,0.01782
1898569232,1896625543,1698332700,0.01782,0.01774
1897527532,1897543770,1698332760,0.01775,0.01769
1897426618,1879026594,1698332820,0.0177,0.0176
1871558700,1875205936,1698332880,0.01761,0.01769
1874643772,1875832248,1698332940,0.01769,0.01757
1879888472,1879692345,1698333000,0.01757,0.01763
1884938692,1886934907,1698333060,0.01762,0.01763
1885219579,1885303826,1698333120,0.01763,0.0177
1888350996,1893413352,1698333180,0.0177,0.01771
1894764046,1894764621,1698333240,0.01771,0.01765
1897464699,1896708651,1698333300,0.01764,0.01752
1896957417,1888584732,1698333360,0.01752,0.01739
1887813038,1877718272,1698333420,0.01738,0.01733
1880324772,1878522765,1698333480,0.01732,0.01732
1876747006,1877839856,1698333540,0.01731,0.01733
1881724418,1885005443,1698333600,0.01733,0.01731
1886514111,1885357459,1698333660,0.01731,0.01728
1892736268,1891052888,1698333720,0.01729,0.01736
1890797369,1894922002,1698333780,0.01736,0.01735
1892430700,1880270179,1698333840,0.01735,0.01748
1871581439,1870956279,1698333900,0.01749,0.01739
1872763593,1874510971,1698333960,0.01739,0.01744
1877132233,1878599212,1698334020,0.01744,0.01747
1878790211,1880193334,1698334080,0.01747,0.01749
1882127102,1882725079,1698334140,0.01748,0.01742
1880404441,1882466554,1698334200,0.01742,0.01741
1879171665,1872139116,1698334260,0.01742,0.0176
1867503995,1868944979,1698334320,0.0176,0.0176
1866876981,1870436620,1698334380,0.01759,0.0176
1870494878,1870727252,1698334440,0.0176,0.01772
1870280509,1869581826,1698334500,0.01772,0.01773
1871056205,1872551514,1698334560,0.01773,0.01767
1873026552,1876259707,1698334620,0.01767,0.01768
1876781626,1874030572,1698334680,0.01768,0.0176
1872801355,1869979024,1698334740,0.0176,0.01763
1870440017,1869795676,1698334800,0.01762,0.01762
1868108596,1871890766,1698334860,0.01762,0.01759
1872819998,1871570682,1698334920,0.0176,0.01755
1876291570,1875632755,1698334980,0.01754,0.01752
1876568071,1875649977,1698335040,0.01752,0.01757
1875994347,1878058743,1698335100,0.01756,0.01755
1876164853,1876816764,1698335160,0.01754,0.01759
1872214244,1871370738,1698335220,0.01758,0.01767
1867068157,1866592353,1698335280,0.01767,0.01772
1868978005,1867250712,1698335340,0.01773,0.01776
1868445208,1870713990,1698335400,0.01775,0.01771
1870754367,1870754367,1698335460,0.01771,0.01772
1871375258,1870994585,1698335520,0.01771,0.01774
1871586411,1868996757,1698335580,0.01775,0.01781
1864998854,1861577405,1698335640,0.01781,0.01783
1861409388,1859283395,1698335700,0.01783,0.0178
1861734098,1862501935,1698335760,0.01779,0.01785
1862615527,1861339666,1698335820,0.01785,0.01786
1852988768,1850711357,1698335880,0.01786,0.01779
1846625138,1845924387,1698335940,0.01779,0.01778
1846554718,1848453986,1698336000,0.01778,0.01787
1845955739,1846473848,1698336060,0.01786,0.01789
1844303164,1837655898,1698336120,0.01789,0.01801
1834589481,1836793779,1698336180,0.01802,0.01795
1837546387,1834948655,1698336240,0.01794,0.01801
1830518137,1826615346,1698336300,0.01802,0.01812
1827715546,1830781843,1698336360,0.01812,0.01797
1830406579,1826638940,1698336420,0.01797,0.01791
1828518277,1828518277,1698336480,0.01792,0.01801
1827663142,1829645597,1698336540,0.01801,0.0179
1831693166,1828064915,1698336600,0.0179,0.01786
1826836920,1830597853,1698336660,0.01785,0.01782
1830002137,1829748970,1698336720,0.01783,0.01784
1831447015,1829035960,1698336780,0.01783,0.01785
1828771032,1831978360,1698336840,0.01784,0.01782
1832876567,1833567754,1698336900,0.01781,0.01781
1836084588,1836472716,1698336960,0.01782,0.01788
1837843556,1836121540,1698337020,0.01788,0.01798
1837013120,1836844853,1698337080,0.01797,0.01802
1837354010,1833938922,1698337140,0.01803,0.0179
1833290532,1831837052,1698337200,0.0179,0.01781
1831975463,1826637995,1698337260,0.0178,0.01766
1826762100,1827531230,1698337320,0.01767,0.01772
1826465301,1825393987,1698337380,0.01772,0.01776
1825921147,1827803546,1698337440,0.01776,0.01771
1828767643,1827831694,1698337500,0.01772,0.0177
1828773083,1828773083,1698337560,0.0177,0.01779
1829805670,1829361257,1698337620,0.01779,0.01783
1828365878,1826515020,1698337680,0.01783,0.01794
1823509221,1824156199,1698337740,0.01795,0.0179
1822535769,1821692487,1698337800,0.01791,0.01794
1820517552,1820966110,1698337860,0.01793,0.01802
1821989799,1822240366,1698337920,0.01802,0.01796
1821385525,1821786019,1698337980,0.01796,0.01781
1820617782,1820785654,1698338040,0.01782,0.01787
1820733493,1822399107,1698338100,0.01787,0.01792
1820049579,1821391026,1698338160,0.01793,0.01789
1816721684,1817193773,1698338220,0.0179,0.01786
1818198102,1819318483,1698338280,0.01786,0.01785
1818899565,1819726244,1698338340,0.01784,0.01781
1820352115,1819511043,1698338400,0.01781,0.01782
1821140211,1820234591,1698338460,0.01783,0.01786
1820841364,1821167619,1698338520,0.01786,0.01781
1823369155,1824159317,1698338580,0.01781,0.01774
1825000331,1824890784,1698338640,0.01773,0.01774
1824722024,1823861730,1698338700,0.01773,0.01777
1823953201,1822442924,1698338760,0.01777,0.01777
1823186989,1822342980,1698338820,0.01778,0.01783
1821444016,1824052325,1698338880,0.01782,0.01785
1822433996,1822856280,1698338940,0.01785,0.01777
1823340481,1824466437,1698339000,0.01777,0.0177
1824313219,1826385808,1698339060,0.0177,0.01768
1826559540,1827486702,1698339120,0.01769,0.01775
1825584409,1826556248,1698339180,0.01774,0.01775
1826169548,1827214325,1698339240,0.01775,0.01768
1825475313,1825364236,1698339300,0.01768,0.01773
1826157392,1826619988,1698339360,0.01772,0.01774
1823760686,1828751994,1698339420,0.01773,0.01769
1826820451,1825548457,1698339480,0.01769,0.01775
1826082035,1825834636,1698339540,0.01774,0.0177
1825745301,1825630757,1698339600,0.01769,0.01778
1822849496,1822363717,1698339660,0.01777,0.01781
1822585501,1819163015,1698339720,0.01781,0.01789
1819208069,1823379649,1698339780,0.0179,0.01786
1824505298,1826456293,1698339840,0.01786,0.01788
1828111668,1828184921,1698339900,0.01787,0.01787
1827702578,1834817607,1698339960,0.01787,0.01794
1831029807,1831410797,1698340020,0.01794,0.01794
1831208440,1829294331,1698340080,0.01793,0.018
1829707318,1830011890,1698340140,0.01801,0.01799
1828852602,1828924661,1698340200,0.018,0.01795
1827951835,1828884892,1698340260,0.01795,0.018
1828940833,1828621347,1698340320,0.018,0.01801
1829932966,1829238330,1698340380,0.018,0.018
1829374558,1828835173,1698340440,0.018,0.01793
1829896596,1830118774,1698340500,0.01793,0.01792
1830007065,1829433568,1698340560,0.01792,0.01799
1828688955,1828902553,1698340620,0.01799,0.01802
1830065401,1830885849,1698340680,0.01801,0.01797
1831774109,1832284529,1698340740,0.01798,0.01802
1832588571,1832775474,1698340800,0.01801,0.01802
1833592962,1834515763,1698340860,0.01801,0.01813
1828802126,1827642219,1698340920,0.01812,0.01804
1827114075,1826778022,1698340980,0.01804,0.01801
1827518196,1826116907,1698341040,0.01802,0.01796
1826900044,1825728937,1698341100,0.01796,0.01797
1825059547,1824300722,1698341160,0.01797,0.01797
1823744731,1822103425,1698341220,0.01797,0.01796
1822406537,1821610528,1698341280,0.01795,0.01793
1821431600,1820732328,1698341340,0.01794,0.01796
1821713450,1820424546,1698341400,0.01796,0.01792
1820132750,1817988010,1698341460,0.01793,0.01799
1818634714,1817760046,1698341520,0.01799,0.01805
1816626915,1814805954,1698341580,0.01805,0.01807
1815162352,1814733874,1698341640,0.01808,0.01807
1814620171,1813034381,1698341700,0.01807,0.01803
1812657142,1812542208,1698341760,0.01804,0.01799
1810855682,1808074728,1698341820,0.01799,0.01795
1805904898,1805933414,1698341880,0.01794,0.01802
1806395860,1806858585,1698341940,0.01801,0.01797
1806882100,1807533273,1698342000,0.01797,0.01793
1807966337,1806792693,1698342060,0.01793,0.01795
1807099183,1807249283,1698342120,0.01795,0.01792
1805716119,1805762306,1698342180,0.01791,0.01795
1804428339,1803759769,1698342240,0.01794,0.01787
1803353701,1801045279,1698342300,0.01787,0.01796
1800947623,1803804919,1698342360,0.01796,0.01797
1804240738,1804231319,1698342420,0.01796,0.01796
1802880661,1802718347,1698342480,0.01796,0.01794
1804985482,1805013807,1698342540,0.01794,0.01789
1804253571,1803111713,1698342600,0.01789,0.01788
1802866507,1801238947,1698342660,0.01787,0.01782
1799303419,1793414558,1698342720,0.01781,0.01787
1792217516,1791076175,1698342780,0.01788,0.01793
1790116505,1788144207,1698342840,0.01793,0.01803
1791480343,1792188187,1698342900,0.01803,0.01806
1793865777,1794223889,1698342960,0.01806,0.01805
1795253831,1795589257,1698343020,0.01805,0.01801
1796067726,1798209801,1698343080,0.01802,0.01806
1803592372,1804895325,1698343140,0.01805,0.018
1804899111,1805482079,1698343200,0.018,0.018
1806097808,1806815278,1698343260,0.018,0.018
1806660009,1807331251,1698343320,0.018,0.01802
1806556717,1806791147,1698343380,0.01803,0.01803
1805870061,1806034252,1698343440,0.01804,0.01804
1807009451,1806651973,1698343500,0.01804,0.01799
1806685458,1807178613,1698343560,0.01799,0.01799
1803848094,1804596290,1698343620,0.01799,0.01805
1805581147,1805581147,1698343680,0.01805,0.01807
1805489249,1806944740,1698343740,0.01806,0.01809
1807630711,1807817553,1698343800,0.0181,0.01808
1806348571,1807538642,1698343860,0.01808,0.0181
1806785330,1807717343,1698343920,0.0181,0.01813
1808889443,1808408764,1698343980,0.01813,0.01813
1807909810,1806254910,1698344040,0.01813,0.01813
1806758664,1806419642,1698344100,0.01813,0.01808
1804144181,1804404228,1698344160,0.01809,0.01805
1803644327,1798722179,1698344220,0.01805,0.01803
1798949873,1803511275,1698344280,0.01803,0.01802
1803659450,1800355729,1698344340,0.01802,0.01796
1798412113,1794182023,1698344400,0.01797,0.01796
1795142271,1795806235,1698344460,0.01795,0.01797
1794308767,1791920060,1698344520,0.01798,0.01793
1792916784,1792808222,1698344580,0.01794,0.01792
1792074560,1792665478,1698344640,0.01793,0.01791
1790885592,1790932819,1698344700,0.01791,0.01789
1790188730,1790688461,1698344760,0.0179,0.01789
1790460017,1787924755,1698344820,0.01788,0.01785
1788088975,1789748643,1698344880,0.01786,0.01786
1786993945,1786670604,1698344940,0.01785,0.01789
1787392777,1788161993,1698345000,0.01789,0.01788
1788451198,1789062906,1698345060,0.01789,0.01791
1791006809,1790714902,1698345120,0.01791,0.01791
1791453839,1791681283,1698345180,0.01791,0.01792
1791026095,1791725060,1698345240,0.01792,0.01794
1791620505,1789308527,1698345300,0.01794,0.01794
1790277686,1789956936,1698345360,0.01794,0.01795
1789459566,1788333843,1698345420,0.01795,0.01798
1788661129,1789345839,1698345480,0.01797,0.018
1789955864,1790234751,1698345540,0.018,0.01797
1790034853,1792715798,1698345600,0.01798,0.01789
1791705646,1790233097,1698345660,0.01789,0.01788
1790843404,1788455467,1698345720,0.01787,0.01781
1787868724,1786027384,1698345780,0.01781,0.01787
1784089307,1785172510,1698345840,0.01788,0.01786
1785705222,1783096319,1698345900,0.01786,0.01786
1782046699,1781676823,1698345960,0.01786,0.0178
1781550462,1781480380,1698346020,0.0178,0.01778
1781235838,1782175660,1698346080,0.01778,0.01781
1782014961,1777736435,1698346140,0.0178,0.01775
1778004842,1778733075,1698346200,0.01774,0.0178
1779571724,1780524951,1698346260,0.01779,0.01775
1780059060,1779606336,1698346320,0.01776,0.01779
1781418712,1781373291,1698346380,0.01779,0.01778
1781676758,1783559968,1698346440,0.01778,0.01778
1782975968,1783094082,1698346500,0.01779,0.01782
1779580098,1780161670,1698346560,0.01782,0.0178
1780810497,1780526702,1698346620,0.0178,0.01776
1782051275,1782305562,1698346680,0.01776,0.01775
1782938865,1783072186,1698346740,0.01776,0.01779
1783355351,1782597662,1698346800,0.01779,0.01783
1783752579,1782849740,1698346860,0.01783,0.01785
1783763081,1784404409,1698346920,0.01786,0.01782
1784581173,1784707466,1698346980,0.01783,0.01788
1784546233,1784740519,1698347040,0.01788,0.01785
1785487962,1784749582,1698347100,0.01786,0.01788
1785480478,1786224789,1698347160,0.01787,0.01786
1787186882,1787953417,1698347220,0.01786,0.01786
1787408157,1786783649,1698347280,0.01787,0.01787
1787456685,1786669135,1698347340,0.01786,0.01792
1787137893,1787672263,1698347400,0.01791,0.01788
1789077004,1789391621,1698347460,0.01788,0.01785
1789364854,1789585409,1698347520,0.01785,0.01786
1789551489,1789643368,1698347580,0.01786,0.01787
1789600389,1789063727,1698347640,0.01786,0.01786
1788329088,1787885828,1698347700,0.01785,0.01788
1787144641,1787404517,1698347760,0.01787,0.01789
1788177821,1787717351,1698347820,0.01789,0.01792
1787429968,1787345438,1698347880,0.01791,0.01792
1787839467,1788068529,1698347940,0.01793,0.01792
1787794008,1785404490,1698348000,0.01792,0.01794
1785393291,1788566402,1698348060,0.01794,0.01795
1787756202,1787390389,1698348120,0.01795,0.01791
1787692019,1787324631,1698348180,0.01791,0.01793
1787240210,1787833899,1698348240,0.01792,0.01793
1788035833,1786658237,1698348300,0.01792,0.01798
1785758858,1785533896,1698348360,0.01798,0.01796
1785824952,1785951625,1698348420,0.01797,0.01799
1785614203,1786207639,1698348480,0.01799,0.01793
1785026690,1785269375,1698348540,0.01793,0.01793
1785084067,1785404067,1698348600,0.01793,0.01793
1784211759,1783563240,1698348660,0.01792,0.01798
1782512178,1784089239,1698348720,0.01798,0.01795
1784016690,1783901793,1698348780,0.01794,0.01789
1782563127,1782633426,1698348840,0.01789,0.01792
1782493744,1781712213,1698348900,0.01792,0.018
1781998223,1781922415,1698348960,0.018,0.01801
1782249746,1782249746,1698349020,0.01801,0.018
1782896790,1781066300,1698349080,0.018,0.01802
1781248721,1782327008,1698349140,0.01802,0.01797
1779858773,1779964173,1698349200,0.01797,0.01803
1779132059,1779702736,1698349260,0.01803,0.01804
1778222555,1779315760,1698349320,0.01803,0.01805
1780070344,1779432114,1698349380,0.01804,0.01808
1779494565,1778250869,1698349440,0.01807,0.01808
1778142932,1780543856,1698349500,0.01809,0.01808
1778919241,1776559365,1698349560,0.01807,0.01812
1776623218,1778414299,1698349620,0.01811,0.01811
1777643903,1778186977,1698349680,0.01811,0.01809
1779517651,1778906011,1698349740,0.01809,0.01804
1779064603,1779091550,1698349800,0.01805,0.018
1779406719,1776184658,1698349860,0.018,0.01803
1777430552,1778238822,1698349920,0.01804,0.01801
1777752659,1776694855,1698349980,0.018,0.01801
1776256814,1776236483,1698350040,0.01801,0.01801
1776236483,1778727046,1698350100,0.01801,0.018
1778726512,1778019569,1698350160,0.018,0.01796
1778062729,1778062068,1698350220,0.01797,0.01797
1778109846,1779225459,1698350280,0.01798,0.01799
1777504377,1777971317,1698350340,0.018,0.01797
1778664413,1778512525,1698350400,0.01798,0.01802
1779097846,1779744832,1698350460,0.01802,0.01799
1782287623,1783029398,1698350520,0.01798,0.01805
1783693195,1783470295,1698350580,0.01805,0.01806
1783430824,1783997744,1698350640,0.01806,0.01805
1783738150,1783875023,1698350700,0.01804,0.0181
1783079172,1783966460,1698350760,0.01811,0.01807
1782888779,1783786996,1698350820,0.01808,0.01805
1783449693,1784291057,1698350880,0.01805,0.01803
1784059673,1782905319,1698350940,0.01802,0.01805
1783175628,1783245234,1698351000,0.01804,0.01799
1782298540,1782309497,1698351060,0.01799,0.01799
1782053285,1781533345,1698351120,0.01799,0.01798
1781299558,1782918282,1698351180,0.01799,0.01798
1782440679,1782716654,1698351240,0.01798,0.01797
1781282397,1779962610,1698351300,0.01797,0.018
1780247809,1780562578,1698351360,0.018,0.01798
1780679623,1780408820,1698351420,0.01798,0.01803
1779521614,1779245101,1698351480,0.01803,0.018
1779688973,1780204724,1698351540,0.018,0.01799
1780167464,1781045148,1698351600,0.01798,0.01797
1780723096,1779414902,1698351660,0.01796,0.01794
1777449067,1778272146,1698351720,0.01794,0.01793
1778928992,1778563563,1698351780,0.01794,0.01791
1777988044,1783812614,1698351840,0.01792,0.0179
1783837559,1783048448,1698351900,0.0179,0.01797
1783274579,1784843710,1698351960,0.01797,0.01793
1784275891,1784082039,1698352020,0.01793,0.01799
1784082150,1783490402,1698352080,0.01798,0.018
1783508161,1784093441,1698352140,0.018,0.01801
1785316931,1785470941,1698352200,0.01801,0.01798
1785865908,1785720093,1698352260,0.01798,0.01801
1786369543,1786463321,1698352320,0.018,0.01803
1784489319,1784992048,1698352380,0.01804,0.01808
1784877974,1786186657,1698352440,0.01808,0.01804
1785274928,1784750445,1698352500,0.01804,0.01802
1784754920,1785030053,1698352560,0.01803,0.01801
1785244502,1785066187,1698352620,0.01802,0.01806
1784795756,1784958869,1698352680,0.01805,0.01803
1784936679,1785143343,1698352740,0.01803,0.01808
1785603813,1787170392,1698352800,0.01808,0.01806
1786861931,1786780801,1698352860,0.01806,0.01806
1786293038,1786868921,1698352920,0.01806,0.0181
1784652905,1786735017,1698352980,0.0181,0.01811
1787884965,1788780874,1698353040,0.01811,0.01812
1790249566,1791430028,1698353100,0.01811,0.01814
1791320666,1780148849,1698353160,0.01815,0.01829
1778334630,1781027009,1698353220,0.01829,0.01831
1780826612,1780628778,1698353280,0.01832,0.01839
1776860312,1774335471,1698353340,0.0184,0.01853
1773927615,1768696730,1698353400,0.01853,0.01841
1769663318,1769943253,1698353460,0.01842,0.01838
1770156720,1771377778,1698353520,0.01837,0.01834
1771302649,1770498787,1698353580,0.01835,0.0184
1775481213,1777624561,1698353640,0.01841,0.01835
1777503588,1782714394,1698353700,0.01834,0.01831
1776871865,1778890986,1698353760,0.01831,0.01833
1778153113,1774956824,1698353820,0.01832,0.01835
1774717576,1773956386,1698353880,0.01835,0.01833
1773377606,1772903272,1698353940,0.01834,0.01834
1770168983,1766555208,1698354000,0.01834,0.01826
1767662610,1768125252,1698354060,0.01826,0.01825
1766736496,1766736496,1698354120,0.01826,0.01821
1765438753,1764868016,1698354180,0.01821,0.01826
1766365881,1767489735,1698354240,0.01825,0.01829
1766947156,1768600399,1698354300,0.01828,0.01828
1768229760,1770015125,1698354360,0.01828,0.01833
1770135254,1771467826,1698354420,0.01832,0.01829
1771494095,1772037475,1698354480,0.01829,0.01837
1772404647,1773963343,1698354540,0.01837,0.01839
1775414154,1780168829,1698354600,0.01839,0.0184
1780946562,1781261779,1698354660,0.0184,0.01839
1780923752,1780967400,1698354720,0.01838,0.01835
1780357924,1782416984,1698354780,0.01835,0.01845
1784944811,1784008166,1698354840,0.01845,0.01838
1785493865,1784460799,1698354900,0.01839,0.01831
1780437228,1776642805,1698354960,0.01831,0.01828
1776906011,1775281412,1698355020,0.01828,0.01827
1775693106,1776186439,1698355080,0.01827,0.01831
1776184017,1776371983,1698355140,0.01831,0.01828
1775620202,1775868231,1698355200,0.01828,0.01824
1774652339,1775680116,1698355260,0.01824,0.01825
1775131162,1774998848,1698355320,0.01824,0.01826
1774306066,1774230963,1698355380,0.01825,0.01824
1774393776,1775224117,1698355440,0.01825,0.01829
1776441181,1778163153,1698355500,0.01829,0.01823
1776278166,1777560258,1698355560,0.01824,0.01828
1777713927,1778241104,1698355620,0.01828,0.01827
1777780053,1777768193,1698355680,0.01828,0.01823
1776229901,1776515770,1698355740,0.01824,0.01824
1776132237,1776880069,1698355800,0.01825,0.01832
1775597662,1775553626,1698355860,0.01832,0.01827
1775394028,1774442179,1698355920,0.01827,0.01827
1775154457,1773394477,1698355980,0.01827,0.01818
1772795442,1772795442,1698356040,0.01818,0.01817
1772710770,1768027898,1698356100,0.01816,0.01814
1765062056,1765639243,1698356160,0.01814,0.01824
1765590255,1766961800,1698356220,0.01824,0.01828
1766539807,1766514300,1698356280,0.01827,0.0183
1766960785,1766391699,1698356340,0.0183,0.01835
1766990264,1766820186,1698356400,0.01835,0.0183
1766493770,1766778438,1698356460,0.01831,0.01827
1766229090,1765833970,1698356520,0.01827,0.0183
1766256543,1767215393,1698356580,0.0183,0.01832
1767401555,1767614166,1698356640,0.01832,0.01835
1767829232,1767984862,1698356700,0.01834,0.01834
1769337889,1772437604,1698356760,0.01834,0.01837
1776258722,1778073460,1698356820,0.01837,0.01843
1780352518,1780528103,1698356880,0.01843,0.01843
1781893229,1781900358,1698356940,0.01842,0.01848
1783626811,1785611049,1698357000,0.01849,0.0185
1785796654,1786673388,1698357060,0.0185,0.01846
1786308346,1785304975,1698357120,0.01846,0.01846
1785564056,1785160809,1698357180,0.01847,0.01842
1782733833,1777349128,1698357240,0.01843,0.01845
1777216569,1777461196,1698357300,0.01845,0.01846
1777944474,1778146450,1698357360,0.01846,0.01851
1778923743,1779371907,1698357420,0.01851,0.01843
1780675358,1779090611,1698357480,0.01843,0.01845
1779026530,1787130704,1698357540,0.01844,0.0185
1787154580,1786589746,1698357600,0.0185,0.01849
1787008454,1788566434,1698357660,0.01849,0.01854
1787288778,1788153539,1698357720,0.01854,0.0185
1789887581,1789923897,1698357780,0.01851,0.01852
1790792913,1791465622,1698357840,0.01852,0.0185
1791301684,1788333988,1698357900,0.0185,0.01848
1788986869,1790289550,1698357960,0.01848,0.01846
1790457360,1791491646,1698358020,0.01847,0.01847
1791447020,1791385683,1698358080,0.01847,0.01845
1791214704,1789705711,1698358140,0.01845,0.01846
1789628507,1786080059,1698358200,0.01847,0.01842
1784427359,1784605823,1698358260,0.01842,0.01842
1784298093,1784863975,1698358320,0.01842,0.01847
1784941704,1785271590,1698358380,0.01848,0.01847
1785353647,1785619248,1698358440,0.01848,0.01849
1785483482,1786355210,1698358500,0.01848,0.01844
1786308715,1787542533,1698358560,0.01844,0.01841
1788726006,1787557412,1698358620,0.01842,0.0184
1788085896,1787501019,1698358680,0.0184,0.01843
1787299085,1786808229,1698358740,0.01842,0.01841
1786951896,1785820565,1698358800,0.01841,0.0184
1785818162,1785504999,1698358860,0.0184,0.01839
1785032818,1784372256,1698358920,0.0184,0.0184
1784299197,1784474759,1698358980,0.01839,0.01841
1784910893,1785279766,1698359040,0.01841,0.01839
1785615972,1785798458,1698359100,0.0184,0.01843
1786052099,1785509668,1698359160,0.01843,0.01843
1785240848,1786434207,1698359220,0.01842,0.01848
1787962149,1788045991,1698359280,0.01848,0.01848
1787969080,1788285338,1698359340,0.01847,0.01845
1787697054,1788465098,1698359400,0.01846,0.01847
1788575893,1788880808,1698359460,0.01846,0.01844
1787543479,1787633985,1698359520,0.01843,0.0184
1788119241,1785722015,1698359580,0.01839,0.01833
1785541121,1786740473,1698359640,0.01834,0.01837
1787943874,1787828586,1698359700,0.01837,0.01842
1787755509,1788058748,1698359760,0.01842,0.01839
1789460998,1789482236,1698359820,0.01838,0.01842
1789231202,1789134491,1698359880,0.01842,0.01847
1789487423,1789531948,1698359940,0.01847,0.0184
1789639703,1790444699,1698360000,0.0184,0.01838
1790374262,1790625544,1698360060,0.01838,0.01839
1790637438,1790601684,1698360120,0.01838,0.01839
1790031389,1790032384,1698360180,0.0184,0.01842
1790211753,1790298970,1698360240,0.01841,0.01845
1790260459,1789642689,1698360300,0.01845,0.01842
1790336501,1788721279,1698360360,0.01842,0.0184
1788277496,1788389847,1698360420,0.0184,0.01841
1788400935,1788534833,1698360480,0.01841,0.01839
1788246728,1788474535,1698360540,0.01839,0.01837
1788245273,1787246821,1698360600,0.01837,0.01835
1785946873,1787398966,1698360660,0.01835,0.01839
1786942232,1788275635,1698360720,0.0184,0.01838
1788871678,1787249135,1698360780,0.01837,0.01837
1787782397,1787892071,1698360840,0.01837,0.0184
1787324152,1787034534,1698360900,0.01841,0.01843
1787020226,1786704571,1698360960,0.01843,0.01844
1786279219,1786316465,1698361020,0.01844,0.01849
1785311029,1786665932,1698361080,0.01849,0.01855
1786810954,1785807016,1698361140,0.01855,0.01858
1786404688,1786079219,1698361200,0.01858,0.01854
1786053700,1786236662,1698361260,0.01854,0.01848
1795516525,1795855088,1698361320,0.01849,0.01857
1797487412,1793243415,1698361380,0.01858,0.01854
1792962258,1793048359,1698361440,0.01854,0.01849
1792581669,1793010236,1698361500,0.01849,0.01848
1793306514,1792507317,1698361560,0.01848,0.01844
1793240390,1792873279,1698361620,0.01845,0.01845
1792883488,1792612377,1698361680,0.01845,0.01841
1792681181,1791731218,1698361740,0.01841,0.01839
1788894705,1789258920,1698361800,0.0184,0.01836
1789637636,1789678386,1698361860,0.01836,0.01838
1790470782,1791530456,1698361920,0.01838,0.01837
1791524310,1791535882,1698361980,0.01837,0.01839
1791590980,1793238692,1698362040,0.0184,0.01837
1792984063,1792512668,1698362100,0.01837,0.01829
1786145632,1786958891,1698362160,0.0183,0.01835
1786502264,1786253221,1698362220,0.01834,0.01837
1786049633,1785696250,1698362280,0.01836,0.01846
1787503807,1789976183,1698362340,0.01846,0.01856
1792052944,1790881268,1698362400,0.01855,0.01859
1790275834,1791435208,1698362460,0.01859,0.01851
1791072196,1792552064,1698362520,0.01851,0.01859
1793882985,1793982594,1698362580,0.01858,0.0186
1793188931,1793566055,1698362640,0.01861,0.01857
1794073688,1793525502,1698362700,0.01857,0.01854
1791105343,1790411961,1698362760,0.01855,0.01855
1790028254,1788938200,1698362820,0.01855,0.01861
1788149861,1789005088,1698362880,0.01861,0.01858
1789254087,1789508843,1698362940,0.01858,0.01855
1790229047,1791153005,1698363000,0.01855,0.01859
1791240041,1791985223,1698363060,0.01858,0.0186
1792484968,1793052489,1698363120,0.0186,0.0185
1791699536,1792162158,1698363180,0.0185,0.01849
1791963868,1791377400,1698363240,0.01849,0.0185
1790444947,1790617421,1698363300,0.01849,0.01851
1790275912,1795558733,1698363360,0.01852,0.01855
1795575071,1794713474,1698363420,0.01855,0.01856
1794725033,1794296541,1698363480,0.01857,0.01867
1793299236,1793468247,1698363540,0.01866,0.01863
1793593407,1793423676,1698363600,0.01864,0.01866
1794541668,1796494935,1698363660,0.01866,0.01863
1797662496,1797922388,1698363720,0.01863,0.01862
1798135417,1798827659,1698363780,0.01863,0.0186
1798281184,1798231576,1698363840,0.0186,0.01868
1799497408,1798701180,1698363900,0.01868,0.01858
1797418767,1796815042,1698363960,0.01858,0.01862
1796514391,1796941450,1698364020,0.01862,0.01858
1797243901,1797492384,1698364080,0.01858,0.01859
1797472938,1797110294,1698364140,0.01858,0.01858
1796149282,1799232500,1698364200,0.01857,0.01855
1798854897,1799477629,1698364260,0.01856,0.01864
1799480327,1799490980,1698364320,0.01863,0.01862
1799920348,1799113880,1698364380,0.01862,0.01863
1799589350,1800127983,1698364440,0.01863,0.01859
1800778129,1801168990,1698364500,0.01859,0.01859
1801298698,1800865271,1698364560,0.01858,0.01855
1800649367,1799239912,1698364620,0.01855,0.01858
1798556520,1798376204,1698364680,0.01858,0.01856
1798667136,1798579899,1698364740,0.01857,0.01859
1796484027,1799141666,1698364800,0.01859,0.01858
1797975586,1796885705,1698364860,0.01857,0.01852
1796430868,1791078064,1698364920,0.01852,0.01846
1790676764,1788818354,1698364980,0.01845,0.01842
1789126644,1787601734,1698365040,0.01843,0.01842
1787735233,1787288586,1698365100,0.01842,0.01839
1787524180,1786420726,1698365160,0.01839,0.0184
1783690238,1781029825,1698365220,0.01841,0.01849
1780517492,1782697417,1698365280,0.01849,0.0184
1783886912,1779345946,1698365340,0.01841,0.01837
1777815629,1777790368,1698365400,0.01837,0.01842
1777240492,1781108742,1698365460,0.01842,0.01835
1781636288,1768114575,1698365520,0.01835,0.01827
1768245801,1764708791,1698365580,0.01827,0.01826
1764719319,1761970762,1698365640,0.01826,0.0183
1760689205,1762236109,1698365700,0.01829,0.01826
1761657000,1760986744,1698365760,0.01827,0.01826
1760679815,1756950275,1698365820,0.01826,0.01818
1751395900,1748316201,1698365880,0.01819,0.0182
1747712350,1746757483,1698365940,0.01819,0.01823
1743518860,1743853413,1698366000,0.01822,0.01825
1742978164,1745431375,1698366060,0.01825,0.01822
1745377400,1746033081,1698366120,0.01822,0.01824
1746377907,1746135528,1698366180,0.01824,0.01828
1745530935,1745530935,1698366240,0.01828,0.01824
1745848629,1746215001,1698366300,0.01824,0.01828
1746011801,1745969535,1698366360,0.01827,0.01824
1747387030,1747810537,1698366420,0.01824,0.01819
1747318238,1747139379,1698366480,0.01819,0.01824
1743821494,1743401312,1698366540,0.01824,0.01828
1743871487,1743721295,1698366600,0.01828,0.01832
1743625861,1744029708,1698366660,0.01832,0.01825
1745351313,1745550823,1698366720,0.01824,0.01827
1744362558,1749297453,1698366780,0.01828,0.01831
1748243917,1748130896,1698366840,0.01831,0.01833
1748230740,1752212744,1698366900,0.01833,0.01833
1756461397,1756333757,1698366960,0.01833,0.01828
1754621568,1754048426,1698367020,0.01827,0.01816
1754822639,1749627660,1698367080,0.01817,0.01812
1734967065,1735419796,1698367140,0.01811,0.01813
1735179862,1729842251,1698367200,0.01814,0.01807
1726964663,1726625897,1698367260,0.01808,0.01814
1726084508,1725961527,1698367320,0.01814,0.01816
1725672329,1725711406,1698367380,0.01816,0.01814
1725235033,1725200295,1698367440,0.01814,0.01814
1725150386,1723814858,1698367500,0.01814,0.01819
1723927179,1723269000,1698367560,0.01818,0.01821
1722991298,1721691597,1698367620,0.01821,0.01816
1721941341,1719777635,1698367680,0.01816,0.01822
1721166830,1719334322,1698367740,0.01821,0.0182
1718560596,1718180646,1698367800,0.01819,0.01817
1719942357,1720168665,1698367860,0.01817,0.01812
1725279758,1725630454,1698367920,0.01812,0.01815
1725582705,1725814901,1698367980,0.01816,0.01815
1724781052,1724410537,1698368040,0.01814,0.01816
1725632459,1725440713,1698368100,0.01816,0.0182
1725845241,1725333459,1698368160,0.0182,0.01823
1726484741,1727267228,1698368220,0.01823,0.01821
1725832858,1727682985,1698368280,0.01822,0.01827
1727803120,1727925618,1698368340,0.01827,0.01825
1728373372,1729466453,1698368400,0.01825,0.01831
1730009091,1730789352,1698368460,0.01832,0.01823
1730307179,1729491769,1698368520,0.01824,0.0182
1729410303,1726740813,1698368580,0.0182,0.01808
1727119286,1726876178,1698368640,0.01808,0.01806
1727329588,1707975049,1698368700,0.01806,0.01796
1704484219,1695343921,1698368760,0.01797,0.018
1694113974,1694239307,1698368820,0.018,0.01802
1694845342,1692823333,1698368880,0.01801,0.01802
1693027360,1685651157,1698368940,0.01802,0.01794
1686258526,1685275674,1698369000,0.01793,0.01795
1684234254,1683448350,1698369060,0.01796,0.01802
1683509608,1684882205,1698369120,0.01802,0.01805
1684895695,1684674898,1698369180,0.01805,0.01802
1684530916,1683499907,1698369240,0.01802,0.01806
1683415100,1684501491,1698369300,0.01806,0.018
1684332587,1684567769,1698369360,0.01801,0.01797
1683835387,1685457408,1698369420,0.01796,0.01799
1685885270,1686051781,1698369480,0.01799,0.01802
1686775064,1687194178,1698369540,0.01801,0.01803
1686748581,1686629896,1698369600,0.01803,0.01805
1686582744,1687615771,1698369660,0.01804,0.01797
1686939935,1687336620,1698369720,0.01797,0.01801
1687512179,1687632039,1698369780,0.018,0.01797
1687267715,1686729371,1698369840,0.01797,0.01806
1684945554,1684649239,1698369900,0.01806,0.01807
1684935655,1685201837,1698369960,0.01806,0.01805
1685115193,1685205974,1698370020,0.01805,0.01802
1685096738,1685554951,1698370080,0.01802,0.01802
1685074497,1685841864,1698370140,0.01801,0.01798
1685533152,1685572968,1698370200,0.01798,0.01804
1686187545,1686824437,1698370260,0.01804,0.01807
1687094480,1687892844,1698370320,0.01807,0.0181
1687744393,1687793221,1698370380,0.0181,0.01806
1687500734,1687822493,1698370440,0.01806,0.01806
1687968972,1687931324,1698370500,0.01805,0.01807
1688072005,1687719988,1698370560,0.01806,0.01806
1686975617,1686975617,1698370620,0.01807,0.01806
1687679636,1688246911,1698370680,0.01805,0.01806
1687928988,1687890278,1698370740,0.01806,0.01803
1689778717,1689550954,1698370800,0.01803,0.01805
1690119586,1689254466,1698370860,0.01805,0.01806
1689254466,1689254466,1698370920,0.01806,0.01804
