"OI_open","OI_close","timestamp","price_open","price_close"
24469638,24474787,1698056520,0.06246,0.06243
24468924,24469408,1698056580,0.06243,0.06246
24508540,24507384,1698056640,0.06246,0.06246
24505312,24505312,1698056700,0.06247,0.06247
24498788,24518930,1698056760,0.06246,0.06243
24520182,24520182,1698056820,0.06245,0.06244
24520182,24520182,1698056880,0.06245,0.06246
24521329,24522063,1698056940,0.06245,0.06247
24614237,24614041,1698057000,0.06247,0.06256
24609047,24606272,1698057060,0.06257,0.06261
24603412,24603059,1698057120,0.06262,0.06259
24602921,24602921,1698057180,0.0626,0.06259
24602019,24599191,1698057240,0.06258,0.0625
24598118,24596911,1698057300,0.0625,0.06246
24601733,24601733,1698057360,0.06247,0.06245
24595990,24596662,1698057420,0.06244,0.06246
24596492,24593593,1698057480,0.06247,0.06247
24593630,24592779,1698057540,0.06246,0.06251
24613301,24613301,1698057600,0.06252,0.06247
24618199,24619053,1698057660,0.06249,0.06252
24620026,24620100,1698057720,0.06251,0.0625
24620100,24620100,1698057780,0.0625,0.06247
24620100,24619143,1698057840,0.0625,0.0625
24619752,24619752,1698057900,0.06252,0.06254
24616504,24616504,1698057960,0.06254,0.0625
24615969,24615969,1698058020,0.06251,0.06251
24614515,24616087,1698058080,0.06251,0.0625
24616167,24616167,1698058140,0.0625,0.06251
24615085,24614169,1698058200,0.06251,0.06252
24614261,24614261,1698058260,0.06252,0.06252
24614454,24639100,1698058320,0.06252,0.06249
24638599,24634773,1698058380,0.06246,0.06249
24630118,24630124,1698058440,0.0625,0.06252
24627310,24631376,1698058500,0.06252,0.06249
24634978,24634978,1698058560,0.06248,0.06246
24641658,24641658,1698058620,0.06246,0.06243
24640955,24640867,1698058680,0.06244,0.06243
24639957,24597420,1698058740,0.06244,0.06236
24598616,24600771,1698058800,0.06238,0.06243
24618650,24653225,1698058860,0.06243,0.0624
24743147,24743147,1698058920,0.06246,0.06245
24783490,24783490,1698058980,0.06243,0.0624
24780395,24776300,1698059040,0.06241,0.06245
24775482,24774817,1698059100,0.06246,0.06245
24772518,24772518,1698059160,0.06246,0.06245
24795750,24823011,1698059220,0.06246,0.06248
24819705,24819705,1698059280,0.06249,0.06247
24891530,24891530,1698059340,0.06246,0.06242
24889457,24889378,1698059400,0.06242,0.06241
24889776,24887489,1698059460,0.06241,0.0624
24888399,24888114,1698059520,0.06241,0.06243
24889807,24884667,1698059580,0.06245,0.06244
24885006,24885006,1698059640,0.06244,0.06242
24882266,24882266,1698059700,0.06241,0.06243
24880378,24855930,1698059760,0.06242,0.0624
24834851,24834851,1698059820,0.06241,0.06242
24833784,24833784,1698059880,0.06241,0.06244
24832061,24849707,1698059940,0.06243,0.06254
24851942,24849814,1698060000,0.06253,0.06254
24849854,24849846,1698060060,0.06253,0.06254
24849318,24848877,1698060120,0.06255,0.06255
24837125,24837125,1698060180,0.06255,0.06262
24879292,24875700,1698060240,0.06261,0.06259
24869990,24868037,1698060300,0.06257,0.06253
24881565,24881867,1698060360,0.06253,0.06261
24879982,24878983,1698060420,0.06261,0.06263
24880002,24898141,1698060480,0.06262,0.0626
24898021,24898021,1698060540,0.06262,0.06261
24894624,24885791,1698060600,0.0626,0.06259
24894262,24893929,1698060660,0.0626,0.06261
24892186,24892186,1698060720,0.06261,0.06261
24901548,24901548,1698060780,0.06262,0.06261
24887397,24851580,1698060840,0.06263,0.0627
24856579,24846792,1698060900,0.06272,0.06268
24844532,24843641,1698060960,0.06268,0.06269
24834815,24834815,1698061020,0.06269,0.06269
24835526,24843699,1698061080,0.06271,0.06268
24824366,24824366,1698061140,0.06273,0.06277
24824828,24826764,1698061200,0.06277,0.06274
24827161,24826451,1698061260,0.06275,0.06278
24827107,24827107,1698061320,0.06279,0.0628
24826001,24814572,1698061380,0.06278,0.06279
24815217,24815217,1698061440,0.0628,0.0628
24814791,24813025,1698061500,0.06279,0.06277
24813307,24834285,1698061560,0.06277,0.06275
24837825,24837108,1698061620,0.06274,0.0627
24831699,24829027,1698061680,0.06271,0.06277
24805474,24805474,1698061740,0.06276,0.06272
24804733,24803290,1698061800,0.06273,0.06277
24801737,24799966,1698061860,0.06276,0.06277
24798502,24800055,1698061920,0.06278,0.06279
24802115,24802115,1698061980,0.06278,0.0628
24800450,24780959,1698062040,0.06278,0.06273
24779248,24779583,1698062100,0.06268,0.06265
24697339,24698209,1698062160,0.06266,0.06266
24699882,24699882,1698062220,0.06267,0.06267
24698500,24701607,1698062280,0.06265,0.06268
24700464,24700338,1698062340,0.06267,0.06266
24700197,24690452,1698062400,0.06266,0.06269
24680956,24679082,1698062460,0.06267,0.06266
24678452,24690811,1698062520,0.0627,0.06277
24707611,24709038,1698062580,0.06279,0.06277
24706445,24703831,1698062640,0.06277,0.06278
24705414,24682897,1698062700,0.06279,0.06284
24678897,24700620,1698062760,0.06284,0.0628
24727467,24720985,1698062820,0.0628,0.06275
24717888,24717888,1698062880,0.06277,0.06273
24717888,24700267,1698062940,0.06275,0.06277
24701185,24701185,1698063000,0.06279,0.06284
24669163,24659244,1698063060,0.06284,0.06286
24656066,24656963,1698063120,0.06288,0.06288
24654623,24635665,1698063180,0.06287,0.06286
24641355,24617275,1698063240,0.06285,0.06289
24643873,24639036,1698063300,0.06288,0.06288
24637865,24625602,1698063360,0.06289,0.06296
24624072,24614379,1698063420,0.06298,0.06305
24648347,24659426,1698063480,0.06306,0.06316
24651680,24651282,1698063540,0.06316,0.06308
24649526,24651050,1698063600,0.06309,0.06313
24650021,24658287,1698063660,0.06313,0.06316
24669947,24656576,1698063720,0.06312,0.06312
24656335,24656419,1698063780,0.06313,0.06314
24657090,24655482,1698063840,0.06312,0.06312
24654782,24652969,1698063900,0.06312,0.0631
24637860,24637860,1698063960,0.06311,0.06307
24663284,24663284,1698064020,0.06307,0.06306
24662963,24662708,1698064080,0.06306,0.06306
24662474,24662474,1698064140,0.06306,0.06308
24660209,24669618,1698064200,0.06308,0.06306
24653739,24658958,1698064260,0.06308,0.06304
24659741,24676222,1698064320,0.06303,0.06296
24674519,24681279,1698064380,0.06296,0.06295
24651265,24644108,1698064440,0.06294,0.06291
24622034,24622034,1698064500,0.06291,0.06289
24617189,24617673,1698064560,0.06289,0.06287
24617673,24617673,1698064620,0.06286,0.06287
24616396,24620886,1698064680,0.06288,0.06284
24620496,24619838,1698064740,0.06285,0.06285
24621659,24623803,1698064800,0.06287,0.06287
24623803,24623803,1698064860,0.06287,0.06287
24617457,24617457,1698064920,0.06287,0.06287
24621392,24623301,1698064980,0.06287,0.06289
24576634,24573288,1698065040,0.06288,0.06286
24573496,24573496,1698065100,0.06286,0.0629
24578364,24578205,1698065160,0.06288,0.06287
24578645,24578645,1698065220,0.06288,0.06289
24618980,24616473,1698065280,0.06287,0.06288
24616473,24590780,1698065340,0.06289,0.0629
24564127,24564227,1698065460,0.06293,0.06297
24561926,24561926,1698065520,0.06299,0.06302
24548152,24548987,1698065580,0.06299,0.06298
24548977,24549061,1698065640,0.06299,0.06301
24575957,24575957,1698065700,0.063,0.06298
24576718,24576718,1698065760,0.06299,0.06294
24576375,24571011,1698065820,0.06297,0.06297
24570949,24571044,1698065880,0.06297,0.06299
24567384,24567103,1698065940,0.06298,0.06297
24566787,24565851,1698066000,0.06297,0.06297
24565459,24560654,1698066060,0.06297,0.06296
24562555,24562388,1698066120,0.06294,0.06295
24588803,24582626,1698066180,0.06294,0.06287
24584726,24581950,1698066240,0.06288,0.06285
24584496,24584496,1698066300,0.06285,0.06284
24584775,24592066,1698066360,0.06284,0.06282
24590326,24588563,1698066420,0.06283,0.0629
24567037,24567037,1698066480,0.0629,0.0629
24566238,24566238,1698066540,0.06299,0.06299
24566322,24566322,1698066600,0.06299,0.06299
24571630,24571630,1698066660,0.06302,0.06304
24607422,24602483,1698066720,0.06307,0.06298
24590833,24590833,1698066780,0.063,0.06302
24590917,24591669,1698066840,0.06301,0.063
24596590,24596590,1698066900,0.06299,0.06296
24599192,24601757,1698066960,0.06294,0.06295
24627493,24648617,1698067020,0.06295,0.06287
24634576,24630620,1698067080,0.06286,0.06285
24627011,24683256,1698067140,0.06284,0.06277
24683256,24679543,1698067200,0.0628,0.06281
24674771,24670924,1698067260,0.06281,0.06285
24665869,24665973,1698067320,0.06285,0.0628
24663479,24661837,1698067380,0.06279,0.0628
24664511,24646900,1698067440,0.06277,0.06277
24635449,24622911,1698067500,0.06277,0.06272
24642516,24587240,1698067560,0.0627,0.06271
24587805,24587805,1698067620,0.06272,0.06268
24575233,24575233,1698067680,0.0627,0.06271
24575810,24574906,1698067740,0.06269,0.06267
24569227,24569608,1698067800,0.06266,0.06261
24576563,24561471,1698067860,0.0626,0.06253
24543629,24599910,1698067920,0.06249,0.06245
24597402,24591167,1698067980,0.06243,0.06254
24589541,24575479,1698068040,0.06255,0.06249
24574621,24567126,1698068100,0.0625,0.06256
24572472,24571700,1698068160,0.06256,0.0624
24545208,24536526,1698068220,0.0624,0.06242
24526852,24483347,1698068280,0.06243,0.0626
24462264,24461336,1698068340,0.06261,0.06258
24458352,24464928,1698068400,0.06258,0.06258
24456538,24467286,1698068460,0.06257,0.06252
24465413,24462606,1698068520,0.06254,0.06253
24462997,24462997,1698068580,0.06251,0.06261
24463257,24454039,1698068640,0.06258,0.06253
24464437,24513733,1698068700,0.06253,0.06272
24527552,24527552,1698068760,0.06268,0.06266
24523246,24520639,1698068820,0.06264,0.0626
24516546,24517145,1698068880,0.0626,0.0626
24515918,24513566,1698068940,0.06264,0.06264
24513128,24509602,1698069000,0.06264,0.06264
24505544,24506850,1698069060,0.06263,0.06263
24506850,24510850,1698069120,0.06262,0.06261
24510591,24510308,1698069180,0.06261,0.06263
24512205,24511913,1698069240,0.06264,0.06259
24507862,24506418,1698069300,0.06259,0.06268
24507109,24507109,1698069360,0.06267,0.06267
24481203,24481203,1698069420,0.06267,0.06271
24481923,24481923,1698069480,0.0627,0.06269
24480935,24480935,1698069540,0.06267,0.06269
24480258,24479241,1698069600,0.06268,0.06265
24475115,24475274,1698069660,0.06267,0.06272
24473675,24472938,1698069720,0.06268,0.06264
24472938,24472778,1698069780,0.06267,0.06266
24473097,24474235,1698069840,0.06269,0.06274
24475209,24472163,1698069900,0.06275,0.06282
24468695,24496218,1698069960,0.06282,0.06282
24491119,24491119,1698070020,0.06281,0.06285
24491206,24486619,1698070080,0.06287,0.06291
24483450,24483450,1698070140,0.0629,0.06288
24474125,24474125,1698070200,0.06287,0.0629
24472306,24474171,1698070260,0.06287,0.06281
24474469,24474469,1698070320,0.06283,0.0628
24473607,24497449,1698070380,0.06282,0.06291
24497362,24497362,1698070440,0.06289,0.06295
24491186,24490929,1698070500,0.06294,0.06285
24518470,24517295,1698070560,0.06286,0.06281
24517752,24517640,1698070620,0.06282,0.06281
24517875,24517149,1698070680,0.06283,0.06284
24514699,24514699,1698070740,0.06285,0.06288
24514793,24511715,1698070800,0.06286,0.06281
24512356,24502726,1698070860,0.06281,0.06276
24507135,24509556,1698070920,0.06275,0.06273
24507886,24507790,1698070980,0.06273,0.06276
24502825,24511503,1698071100,0.06277,0.06288
24508283,24508283,1698071160,0.06289,0.06293
24507957,24507822,1698071220,0.06294,0.06293
24536982,24536858,1698071280,0.0629,0.06287
24539273,24541206,1698071340,0.0629,0.06292
24540873,24540873,1698071400,0.06292,0.06287
24539617,24533181,1698071460,0.06286,0.06285
24530798,24468158,1698071520,0.06283,0.06278
24474165,24474165,1698071580,0.06275,0.06276
24471222,24469696,1698071640,0.06276,0.06276
24469899,24470521,1698071700,0.06275,0.06276
24472259,24472259,1698071760,0.06278,0.06277
24461128,24462647,1698071820,0.06274,0.0627
24461122,24459766,1698071880,0.06269,0.06273
24465384,24458437,1698071940,0.06274,0.06276
24450899,24420272,1698072000,0.06277,0.06282
24420432,24420432,1698072060,0.06281,0.06282
24418261,24420383,1698072120,0.06281,0.06277
24421057,24421057,1698072180,0.06276,0.06279
24417602,24417506,1698072240,0.06278,0.06276
24407504,24408034,1698072300,0.06277,0.06275
24407033,24407033,1698072360,0.06275,0.06277
24409629,24408675,1698072420,0.06279,0.06282
24383537,24398279,1698072480,0.06281,0.06271
24396328,24396328,1698072540,0.06271,0.0627
24394781,24392353,1698072600,0.06269,0.06279
24381677,24382119,1698072660,0.06277,0.06283
24379800,24379904,1698072720,0.06284,0.06286
24377193,24382695,1698072780,0.06284,0.06287
24382789,24386990,1698072840,0.06287,0.06289
24384876,24390606,1698072900,0.06288,0.0629
24389825,24398375,1698072960,0.0629,0.06287
24396078,24396078,1698073020,0.06285,0.06285
24404734,24403909,1698073080,0.06284,0.06287
24403023,24402831,1698073140,0.06283,0.0628
24386642,24389412,1698073200,0.0628,0.06275
24389230,24389389,1698073260,0.06276,0.06276
24386086,24385832,1698073320,0.06279,0.06285
24385794,24385794,1698073380,0.06287,0.06287
24385116,24384380,1698073440,0.06287,0.06282
24386681,24383221,1698073500,0.06281,0.06287
24393458,24400505,1698073560,0.06285,0.06272
24410158,24410158,1698073620,0.06271,0.06283
24412487,24412172,1698073680,0.06285,0.06287
24414700,24425972,1698073740,0.06285,0.06284
24425588,24425588,1698073800,0.06285,0.06288
24421623,24420290,1698073860,0.06291,0.06297
24412180,24411934,1698073920,0.06296,0.06289
24410911,24410643,1698073980,0.06288,0.06288
24407567,24407567,1698074040,0.0629,0.06291
24416634,24421151,1698074100,0.0629,0.06291
24427280,24436837,1698074160,0.06293,0.06275
24440234,24440669,1698074220,0.06276,0.06279
24442149,24445930,1698074280,0.06277,0.06275
24449428,24458308,1698074340,0.06276,0.06278
24454633,24456186,1698074400,0.06278,0.06277
24450174,24451463,1698074460,0.06278,0.0628
24451463,24451463,1698074520,0.0628,0.0628
24419760,24419760,1698074580,0.06281,0.06291
24418980,24419171,1698074640,0.0629,0.0629
24418638,24418638,1698074700,0.06291,0.0629
24415992,24416606,1698074760,0.06291,0.06283
24417024,24417024,1698074820,0.06283,0.06281
24416865,24416865,1698074880,0.06284,0.06284
24416274,24416428,1698074940,0.06284,0.06285
24424750,24444302,1698075000,0.06285,0.06278
24454722,24462619,1698075060,0.06278,0.06283
24462874,24461957,1698075120,0.06282,0.06278
24462112,24462112,1698075180,0.06277,0.06276
24497099,24470890,1698075240,0.06274,0.06285
24466585,24466426,1698075300,0.06285,0.06287
24465730,24456991,1698075360,0.06286,0.06273
24459280,24498544,1698075420,0.0627,0.0627
24495485,24498639,1698075480,0.06269,0.06274
24497952,24496434,1698075540,0.06274,0.06273
24496673,24503008,1698075600,0.06268,0.06275
24507032,24507032,1698075660,0.06276,0.06273
24505960,24505960,1698075720,0.06272,0.06271
24508957,24510855,1698075780,0.06271,0.06269
24512431,24512702,1698075840,0.06267,0.06265
24514755,24516440,1698075900,0.06264,0.06263
24519128,24519128,1698075960,0.06266,0.06266
24519878,24550076,1698076020,0.06263,0.06266
24546610,24547228,1698076080,0.06265,0.06267
24550490,24557359,1698076140,0.06265,0.06272
24549826,24547472,1698076200,0.06271,0.06269
24547472,24538009,1698076260,0.06268,0.06271
24536015,24542969,1698076320,0.06271,0.0628
24559302,24559239,1698076380,0.0628,0.06276
24560376,24552091,1698076440,0.06276,0.06265
24551829,24602244,1698076500,0.06264,0.06251
24623893,24625239,1698076560,0.06251,0.06263
24627901,24627901,1698076620,0.06264,0.06261
24627644,24621774,1698076680,0.06261,0.06257
24613534,24613450,1698076740,0.06259,0.0626
24605596,24605596,1698076800,0.06259,0.06259
24604371,24604773,1698076860,0.06261,0.06278
24629802,24620824,1698076920,0.06275,0.0626
24620589,24623595,1698076980,0.0626,0.06256
24623527,24601829,1698077040,0.06254,0.06254
24601829,24619887,1698077100,0.06255,0.06265
24625962,24627289,1698077160,0.06268,0.06272
24628513,24634870,1698077220,0.06272,0.06271
24622532,24612698,1698077280,0.06272,0.06277
24611551,24591407,1698077340,0.06276,0.06284
24557092,24557092,1698077400,0.06284,0.06282
24551891,24559333,1698077460,0.06284,0.06281
24554717,24554268,1698077520,0.06281,0.06282
24551662,24550177,1698077580,0.06276,0.06272
24551862,24549441,1698077640,0.06269,0.06271
24558651,24558651,1698077700,0.06272,0.06283
24562602,24529172,1698077760,0.06283,0.06285
24528979,24528979,1698077820,0.06284,0.06287
24529063,24529063,1698077880,0.06288,0.06287
24537298,24537394,1698077940,0.06288,0.06291
24535668,24535668,1698078000,0.0629,0.06293
24547235,24547235,1698078060,0.06292,0.06283
24538836,24538701,1698078120,0.06282,0.0628
24538518,24539609,1698078180,0.06279,0.06279
24540068,24540068,1698078240,0.06279,0.06283
24538293,24538293,1698078300,0.0628,0.06275
24538755,24537148,1698078360,0.06274,0.06264
24534882,24531596,1698078420,0.06263,0.06277
24533740,24533338,1698078480,0.06277,0.06269
24536741,24533221,1698078540,0.06267,0.06262
24531785,24515147,1698078600,0.06263,0.06268
24518327,24514269,1698078660,0.06265,0.06259
24512318,24512318,1698078720,0.06255,0.06263
24511719,24513193,1698078780,0.0626,0.06268
24511513,24516776,1698078840,0.06269,0.06273
24523445,24530825,1698078900,0.06271,0.06274
24529688,24529688,1698078960,0.06274,0.06286
24521788,24531266,1698079020,0.06286,0.06294
24529562,24527517,1698079080,0.06294,0.06295
24527636,24520400,1698079140,0.06294,0.06297
24534686,24480868,1698079200,0.06297,0.06298
24488962,24463223,1698079260,0.06297,0.06305
24480677,24478873,1698079320,0.06303,0.06306
24478331,24417268,1698079380,0.06306,0.06322
24411118,24419899,1698079440,0.06323,0.0632
24429207,24412304,1698079500,0.0632,0.06306
24418247,24460327,1698079560,0.06308,0.06317
24521027,24521027,1698079620,0.06316,0.06324
24508795,24531378,1698079680,0.06324,0.06322
24539041,24539127,1698079740,0.06327,0.06329
24566075,24582322,1698079800,0.0633,0.06326
24581021,24586300,1698079860,0.06332,0.06337
24586768,24578655,1698079920,0.06336,0.06342
24574200,24562813,1698079980,0.0634,0.06336
24557755,24557755,1698080040,0.06342,0.06345
24560378,24543563,1698080100,0.06344,0.06348
24551266,24544835,1698080160,0.06348,0.06357
24542816,24543661,1698080220,0.06355,0.06357
24539409,24533964,1698080280,0.06358,0.06357
24516746,24516746,1698080340,0.06357,0.06343
24546447,24546447,1698080400,0.06345,0.06348
24546228,24546228,1698080460,0.06348,0.06332
24554638,24579952,1698080520,0.06332,0.06335
24577589,24563195,1698080580,0.06335,0.06334
24560849,24537843,1698080640,0.06331,0.06332
24542161,24547145,1698080700,0.06331,0.06349
24548314,24551291,1698080760,0.06346,0.06342
24580190,24555952,1698080820,0.0634,0.06352
24567970,24565120,1698080880,0.06352,0.06347
24543990,24543990,1698080940,0.06346,0.06342
24543858,24532560,1698081000,0.06345,0.06347
24535027,24485873,1698081060,0.06347,0.06335
24478136,24486021,1698081120,0.06334,0.06337
24484944,24478574,1698081180,0.06336,0.06336
24483848,24490435,1698081240,0.06335,0.06335
24501099,24515725,1698081300,0.06336,0.06324
24514607,24513779,1698081360,0.06324,0.0632
24519422,24519422,1698081420,0.06319,0.06321
24516125,24511723,1698081480,0.06322,0.06328
24505090,24505090,1698081540,0.06329,0.06326
24505089,24514626,1698081600,0.06325,0.06334
24469206,24465396,1698081660,0.06333,0.0633
24464132,24501743,1698081720,0.06331,0.06332
24496582,24496582,1698081780,0.0633,0.06328
24495484,24493308,1698081840,0.06328,0.0633
24483055,24483055,1698081900,0.06329,0.06318
24366857,24365205,1698081960,0.06318,0.06315
24360627,24349863,1698082020,0.06315,0.0632
24335182,24335182,1698082080,0.06319,0.06299
24295194,24291980,1698082140,0.06301,0.06314
24276496,24281379,1698082200,0.06315,0.06311
24252608,24278936,1698082260,0.06309,0.06332
24288187,24288187,1698082320,0.06332,0.06327
24289815,24290729,1698082380,0.06329,0.06323
24257065,24280981,1698082440,0.06324,0.06317
24293817,24297738,1698082500,0.06318,0.06324
24294544,24299855,1698082560,0.06327,0.06334
24305589,24305452,1698082620,0.06334,0.0634
24301189,24276120,1698082680,0.06336,0.06331
24276019,24275592,1698082740,0.06333,0.06334
24275355,24269284,1698082800,0.06333,0.06334
24286038,24286432,1698082860,0.06336,0.06345
24270478,24270478,1698082920,0.06344,0.06339
24285593,24281702,1698082980,0.06339,0.06341
24286145,24286062,1698083040,0.06339,0.06339
24291448,24291448,1698083100,0.06338,0.06344
24288964,24288964,1698083160,0.06344,0.06336
24289968,24289968,1698083220,0.06337,0.06341
24289918,24290283,1698083280,0.06342,0.06345
24289354,24288684,1698083340,0.06344,0.06344
24287629,24287629,1698083400,0.06345,0.06338
24285837,24319787,1698083460,0.06337,0.06345
24317292,24315827,1698083520,0.06343,0.06339
24316117,24316315,1698083580,0.06341,0.06341
24381381,24381381,1698083640,0.06343,0.06354
24380451,24379660,1698083700,0.06355,0.06356
24377575,24378046,1698083760,0.06356,0.06362
24400376,24400488,1698083820,0.06361,0.06356
24404472,24404780,1698083880,0.06357,0.0635
24405421,24405421,1698083940,0.0635,0.06345
24403155,24402767,1698084000,0.06345,0.06351
24431017,24451412,1698084060,0.06351,0.06348
24449508,24449508,1698084120,0.06349,0.06348
24449821,24449821,1698084180,0.06347,0.0635
24469438,24470031,1698084240,0.06349,0.0635
24470154,24441766,1698084300,0.06351,0.06353
24400205,24400994,1698084360,0.06353,0.06346
24395121,24395371,1698084420,0.06346,0.06339
24392656,24394889,1698084480,0.0634,0.06342
24394985,24394985,1698084540,0.06341,0.06337
24423004,24421507,1698084600,0.06337,0.06344
24419041,24419041,1698084660,0.06345,0.06349
24423682,24437617,1698084720,0.06349,0.06354
24437179,24436843,1698084780,0.06354,0.06348
24437577,24437577,1698084840,0.0635,0.06353
24454148,24452331,1698084900,0.06352,0.06349
24459189,24459189,1698084960,0.06352,0.06341
24460184,24458458,1698085020,0.06341,0.06346
24458205,24458205,1698085080,0.06345,0.06339
24438804,24438804,1698085140,0.06341,0.06338
24456731,24456563,1698085200,0.06339,0.06334
24457391,24457391,1698085260,0.06335,0.06336
24461921,24461921,1698085320,0.06338,0.06339
24459133,24451450,1698085380,0.06336,0.06333
24451450,24440021,1698085440,0.06334,0.0633
24439042,24439042,1698085500,0.06333,0.06329
24439567,24439144,1698085560,0.06331,0.06326
24439061,24439061,1698085620,0.06325,0.06329
24438220,24438220,1698085680,0.06328,0.06325
24435689,24438281,1698085740,0.06324,0.06325
24438003,24439473,1698085800,0.06323,0.06329
24442952,24426288,1698085860,0.0633,0.06327
24425889,24425889,1698085920,0.06331,0.06331
24444650,24444650,1698085980,0.06334,0.06332
24444533,24446270,1698086040,0.06331,0.06332
24445015,24855083,1698086100,0.0633,0.06315
24582953,24783947,1698086160,0.06315,0.06362
27038447,27434348,1698086220,0.06362,0.06335
26130876,25611947,1698086280,0.06335,0.06308
25903238,27179830,1698086340,0.06308,0.06321
25398308,27599369,1698086400,0.06323,0.06333
28121202,27693903,1698086460,0.06331,0.0634
26421563,26421563,1698086520,0.0634,0.0634
25157548,24964941,1698086580,0.06341,0.06328
24955623,24955623,1698086640,0.06328,0.06301
24524481,24508039,1698086700,0.06302,0.06309
24478591,24442415,1698086760,0.0631,0.06318
24372715,24365466,1698086820,0.06323,0.06335
24370523,24369375,1698086880,0.06334,0.06333
24381481,24470788,1698086940,0.06334,0.06343
24448019,24439124,1698087000,0.06343,0.06348
24430408,24435747,1698087060,0.06348,0.06345
24436966,24438490,1698087120,0.06345,0.06345
24457405,24457105,1698087180,0.06345,0.06348
24456803,24455259,1698087240,0.0635,0.06349
24464911,24522339,1698087300,0.0635,0.06349
24522937,24524985,1698087360,0.0635,0.06346
24523439,24523439,1698087420,0.06352,0.0635
24521137,24520567,1698087480,0.06353,0.06353
24514861,24514861,1698087540,0.06353,0.06355
24512888,24505890,1698087600,0.06356,0.06356
24497997,24497338,1698087660,0.06357,0.06368
24486968,24498377,1698087720,0.06369,0.06373
24497736,24528172,1698087780,0.06375,0.06369
24529413,24522003,1698087840,0.06369,0.06373
24512727,24505836,1698087900,0.06372,0.06369
24506108,24498629,1698087960,0.06368,0.06365
24495849,24491199,1698088020,0.06365,0.06361
24461174,24452865,1698088080,0.06362,0.06353
24454554,24454645,1698088140,0.06353,0.06353
24450382,24451217,1698088200,0.06354,0.06361
24469632,24471371,1698088260,0.06363,0.06368
24505406,24509923,1698088320,0.06368,0.06371
24536733,24651924,1698088380,0.0637,0.0638
24654571,24642325,1698088440,0.0638,0.06395
24707385,24682312,1698088500,0.06393,0.0639
24661809,24661809,1698088560,0.0639,0.06399
24667652,24768088,1698088620,0.06398,0.06391
24781422,24771243,1698088680,0.06391,0.06388
24770069,24842254,1698088740,0.06389,0.06383
24778343,24731212,1698088800,0.06382,0.06401
24741999,24713131,1698088860,0.06401,0.064
24713751,24713751,1698088920,0.064,0.064
24716365,24659759,1698088980,0.064,0.0639
24605210,24602947,1698089040,0.0639,0.06384
24649417,24624389,1698089100,0.06384,0.06387
24624223,24624223,1698089160,0.06386,0.06383
24610816,24653644,1698089220,0.06384,0.06383
24700522,24700522,1698089280,0.06384,0.06379
24700068,24697140,1698089340,0.06379,0.06376
24691135,24721113,1698089400,0.06375,0.06366
24720929,24764605,1698089460,0.06367,0.06365
24800996,24801169,1698089520,0.06368,0.06361
24798885,24799639,1698089580,0.06363,0.06364
24798611,24799988,1698089640,0.06362,0.06359
24791140,24796165,1698089700,0.06359,0.06363
24785859,24800567,1698089760,0.06363,0.06363
24800567,24785294,1698089820,0.06366,0.06369
24789281,24789868,1698089880,0.0637,0.06375
24790229,24790229,1698089940,0.06373,0.0638
24791479,24788525,1698090000,0.06381,0.06384
24791947,24786107,1698090060,0.06385,0.06392
24802755,24803204,1698090120,0.06393,0.06392
24799615,24814201,1698090180,0.06392,0.06392
24815969,24866969,1698090240,0.06392,0.06388
24874525,24922278,1698090300,0.06386,0.06389
24918939,24931395,1698090360,0.06389,0.0639
24931615,24931363,1698090420,0.0639,0.06392
24935629,24938394,1698090480,0.06393,0.06398
24935801,24932696,1698090540,0.06399,0.06399
24842899,24827872,1698090600,0.06398,0.0638
24815013,24806423,1698090660,0.06382,0.06391
24810599,24788109,1698090720,0.06393,0.06393
24792893,24792775,1698090780,0.06396,0.06395
24782696,24780025,1698090840,0.06394,0.06391
24791194,24789596,1698090900,0.06391,0.06395
24780854,24762699,1698090960,0.06396,0.06401
24763047,24757016,1698091020,0.06399,0.064
24756571,24756571,1698091080,0.06402,0.06395
24741351,24736658,1698091140,0.064,0.06399
24736032,24734739,1698091200,0.06399,0.06394
24735676,24734305,1698091260,0.06395,0.06397
24733265,24734457,1698091320,0.06397,0.06403
24708340,24703539,1698091380,0.06401,0.06398
24697529,24691153,1698091440,0.06398,0.06384
24695656,24692034,1698091500,0.06386,0.06385
24690313,24690581,1698091560,0.06386,0.06393
24685979,24684339,1698091620,0.06393,0.06386
24702000,24698661,1698091680,0.06384,0.06391
24693768,24693492,1698091740,0.06391,0.0639
24693643,24693643,1698091800,0.06388,0.06392
24691642,24703187,1698091860,0.06389,0.06393
24707642,24707642,1698091920,0.06391,0.0639
24707642,24701602,1698091980,0.06392,0.06394
24700303,24697426,1698092040,0.06395,0.064
24694488,24694488,1698092100,0.064,0.06399
24694913,24678972,1698092160,0.064,0.06399
24660181,24660181,1698092220,0.06399,0.06403
24661347,24656093,1698092280,0.06402,0.06407
24631220,24607624,1698092340,0.06406,0.06407
24594172,24588747,1698092400,0.06407,0.06406
24579771,24524172,1698092460,0.06406,0.0639
24519322,24519436,1698092520,0.06392,0.06397
24452720,24452720,1698092580,0.06399,0.06403
24435684,24431560,1698092640,0.06402,0.064
24425775,24438789,1698092700,0.06399,0.06396
24433616,24429086,1698092760,0.06394,0.06395
24426465,24426465,1698092820,0.06392,0.06381
24409359,24412170,1698092880,0.06383,0.06384
24413246,24413246,1698092940,0.06387,0.06381
24412638,24409092,1698093000,0.06382,0.06391
24421177,24421177,1698093060,0.06392,0.06382
24421787,24414865,1698093120,0.06385,0.06389
24414075,24411975,1698093180,0.06386,0.06393
24409991,24408985,1698093240,0.06391,0.06394
24410759,24410919,1698093300,0.06393,0.06396
24423155,24431499,1698093360,0.06397,0.06401
24431442,24438675,1698093420,0.06404,0.06405
24440137,24438727,1698093480,0.06404,0.06405
24439211,24438251,1698093540,0.06405,0.06402
24434342,24415448,1698093600,0.06404,0.06405
24420649,24420649,1698093660,0.06405,0.0641
24412121,24413249,1698093720,0.06406,0.06408
24371366,24349052,1698093780,0.06407,0.06394
24345394,24345394,1698093840,0.06395,0.06397
24342815,24332562,1698093900,0.06398,0.06392
24337990,24343843,1698093960,0.06392,0.06385
24330935,24330433,1698094020,0.06387,0.06394
24327870,24328295,1698094080,0.06394,0.06393
24327409,24325877,1698094140,0.06392,0.0638
24328858,24326686,1698094200,0.0638,0.06376
24327031,24319424,1698094260,0.06378,0.06373
24213426,24198446,1698094320,0.06371,0.06363
24190599,24178738,1698094380,0.06363,0.06359
24207152,24207152,1698094440,0.06359,0.06361
24205880,24203606,1698094500,0.06362,0.06363
24203568,24194962,1698094560,0.06362,0.06367
24195476,24195476,1698094620,0.06367,0.06365
24195533,24203045,1698094680,0.06367,0.06362
24209825,24209234,1698094740,0.06359,0.06368
24237548,24239332,1698094800,0.06367,0.06369
24230013,24230013,1698094860,0.06368,0.06366
24235137,24238883,1698094920,0.06365,0.06371
24243041,24243041,1698094980,0.06371,0.0637
24236182,24236563,1698095040,0.06369,0.06371
24241436,24241436,1698095100,0.0637,0.06371
24211626,24211626,1698095160,0.0637,0.06369
24209823,24209647,1698095220,0.06366,0.06364
24210780,24218374,1698095280,0.06364,0.06362
24216049,24215786,1698095340,0.0636,0.06353
24215173,24215697,1698095400,0.06355,0.06346
24086707,24093274,1698095460,0.06346,0.06346
24099179,24099258,1698095520,0.06348,0.06346
24098894,24072582,1698095580,0.06347,0.06341
24108323,24105472,1698095640,0.06342,0.06343
24101027,24092816,1698095700,0.06347,0.0634
24076587,24075572,1698095760,0.0634,0.06338
24095765,24082778,1698095820,0.06338,0.06344
24088838,24088838,1698095880,0.06343,0.06345
24109560,24109560,1698095940,0.06347,0.0635
24109480,24106393,1698096000,0.06349,0.06348
24105690,24105242,1698096060,0.06349,0.06349
24101018,24093247,1698096120,0.06349,0.06348
24087218,24084083,1698096180,0.0635,0.0635
24100843,24100843,1698096240,0.06351,0.06354
24101129,24101090,1698096300,0.06357,0.06361
24085932,24077383,1698096360,0.06362,0.0636
24069551,24069551,1698096420,0.06361,0.0636
24069918,24069918,1698096540,0.0636,0.06358
24069647,24069047,1698096600,0.06357,0.06361
24070320,24065527,1698096720,0.06361,0.06357
24065527,24065527,1698096780,0.06359,0.06359
24065589,24068466,1698096840,0.0636,0.06374
24088445,24082522,1698096900,0.06372,0.06377
24090101,24090509,1698096960,0.06377,0.06376
24101031,24101248,1698097020,0.06376,0.06378
24101248,24095048,1698097080,0.06378,0.06376
24094704,24094704,1698097140,0.06377,0.06376
24095922,24095922,1698097200,0.06377,0.06375
24064688,24065526,1698097260,0.06374,0.06376
24067298,24077484,1698097320,0.06378,0.06379
24083034,24083034,1698097380,0.0638,0.06378
24102099,24093790,1698097440,0.0638,0.06376
24094825,24094920,1698097500,0.06375,0.06379
24097232,24097232,1698097560,0.06378,0.06378
24097727,24097411,1698097620,0.06379,0.06377
24097641,24096420,1698097680,0.06378,0.06382
24096420,24023667,1698097740,0.06382,0.0637
24025656,24025656,1698097800,0.06373,0.06375
24032093,24032218,1698097860,0.06375,0.06378
24032219,24030020,1698097920,0.06378,0.06376
24030905,24031038,1698097980,0.06378,0.06378
24030893,24030893,1698098040,0.06375,0.06375
24033576,24033576,1698098100,0.06375,0.06376
24035425,24035425,1698098160,0.06377,0.06376
24043465,24043465,1698098220,0.06376,0.06377
24043558,24043558,1698098280,0.06376,0.06376
24044211,24044211,1698098340,0.06377,0.06373
24085531,24092240,1698098400,0.06371,0.06371
24084535,24084535,1698098460,0.06372,0.06373
24083254,24083194,1698098520,0.06371,0.06371
24083194,24083194,1698098580,0.06371,0.06371
24083065,24082888,1698098640,0.06371,0.06371
24082876,24110069,1698098700,0.06371,0.0637
24112130,24112130,1698098760,0.06369,0.06372
24103821,24104531,1698098820,0.06372,0.06373
24119778,24126544,1698098880,0.06373,0.06374
24130209,24118175,1698098940,0.06374,0.06371
24112318,24112318,1698099000,0.06374,0.06377
24109802,24109955,1698099060,0.06378,0.0638
24134486,24161696,1698099120,0.06382,0.06384
24156424,24211389,1698099180,0.06384,0.06392
24210782,24210573,1698099240,0.0639,0.06389
24212079,24211174,1698099300,0.06389,0.06386
24211303,24219643,1698099360,0.06388,0.06392
24231603,24246128,1698099420,0.06392,0.06391
24287128,24286020,1698099480,0.06388,0.06387
24286115,24270121,1698099540,0.06387,0.06384
24269157,24268648,1698099600,0.06382,0.06379
24271115,24269565,1698099660,0.06382,0.06371
24269410,24270110,1698099720,0.06369,0.06379
24273417,24273417,1698099780,0.06379,0.06378
24273417,24274735,1698099840,0.06378,0.06381
24283632,24270025,1698099900,0.06382,0.06379
24263164,24262869,1698099960,0.06382,0.06386
24264942,24265304,1698100020,0.06387,0.06392
24265200,24265200,1698100080,0.06389,0.06393
24290615,24290102,1698100140,0.06393,0.06401
24312641,24195115,1698100200,0.06402,0.0638
24212923,24246818,1698100260,0.0638,0.06394
24265729,24251072,1698100320,0.06395,0.06398
24342994,24325713,1698100380,0.06398,0.064
24328896,24369308,1698100440,0.064,0.06404
24339420,24292816,1698100500,0.06403,0.06406
24263658,24289550,1698100560,0.06406,0.06418
24311326,24295563,1698100620,0.06418,0.06415
24347724,24369855,1698100680,0.06413,0.0642
24432593,24531456,1698100740,0.06422,0.06428
24543284,24543284,1698100800,0.0643,0.06431
24777014,24860671,1698100860,0.06436,0.06477
25037076,25163545,1698100920,0.06476,0.06504
25321165,25368363,1698100980,0.06508,0.06521
25509842,25515270,1698101040,0.06522,0.06496
25450946,25479795,1698101100,0.06494,0.0648
25429964,25482355,1698101160,0.0648,0.06461
25501817,25463280,1698101220,0.06461,0.06447
25482006,25475824,1698101280,0.06447,0.06474
25476841,25412873,1698101340,0.06474,0.06496
25432285,25449382,1698101400,0.06498,0.06478
25470788,25491540,1698101460,0.0648,0.06487
25553032,25554981,1698101520,0.06491,0.06488
25591383,25673148,1698101580,0.06491,0.06485
25656202,25710381,1698101640,0.06483,0.06481
25751356,25749021,1698101700,0.06481,0.06503
25772573,25790774,1698101760,0.06505,0.06513
25801312,25798455,1698101820,0.06515,0.06518
25795757,25969671,1698101880,0.06517,0.0651
25983941,25983941,1698101940,0.06512,0.06522
25997672,26051882,1698102000,0.06522,0.06541
26223867,26312184,1698102060,0.06542,0.06527
26349199,26330584,1698102120,0.06521,0.0651
26569515,26577190,1698102180,0.06509,0.06502
26584532,26566131,1698102240,0.06499,0.06508
26581290,26582524,1698102300,0.06509,0.06496
26613773,26617666,1698102360,0.06495,0.06502
26618791,26620417,1698102420,0.06499,0.06493
26643131,26646615,1698102480,0.06492,0.06491
26644036,26639928,1698102540,0.06491,0.06479
26648204,26657971,1698102600,0.0648,0.06444
26620116,26592167,1698102660,0.06443,0.06434
26584319,26602754,1698102720,0.06435,0.06448
26608372,26615724,1698102780,0.06449,0.06468
26623885,26623147,1698102840,0.06469,0.0647
26626356,26621999,1698102900,0.0647,0.06478
26615995,26615995,1698102960,0.06479,0.06491
26758493,26793098,1698103020,0.06493,0.06497
26809996,26813823,1698103080,0.06492,0.06502
26821748,26904176,1698103140,0.06504,0.06506
26916711,26922861,1698103200,0.06505,0.06505
26924284,26926163,1698103260,0.06503,0.06497
26934707,26934411,1698103320,0.06497,0.06501
26939357,26977939,1698103380,0.06504,0.06505
26997767,27001198,1698103440,0.06504,0.06492
27021426,27012626,1698103500,0.06495,0.06491
27032570,27022975,1698103560,0.0649,0.06488
27017191,27028551,1698103620,0.06486,0.06479
27026040,27064398,1698103680,0.06478,0.0648
27062860,27056372,1698103740,0.06478,0.06487
27071641,27077777,1698103800,0.06489,0.06491
27088954,27086536,1698103860,0.06487,0.06488
27092622,27107750,1698103920,0.06488,0.06478
27112867,27147648,1698103980,0.06479,0.06492
27155721,27155721,1698104040,0.06489,0.0648
27177875,27197455,1698104100,0.06477,0.06456
27175105,27213041,1698104160,0.06458,0.06473
27215425,27215425,1698104220,0.06472,0.06461
27217669,27222925,1698104280,0.0646,0.06457
27225908,27195686,1698104340,0.06458,0.06456
27181334,27168331,1698104400,0.06457,0.06458
27187905,27176141,1698104460,0.06457,0.06465
27184104,27184104,1698104520,0.06465,0.0647
27181439,27184873,1698104580,0.06471,0.0647
27181780,27179180,1698104640,0.06466,0.06458
27182308,27188503,1698104700,0.0646,0.06467
27173784,27170434,1698104760,0.06469,0.06462
27159935,27174820,1698104820,0.06463,0.06472
27181658,27186904,1698104880,0.06472,0.06476
27184103,27184019,1698104940,0.06474,0.06474
27180233,27179531,1698105000,0.06475,0.06472
27184304,27181092,1698105060,0.06472,0.06482
27182075,27180835,1698105120,0.06482,0.06486
27179389,27179389,1698105180,0.06486,0.06488
27176458,27180753,1698105240,0.06488,0.06482
27175564,27173321,1698105300,0.06483,0.06486
27187917,27195059,1698105360,0.06486,0.06488
27207555,27204312,1698105420,0.06492,0.06496
27203345,27214599,1698105480,0.06497,0.06496
27218148,27246342,1698105540,0.06494,0.06488
27259238,27258145,1698105600,0.06495,0.06503
27257662,27246567,1698105660,0.06503,0.06503
27284958,27238436,1698105720,0.06506,0.06495
27243270,27253558,1698105780,0.0649,0.06503
27279063,27297688,1698105840,0.06507,0.06501
27301560,27301329,1698105900,0.065,0.06488
27198486,27150917,1698105960,0.06485,0.06465
27162047,27162047,1698106020,0.06467,0.0647
27162350,27133550,1698106080,0.06471,0.06457
27127648,27127648,1698106140,0.06462,0.0646
27128535,27128981,1698106200,0.06457,0.06454
27113439,27092438,1698106260,0.06456,0.06464
27086683,27076580,1698106320,0.06464,0.06469
27077088,27077088,1698106380,0.06469,0.06473
27078441,27051642,1698106440,0.06471,0.06468
27051492,27044115,1698106500,0.06465,0.06473
27048902,27050476,1698106560,0.06473,0.06469
27050481,27049877,1698106620,0.06469,0.06471
27051796,27059410,1698106680,0.06471,0.06464
27062438,27063865,1698106740,0.06462,0.06474
27063522,27081853,1698106800,0.06475,0.06477
27101626,27101626,1698106860,0.06477,0.06501
27131184,27140766,1698106920,0.06501,0.06508
27147585,27147585,1698106980,0.06508,0.06511
27145734,27152378,1698107040,0.0651,0.06512
27156777,27252280,1698107100,0.06513,0.06508
27243263,27261866,1698107160,0.06508,0.06518
27296981,27290632,1698107220,0.06518,0.06521
27291794,27291794,1698107280,0.06521,0.06518
27289329,27286598,1698107340,0.06519,0.06524
27345557,27385137,1698107400,0.06524,0.06518
27391590,27429204,1698107460,0.06518,0.06534
27453097,27454948,1698107520,0.06533,0.06535
27502422,27519988,1698107580,0.06534,0.06545
27510605,27507193,1698107640,0.06546,0.0655
27506026,27519497,1698107700,0.06551,0.06548
27524020,27553510,1698107760,0.06547,0.06555
27562199,27565702,1698107820,0.06554,0.06541
27579715,27579715,1698107880,0.06542,0.06544
27575115,27599618,1698107940,0.06545,0.06542
27604420,27598598,1698108000,0.06542,0.06555
27638080,27638815,1698108060,0.06557,0.0657
27636426,27648116,1698108120,0.06571,0.0656
27647308,27687957,1698108180,0.06561,0.06566
27690183,27675790,1698108240,0.06565,0.06569
27645650,27630844,1698108300,0.06569,0.06564
27626383,27629543,1698108360,0.06565,0.06569
27630422,27632366,1698108420,0.06569,0.06583
27667178,27680521,1698108480,0.06586,0.06589
27701201,27708709,1698108540,0.06589,0.06592
27710127,27717067,1698108600,0.06591,0.06581
27726864,27724006,1698108660,0.06581,0.06591
27718345,27677441,1698108720,0.06591,0.06581
27663131,27663518,1698108780,0.06586,0.0659
27665734,27676385,1698108840,0.06593,0.06591
27682742,27682742,1698108900,0.06594,0.06596
27682193,27647477,1698108960,0.06596,0.066
27676212,27685240,1698109020,0.06603,0.06587
27686679,27671204,1698109080,0.06586,0.06588
27671764,27682120,1698109140,0.06589,0.06583
27680846,27688899,1698109200,0.06583,0.06581
27668799,27584998,1698109260,0.06581,0.0657
27577792,27561717,1698109320,0.06571,0.0657
27553998,27554782,1698109380,0.06571,0.06589
27549801,27540996,1698109440,0.06588,0.06601
27539368,27543113,1698109500,0.06602,0.06598
27532162,27535241,1698109560,0.06597,0.06599
27528900,27516750,1698109620,0.066,0.06608
27520327,27529519,1698109680,0.06606,0.0661
27529633,27529633,1698109740,0.06608,0.06613
27520322,27508306,1698109800,0.06611,0.06616
27508038,27520923,1698109860,0.06617,0.06616
27520467,27520467,1698109920,0.06615,0.06608
27497393,27462050,1698109980,0.06608,0.06592
27469628,27472334,1698110040,0.06594,0.06598
27443415,27447661,1698110100,0.06597,0.06586
27433526,27434984,1698110160,0.06587,0.06592
27452146,27448085,1698110220,0.06593,0.06598
27446359,27439994,1698110280,0.06599,0.06609
27441030,27446473,1698110340,0.06611,0.06617
27459278,27460311,1698110400,0.06615,0.06613
27462758,27470041,1698110460,0.06611,0.06592
27483434,27509718,1698110520,0.06594,0.06611
27527128,27522322,1698110580,0.06609,0.06609
27521191,27533888,1698110640,0.0661,0.06598
27551421,27554322,1698110700,0.06601,0.06605
27555276,27551865,1698110760,0.06607,0.06589
27561281,27555397,1698110820,0.0659,0.06579
27563372,27620372,1698110880,0.06579,0.06555
27681059,27684895,1698110940,0.06555,0.06566
27711231,27718189,1698111000,0.06568,0.06566
27722105,27722105,1698111060,0.06566,0.06564
27718700,27720911,1698111120,0.06565,0.06564
27722779,27727379,1698111180,0.06567,0.06558
27706204,27698557,1698111240,0.06557,0.06557
27700548,27697741,1698111300,0.06558,0.06553
27697958,27689234,1698111360,0.06551,0.06542
27688157,27673537,1698111420,0.0654,0.06544
27673537,27694952,1698111480,0.06545,0.06553
27712747,27712875,1698111540,0.06558,0.06556
27711146,27701057,1698111600,0.06556,0.06559
27693329,27692866,1698111660,0.06558,0.06558
27693172,27693172,1698111720,0.06559,0.06558
27694509,27694612,1698111780,0.0656,0.0656
27691997,27692328,1698111840,0.06562,0.06558
27710726,27710006,1698111900,0.06561,0.06569
27724429,27723527,1698111960,0.06569,0.0657
27723622,27748921,1698112020,0.0657,0.0658
27748665,27747866,1698112080,0.06577,0.06575
27746558,27746648,1698112140,0.06571,0.06576
27744224,27746554,1698112200,0.06574,0.06567
27752459,27750642,1698112260,0.06567,0.06567
27750564,27750564,1698112320,0.06568,0.06575
27750564,27758637,1698112380,0.06574,0.0657
27770968,27770968,1698112440,0.06571,0.06568
27770034,27777112,1698112500,0.06568,0.0657
27790365,27790365,1698112560,0.06571,0.06565
27788717,27787608,1698112620,0.06565,0.06571
27787609,27814193,1698112680,0.06574,0.06587
27830695,27830198,1698112740,0.06587,0.06587
27852578,27865031,1698112800,0.06587,0.06589
27859057,27862041,1698112860,0.06589,0.06597
27866411,27903266,1698112920,0.06597,0.06602
27903266,27899490,1698112980,0.06603,0.06606
27902330,27902413,1698113040,0.06611,0.06624
27947004,27936683,1698113100,0.0662,0.06595
27935657,27947013,1698113160,0.06594,0.06593
27956495,27986539,1698113220,0.06593,0.06607
27959610,27911713,1698113280,0.06607,0.06611
27911842,27911463,1698113340,0.06611,0.06613
27937581,27931763,1698113400,0.06613,0.066
27925594,27925594,1698113460,0.06599,0.06609
27921499,27933484,1698113520,0.06609,0.0661
27948823,27943937,1698113580,0.06614,0.06611
27941297,27941297,1698113640,0.0661,0.06605
27975701,27986699,1698113700,0.06604,0.06621
28002748,28002748,1698113760,0.06621,0.0662
28021179,28091674,1698113820,0.06617,0.06628
28153810,28153810,1698113880,0.06632,0.06632
28156845,28157159,1698113940,0.06633,0.0664
28184136,28252291,1698114000,0.06642,0.06652
28337711,28333269,1698114060,0.06651,0.06663
28340373,28319346,1698114120,0.06663,0.06655
28374514,28396112,1698114180,0.06662,0.06663
28415455,28462827,1698114240,0.06667,0.06668
28510349,28533104,1698114300,0.06668,0.06675
28514656,28521509,1698114360,0.06673,0.06688
28547876,28551126,1698114420,0.06687,0.06691
28570094,28634837,1698114480,0.0669,0.06682
29163584,28943041,1698114540,0.06682,0.06652
28944210,28940726,1698114600,0.06652,0.06648
28941875,28933488,1698114660,0.06647,0.06661
28923696,28920732,1698114720,0.0666,0.06656
28928992,28928992,1698114780,0.06657,0.06659
28923315,28924303,1698114840,0.06658,0.06665
28932680,28930749,1698114900,0.06665,0.06668
28923490,28927236,1698114960,0.0667,0.06642
28941633,28942319,1698115020,0.06642,0.06653
28936422,28939614,1698115080,0.06652,0.06658
28939947,28958454,1698115140,0.06657,0.06675
28925166,28922549,1698115200,0.06673,0.0668
28922277,28921805,1698115260,0.0668,0.06691
28928104,28949044,1698115320,0.06693,0.06694
28949871,28953282,1698115380,0.06696,0.06703
28982036,28988477,1698115440,0.06705,0.06707
29001887,29045084,1698115500,0.06706,0.06705
29112448,29279955,1698115560,0.06705,0.06711
29303680,29338212,1698115620,0.06711,0.06711
29405214,29422927,1698115680,0.06712,0.0671
29470166,29493079,1698115740,0.06709,0.06706
29510872,29510872,1698115800,0.06702,0.06695
29546804,29573779,1698115860,0.06698,0.06692
29569902,29569902,1698115920,0.06693,0.06695
29563470,29631291,1698115980,0.06694,0.06679
29635691,29688723,1698116040,0.06683,0.067
29750530,29777769,1698116100,0.06701,0.06711
29774840,29772576,1698116160,0.06711,0.0671
29769927,29770848,1698116220,0.06711,0.06708
29762836,29777125,1698116280,0.06708,0.06699
29776009,29775941,1698116340,0.06697,0.06692
29784393,29798781,1698116400,0.06693,0.0669
29809333,29792882,1698116460,0.0669,0.06672
29811313,29816565,1698116520,0.06673,0.0669
29814122,29817467,1698116580,0.06694,0.0669
29853507,29847625,1698116640,0.06692,0.06689
29847337,29848448,1698116700,0.06689,0.06695
29837590,29832275,1698116760,0.06685,0.06688
29834188,29831803,1698116820,0.06688,0.06677
29757859,29757859,1698116880,0.06679,0.06679
29747861,29749910,1698116940,0.06678,0.06662
29750098,29731881,1698117000,0.06667,0.06655
29741483,29748952,1698117060,0.06657,0.06668
29749372,29725062,1698117120,0.06668,0.06678
29749580,29756000,1698117180,0.06675,0.06679
29755732,29755732,1698117240,0.06677,0.06678
29722371,29741482,1698117300,0.06678,0.06666
29709758,29705895,1698117360,0.06667,0.06684
29719326,29716400,1698117420,0.06681,0.06665
29712201,29710429,1698117480,0.06666,0.06667
29710123,29753407,1698117540,0.06668,0.06659
29762133,29750143,1698117600,0.0666,0.06657
29741254,29740216,1698117660,0.06654,0.06662
29738747,29737011,1698117720,0.06663,0.06655
29727332,29727332,1698117780,0.0666,0.06655
29724875,29725048,1698117840,0.06655,0.06656
29629072,29629072,1698117900,0.06654,0.06652
29622134,29633243,1698117960,0.06654,0.06648
29634068,29633873,1698118020,0.06647,0.06641
29647149,29645557,1698118080,0.06641,0.06649
29643887,29643887,1698118140,0.06652,0.06649
29643950,29645008,1698118200,0.06647,0.06652
29641270,29646665,1698118260,0.06651,0.06637
29638402,29605150,1698118320,0.06639,0.06625
29612607,29606689,1698118380,0.06626,0.06625
29592353,29596640,1698118440,0.06627,0.06616
29601512,29593761,1698118500,0.06618,0.06606
29497625,29505159,1698118560,0.06601,0.06614
29510015,29511590,1698118620,0.06615,0.06616
29503101,29501475,1698118680,0.06616,0.06609
29500346,29501305,1698118740,0.0661,0.06619
29501479,29512381,1698118800,0.06621,0.06608
29506092,29509951,1698118860,0.06606,0.06604
29509951,29512944,1698118920,0.06606,0.0661
29512559,29510730,1698118980,0.06605,0.06593
29502760,29506022,1698119040,0.06598,0.06599
29530902,29527827,1698119100,0.06602,0.06587
29529666,29530542,1698119160,0.06588,0.066
29522540,29514954,1698119220,0.066,0.06585
29502786,29520647,1698119280,0.06586,0.06597
29523924,29523924,1698119340,0.06598,0.06592
29505322,29497035,1698119400,0.06591,0.06593
29501945,29503468,1698119460,0.06594,0.06587
29511263,29498305,1698119520,0.06586,0.06584
29508948,29508822,1698119580,0.06585,0.0659
29509906,29505656,1698119640,0.0659,0.06576
29515085,29503064,1698119700,0.06577,0.06583
29507775,29507775,1698119760,0.06587,0.06565
29586486,29577072,1698119820,0.06566,0.06567
29582358,29589887,1698119880,0.06568,0.06568
29588575,29589870,1698119940,0.06565,0.06539
29584702,29576051,1698120000,0.06538,0.06564
29583512,29595169,1698120060,0.06564,0.06557
29588450,29589106,1698120120,0.0656,0.06577
29597227,29597838,1698120180,0.06572,0.06572
29595744,29615315,1698120240,0.06571,0.06569
29620191,29629490,1698120300,0.0657,0.06583
29607098,29608771,1698120360,0.0658,0.06575
29616216,29615934,1698120420,0.06576,0.06575
29615143,29603131,1698120480,0.06575,0.06585
29600975,29598045,1698120540,0.06585,0.06586
29598779,29598227,1698120600,0.06586,0.06589
29599787,29599787,1698120660,0.06588,0.06589
29609370,29612381,1698120720,0.06589,0.06592
29611366,29617045,1698120780,0.06589,0.06583
29553471,29552666,1698120840,0.06585,0.06579
29547489,29546171,1698120900,0.06579,0.06583
29546652,29553650,1698120960,0.06583,0.06579
29553433,29543947,1698121020,0.0658,0.06578
29546693,29546693,1698121080,0.0658,0.06579
29548328,29563965,1698121140,0.06581,0.06582
29568444,29568444,1698121200,0.06581,0.06581
29567479,29565670,1698121260,0.06583,0.06586
29597155,29596350,1698121320,0.06584,0.06583
29599829,29600068,1698121380,0.06584,0.06581
29618338,29634367,1698121440,0.06584,0.06583
29636772,29643620,1698121500,0.06585,0.06595
29664102,29719162,1698121560,0.06595,0.06595
29720932,29723516,1698121620,0.06595,0.06599
29727308,29735814,1698121680,0.06599,0.06603
29755576,29755576,1698121740,0.06603,0.06601
29734998,29738986,1698121800,0.06599,0.0659
29742271,29732400,1698121860,0.06593,0.06586
29731571,29731571,1698121920,0.06584,0.06582
29726739,29726739,1698121980,0.06582,0.06581
29725514,29732529,1698122040,0.0658,0.06579
29733376,29738487,1698122100,0.0658,0.06586
29750482,29752495,1698122160,0.06586,0.06575
29749891,29745319,1698122220,0.06576,0.06562
29746812,29746812,1698122280,0.06564,0.06568
29746376,29742954,1698122340,0.06568,0.0656
29723777,29724970,1698122400,0.06561,0.06555
29719592,29748224,1698122460,0.06556,0.0656
29760140,29760140,1698122520,0.06559,0.06549
29758385,29758385,1698122580,0.06549,0.06547
29759196,29757828,1698122640,0.06546,0.06543
29751435,29743784,1698122700,0.06543,0.06545
29732768,29724401,1698122760,0.06546,0.06558
29725741,29711284,1698122820,0.06558,0.06557
29661845,29653926,1698122880,0.06557,0.06568
29757566,29766520,1698122940,0.06566,0.06559
29803644,29803644,1698123000,0.0656,0.06567
29737186,29693291,1698123060,0.06567,0.0657
29690859,29690859,1698123120,0.06568,0.06577
29644977,29641961,1698123180,0.06578,0.06589
29662708,29659053,1698123240,0.06588,0.06594
29659406,29653464,1698123300,0.06594,0.06605
29659544,29660162,1698123360,0.06606,0.06608
29653665,29609387,1698123420,0.0661,0.06608
29608415,29606035,1698123480,0.06607,0.06607
29605642,29609814,1698123540,0.06608,0.0661
29592544,29589878,1698123600,0.0661,0.0661
29590959,29593147,1698123660,0.0661,0.06609
29593896,29593407,1698123720,0.06608,0.06615
29593741,29592583,1698123780,0.06618,0.06623
29594285,29592200,1698123840,0.06622,0.0662
29597912,29597656,1698123900,0.06619,0.06619
29597381,29597512,1698123960,0.06618,0.06619
29601495,29609639,1698124020,0.0662,0.06624
29607098,29607310,1698124080,0.06624,0.06623
29608518,29611361,1698124140,0.06623,0.06621
29630218,29634163,1698124200,0.06621,0.06619
29628755,29631378,1698124260,0.06616,0.06622
29630323,29630297,1698124320,0.0662,0.06616
29630374,29630792,1698124380,0.06618,0.06619
29631717,29631717,1698124440,0.06617,0.06619
29625270,29625795,1698124500,0.06619,0.06618
29617745,29627561,1698124560,0.06615,0.06611
29630674,29637847,1698124620,0.06611,0.06608
29633104,29627456,1698124680,0.06608,0.06603
29624537,29624451,1698124740,0.06606,0.06605
29622049,29626722,1698124800,0.06606,0.06613
29659708,29660366,1698124860,0.06613,0.06617
29645936,29645936,1698124920,0.06617,0.06617
29516570,29519265,1698124980,0.06617,0.06621
29529823,29530799,1698125040,0.06623,0.06626
29570374,29570313,1698125100,0.06626,0.06623
29566253,29589480,1698125160,0.06623,0.06626
29589547,29589598,1698125220,0.06626,0.06628
29541198,29531865,1698125280,0.06627,0.06627
29467303,29509872,1698125340,0.06628,0.0663
29546725,29546725,1698125400,0.0663,0.06622
29531886,29529402,1698125460,0.06622,0.0663
29538371,29488735,1698125520,0.0663,0.06628
29471959,29471959,1698125580,0.06628,0.06627
29465817,29465817,1698125640,0.06628,0.0663
29465928,29444177,1698125700,0.06629,0.06628
29401328,29401328,1698125760,0.06628,0.0662
29398114,29398114,1698125820,0.06621,0.06621
29384575,29383522,1698125880,0.06622,0.06624
29382129,29356994,1698125940,0.06625,0.06629
29353905,29347368,1698126000,0.06628,0.06628
29335288,29335288,1698126060,0.06628,0.06629
29343024,29341634,1698126120,0.06629,0.06626
29335009,29285661,1698126180,0.06626,0.06615
29285956,29278300,1698126240,0.06616,0.06617
29289118,29293769,1698126300,0.06619,0.06619
29284264,29266627,1698126360,0.06616,0.06604
29258995,29229608,1698126420,0.06604,0.06587
29147928,29155569,1698126480,0.06587,0.06594
29170098,29181007,1698126540,0.06594,0.06564
29171117,29171117,1698126600,0.06562,0.06557
29163583,29166942,1698126660,0.06557,0.06571
29175343,29272817,1698126720,0.06574,0.06567
29275092,29266913,1698126780,0.06565,0.06555
29238147,29237144,1698126840,0.06555,0.06556
29241303,29249507,1698126900,0.06559,0.0657
29251638,29262587,1698126960,0.06569,0.06553
29271965,29270656,1698127020,0.0655,0.0655
29255702,29262359,1698127080,0.06551,0.0655
29263767,29284087,1698127140,0.0655,0.06548
29285964,29287362,1698127200,0.06549,0.06549
29287144,29279396,1698127260,0.06549,0.06551
29274128,29249440,1698127320,0.06555,0.06557
29263037,29263037,1698127380,0.0656,0.06568
29274102,29274250,1698127440,0.06565,0.06562
29269342,29271604,1698127500,0.06562,0.06553
29265579,29325966,1698127560,0.06554,0.06556
29326415,29326415,1698127620,0.06562,0.06562
29326880,29312668,1698127680,0.06563,0.06567
29313737,29303444,1698127740,0.06567,0.06559
29297056,29297959,1698127800,0.06562,0.06566
29296940,29291053,1698127860,0.06564,0.06564
29291006,29264745,1698127920,0.06563,0.06562
29265308,29235678,1698127980,0.06563,0.06544
29243695,29262900,1698128040,0.06544,0.06561
29236290,29224650,1698128100,0.06562,0.0656
29218407,29214605,1698128160,0.0656,0.0655
29217563,29217563,1698128220,0.06552,0.0653
29247777,29250244,1698128280,0.06529,0.06532
29250037,29247137,1698128340,0.06533,0.06539
29249062,29185132,1698128400,0.06539,0.06527
29186417,29201661,1698128460,0.06527,0.06516
29200090,29227413,1698128520,0.06517,0.06508
29222556,29235035,1698128580,0.06506,0.06509
29243493,29225317,1698128640,0.06508,0.06491
29208672,29201965,1698128700,0.0649,0.06504
29203904,29208076,1698128760,0.06504,0.06454
29094307,29097580,1698128820,0.06464,0.06478
29118630,29117127,1698128880,0.06478,0.06459
29123041,29122087,1698128940,0.0646,0.06452
29120057,29106349,1698129000,0.06453,0.06439
29087760,29084158,1698129060,0.06438,0.06467
29089080,29107650,1698129120,0.06465,0.06455
29106173,29101369,1698129180,0.06456,0.06465
29148237,29240833,1698129240,0.06466,0.06458
29247825,29249489,1698129300,0.06457,0.06465
29251225,29259859,1698129360,0.06464,0.06461
29255787,29241815,1698129420,0.06463,0.06458
29238351,29247174,1698129480,0.06457,0.06462
29241473,29241473,1698129540,0.06467,0.06479
29242502,29235049,1698129600,0.06479,0.06487
29239586,29237395,1698129660,0.06487,0.06484
29238255,29237739,1698129720,0.06482,0.0648
29252201,29254827,1698129780,0.06484,0.0649
29250813,29250813,1698129840,0.06488,0.06486
29246978,29183984,1698129900,0.06487,0.06489
29184692,29197460,1698129960,0.06488,0.06494
29196774,29196594,1698130020,0.06495,0.06498
29195940,29197941,1698130080,0.06498,0.06495
29199910,29196062,1698130140,0.06496,0.06498
29196063,29196532,1698130200,0.06498,0.06503
29201730,29201147,1698130260,0.06504,0.06507
29203084,29201683,1698130320,0.06507,0.06507
29205795,29233758,1698130380,0.06506,0.06512
29274863,29268354,1698130440,0.06512,0.06495
29256105,29258425,1698130500,0.06498,0.06497
29253598,29248846,1698130560,0.06497,0.06497
29237875,29235474,1698130620,0.06498,0.06501
29234940,29235297,1698130680,0.06502,0.06506
29239980,29237219,1698130740,0.06506,0.06507
29238020,29237657,1698130800,0.06509,0.0651
29253174,29253698,1698130860,0.06509,0.06509
29251653,29265183,1698130920,0.06509,0.06502
29265183,29313221,1698130980,0.06501,0.06486
29311501,29269823,1698131040,0.06486,0.06485
29277888,29251748,1698131100,0.06485,0.06479
29248518,29250314,1698131160,0.0648,0.06493
29253371,29262773,1698131220,0.06491,0.06481
29260773,29248794,1698131280,0.06482,0.06488
29248247,29251435,1698131340,0.06489,0.06492
29251820,29251735,1698131400,0.0649,0.06485
29255977,29255977,1698131460,0.06484,0.06482
29262272,29265397,1698131520,0.0648,0.06484
29267003,29250308,1698131580,0.06483,0.06491
29259296,29283611,1698131640,0.06493,0.06487
29284369,29284703,1698131700,0.06487,0.06493
29266569,29265715,1698131760,0.0649,0.06485
29283078,29284483,1698131820,0.06487,0.06496
29282198,29271318,1698131880,0.06503,0.06506
29273260,29274321,1698131940,0.06508,0.06517
29268350,29270013,1698132000,0.06516,0.06522
29268943,29301733,1698132060,0.06523,0.0652
29307273,29308292,1698132120,0.06519,0.06517
29315967,29335055,1698132180,0.06515,0.06498
29342716,29350388,1698132240,0.065,0.06499
29348446,29358602,1698132300,0.06499,0.06499
29366515,29358499,1698132360,0.06498,0.06488
29358787,29374128,1698132420,0.06488,0.0648
29379533,29379830,1698132480,0.06479,0.06479
29380496,29390293,1698132540,0.06482,0.06469
29381926,29382861,1698132600,0.06468,0.06471
29385927,29388944,1698132660,0.0647,0.06483
29362618,29365432,1698132720,0.06484,0.06476
29371621,29375292,1698132780,0.06474,0.06462
29389390,29406265,1698132840,0.06469,0.06486
29406514,29390733,1698132900,0.06489,0.06481
29390985,29395002,1698132960,0.06479,0.06481
29408590,29408590,1698133020,0.06482,0.0648
29408449,29408711,1698133080,0.06479,0.06485
29411221,29419484,1698133140,0.06484,0.06489
29423371,29422663,1698133200,0.06491,0.06484
29427372,29433904,1698133260,0.06486,0.06494
29443945,29474939,1698133320,0.06495,0.06484
29490247,29485512,1698133380,0.06483,0.0649
29490594,29491967,1698133440,0.0649,0.06496
29494375,29498391,1698133500,0.06494,0.06499
29499725,29498405,1698133560,0.06499,0.06501
29498749,29499397,1698133620,0.06502,0.06504
29498602,29498602,1698133680,0.06503,0.06505
29499023,29499604,1698133740,0.06504,0.06507
29509673,29509968,1698133800,0.06507,0.06515
29509320,29510166,1698133860,0.06513,0.06509
29510198,29510990,1698133920,0.06509,0.06516
29511813,29512329,1698133980,0.06517,0.06516
29505466,29505645,1698134040,0.06517,0.06518
29502482,29515504,1698134100,0.06518,0.06514
29517557,29512933,1698134160,0.06516,0.06523
29515784,29515338,1698134220,0.06521,0.06519
29516145,29516145,1698134280,0.06521,0.06518
29518043,29519112,1698134340,0.06518,0.06527
29518787,29513206,1698134400,0.06527,0.06518
29565900,29596581,1698134460,0.06518,0.06515
29548195,29550183,1698134520,0.06514,0.06524
29550173,29563198,1698134580,0.06524,0.06541
29588507,29587594,1698134640,0.06542,0.06531
29582615,29583551,1698134700,0.0653,0.06539
29582437,29582335,1698134760,0.06535,0.06539
29582335,29589463,1698134820,0.06539,0.06541
29589811,29589623,1698134880,0.06542,0.06543
29593788,29594960,1698134940,0.06541,0.06545
29598090,29604586,1698135000,0.06545,0.06547
29609422,29609684,1698135060,0.06549,0.06554
29608137,29619489,1698135120,0.06556,0.06562
29687147,29687769,1698135180,0.0656,0.06564
29688265,29688265,1698135240,0.06566,0.06566
29692641,29695686,1698135300,0.06565,0.06563
29714989,29725489,1698135360,0.06562,0.06552
29710130,29702368,1698135420,0.06551,0.06548
29702368,29702965,1698135480,0.06549,0.06551
29703422,29703422,1698135540,0.06547,0.06546
29704024,29704804,1698135600,0.06548,0.06548
29710963,29741085,1698135660,0.06549,0.06554
29734466,29734628,1698135720,0.06552,0.06551
29721496,29721496,1698135780,0.06554,0.06558
29720834,29729930,1698135840,0.0656,0.06557
29723226,29722947,1698135900,0.06557,0.06563
29822125,29821901,1698135960,0.06562,0.06566
29820000,29820000,1698136020,0.06569,0.06571
29821170,29826381,1698136080,0.0657,0.06563
29826495,29828961,1698136140,0.06564,0.0657
29863958,29864112,1698136200,0.06566,0.06562
29863909,29861129,1698136260,0.06561,0.06552
29867934,29902507,1698136320,0.06552,0.06564
29902947,29898205,1698136380,0.06565,0.06558
29895587,29879229,1698136440,0.06558,0.06557
29877326,29870351,1698136500,0.06559,0.06555
29865602,29868106,1698136560,0.06555,0.0655
29862628,29876971,1698136620,0.06549,0.06553
29876911,29874033,1698136680,0.06554,0.06562
29873947,29881039,1698136740,0.0656,0.06561
29881562,29881562,1698136800,0.06563,0.06564
29880551,29879551,1698136860,0.06566,0.06558
29889550,29883108,1698136920,0.0656,0.06565
29884618,29894669,1698136980,0.06567,0.0657
29894776,29894830,1698137040,0.0657,0.06565
29900150,29981842,1698137100,0.06567,0.06557
29980022,29975635,1698137160,0.06557,0.06564
29984908,29989440,1698137220,0.06561,0.06559
30000098,29997236,1698137280,0.06556,0.06558
29996676,29994679,1698137340,0.06558,0.06563
30009277,29993127,1698137400,0.06561,0.06562
29991820,30106742,1698137460,0.0656,0.06561
30106834,30115495,1698137520,0.06563,0.06565
30159310,30166625,1698137580,0.06564,0.06557
30165594,30166282,1698137640,0.0656,0.06565
30159932,30160224,1698137700,0.06567,0.06575
30158433,30150982,1698137760,0.06573,0.06575
30150832,30153824,1698137820,0.06575,0.0658
30206195,30207000,1698137880,0.06577,0.06576
30206016,30218125,1698137940,0.06576,0.06572
30221035,30238474,1698138000,0.06572,0.06572
30246080,30226743,1698138060,0.06572,0.06558
30217390,30216677,1698138120,0.06558,0.06568
30216677,30208818,1698138180,0.06567,0.06564
30205781,30197880,1698138240,0.06564,0.06569
30278734,30304954,1698138300,0.06568,0.06576
30304874,30361652,1698138360,0.06576,0.06567
30362213,30360538,1698138420,0.06563,0.06565
30360644,30359333,1698138480,0.06565,0.06567
30354029,30354029,1698138540,0.06571,0.06573
30341393,30342984,1698138600,0.06571,0.06574
30343033,30331192,1698138660,0.06574,0.06585
30331321,30331321,1698138720,0.06586,0.06586
30352479,30358115,1698138780,0.06588,0.06595
30360732,30361477,1698138840,0.06591,0.06595
30361072,30360583,1698138900,0.06593,0.06597
30357706,30348183,1698138960,0.06597,0.0658
30338459,30423761,1698139020,0.06579,0.06581
30426260,30392038,1698139080,0.06581,0.06596
30391728,30389139,1698139140,0.06596,0.06595
30408743,30426719,1698139200,0.06596,0.06611
30427294,30429497,1698139260,0.06611,0.06611
30435031,30447093,1698139320,0.06613,0.06614
30438375,30438375,1698139380,0.06617,0.06619
30431697,30413950,1698139440,0.0662,0.06616
30407991,30407991,1698139500,0.06615,0.06621
30412902,30412171,1698139560,0.06622,0.0662
30397193,30396607,1698139620,0.06625,0.06622
30395115,30403028,1698139680,0.06625,0.06623
30370266,30341520,1698139740,0.06625,0.06627
30342048,30352443,1698139800,0.06624,0.06617
30347510,30349078,1698139860,0.06617,0.06623
30335164,30321115,1698139920,0.06625,0.06631
30320898,30328100,1698139980,0.06629,0.06634
30328431,30305860,1698140040,0.06634,0.06634
30270807,30243964,1698140100,0.06635,0.06633
30221121,30221121,1698140160,0.06634,0.06634
30220968,30217502,1698140220,0.06636,0.06637
30211554,30205802,1698140280,0.06637,0.06641
30189194,30189194,1698140340,0.06644,0.06647
30189109,30188629,1698140400,0.06645,0.06652
30188562,30192675,1698140460,0.06651,0.06657
30201348,30203171,1698140520,0.06655,0.06669
30206702,30196504,1698140580,0.0667,0.06664
30210892,30209977,1698140640,0.06663,0.0666
30205044,30201954,1698140700,0.0666,0.0666
30189430,30183989,1698140760,0.0666,0.06656
30189379,30188746,1698140820,0.06658,0.0666
30188767,30191769,1698140880,0.06662,0.06657
30201610,30180542,1698140940,0.06656,0.06657
30282295,30319474,1698141000,0.06656,0.06667
30323059,30324749,1698141060,0.06666,0.06665
30367989,30370663,1698141120,0.06665,0.06668
30371787,30371396,1698141180,0.06668,0.06668
30372631,30373862,1698141240,0.06667,0.06663
30373183,30372216,1698141300,0.06663,0.06665
30349161,30370959,1698141360,0.06665,0.0665
30374876,30374951,1698141420,0.0665,0.06646
30372821,30373771,1698141480,0.06647,0.06641
30372152,30372583,1698141540,0.06642,0.06644
30397747,30395733,1698141600,0.06643,0.06643
30455493,30451834,1698141660,0.06642,0.06652
30459339,30494827,1698141720,0.06653,0.06655
30495052,30485127,1698141780,0.06655,0.0666
30489289,30483025,1698141840,0.0666,0.0666
30482523,30482402,1698141900,0.06658,0.06659
30464723,30481401,1698141960,0.06659,0.0666
30462524,30453674,1698142020,0.06661,0.06664
30454133,30448272,1698142080,0.06664,0.06657
30449350,30436859,1698142140,0.06657,0.06662
30459366,30448013,1698142200,0.0666,0.06642
30445229,30462753,1698142260,0.06641,0.06645
30455781,30455781,1698142320,0.06643,0.06639
30468894,30468190,1698142380,0.06639,0.06635
30482845,30488651,1698142440,0.06637,0.06643
30485968,30484836,1698142500,0.06644,0.06639
30484947,30487771,1698142560,0.06641,0.06645
30493478,30536454,1698142620,0.06645,0.06646
30551222,30497656,1698142680,0.06647,0.0665
30487444,30490878,1698142740,0.06649,0.06638
30492025,30485001,1698142800,0.06638,0.06629
30489888,30506191,1698142860,0.0663,0.06637
30506680,30502111,1698142920,0.06637,0.06638
30502484,30502484,1698142980,0.06637,0.0664
30503604,30501607,1698143040,0.06639,0.06642
30501993,30516243,1698143100,0.06641,0.06644
30524145,30525424,1698143160,0.06644,0.06643
30524623,30526751,1698143220,0.06644,0.06651
30526879,30526971,1698143280,0.0665,0.06658
30524205,30520402,1698143340,0.06658,0.06661
30519589,30535215,1698143400,0.0666,0.06667
30533613,30521027,1698143460,0.06667,0.06654
30517735,30517633,1698143520,0.06655,0.06649
30513473,30513737,1698143580,0.06651,0.06649
30515385,30533244,1698143640,0.06649,0.06646
30533677,30548302,1698143700,0.06646,0.06648
30547940,30546353,1698143760,0.06646,0.06639
30539563,30541037,1698143820,0.06638,0.06636
30533310,30526874,1698143880,0.06637,0.06641
30537613,30555025,1698143940,0.06644,0.06658
30568161,30572587,1698144000,0.06657,0.06647
30591714,30591820,1698144060,0.06646,0.06652
30590531,30588221,1698144120,0.0665,0.06658
30580057,30588071,1698144180,0.06655,0.0666
30576618,30560592,1698144240,0.06661,0.06648
30558628,30546547,1698144300,0.06649,0.06641
30544307,30533173,1698144360,0.06644,0.06648
30528467,30527510,1698144420,0.06648,0.06652
30526986,30526986,1698144480,0.06655,0.06649
30527907,30528702,1698144540,0.06652,0.06654
30522692,30530512,1698144600,0.06654,0.06642
30544922,30577831,1698144660,0.06641,0.0664
30576487,30574645,1698144720,0.0664,0.0665
30578037,30592235,1698144780,0.06652,0.06649
30594538,30611307,1698144900,0.0665,0.06643
30608976,30613199,1698144960,0.06643,0.06651
30613199,30615878,1698145020,0.06652,0.06657
30615759,30616799,1698145080,0.06657,0.06662
30615955,30616128,1698145140,0.06661,0.06662
30615917,30616002,1698145200,0.06662,0.06655
30618099,30611125,1698145260,0.06655,0.0666
30613093,30611092,1698145320,0.06659,0.0666
30612314,30612780,1698145380,0.06661,0.06645
30607144,30617958,1698145440,0.06645,0.06649
30624613,30615904,1698145500,0.0665,0.06645
30615822,30609242,1698145560,0.06643,0.06656
30596788,30593700,1698145620,0.06657,0.06651
30594907,30595717,1698145680,0.06649,0.06645
30611795,30609108,1698145740,0.06645,0.06648
30608690,30612030,1698145800,0.06651,0.0665
30612058,30612785,1698145860,0.06652,0.06665
30621799,30625933,1698145920,0.06661,0.06659
30667624,30710252,1698145980,0.0666,0.06656
30711933,30719939,1698146040,0.06657,0.06666
30720068,30726030,1698146100,0.06671,0.0668
30725903,30723857,1698146160,0.06676,0.06659
30704256,30701270,1698146220,0.06658,0.06662
30700388,30694849,1698146280,0.06662,0.06668
30681063,30630515,1698146340,0.06671,0.06681
30630981,30631103,1698146400,0.0668,0.06668
30630029,30571152,1698146460,0.06665,0.06655
30533202,30533304,1698146520,0.06657,0.06656
30533388,30533203,1698146580,0.06658,0.06652
30533646,30472340,1698146640,0.06649,0.06652
30452307,30463734,1698146700,0.06651,0.06658
30468940,30473451,1698146760,0.06659,0.06656
30473806,30496074,1698146820,0.06657,0.0665
30500035,30526933,1698146880,0.06649,0.06664
30528949,30526825,1698146940,0.0666,0.06654
30527628,30531686,1698147000,0.06654,0.06662
30553402,30557360,1698147060,0.06661,0.06657
30556788,30556597,1698147120,0.06658,0.06672
30558087,30560654,1698147180,0.06674,0.06679
30566450,30563310,1698147240,0.06678,0.06668
30567063,30566364,1698147300,0.06669,0.06662
30552841,30550852,1698147360,0.06661,0.06643
30530700,30530700,1698147420,0.06645,0.06647
30527589,30527307,1698147480,0.06646,0.06645
30528980,30528690,1698147540,0.06646,0.06652
30524267,30526155,1698147600,0.06654,0.06654
30527036,30528412,1698147660,0.06655,0.06666
30546872,30475634,1698147720,0.06667,0.06673
30475390,30412015,1698147780,0.06673,0.06673
30406493,30406286,1698147840,0.0667,0.06671
30405423,30328384,1698147900,0.06671,0.06673
30305432,30277475,1698147960,0.06673,0.0669
30249183,30237760,1698148020,0.06691,0.06697
30156104,30170537,1698148080,0.06697,0.06712
30145302,30145302,1698148140,0.06712,0.06709
30105191,30091676,1698148200,0.06706,0.06714
30086384,30072379,1698148260,0.06713,0.06712
30073783,30067910,1698148320,0.06711,0.06713
30067573,30058196,1698148380,0.06712,0.0671
30058233,30063828,1698148440,0.06712,0.06716
30068196,30097021,1698148500,0.06715,0.06729
30095895,30089639,1698148560,0.06728,0.0673
30092226,30085593,1698148620,0.06728,0.06726
30091518,30093781,1698148680,0.06727,0.06722
30111716,30151457,1698148740,0.06721,0.06737
30371465,30365225,1698148800,0.06738,0.06719
30344336,30322840,1698148860,0.06718,0.06734
30321418,30336765,1698148920,0.06734,0.0674
30293712,30293712,1698148980,0.0674,0.06748
30372787,30444228,1698149040,0.06747,0.06745
30442880,30393887,1698149100,0.06746,0.06743
30404822,30327961,1698149160,0.06744,0.06724
30327292,30327292,1698149220,0.06725,0.0674
30324799,30328166,1698149280,0.06742,0.06745
30335217,30344121,1698149340,0.06746,0.06749
30343539,30355541,1698149400,0.06745,0.0673
30359723,30356508,1698149460,0.06732,0.06727
30351090,30453433,1698149520,0.06726,0.06753
30444275,30444064,1698149580,0.06752,0.06749
30485523,30505856,1698149640,0.06751,0.06746
30508449,30507390,1698149700,0.06745,0.06736
30509983,30510744,1698149760,0.06736,0.06751
30532481,30526429,1698149820,0.06752,0.06742
30527340,30517442,1698149880,0.06741,0.06731
30517245,30518421,1698149940,0.06729,0.06727
30581736,30585875,1698150000,0.06728,0.06739
30586837,30586369,1698150060,0.06739,0.06734
30591826,30591974,1698150120,0.06732,0.0674
30586042,30601858,1698150180,0.06741,0.06731
30610309,30606430,1698150240,0.06728,0.0674
30603172,30592069,1698150300,0.06737,0.06733
30589369,30589414,1698150360,0.06735,0.06747
30586746,30586746,1698150420,0.06747,0.06733
30576954,30588117,1698150480,0.06731,0.06742
30589593,30608579,1698150540,0.06741,0.06736
30608638,30614603,1698150600,0.06735,0.06742
30620759,30620759,1698150660,0.06741,0.06745
30625218,30638025,1698150720,0.06748,0.06757
30645315,30667153,1698150780,0.06756,0.06758
30678420,30682595,1698150840,0.06759,0.0677
30731813,30750691,1698150900,0.0677,0.06764
30749910,30741740,1698150960,0.06763,0.06769
30749183,30752634,1698151020,0.06769,0.06775
30778955,30778955,1698151080,0.06775,0.06775
30780274,30779945,1698151140,0.06776,0.06777
30775245,30754254,1698151200,0.06776,0.06785
30759536,30761624,1698151260,0.06784,0.06789
30760416,30755666,1698151320,0.06786,0.06784
30755244,30764589,1698151380,0.06783,0.06794
30797712,30824456,1698151440,0.06792,0.06795
30810594,30808395,1698151500,0.06795,0.06792
30807154,30817321,1698151560,0.06794,0.06794
30823798,30842214,1698151620,0.06794,0.06798
30833433,30829287,1698151680,0.06798,0.06798
30855531,30862725,1698151740,0.06796,0.06796
30864093,30901675,1698151800,0.06796,0.06785
30902012,30915024,1698151860,0.06787,0.06791
30909770,30930701,1698151920,0.06791,0.06794
30942725,30942725,1698151980,0.06797,0.0679
30939373,30938897,1698152040,0.06789,0.06771
30921543,30828403,1698152100,0.06771,0.06773
30824329,30823886,1698152160,0.06774,0.06786
30823901,30815425,1698152220,0.06789,0.06773
30823955,30704518,1698152280,0.06772,0.06765
30708660,30713410,1698152340,0.06765,0.06771
30728164,30747587,1698152400,0.06768,0.06737
30746456,30753430,1698152460,0.06739,0.06729
30760784,30765207,1698152520,0.06733,0.06749
30768277,30771662,1698152580,0.06748,0.06744
30767043,30767043,1698152640,0.06739,0.06719
30760779,30755541,1698152700,0.06721,0.06722
30749392,30745462,1698152760,0.06724,0.06741
30735259,30737327,1698152820,0.06738,0.06737
30728701,30731488,1698152880,0.06737,0.06716
30713222,30720277,1698152940,0.06717,0.06723
30706324,30713051,1698153000,0.06722,0.06713
30707863,30628661,1698153060,0.06712,0.06652
30530184,30473928,1698153120,0.06646,0.06683
30465640,30471193,1698153180,0.06683,0.06682
30465389,30468816,1698153240,0.06679,0.06677
30451201,30442029,1698153300,0.06677,0.06654
30452347,30454009,1698153360,0.06654,0.06667
30450926,30462274,1698153420,0.06673,0.06683
30470816,30481970,1698153480,0.06684,0.0668
30499634,30576012,1698153540,0.06677,0.06677
30574390,30576367,1698153600,0.06677,0.06686
30584584,30589108,1698153660,0.06687,0.06685
30587651,30583160,1698153720,0.06687,0.06694
30581659,30594234,1698153780,0.06692,0.06682
30642334,30645791,1698153840,0.06684,0.06694
30644761,30621961,1698153900,0.06694,0.06693
30621211,30624447,1698153960,0.06693,0.06684
30672333,30680037,1698154020,0.06684,0.06669
30690170,30746095,1698154080,0.06671,0.06673
30746095,30818089,1698154140,0.06677,0.06674
30876439,30876619,1698154200,0.06675,0.06682
30871387,30870593,1698154260,0.06685,0.06686
30864751,30866399,1698154320,0.06685,0.06668
30872337,30867974,1698154380,0.06668,0.06686
30872680,30872140,1698154440,0.0669,0.06681
30870165,30872482,1698154500,0.06677,0.06671
30891457,30892349,1698154560,0.0667,0.06664
30825633,30820880,1698154620,0.0666,0.06659
30819131,30818279,1698154680,0.06664,0.06662
30815008,30815149,1698154740,0.06664,0.06673
30812565,30814070,1698154800,0.06668,0.06682
30818468,30820472,1698154860,0.06681,0.06674
30820472,30822360,1698154920,0.06675,0.06681
30821234,30821890,1698154980,0.06682,0.06685
30819252,30822071,1698155040,0.06681,0.06688
30820496,30811861,1698155100,0.06688,0.06679
30810322,30806329,1698155160,0.06679,0.06675
30801066,30803797,1698155220,0.06673,0.06689
30797849,30798613,1698155280,0.06688,0.06686
30790805,30803029,1698155340,0.06683,0.06679
30806220,30803217,1698155400,0.06682,0.06667
30827678,30823592,1698155460,0.06668,0.06653
30806220,30829696,1698155520,0.06654,0.06667
30809123,30848086,1698155580,0.06664,0.06676
30848379,30848379,1698155640,0.06676,0.06679
30849151,30850756,1698155700,0.0668,0.06682
30855221,30856513,1698155760,0.06684,0.06686
30855953,30855953,1698155820,0.06688,0.06687
30855953,30857211,1698155880,0.06688,0.06698
30830727,30834992,1698155940,0.06695,0.06699
30837976,30849669,1698156000,0.06696,0.06711
30858559,30862584,1698156060,0.06707,0.06698
30863180,30985494,1698156120,0.06697,0.06685
30988914,30997176,1698156180,0.06687,0.06688
30985087,30985215,1698156240,0.06688,0.0668
30985973,30989087,1698156300,0.06678,0.06676
30998656,30998656,1698156360,0.06676,0.06684
31010422,31005649,1698156420,0.06684,0.06669
31007172,31006980,1698156480,0.06671,0.06678
31006980,31012749,1698156540,0.06677,0.0668
31012577,31011613,1698156600,0.06679,0.06676
31011570,31006071,1698156660,0.06675,0.0668
31006170,31008839,1698156720,0.06679,0.06681
31008199,31006444,1698156780,0.06681,0.06672
30997431,30942834,1698156840,0.06669,0.06665
30937764,30925093,1698156900,0.06664,0.06678
30931943,30931943,1698156960,0.06676,0.06672
30932724,30929704,1698157020,0.06672,0.0667
30926761,30911482,1698157080,0.06669,0.06637
30847300,30771671,1698157140,0.06639,0.06632
30768036,30766389,1698157200,0.06632,0.06617
30768388,30764980,1698157260,0.06615,0.06619
30760020,30667028,1698157320,0.06616,0.06586
30629512,30610178,1698157380,0.06587,0.06585
30607265,30533444,1698157440,0.06594,0.06597
30534008,30574193,1698157500,0.06596,0.06596
30575378,30570516,1698157560,0.06598,0.06602
30569632,30586948,1698157620,0.06602,0.066
30595842,30609895,1698157680,0.06599,0.066
30609735,30613498,1698157740,0.06601,0.06604
30625921,30625921,1698157800,0.06603,0.06595
30649919,30658946,1698157860,0.06591,0.06611
30662557,30663766,1698157920,0.06612,0.06592
30692759,30692759,1698157980,0.0659,0.06607
30694572,30689294,1698158040,0.06609,0.06604
30692911,30695772,1698158100,0.06601,0.06603
30694284,30694883,1698158160,0.06605,0.06613
30727808,30729970,1698158220,0.06614,0.06608
30698735,30700957,1698158280,0.06616,0.06619
30755549,30755437,1698158340,0.06619,0.06619
30748991,30755206,1698158400,0.06618,0.06606
30769800,30758426,1698158460,0.06602,0.06607
30760581,30762001,1698158520,0.06605,0.06603
30760937,30755218,1698158580,0.06602,0.06612
30752035,30751862,1698158640,0.06614,0.06616
30752239,30757011,1698158700,0.06617,0.06619
30757254,30766340,1698158760,0.06621,0.06623
30791867,30791951,1698158820,0.06623,0.0663
30789252,30784793,1698158880,0.0663,0.06636
30787417,30784885,1698158940,0.06636,0.06635
30788334,30815261,1698159000,0.06636,0.06633
30811745,30814153,1698159060,0.06633,0.06635
30813692,30813692,1698159120,0.06635,0.06637
30818545,30833203,1698159180,0.06638,0.06644
30840868,30846844,1698159240,0.06646,0.06645
30846954,30846130,1698159300,0.06645,0.06643
30844432,30844432,1698159360,0.06643,0.06643
30837802,30860333,1698159420,0.06637,0.06644
30859707,30861292,1698159480,0.06645,0.06641
30862473,30860649,1698159540,0.06638,0.06638
30866301,30868902,1698159600,0.0664,0.06636
30877023,30874657,1698159660,0.06636,0.06643
30875785,30877410,1698159720,0.06641,0.06647
30880067,30879764,1698159780,0.06647,0.06641
30881901,30924558,1698159840,0.06642,0.06655
30957362,30969143,1698159900,0.06656,0.06662
30990598,31103837,1698159960,0.06662,0.06678
31134313,31135833,1698160020,0.06676,0.06675
31137424,31179936,1698160080,0.06672,0.06679
31185077,31181170,1698160140,0.06678,0.06678
31179109,31179273,1698160200,0.06678,0.06671
31174184,31174184,1698160260,0.06672,0.06664
31189946,31197828,1698160320,0.06662,0.06674
31207490,31223721,1698160380,0.06676,0.06671
31272563,31272031,1698160440,0.06673,0.06656
31274105,31266066,1698160500,0.06659,0.06656
31273082,31267683,1698160560,0.06655,0.06639
31257715,31209919,1698160620,0.06639,0.06623
31209754,31192870,1698160680,0.06624,0.06628
31184417,31147809,1698160740,0.06626,0.06599
31191006,31197876,1698160800,0.06602,0.066
31182028,31270437,1698160860,0.066,0.06588
31116388,31065573,1698160920,0.06588,0.06573
31034295,31034295,1698160980,0.06569,0.0655
31053771,31008788,1698161040,0.0655,0.06549
31020479,31047311,1698161100,0.06549,0.06542
31045865,30993755,1698161160,0.06541,0.06473
30943024,30971264,1698161220,0.06474,0.06509
30982255,30977467,1698161280,0.06511,0.06509
30917389,30906988,1698161340,0.06511,0.06472
30860442,30568965,1698161400,0.06471,0.06391
30435700,30399621,1698161460,0.06386,0.06438
30373807,30355957,1698161520,0.06436,0.06459
30430888,30416046,1698161580,0.06458,0.06468
30412093,30393621,1698161640,0.06466,0.06461
30346098,30351869,1698161700,0.0646,0.06456
30356395,30325963,1698161760,0.06456,0.06441
30352709,30352709,1698161820,0.06436,0.06402
30250937,30245902,1698161880,0.06399,0.06421
30246761,29945363,1698161940,0.06418,0.06259
29344851,29136351,1698162000,0.06264,0.06329
29127225,29167534,1698162060,0.0633,0.06337
29183701,29256949,1698162120,0.06338,0.06351
29376571,29402251,1698162180,0.06353,0.06327
29417701,29408743,1698162240,0.06328,0.06346
29431999,29432561,1698162300,0.06344,0.06359
29458202,29483852,1698162360,0.06356,0.06385
29475739,29482354,1698162420,0.06382,0.06384
29491473,29491473,1698162480,0.06383,0.06378
29495965,29456232,1698162540,0.06381,0.06398
29447038,29445897,1698162600,0.06397,0.06406
29445102,29407923,1698162660,0.06403,0.06387
29407194,29401757,1698162720,0.06391,0.0638
29393540,29386022,1698162780,0.06378,0.06389
29396299,29421239,1698162840,0.06392,0.06389
29416406,29406240,1698162900,0.06389,0.06385
29395885,29354985,1698162960,0.06385,0.06405
29363397,29373406,1698163020,0.06404,0.06383
29362685,29364167,1698163080,0.06383,0.06394
29351538,29326296,1698163140,0.06393,0.06398
29327420,29318810,1698163200,0.06396,0.06413
29285024,29266565,1698163260,0.06414,0.06391
29262642,29239175,1698163320,0.06389,0.06414
29138257,29105014,1698163380,0.06414,0.06391
29107893,29042392,1698163440,0.06392,0.06382
29029860,28995604,1698163500,0.06384,0.06372
28954799,28911536,1698163560,0.0637,0.06391
28911886,28905907,1698163620,0.06392,0.06413
28917136,28925021,1698163680,0.06414,0.06421
28935271,28889643,1698163740,0.06418,0.06437
28985043,28906389,1698163800,0.06438,0.06458
28921422,28919321,1698163860,0.06458,0.0647
28910521,28940476,1698163920,0.06472,0.06474
28940177,28955558,1698163980,0.06473,0.06468
28972403,28985813,1698164040,0.06463,0.06463
28999518,29009878,1698164100,0.06464,0.06465
29051900,29045920,1698164160,0.06465,0.06449
29056506,29138108,1698164220,0.06449,0.06486
29144933,29160044,1698164280,0.06482,0.06492
29154415,29157200,1698164340,0.06492,0.06475
29178019,29178072,1698164400,0.06474,0.06498
29187416,29211199,1698164460,0.06497,0.06489
29218308,29212538,1698164520,0.06488,0.06507
29213399,29214489,1698164580,0.06509,0.06512
29214606,29233997,1698164640,0.0651,0.06504
29234521,29259410,1698164700,0.06504,0.06512
29259410,29252380,1698164760,0.06511,0.06502
29258187,29235390,1698164820,0.065,0.06504
29246800,29241810,1698164880,0.06499,0.06489
29262093,29273758,1698164940,0.06486,0.06491
29286384,29283652,1698165000,0.06491,0.06499
29276727,29278358,1698165060,0.06499,0.065
29259766,29279051,1698165120,0.06531,0.06539
29298261,29292626,1698165180,0.06538,0.06532
29342398,29336478,1698165240,0.06532,0.0654
29358677,29391423,1698165300,0.06539,0.06535
29391234,29407565,1698165360,0.06534,0.06529
29417878,29409388,1698165420,0.06525,0.06539
29420856,29416635,1698165480,0.06536,0.06536
29411374,29407744,1698165540,0.06537,0.0652
29413264,29738114,1698165600,0.06521,0.06507
29875308,29892150,1698165660,0.06507,0.0651
29905486,29943045,1698165720,0.0651,0.06495
29947475,29962611,1698165780,0.06494,0.06504
29960929,30128645,1698165840,0.06503,0.06496
30122213,30126871,1698165900,0.06496,0.06494
30133138,30135392,1698165960,0.06495,0.06491
30128676,30121555,1698166020,0.06493,0.06486
30194796,30205479,1698166080,0.06483,0.06484
30212693,30211591,1698166140,0.06484,0.06492
30217165,30224645,1698166200,0.06491,0.065
30215984,30221143,1698166260,0.06502,0.06506
30239963,30252653,1698166320,0.06506,0.06502
30238345,30250896,1698166380,0.06502,0.06507
30262274,30283178,1698166440,0.06507,0.06492
30281711,30505737,1698166500,0.06492,0.06492
30529301,30539708,1698166560,0.0649,0.06479
30539614,30565695,1698166620,0.06475,0.06476
30555515,30579900,1698166680,0.06475,0.06477
30577012,30580262,1698166740,0.06476,0.0648
30587693,30587693,1698166800,0.0648,0.06481
30589759,30599083,1698166860,0.06482,0.0647
30613365,30607117,1698166920,0.06472,0.06497
30628581,30638119,1698166980,0.06497,0.0649
30637125,30646286,1698167040,0.06489,0.06508
30684050,30688719,1698167100,0.06506,0.06507
30683498,30690061,1698167160,0.06505,0.06506
30708027,30710492,1698167220,0.06509,0.06509
30728468,30726239,1698167280,0.0651,0.06506
30734781,30729550,1698167340,0.06509,0.0651
30783102,30795237,1698167400,0.0651,0.06513
30802083,30810525,1698167460,0.06513,0.06507
30819019,30826729,1698167520,0.06506,0.06489
30846279,30865999,1698167580,0.06488,0.06498
30872048,30872048,1698167640,0.06498,0.06501
30885686,30895309,1698167700,0.06499,0.06495
30896968,30911569,1698167760,0.06496,0.06511
30903279,30906694,1698167820,0.06512,0.06511
30901331,30904045,1698167880,0.06508,0.06523
30905393,30905393,1698167940,0.06525,0.06526
30912067,30897221,1698168000,0.06525,0.06534
30891317,30916562,1698168060,0.06534,0.06524
30917656,30941109,1698168120,0.06522,0.06518
30951579,30955785,1698168180,0.0652,0.06524
30961894,30966487,1698168240,0.06524,0.06524
30954756,30967388,1698168300,0.06523,0.06537
30967388,30958671,1698168360,0.06538,0.06543
30965997,30974696,1698168420,0.0654,0.0654
30976649,30964522,1698168480,0.0654,0.06551
30972252,30973511,1698168540,0.06551,0.06553
30979101,30979101,1698168600,0.06552,0.06551
30979128,30998388,1698168660,0.0655,0.06533
31000534,31003924,1698168720,0.06536,0.06531
31035774,31044035,1698168780,0.06532,0.06525
31068275,31102106,1698168840,0.06526,0.06526
31107048,31106922,1698168900,0.06523,0.06525
31127857,31139872,1698168960,0.06524,0.06525
31143153,31153067,1698169020,0.06521,0.06525
31146259,31142784,1698169080,0.06522,0.06533
31131490,31132255,1698169140,0.06528,0.06528
31138078,31133954,1698169200,0.06526,0.06523
31133157,31141170,1698169260,0.06523,0.06524
31159412,31178239,1698169320,0.06521,0.06531
31196311,31207194,1698169380,0.06531,0.06541
31181750,31178595,1698169440,0.06541,0.06527
31188029,31200500,1698169500,0.06531,0.06537
31203136,31213640,1698169560,0.06538,0.06533
31218132,31230749,1698169620,0.06529,0.06525
31258203,31254723,1698169680,0.06529,0.06543
31259301,31274544,1698169740,0.06541,0.06538
31274668,31280552,1698169800,0.06538,0.06532
31295180,31310082,1698169860,0.06532,0.06546
31313369,31323422,1698169920,0.06548,0.06547
31326063,31377949,1698169980,0.06547,0.06548
31376725,31380667,1698170040,0.06548,0.06543
31397867,31412233,1698170100,0.06543,0.0655
31422452,31425144,1698170160,0.06549,0.06551
31440052,31439312,1698170220,0.06548,0.06544
31428725,31511006,1698170280,0.06541,0.06546
31545773,31549018,1698170340,0.06547,0.06548
31573755,31565148,1698170400,0.06548,0.06551
31595163,31586823,1698170460,0.06549,0.06564
31595794,31598725,1698170520,0.06567,0.06563
31597576,31595645,1698170580,0.06565,0.06552
31554103,31607969,1698170640,0.06551,0.06547
31624664,31627745,1698170700,0.06547,0.06526
31267375,31290438,1698170760,0.06526,0.06506
31257325,31247015,1698170820,0.06511,0.0651
31220209,31215549,1698170880,0.06511,0.06495
31214532,31217637,1698170940,0.06494,0.06493
31182563,31187029,1698171000,0.06493,0.06501
31192369,31206422,1698171060,0.06503,0.065
31196513,31202816,1698171120,0.065,0.06509
31202816,31213563,1698171180,0.06507,0.0651
31213590,31230714,1698171240,0.0651,0.06517
31227836,31226946,1698171300,0.06515,0.0652
31233379,31238881,1698171360,0.06517,0.0652
31243257,31254485,1698171420,0.06522,0.06506
31276165,31283892,1698171480,0.06507,0.06513
31289884,31295247,1698171540,0.06515,0.06512
31296010,31322570,1698171600,0.0651,0.065
31341956,31351626,1698171660,0.06501,0.06488
31360829,31407952,1698171720,0.06488,0.0649
31412263,31414112,1698171780,0.0649,0.06484
31421296,31425565,1698171840,0.06483,0.06484
31410681,31402564,1698171900,0.06487,0.06468
31402591,31424997,1698171960,0.06468,0.06488
31425138,31430876,1698172020,0.06489,0.06498
31412032,31396758,1698172080,0.06495,0.06493
31400214,31403530,1698172140,0.06495,0.06495
31398868,31420054,1698172200,0.06494,0.06501
31420712,31422326,1698172260,0.06499,0.06503
31429650,31428197,1698172320,0.06504,0.06517
31422140,31439546,1698172380,0.06517,0.06525
31423338,31423347,1698172440,0.06526,0.06533
31426380,31426430,1698172500,0.06534,0.06531
31444188,31446029,1698172560,0.0653,0.06534
31494565,31496177,1698172620,0.06533,0.06544
31500474,31511064,1698172680,0.06543,0.06545
31514337,31529122,1698172740,0.06546,0.06551
31550844,31554172,1698172800,0.06552,0.06554
31569112,31567366,1698172860,0.06554,0.06563
31575786,31575403,1698172920,0.06561,0.06565
31590289,31600162,1698172980,0.06565,0.0658
31647106,31655486,1698173040,0.0658,0.06581
31664517,31671210,1698173100,0.0658,0.06592
31698286,31715269,1698173160,0.06594,0.06585
31715379,31720057,1698173220,0.06584,0.06585
31728541,31739943,1698173280,0.06584,0.06584
31743297,31752548,1698173340,0.06586,0.06586
31745999,31755378,1698173400,0.06589,0.06591
31761526,31771653,1698173460,0.06591,0.06597
31787483,31784133,1698173520,0.06595,0.06605
31800229,31813114,1698173580,0.06604,0.06603
31833617,31853099,1698173640,0.06603,0.0661
31913107,31923845,1698173700,0.06609,0.06606
31929018,31932853,1698173760,0.06603,0.06605
31938852,31948512,1698173820,0.06606,0.06615
31953291,31968237,1698173880,0.06614,0.06616
31999266,31997335,1698173940,0.06614,0.0662
31998628,31994614,1698174000,0.06617,0.06608
32001911,32003489,1698174060,0.06608,0.06614
32012731,32026397,1698174120,0.06618,0.0662
32034374,32034862,1698174180,0.06622,0.06633
32073766,32075007,1698174240,0.06633,0.06633
32097247,32083416,1698174300,0.06633,0.06616
32092936,32055582,1698174360,0.06616,0.06603
32066167,32001812,1698174420,0.06603,0.06599
31986115,31960144,1698174480,0.06598,0.06588
31949492,31939964,1698174540,0.06589,0.06589
31951962,31926368,1698174600,0.06584,0.06584
31984384,31985839,1698174660,0.06585,0.06591
31991686,32004105,1698174720,0.06591,0.06607
32008433,32015803,1698174780,0.0661,0.06613
32014596,32014596,1698174840,0.06611,0.066
31993181,31988039,1698174900,0.06596,0.06592
31995195,31996358,1698174960,0.06592,0.06602
32048923,32057014,1698175020,0.06605,0.06605
32055106,32055411,1698175080,0.06604,0.06596
32045860,32075487,1698175140,0.06595,0.06598
32077055,32098390,1698175200,0.06598,0.06608
32111456,32118800,1698175260,0.06606,0.06621
32119307,32126365,1698175320,0.06619,0.06626
32127266,32119602,1698175380,0.06623,0.06608
32117905,32136111,1698175440,0.06606,0.06618
32139909,32133378,1698175500,0.06618,0.06609
32145838,32208549,1698175560,0.06608,0.06613
32215900,32211585,1698175620,0.06612,0.06613
32214872,32223677,1698175680,0.06615,0.06621
32234701,32230430,1698175740,0.06623,0.06628
32236435,32236138,1698175800,0.0663,0.06632
32240095,32253210,1698175860,0.06631,0.06643
32262830,32244144,1698175920,0.06644,0.06653
32260302,32260302,1698175980,0.06655,0.06642
32262096,32300307,1698176040,0.06643,0.06635
32303473,32312780,1698176100,0.06633,0.06635
32324297,32318727,1698176160,0.06635,0.06632
32335406,32337036,1698176220,0.06633,0.06636
32346883,32361052,1698176280,0.06638,0.06641
32385067,32414145,1698176340,0.06642,0.06661
32408750,32394077,1698176400,0.0666,0.06659
32396301,32388578,1698176460,0.06657,0.06651
32399976,32419352,1698176520,0.06652,0.06645
32418260,32426232,1698176580,0.06645,0.06654
32425860,32428203,1698176640,0.06657,0.0665
32429488,32451357,1698176700,0.06651,0.0666
32451380,32458647,1698176760,0.06658,0.06649
32465986,32474354,1698176820,0.06648,0.06661
32489283,32491217,1698176880,0.06657,0.06656
32489005,32479512,1698176940,0.06656,0.06651
32478193,32478778,1698177000,0.06652,0.0665
32457953,32452316,1698177060,0.0665,0.06639
32450426,32439930,1698177120,0.06639,0.06631
32444846,32465326,1698177180,0.06632,0.06617
32474260,32477875,1698177240,0.06618,0.06623
32477875,32503100,1698177300,0.06624,0.06636
32508112,32480290,1698177360,0.06635,0.06626
32482303,32479443,1698177420,0.06622,0.06631
32495016,32493052,1698177480,0.06632,0.06634
32493429,32499648,1698177540,0.06637,0.06632
32499370,32508522,1698177600,0.0663,0.06642
32500242,32506478,1698177660,0.06644,0.06648
32508213,32495916,1698177720,0.06646,0.06617
32471663,32488859,1698177780,0.06616,0.06615
32494431,32456058,1698177840,0.06614,0.06616
32443926,32349000,1698177900,0.06616,0.06591
32282201,32271231,1698177960,0.06591,0.06584
32240152,32252289,1698178020,0.06583,0.06596
32274650,32259726,1698178080,0.06598,0.06592
32257070,32257070,1698178140,0.06594,0.06595
32253171,32242444,1698178200,0.06597,0.06608
32257562,32264620,1698178260,0.06607,0.0662
32267235,32270726,1698178320,0.0662,0.06616
32249504,32214877,1698178380,0.06614,0.06609
32167769,32173485,1698178440,0.06606,0.06602
32175824,32185318,1698178500,0.06601,0.06603
32193045,32185695,1698178560,0.06603,0.06596
32188967,32196296,1698178620,0.06595,0.06597
32194883,32220105,1698178680,0.06595,0.06602
32218734,32231372,1698178740,0.066,0.06611
32244096,32252698,1698178800,0.06611,0.0661
32251092,32257223,1698178860,0.06614,0.06631
32256043,32240659,1698178920,0.06631,0.06631
32260090,32269812,1698178980,0.06632,0.06626
32283987,32285201,1698179040,0.06626,0.06612
32297893,32313483,1698179100,0.06612,0.06627
32318908,32326970,1698179160,0.06628,0.06632
32348546,32349921,1698179220,0.06632,0.06628
32355571,32359014,1698179280,0.06624,0.06624
32360425,32369827,1698179340,0.06627,0.0663
32369823,32368752,1698179400,0.06629,0.06625
32363465,32381445,1698179460,0.06624,0.06625
32378599,32380290,1698179520,0.06622,0.06619
32379232,32388148,1698179580,0.0662,0.06619
32386723,32397688,1698179640,0.0662,0.06624
32415582,32406267,1698179700,0.06624,0.0663
32422136,32431965,1698179760,0.06625,0.06629
32430777,32430777,1698179820,0.06624,0.0663
32435432,32441286,1698179880,0.06629,0.06622
32442220,32454954,1698179940,0.06625,0.06632
32461700,32477505,1698180000,0.0663,0.06616
32484613,32507270,1698180060,0.06618,0.06633
32505928,32536639,1698180120,0.06632,0.06629
32534167,32522106,1698180180,0.06625,0.06608
32535178,32535857,1698180240,0.0661,0.0661
32525899,32532822,1698180300,0.0661,0.06615
32529268,32557931,1698180360,0.06613,0.06604
32557419,32525654,1698180420,0.06601,0.06599
32538123,32576021,1698180480,0.066,0.06588
32573060,32543552,1698180540,0.06589,0.06589
32551367,32551508,1698180600,0.0659,0.06589
32559747,32551584,1698180660,0.06589,0.0658
32556355,32549471,1698180720,0.0658,0.06573
32550348,32563472,1698180780,0.06573,0.06571
32561272,32559400,1698180840,0.06572,0.06571
32561946,32568790,1698180900,0.0657,0.06574
32581029,32577800,1698180960,0.06572,0.06575
32586841,32591338,1698181020,0.06574,0.06576
32604156,32597777,1698181080,0.06576,0.06571
32597135,32601404,1698181140,0.06571,0.06575
32611825,32613683,1698181200,0.06577,0.06571
32624583,32618548,1698181260,0.06573,0.06564
32626188,32651861,1698181320,0.06564,0.06584
32655461,32644661,1698181380,0.06587,0.06566
32636929,32600189,1698181440,0.06567,0.06543
32492809,32480319,1698181500,0.06542,0.06548
32517159,32495952,1698181560,0.06548,0.06533
32445911,32413310,1698181620,0.06533,0.06537
32416916,32409162,1698181680,0.0654,0.06531
32394041,32364708,1698181740,0.06529,0.06519
32361445,32380827,1698181800,0.06517,0.06519
32382535,32381887,1698181860,0.06523,0.06534
32399501,32422373,1698181920,0.06534,0.06547
32422804,32422432,1698181980,0.06547,0.06551
32409319,32415381,1698182040,0.06549,0.06556
32414238,32419796,1698182100,0.06555,0.06553
32428806,32425525,1698182160,0.06555,0.06565
32426131,32425168,1698182220,0.06568,0.06574
32430565,32430112,1698182280,0.06575,0.06579
32441820,32447817,1698182340,0.06579,0.06584
32456749,32463175,1698182400,0.06581,0.0659
32468648,32468562,1698182460,0.06586,0.06595
32499948,32574621,1698182520,0.06594,0.06582
32590482,32594184,1698182580,0.0658,0.06576
32605998,32613049,1698182640,0.06576,0.06587
32622036,32626858,1698182700,0.06583,0.0658
32626999,32639560,1698182760,0.06582,0.06584
32678249,32683556,1698182820,0.06585,0.06579
32696829,32696829,1698182880,0.06578,0.06578
32716704,32724002,1698182940,0.06577,0.06584
32730054,32737445,1698183000,0.0658,0.06576
32754948,32757636,1698183060,0.06577,0.06584
32759030,32774330,1698183120,0.0658,0.06583
32774330,32793071,1698183180,0.06584,0.06587
32790220,32798570,1698183240,0.06585,0.06587
32837982,32845266,1698183300,0.06586,0.06587
32844422,32844422,1698183360,0.06585,0.06576
32825807,32832202,1698183420,0.06575,0.06564
32842836,32852301,1698183480,0.06567,0.06571
32852148,32858118,1698183540,0.06569,0.0656
32860097,32861922,1698183600,0.06561,0.06551
32870451,32900180,1698183660,0.06551,0.06567
32927746,32935197,1698183720,0.06564,0.06564
32941569,32959231,1698183780,0.06565,0.06578
32958341,32968431,1698183840,0.06578,0.06578
32968050,32970247,1698183900,0.06576,0.06581
32980085,32985554,1698183960,0.06579,0.06583
33001298,33005851,1698184020,0.06578,0.0658
33005658,33001965,1698184080,0.06579,0.06569
33016638,33023298,1698184140,0.06569,0.0657
33021078,33039769,1698184200,0.06571,0.06574
33055402,33076324,1698184260,0.06575,0.06591
33083173,33090385,1698184320,0.06593,0.06603
33108367,33106689,1698184380,0.06602,0.06627
33115363,33118395,1698184440,0.06625,0.06624
33114472,33123199,1698184500,0.06623,0.06627
33120212,33133425,1698184560,0.06626,0.06638
33154777,33154777,1698184620,0.06638,0.06648
33192591,33213033,1698184680,0.06649,0.06647
33247767,33251337,1698184740,0.06653,0.0665
33251706,33256845,1698184800,0.0665,0.06647
33282295,33298265,1698184860,0.0665,0.06643
33298756,33313620,1698184920,0.0664,0.06648
33314391,33318854,1698184980,0.06648,0.06639
33319442,33313206,1698185040,0.06638,0.06643
33310386,33297087,1698185100,0.06641,0.06633
33303799,33312573,1698185160,0.0663,0.06625
33311031,33315023,1698185220,0.06628,0.06631
33306301,33276665,1698185280,0.06633,0.06637
33276665,33241010,1698185340,0.06638,0.06633
33240083,33235632,1698185400,0.06636,0.06649
33243125,33250980,1698185460,0.06647,0.06657
33252452,33260070,1698185520,0.06655,0.06649
33285221,33285221,1698185580,0.06649,0.06652
33292739,33293335,1698185640,0.06653,0.06659
33308076,33306847,1698185700,0.06655,0.06638
33309379,33316402,1698185760,0.06637,0.06636
33323480,33327199,1698185820,0.06636,0.06633
33329923,33338733,1698185880,0.06632,0.06635
33341001,33356079,1698185940,0.06635,0.06643
33369203,33380326,1698186000,0.06641,0.06648
33380461,33391458,1698186060,0.06648,0.06648
33391458,33391458,1698144840,0.0665,0.06651
33391458,33391458,1698186120,0.0665,0.06656
