"OI_open","OI_close","timestamp","price_open","price_close"
69762585,69756218,1698338340,0.05082,0.0508
69756257,69753016,1698338400,0.05083,0.05072
69749979,69750526,1698338460,0.05076,0.05074
69753231,69735678,1698338520,0.05074,0.05071
69437696,69429771,1698338580,0.0507,0.05065
69437513,69437513,1698338640,0.05066,0.0506
69396728,69421786,1698338700,0.0506,0.05062
69510268,69559696,1698338760,0.0506,0.05065
69548978,69737957,1698338820,0.05064,0.05059
69724558,69843511,1698338880,0.05059,0.05064
69835915,69828035,1698338940,0.05065,0.05065
69817718,69858953,1698339000,0.05064,0.05053
69877891,69882791,1698339060,0.05052,0.05055
69882906,69889563,1698339120,0.05054,0.05055
69885736,69879475,1698339180,0.05055,0.05061
69888594,69987015,1698339240,0.05059,0.05059
69957728,69947062,1698339300,0.0506,0.05065
69962945,69908839,1698339360,0.05065,0.05069
69934672,69922399,1698339420,0.05069,0.05072
69920938,69918218,1698339480,0.05072,0.05072
69918118,69917140,1698339540,0.05072,0.05062
69917140,70317262,1698339600,0.05063,0.05056
70303528,70315031,1698339660,0.05057,0.05054
70321555,70331500,1698339720,0.05054,0.05069
70347537,70250332,1698339780,0.05069,0.05074
70270216,70270216,1698339840,0.05074,0.05078
70260917,70253394,1698339900,0.05077,0.05079
70242504,70139176,1698339960,0.05079,0.05083
70139658,70132215,1698340020,0.05087,0.05085
70129175,70120942,1698340080,0.05084,0.05085
70110616,70110616,1698340140,0.05085,0.05085
70111246,70095661,1698340200,0.05086,0.05089
70092266,70092266,1698340260,0.05088,0.05089
70088923,70092059,1698340320,0.05089,0.05099
70065432,70064051,1698340380,0.05099,0.05098
70059024,70060966,1698340500,0.05099,0.05096
70034011,70025611,1698340560,0.05096,0.05089
70016589,70005855,1698340620,0.05089,0.05096
70005855,70008508,1698340680,0.05095,0.05101
70008508,70026671,1698340740,0.05101,0.05098
70000998,70095030,1698340800,0.05097,0.05095
70082399,70035197,1698340860,0.05096,0.05103
70035197,70036128,1698340920,0.05103,0.05101
70015879,70015879,1698340980,0.05101,0.05101
69987425,69987425,1698341040,0.05102,0.05101
69988076,69983161,1698341100,0.05102,0.05102
69967227,69989638,1698341160,0.05103,0.05105
69979838,70038905,1698341220,0.05105,0.05102
70039022,70039022,1698341280,0.05103,0.05102
70048426,70057850,1698341340,0.05102,0.05103
70073851,70041895,1698341400,0.05103,0.05097
70031346,70063931,1698341460,0.05098,0.05098
70035129,70035129,1698341520,0.05097,0.05096
70024123,70024123,1698341580,0.05096,0.05096
70017022,70017022,1698341640,0.05097,0.05098
70017022,70017022,1698341700,0.05097,0.05097
70017022,69897259,1698341760,0.05097,0.05089
69897844,69897156,1698341820,0.05091,0.05092
69836305,69836305,1698341880,0.05092,0.05093
69861069,69870199,1698341940,0.05093,0.05091
69895025,69901107,1698342000,0.05092,0.05092
69940070,69969093,1698342060,0.05092,0.05094
69951644,69964189,1698342120,0.05093,0.05088
69954465,69941306,1698342180,0.05091,0.05088
69952991,69952991,1698342240,0.05091,0.0509
69975026,69963440,1698342300,0.05089,0.05087
69947917,69949167,1698342360,0.05088,0.0509
69986708,70048101,1698342420,0.0509,0.05094
70032669,70028886,1698342480,0.05095,0.05101
70072534,70065458,1698342540,0.05099,0.05099
70047504,70201617,1698342600,0.051,0.05096
70199786,70194346,1698342660,0.05097,0.05098
70190937,70187883,1698342720,0.05099,0.05099
70187780,70195986,1698342780,0.05099,0.05098
70196376,70191504,1698342840,0.05098,0.05103
70160876,70172846,1698342900,0.05103,0.05104
70174093,70131506,1698342960,0.05104,0.05104
70093472,70090823,1698343020,0.05104,0.05107
70087085,70103622,1698343080,0.05105,0.05107
70104080,70125117,1698343140,0.05107,0.05108
70128351,70142324,1698343200,0.05108,0.05108
70142324,70143972,1698343260,0.05108,0.05109
70150288,70153155,1698343320,0.05109,0.05109
70154297,70154297,1698343380,0.05109,0.05108
70154522,83721922,1698343440,0.05108,0.05296
87000361,94891355,1698343500,0.05304,0.05415
95801743,98483857,1698343560,0.05412,0.05392
96776042,95736229,1698343620,0.05391,0.05336
96851824,96821735,1698343680,0.05337,0.05331
96054596,95878404,1698343740,0.05332,0.05304
95995336,96022534,1698343800,0.05308,0.05305
95119154,95614909,1698343860,0.05307,0.05328
95806405,95806815,1698343920,0.05328,0.05331
95524700,95363843,1698343980,0.0533,0.05301
95294401,94876078,1698344040,0.053,0.05286
95094850,95380503,1698344100,0.05287,0.05313
95734459,95898971,1698344160,0.05313,0.05336
95675897,96116939,1698344220,0.05337,0.05338
96554267,96289061,1698344280,0.05337,0.05394
96408667,96663566,1698344340,0.05389,0.05344
96747570,97097547,1698344400,0.05347,0.0535
97217048,97334440,1698344460,0.05351,0.05332
97756434,97902441,1698344520,0.05334,0.05332
97930239,97938124,1698344580,0.05327,0.05338
97927718,98083731,1698344640,0.05336,0.05367
98069530,98177298,1698344700,0.05368,0.05368
98157862,98206350,1698344760,0.05366,0.05361
98118922,98044158,1698344820,0.05361,0.05319
97758939,97777301,1698344880,0.0532,0.05344
97873033,97826077,1698344940,0.0534,0.05361
97777891,98069605,1698345000,0.05362,0.05365
98042468,97746986,1698345060,0.05364,0.05349
97658082,97535882,1698345120,0.05349,0.05352
97561234,97566753,1698345180,0.05352,0.05365
97713238,97550884,1698345240,0.05364,0.05361
97636931,97609173,1698345300,0.0536,0.05386
97627256,97563795,1698345360,0.05386,0.05364
97384584,97826931,1698345420,0.05364,0.05384
97890289,98075137,1698345480,0.05383,0.05398
98160004,98286526,1698345540,0.05398,0.05385
98653993,98729680,1698345600,0.05387,0.054
98898430,99200157,1698345660,0.05399,0.05413
99249045,99510029,1698345720,0.05413,0.05415
99732696,99943486,1698345780,0.05415,0.05389
99972364,100347444,1698345840,0.05387,0.05415
100484834,100492207,1698345900,0.05415,0.05421
101126436,101147567,1698345960,0.05422,0.05444
101178214,101165826,1698346020,0.05439,0.05432
101075406,101207271,1698346080,0.05434,0.05453
100970452,100848728,1698346140,0.05452,0.05459
101478133,101445531,1698346200,0.05459,0.0546
101863259,102091632,1698346260,0.0546,0.05435
101385047,101282701,1698346320,0.05434,0.05422
99935302,99224532,1698346380,0.05422,0.05393
99749422,100237322,1698346440,0.05392,0.05394
100282907,100425294,1698346500,0.05396,0.054
100780265,100429364,1698346560,0.054,0.05425
100472711,100269605,1698346620,0.05422,0.05412
100285975,100394069,1698346680,0.05412,0.0542
100694241,100562180,1698346740,0.05421,0.0542
100843542,101334003,1698346800,0.05418,0.05433
101302610,101399629,1698346860,0.05433,0.05437
101397898,101420692,1698346920,0.05437,0.05427
101413510,101426652,1698346980,0.05427,0.05442
101522700,101592489,1698347040,0.05442,0.05447
101399497,101671877,1698347100,0.05448,0.05456
101400462,100992492,1698347160,0.05455,0.05445
100969767,100848856,1698347220,0.05446,0.05467
101444926,101963116,1698347280,0.05468,0.05478
102029353,102031348,1698347340,0.05477,0.05466
102157647,102043080,1698347400,0.05465,0.05452
102304294,101551718,1698347460,0.05452,0.0544
101533291,100354787,1698347520,0.0544,0.05422
100286364,100063282,1698347580,0.05422,0.05449
99908186,99912703,1698347640,0.05449,0.05435
99886119,99928105,1698347700,0.05436,0.05428
99899486,99876751,1698347760,0.05428,0.05427
99855969,99745633,1698347820,0.05428,0.05419
99446552,98587659,1698347880,0.0542,0.05391
98435462,98486758,1698347940,0.05389,0.05397
98390050,98332157,1698348000,0.05398,0.05426
98254311,98064454,1698348060,0.05425,0.0543
98003551,97843824,1698348120,0.05431,0.05422
97606839,97608582,1698348180,0.05423,0.05461
97577820,97897112,1698348240,0.05463,0.05461
98010179,98210661,1698348300,0.05461,0.05461
98069527,97770018,1698348360,0.05467,0.05477
98163772,98133082,1698348420,0.05476,0.05472
98310819,98277401,1698348480,0.05471,0.05484
98485380,99028181,1698348540,0.05484,0.055
99457666,100113129,1698348600,0.05501,0.05517
100090841,100338582,1698348660,0.05519,0.05516
100526358,100364516,1698348720,0.05515,0.05488
100458722,100639469,1698348780,0.0549,0.05508
100898475,100464775,1698348840,0.05508,0.05516
101093887,101147119,1698348900,0.05516,0.05518
101332708,101494596,1698348960,0.05518,0.05538
101240122,101604682,1698349020,0.05539,0.0559
101476609,101826335,1698349080,0.05591,0.05576
101740449,102418707,1698349140,0.05576,0.05586
102652153,103820706,1698349200,0.05588,0.0563
103591784,104029535,1698349260,0.0563,0.05587
104214889,104566563,1698349320,0.05583,0.05569
104929644,104416666,1698349380,0.0557,0.05545
104291996,104092382,1698349440,0.05544,0.05572
104010779,104566113,1698349500,0.05574,0.05593
105321188,105313755,1698349560,0.05591,0.05541
104497818,104423853,1698349620,0.05545,0.05565
104223393,104151497,1698349680,0.05565,0.05565
103508589,103665400,1698349740,0.05562,0.05565
103952040,104010005,1698349800,0.05566,0.05609
103955803,104360044,1698349860,0.05607,0.05626
105251451,104961501,1698349920,0.05627,0.05633
105433968,105513497,1698349980,0.05634,0.05644
105485087,105780078,1698350040,0.05646,0.05647
105923763,106050406,1698350100,0.05646,0.05653
106822704,107280442,1698350160,0.05653,0.05641
107319968,107118273,1698350220,0.05641,0.0564
107140809,107456725,1698350280,0.05641,0.05643
108619765,108860178,1698350340,0.05644,0.05613
107718408,106982512,1698350400,0.05615,0.05589
107229508,107733267,1698350460,0.05588,0.05571
105973817,106078924,1698350520,0.05571,0.05558
105213742,105119907,1698350580,0.05558,0.05587
105592580,105498020,1698350640,0.05587,0.05588
105314254,105187386,1698350700,0.05588,0.05572
104585127,103504900,1698350760,0.05572,0.05546
102962662,103024917,1698350820,0.05547,0.05575
102995315,102382514,1698350880,0.05577,0.0554
101997164,102311146,1698350940,0.05543,0.05538
102227360,102583777,1698351000,0.05538,0.05536
102634533,102866536,1698351060,0.05533,0.05535
103232947,103253945,1698351120,0.05534,0.05571
101783978,101871868,1698351180,0.05571,0.05565
101904731,101767112,1698351240,0.05566,0.05572
101758912,101992400,1698351300,0.05573,0.05557
102027243,102045497,1698351360,0.05558,0.05556
102112018,101977230,1698351420,0.05557,0.05571
101992020,101877536,1698351480,0.0557,0.05594
102017904,101923477,1698351540,0.05593,0.05591
102043897,102170591,1698351600,0.05593,0.0558
102114420,101329197,1698351660,0.05578,0.05563
101346717,101395424,1698351720,0.05563,0.05565
101156956,100977161,1698351780,0.05562,0.05565
100955927,100483196,1698351840,0.05566,0.05524
99917649,100053786,1698351900,0.05525,0.0554
99961849,99975699,1698351960,0.0554,0.05554
99923688,99997437,1698352020,0.05551,0.05555
99985138,100010947,1698352080,0.05555,0.05575
100102860,100062013,1698352140,0.05575,0.05584
100033361,100494778,1698352200,0.05586,0.05587
100422956,100206055,1698352260,0.05587,0.05564
99849653,99205185,1698352320,0.05564,0.05546
99253878,98753749,1698352380,0.05546,0.05557
98680899,98422547,1698352440,0.05559,0.05546
98518822,98513943,1698352500,0.05547,0.05556
98395219,98429247,1698352560,0.05556,0.05549
98524773,98702149,1698352620,0.05548,0.0556
98745502,98783102,1698352680,0.0556,0.05566
98801032,98775345,1698352740,0.05567,0.05563
98775327,98782666,1698352800,0.05564,0.05571
98679526,98587263,1698352860,0.0557,0.05561
98554409,98599781,1698352920,0.05562,0.0559
98396859,98368946,1698352980,0.05586,0.05567
98041471,98039446,1698353040,0.05567,0.05564
98011584,98045408,1698353100,0.05566,0.05566
97990441,97977582,1698353160,0.05567,0.0557
97935984,97668061,1698353220,0.05571,0.05561
97580953,97660294,1698353280,0.0556,0.05572
97609488,97516088,1698353340,0.05573,0.05577
97516285,97793290,1698353400,0.05576,0.05579
97796708,97912327,1698353460,0.05578,0.05588
97777270,97772299,1698353520,0.05589,0.05608
97793067,97403321,1698353580,0.0561,0.05632
97455097,97638981,1698353640,0.05632,0.05615
97466789,97539364,1698353700,0.05613,0.05617
97630544,97595592,1698353760,0.05618,0.0562
97558918,97215786,1698353820,0.0562,0.0567
97175552,96037590,1698353880,0.05672,0.05714
96345010,96299569,1698353940,0.05717,0.05681
96428905,96402693,1698354000,0.05682,0.0568
96496320,96415871,1698354060,0.0568,0.05659
96261172,95535500,1698354120,0.05659,0.05648
95479977,95531595,1698354180,0.05648,0.05679
95554684,95863613,1698354240,0.05679,0.05703
95964877,96268890,1698354300,0.05701,0.05724
96544304,96626417,1698354360,0.0573,0.05701
96634796,96643194,1698354420,0.05701,0.05685
96674041,97185546,1698354480,0.05685,0.05706
97221048,97122796,1698354540,0.05704,0.05733
96905130,96868529,1698354600,0.05732,0.05753
97132872,98046779,1698354660,0.05752,0.05795
98475570,99466564,1698354720,0.05791,0.05842
100260280,100597529,1698354780,0.05839,0.05799
100387746,100505091,1698354840,0.05797,0.05804
100498016,100617424,1698354900,0.05802,0.05816
100789044,101403924,1698354960,0.05814,0.05842
102349797,102346770,1698355020,0.05842,0.05851
102494357,102820346,1698355080,0.05851,0.0584
102964336,102992276,1698355140,0.0584,0.05807
102887948,102530447,1698355200,0.05808,0.05822
102522133,102487112,1698355260,0.05817,0.0583
102662041,102670955,1698355320,0.05833,0.05794
102945660,102919930,1698355380,0.05795,0.05685
101584162,101570049,1698355440,0.05694,0.0573
101809240,101939880,1698355500,0.05732,0.05788
101721899,101828851,1698355560,0.05789,0.05793
102241248,102506252,1698355620,0.05793,0.05766
101857112,101660322,1698355680,0.05763,0.05768
101933995,101951246,1698355740,0.05766,0.05756
102234259,102342890,1698355800,0.05757,0.05756
102259330,102266260,1698355860,0.05754,0.05769
102481282,102581309,1698355920,0.0577,0.05777
102463364,102758491,1698355980,0.05778,0.05802
103091279,103546420,1698356040,0.05802,0.05821
103706224,105084460,1698356100,0.05821,0.05807
105300559,105196922,1698356160,0.05807,0.05837
105479050,105193428,1698356220,0.05836,0.05825
105343575,105851589,1698356280,0.05826,0.05832
105873575,105984350,1698356340,0.05835,0.05847
106075411,106412208,1698356400,0.05844,0.05819
106078299,106467650,1698356460,0.05817,0.05865
106283003,106522269,1698356520,0.05867,0.05873
106678931,106894314,1698356580,0.05873,0.05862
107248082,107582223,1698356640,0.05862,0.05874
108068014,107842670,1698356700,0.05874,0.05853
108397642,107562783,1698356760,0.05856,0.05923
108485120,109481406,1698356820,0.05922,0.05939
110371979,110266240,1698356880,0.05936,0.05902
110562751,110886501,1698356940,0.05898,0.05938
110844070,111196991,1698357000,0.05938,0.05923
111361509,111674399,1698357060,0.05923,0.05935
111309916,111262648,1698357120,0.05935,0.05929
111307361,111367878,1698357180,0.05928,0.05958
110972438,110912685,1698357240,0.05961,0.05942
110588161,110588161,1698357300,0.05942,0.05935
110670139,110774853,1698357360,0.05935,0.05966
110848617,110633277,1698357420,0.05967,0.05979
111448358,111802809,1698357480,0.05979,0.05998
111691931,112766958,1698357540,0.05998,0.06001
113338268,114306515,1698357600,0.06002,0.05972
114550219,114985472,1698357660,0.0597,0.06023
115358162,115884824,1698357720,0.0602,0.06041
116169282,116250069,1698357780,0.06039,0.06004
117326979,117551966,1698357840,0.06004,0.06014
118057085,118881201,1698357900,0.06015,0.06048
118272407,119057273,1698357960,0.06048,0.06045
119438974,119706462,1698358020,0.06048,0.06044
120231971,120700646,1698358080,0.06043,0.0602
119848807,118643190,1698358140,0.0602,0.05943
118568584,115907003,1698358200,0.05943,0.05915
116090356,115948994,1698358260,0.05915,0.05903
116179186,116563509,1698358320,0.05903,0.05941
116560997,117059267,1698358380,0.05942,0.05951
116949266,116949780,1698358440,0.05951,0.05962
116652472,116809345,1698358500,0.05961,0.05951
116842162,117276676,1698358560,0.0595,0.0598
117086149,117112314,1698358620,0.0598,0.0598
117216496,117297612,1698358680,0.0598,0.0596
117205866,117233446,1698358740,0.05963,0.05955
116959827,116273952,1698358800,0.05955,0.05937
116157083,116147238,1698358860,0.05935,0.05956
116220068,116340124,1698358920,0.05957,0.05951
116309053,116185662,1698358980,0.0595,0.05891
115390639,115345977,1698359040,0.05891,0.05961
115364733,115508722,1698359100,0.05958,0.05919
115553233,115399788,1698359160,0.05921,0.05904
115684321,115501678,1698359220,0.05902,0.05911
115378021,115406774,1698359280,0.05913,0.05901
115447999,115288843,1698359340,0.05902,0.0591
115427387,115262065,1698359400,0.05908,0.05891
115247289,114901385,1698359460,0.05891,0.05879
114793231,114787351,1698359520,0.0588,0.05888
114685269,114923608,1698359580,0.05889,0.05904
114969691,115033323,1698359640,0.05905,0.05903
115006943,115006208,1698359700,0.05904,0.05904
115174465,115135062,1698359760,0.05903,0.05937
115335184,115538010,1698359820,0.05938,0.0594
115470999,115523276,1698359880,0.05941,0.05968
115573020,115827772,1698359940,0.05968,0.05951
115730027,115626001,1698360000,0.05949,0.05931
115572968,115459086,1698360060,0.05931,0.05927
115449383,115435350,1698360120,0.05928,0.05927
115496738,115465372,1698360180,0.05928,0.0595
115803631,116125828,1698360240,0.05946,0.0598
116100173,116466470,1698360300,0.0598,0.05962
116693442,116968890,1698360360,0.05963,0.05978
117602484,117623698,1698360420,0.05981,0.05962
117293008,116262698,1698360480,0.05964,0.05945
116269461,116254713,1698360540,0.05945,0.05919
116120307,116065616,1698360600,0.05916,0.05937
115992068,116048439,1698360660,0.05937,0.05941
116299361,116295637,1698360720,0.05939,0.05947
116289480,116515494,1698360780,0.05947,0.05979
116464403,116213995,1698360840,0.05979,0.0597
116175199,116098102,1698360900,0.0597,0.05976
116030846,116023320,1698360960,0.05978,0.06007
116156606,115938009,1698361020,0.06006,0.0599
115967976,115934337,1698361080,0.05988,0.05997
116025418,115899373,1698361140,0.05996,0.05999
115760896,115595021,1698361200,0.06,0.06028
115760513,115724111,1698361260,0.06028,0.06037
115574618,115676983,1698361320,0.06037,0.06038
116121901,116178982,1698361380,0.06038,0.06035
116181602,116207678,1698361440,0.06037,0.06042
116437282,116442890,1698361500,0.0604,0.06074
115639103,115808451,1698361560,0.06075,0.0612
115925124,115703173,1698361620,0.06117,0.06103
115815160,115918871,1698361680,0.061,0.06105
116118537,116352940,1698361740,0.06102,0.06097
116475611,116755153,1698361800,0.06096,0.06086
116881447,116930513,1698361860,0.06086,0.0608
116974274,117222979,1698361920,0.06081,0.06102
117003891,117010244,1698361980,0.06102,0.06092
116726642,116354227,1698362040,0.06093,0.06079
116333452,116479213,1698362100,0.06078,0.061
116374191,116732501,1698362160,0.061,0.06127
117039258,117431608,1698362220,0.06124,0.06113
117585156,117772814,1698362280,0.06113,0.06126
118365035,118393526,1698362340,0.06126,0.06101
118755766,118302347,1698362400,0.06101,0.06081
117931618,117007398,1698362460,0.06083,0.06031
116946900,117361411,1698362520,0.06028,0.0607
117385217,117802301,1698362580,0.06067,0.06052
118102577,118149537,1698362640,0.06052,0.06049
118285458,118309713,1698362700,0.06046,0.0604
118324734,118019631,1698362760,0.0604,0.0603
117775253,117859298,1698362820,0.0603,0.06061
117895323,117592806,1698362880,0.06061,0.0605
117285795,117027764,1698362940,0.06048,0.06036
116967637,116873255,1698363000,0.06035,0.06046
116938379,117039626,1698363060,0.06044,0.06059
116876807,116873832,1698363120,0.0606,0.0607
116930343,116980330,1698363180,0.0607,0.06087
117005611,117227905,1698363240,0.06085,0.061
117342128,117310697,1698363300,0.061,0.06116
117648189,117614782,1698363360,0.06116,0.0611
117674367,118145244,1698363420,0.0611,0.06137
118173421,118619639,1698363480,0.06139,0.06147
118653429,118895056,1698363540,0.06151,0.0614
118547276,119188831,1698363600,0.0614,0.06165
119208388,119271917,1698363660,0.06165,0.06154
119576091,119627504,1698363720,0.06152,0.06151
119905381,119864333,1698363780,0.06151,0.06126
119495738,119658195,1698363840,0.06125,0.06129
119600186,119821222,1698363900,0.06128,0.06122
119790146,119529500,1698363960,0.06122,0.0613
119730020,120138097,1698364020,0.06131,0.06156
120211546,120520637,1698364080,0.06156,0.06155
120825257,120743908,1698364140,0.06156,0.06132
120824008,120457180,1698364200,0.06133,0.06097
120583618,120977632,1698364260,0.06099,0.0613
120856497,120737248,1698364320,0.06128,0.061
120732825,121533025,1698364380,0.061,0.06134
121955549,122497311,1698364440,0.06134,0.06139
122666708,122713561,1698364500,0.06139,0.06151
122794636,122807521,1698364560,0.06151,0.06141
122769063,122951536,1698364620,0.06141,0.06128
123129762,123597878,1698364680,0.06128,0.06158
123761175,123765313,1698364740,0.06158,0.06146
123830191,122409317,1698364800,0.06149,0.06299
120921621,120412403,1698364860,0.06295,0.06269
120395486,119881557,1698364920,0.0627,0.06286
120038506,120749900,1698364980,0.06281,0.06179
119705022,119686140,1698365040,0.0618,0.06061
118923335,119438078,1698365100,0.06061,0.06089
119746145,119354505,1698365160,0.06089,0.05971
118459574,118652054,1698365220,0.05973,0.06012
118688662,118769001,1698365280,0.06009,0.06057
118718322,117906608,1698365340,0.06057,0.06129
117970785,118300156,1698365400,0.0613,0.06067
118549711,118634571,1698365460,0.06066,0.06026
118714325,118687941,1698365520,0.06026,0.06052
118662543,118662543,1698365580,0.06052,0.06036
118792498,118585983,1698365640,0.06036,0.06042
118603043,118351009,1698365700,0.06042,0.05921
117878654,117799921,1698365760,0.05917,0.05969
117609041,117990986,1698365820,0.05965,0.05966
118050980,118252179,1698365880,0.05965,0.06002
118566912,118480015,1698365940,0.06003,0.0602
118495614,118360603,1698366000,0.0602,0.05982
118431814,118495907,1698366060,0.05983,0.05967
118091243,118390144,1698366120,0.05967,0.06018
118678705,118653271,1698366180,0.06017,0.06001
118782185,118771080,1698366240,0.05999,0.06037
118955119,119204090,1698366300,0.06036,0.0604
119245406,119259819,1698366360,0.0604,0.06022
119115544,119214313,1698366420,0.06022,0.06049
119333212,118510991,1698366480,0.06049,0.06161
118485926,118862531,1698366540,0.06161,0.06108
118974477,119319893,1698366600,0.06108,0.06076
119477517,119720816,1698366660,0.0608,0.06077
119922877,119685727,1698366720,0.06077,0.06079
119848732,119907403,1698366780,0.06079,0.06075
119927006,120017344,1698366840,0.06074,0.06067
119995373,120034741,1698366900,0.06067,0.0599
120102144,120080748,1698366960,0.05993,0.06056
120423922,120091511,1698367020,0.06049,0.06064
120385804,121265204,1698367080,0.06065,0.06069
121087359,121195767,1698367140,0.06071,0.06073
121311341,121471810,1698367200,0.06074,0.06094
121674902,122162398,1698367260,0.06092,0.06121
122224220,122302567,1698367320,0.0612,0.06103
122492310,121979058,1698367380,0.061,0.06039
121893288,121917473,1698367440,0.06036,0.06071
122600364,122356793,1698367500,0.0607,0.06055
122646743,123134872,1698367560,0.06056,0.06049
123142363,123173924,1698367620,0.06049,0.06031
123174135,123396784,1698367680,0.06032,0.06031
123251765,123042803,1698367740,0.06031,0.06009
122991914,123008121,1698367800,0.0601,0.05965
121995951,121560034,1698367860,0.05966,0.0598
121586885,121647444,1698367920,0.05982,0.06011
121549235,121428604,1698367980,0.06009,0.06016
121495601,121484332,1698368040,0.06019,0.05996
121485183,121573055,1698368100,0.05996,0.06
121758787,121795325,1698368160,0.06001,0.0598
121771246,121768396,1698368220,0.05981,0.05972
121289453,121321937,1698368280,0.05972,0.05922
121051001,115849140,1698368340,0.05923,0.05772
116289895,115264096,1698368400,0.05774,0.05834
115258147,115258147,1698368460,0.05833,0.05794
115515515,112480446,1698368520,0.05794,0.05691
111589655,111286495,1698368580,0.05692,0.05652
110154936,109208952,1698368640,0.05652,0.05688
109318948,109263098,1698368700,0.05685,0.05699
109353136,109695870,1698368760,0.05699,0.05769
109545080,109659849,1698368820,0.05768,0.05794
109784304,110026000,1698368880,0.05792,0.05814
110389908,110476868,1698368940,0.05813,0.05799
110439592,110684098,1698369000,0.05801,0.0581
110820724,110752805,1698369060,0.0581,0.05816
111097118,111301510,1698369120,0.05817,0.05877
110717355,110408433,1698369180,0.05877,0.05826
110192205,110297017,1698369240,0.05826,0.05812
110400170,110457422,1698369300,0.05814,0.05804
110340112,111257027,1698369360,0.05805,0.05823
111294345,111420710,1698369420,0.05824,0.05836
111024516,110812745,1698369480,0.05839,0.05754
110743801,110807980,1698369540,0.05755,0.05809
110787393,110889926,1698369600,0.05809,0.05807
110829072,110796665,1698369660,0.05805,0.05819
110646047,110730069,1698369720,0.05817,0.05856
110662233,110693991,1698369780,0.05854,0.05856
110528719,110492946,1698369840,0.05856,0.05847
110635211,110737547,1698369900,0.05849,0.05817
111095660,110774195,1698369960,0.05817,0.05826
110835614,110629896,1698370020,0.05826,0.05799
110724720,110778974,1698370080,0.058,0.0578
110815426,110780979,1698370140,0.0578,0.0575
110729355,110769868,1698370200,0.0575,0.05758
110717113,110964057,1698370260,0.05758,0.05764
110937704,110881138,1698370320,0.05763,0.05725
111023426,111185219,1698370380,0.05725,0.05746
111337279,111354529,1698370440,0.05746,0.0577
111313682,111169910,1698370500,0.0577,0.05789
111175955,110931604,1698370560,0.0579,0.05796
110934089,110932313,1698370620,0.05794,0.05809
111007227,110799511,1698370680,0.05807,0.05824
110816457,110816457,1698370740,0.05821,0.05815
