"OI_open","OI_close","timestamp","price_open","price_close"
338382840.2,338274401.7,1698894180,0.6122,0.6109
337942240.5,337907205.2,1698894240,0.611,0.6115
337884431,337977899.6,1698894300,0.6115,0.6121
338010605.5,338064063.6,1698894360,0.6122,0.6124
338054931.8,338054931.8,1698894420,0.6124,0.6122
337893491.5,337882752.7,1698894480,0.6121,0.6125
337883089.3,337808077.9,1698894540,0.6126,0.6126
337811923.5,337849415.5,1698894600,0.6127,0.6123
337884685.5,337901422.4,1698894660,0.6123,0.613
337953484.2,337294796.4,1698894720,0.6129,0.6136
337305506.3,337376975.1,1698894780,0.6136,0.6135
337378826.1,337354643.5,1698894840,0.6136,0.6129
337356837.2,337388226.1,1698894900,0.6129,0.6133
337358426.9,337473447.4,1698894960,0.6133,0.613
337520575.5,337538513.2,1698895020,0.613,0.6129
337532963.8,337483090.3,1698895080,0.6128,0.6133
337487551.8,337479312,1698895140,0.6133,0.6134
337497088.5,337473564.6,1698895200,0.6133,0.6129
337478945.5,337451023.5,1698895260,0.6128,0.6127
337476910.9,337465533.6,1698895320,0.6127,0.6124
337452408,337460666.4,1698895380,0.6124,0.612
337362984,337414341.2,1698895440,0.6121,0.6117
337392528.4,337387539.3,1698895500,0.6117,0.6119
337280660.3,337272716.5,1698895560,0.6119,0.6117
337337902.7,337317452,1698895620,0.6116,0.6117
337345512.2,337361608.3,1698895680,0.6118,0.6115
337357355.5,337357355.5,1698895740,0.6116,0.6115
337285380.8,337197243.7,1698895800,0.6114,0.611
337191049,337191049,1698895860,0.611,0.6111
337312372,337309772.7,1698895920,0.6111,0.6118
337156202.9,337146491.6,1698895980,0.6118,0.612
337197261.2,336395488.1,1698896040,0.6119,0.6119
336478675,336393791.6,1698896100,0.6118,0.6127
336366981.5,336456443,1698896160,0.6127,0.6121
336454255.9,336517357,1698896220,0.6121,0.6127
336593404.1,336826190.2,1698896280,0.6127,0.6118
336804586.3,336804118.9,1698896340,0.6117,0.612
336861670.9,336859024.5,1698896400,0.612,0.6121
336910250.6,336929252.9,1698896460,0.6121,0.6121
336978411.2,337019814.2,1698896520,0.612,0.6124
337009238.3,337109997.3,1698896580,0.6125,0.6122
337072435.4,337058466.2,1698896640,0.6122,0.6121
337080121.2,337058953.7,1698896700,0.6122,0.6127
337105735.6,337085292.6,1698896760,0.6128,0.6124
337090650.1,337101266.5,1698896820,0.6124,0.6115
336948234.7,336916959.1,1698896880,0.6116,0.6126
336956296.3,336970813.8,1698896940,0.6127,0.6127
337349086.8,337629640,1698897000,0.6126,0.613
337837033.7,337843996.9,1698897060,0.613,0.6131
337974952,337974952,1698897120,0.6131,0.6132
338022771.1,338128455,1698897180,0.6132,0.6133
338166294.1,338235080.9,1698897240,0.6133,0.6134
338206427.7,338225603.9,1698897300,0.6134,0.6125
338248154.9,338252958,1698897360,0.6124,0.6123
338223505.8,338191055.1,1698897420,0.6124,0.6123
338219604.3,338235427.3,1698897480,0.6123,0.612
338308005.3,338306462.5,1698897540,0.6121,0.6121
338338336,338092056.5,1698897600,0.612,0.6121
338103413.5,338113389.9,1698897660,0.6121,0.6121
338108453.3,338108816.2,1698897720,0.6121,0.6118
338144075.1,338074690,1698897780,0.6119,0.6117
338132891.8,338142942.2,1698897840,0.6117,0.6114
338232045,338267936.2,1698897900,0.6114,0.6108
338298380.9,339015174.3,1698897960,0.6109,0.6114
339002283,338900794.3,1698898020,0.6114,0.6104
338821859.3,338789603.8,1698898080,0.6103,0.6105
338881548.1,338892167.9,1698898140,0.6105,0.6105
338866306.5,338878116.5,1698898200,0.6106,0.6109
338894108,338910860.3,1698898260,0.6109,0.6107
338855927,338847527,1698898320,0.6108,0.611
338850358,338796327.6,1698898380,0.6111,0.6109
338808909.1,338838195.6,1698898440,0.611,0.611
338797178.6,338561334.3,1698898500,0.6109,0.6111
338544969,338544969,1698898560,0.6111,0.6113
338719810.2,338747314.8,1698898620,0.6113,0.611
338744018.6,338769621,1698898680,0.611,0.6104
338720524,338703187.8,1698898740,0.6103,0.6108
338758759.8,338727113,1698898800,0.6109,0.6104
338700524.4,338644120.8,1698898860,0.6104,0.6099
338688112,338671841.9,1698898920,0.6099,0.6105
338695243.7,338855682.2,1698898980,0.6105,0.6108
338839689,338855891.2,1698899040,0.6107,0.6106
338830817.7,338905558.8,1698899100,0.6105,0.6101
338911927.3,338957180.1,1698899160,0.61,0.6102
339009240.6,338990496,1698899220,0.6102,0.6098
339022614.4,338981022.3,1698899280,0.6098,0.6097
338885067.7,338916240.2,1698899340,0.6097,0.6098
338960211.5,338968221.4,1698899400,0.6098,0.6095
338981833.1,338980846.5,1698899460,0.6096,0.6096
339010675.3,339006988.7,1698899520,0.6096,0.6097
339035903.5,339021120.3,1698899580,0.6098,0.61
339071850.9,339095047,1698899640,0.61,0.6098
339139625.8,339143010,1698899700,0.6098,0.6096
339122946.5,339185059.2,1698899760,0.6097,0.61
339183597.4,339117296.8,1698899820,0.6099,0.6094
338777865,338757529.8,1698899880,0.6094,0.6096
338739075.4,338750973.8,1698899940,0.6096,0.61
338845264.5,338845264.5,1698900000,0.61,0.6099
338844278.6,338829558.5,1698900060,0.61,0.6102
338822732.5,338874422.5,1698900120,0.6102,0.6096
338869875.3,338870809.3,1698900180,0.6096,0.6095
338849352.7,338578882.4,1698900240,0.6095,0.6093
338572259.2,338666026.6,1698900300,0.6093,0.6066
340293425,340197610,1698900360,0.6066,0.6073
340113589.9,339992619.4,1698900420,0.6073,0.6077
339837235,339856953.6,1698900480,0.6077,0.6078
339893345.7,339918357.5,1698900540,0.6077,0.6076
339857630.6,339758130.9,1698900600,0.6076,0.6077
339691046,339640009.3,1698900660,0.6077,0.6076
339833180.9,339844589.6,1698900720,0.6076,0.6069
339838857,339966728,1698900780,0.6069,0.607
339969105.9,339943623.8,1698900840,0.6069,0.6067
339666749.2,339623502.2,1698900900,0.6067,0.6066
339738109.1,339707194.3,1698900960,0.6067,0.6061
339745806.8,339867381.2,1698901020,0.6061,0.6066
339862043.5,340015540.2,1698901080,0.6067,0.6069
340074846.8,339998620.2,1698901140,0.6069,0.607
340369096.2,340355718.5,1698901200,0.6071,0.6076
340366505.3,340251127,1698901260,0.6075,0.6072
340213957,340211516.4,1698901320,0.6072,0.6078
340252355.9,340252355.9,1698901380,0.6078,0.6075
340245525,340217550.6,1698901440,0.6076,0.6073
340102958.9,340162960,1698901500,0.6073,0.6065
340187266.7,340021069.2,1698901560,0.6065,0.6067
340002482.3,339988539.8,1698901620,0.6068,0.6069
339861795,340033650.6,1698901680,0.607,0.6071
340004054,339979239.7,1698901740,0.607,0.607
339918868,339667732,1698901800,0.6069,0.6067
339223538.7,339226559,1698901860,0.6067,0.6059
338644459.2,338891804,1698901920,0.6059,0.606
339052126,338548569.4,1698901980,0.6061,0.6055
338465592.9,338423649.6,1698902040,0.6056,0.6045
338365821.7,338482668.3,1698902100,0.6045,0.6041
338238507.5,338242196,1698902160,0.604,0.6052
337987871.5,338105688.5,1698902220,0.6052,0.6058
338060110.3,338106033.9,1698902280,0.6059,0.6062
338084519.7,338015510.5,1698902340,0.6061,0.6058
338035750.3,338101516.4,1698902400,0.6058,0.6059
338055599.8,338150870.9,1698902460,0.6059,0.6053
338125084.6,338116449.6,1698902520,0.6053,0.6051
338059269.9,338013706.8,1698902580,0.6052,0.6047
337994166.8,337887931.8,1698902640,0.6047,0.6044
338003786.2,338003171.5,1698902700,0.6044,0.6041
337880403.4,337915062.4,1698902760,0.6042,0.6035
338150730.5,337933903.7,1698902820,0.6035,0.6032
338096948.8,338096948.8,1698902880,0.6031,0.6034
338014226.7,338002855.6,1698902940,0.6035,0.6042
338000223,337846023.4,1698903000,0.6043,0.6034
337877066.7,337877066.7,1698903060,0.6034,0.6041
337916994.8,338009301.7,1698903120,0.6041,0.6041
337972744.3,338003805.6,1698903180,0.604,0.6045
338058841.3,337994748.5,1698903240,0.6045,0.6048
337943618.3,337639206.2,1698903300,0.6047,0.604
337449909.3,337402364.2,1698903360,0.604,0.6038
337404730,337746357.6,1698903420,0.6038,0.6041
337747566.8,337736401.1,1698903480,0.6041,0.6046
337513875,337528727.9,1698903540,0.6046,0.6047
337561461.3,337538299.4,1698903600,0.6047,0.6049
337669647.8,337616312,1698903660,0.6049,0.6048
337621743,337616754.2,1698903720,0.6048,0.6053
337565974,337562764.6,1698903780,0.6053,0.6053
337590006,337608516.3,1698903840,0.6054,0.6053
337501328,337540560,1698903900,0.6053,0.6047
337515995,337452321.6,1698903960,0.6048,0.605
337329764.9,337223778.6,1698904020,0.605,0.6053
337220417.7,337209051,1698904080,0.6053,0.6053
337181549.2,337189903.4,1698904140,0.6052,0.605
337160482.1,337160948,1698904200,0.605,0.6049
337161927.1,337156976.7,1698904260,0.6049,0.605
337153812.1,337253401.6,1698904320,0.605,0.6054
337225907.8,337202453.8,1698904380,0.6055,0.6054
337124139.8,337051145.1,1698904440,0.6054,0.6051
336991881.6,336834015.3,1698904500,0.6051,0.6051
336788894,336754935.1,1698904560,0.6052,0.6061
336698289.9,336751727.4,1698904620,0.6062,0.6058
336594182.4,336594182.4,1698904680,0.6058,0.6055
336531782.1,336527931,1698904740,0.6055,0.6054
336514865.9,336545260.1,1698904800,0.6054,0.6048
337289102.7,337336699.6,1698904860,0.6048,0.6061
337347095.2,337356659.5,1698904920,0.6061,0.6059
337487289.4,337408942.3,1698904980,0.6058,0.6057
337444249.7,337433674.8,1698905040,0.6058,0.6059
337416164.4,337433050.3,1698905100,0.6059,0.6057
337422155.4,337378946.4,1698905160,0.6058,0.6057
337388790.9,337394013.2,1698905220,0.6056,0.6068
337052342.8,336996931.5,1698905280,0.6068,0.6064
336777208.1,336861425,1698905340,0.6065,0.6066
336930430,337059850.3,1698905400,0.6065,0.6065
337042143.9,336975714.6,1698905460,0.6064,0.607
336872696.7,336847833.2,1698905520,0.607,0.6075
336711771.3,336682980,1698905580,0.6075,0.6081
336545006.1,336370503.3,1698905640,0.6081,0.6089
336320306.7,336446819.9,1698905700,0.609,0.6088
336526294.9,336504645.4,1698905760,0.6087,0.6078
336532235.9,336548004.1,1698905820,0.6078,0.6084
336573018.9,336613330.5,1698905880,0.6084,0.6081
336470549.6,336492185.5,1698905940,0.6082,0.6077
336526273.5,336269554.2,1698906000,0.6078,0.6073
335890784.1,335890784.1,1698906060,0.6073,0.6066
336015733.5,335945029.7,1698906120,0.6066,0.608
336009182.5,335785749.8,1698906180,0.608,0.6083
335611667.2,335608331.9,1698906240,0.6082,0.6086
335517513.7,335392638.4,1698906300,0.6086,0.6086
335334955.3,335508656.3,1698906360,0.6086,0.6089
335292177.9,335300528.8,1698906420,0.6089,0.6088
335165216.2,335308090.1,1698906480,0.6088,0.6085
335262677.7,335270219.8,1698906540,0.6086,0.6083
335079579.8,335207524.9,1698906600,0.6083,0.6084
335624150.4,336273459.4,1698906660,0.6084,0.6093
336287098.2,336251690.2,1698906720,0.6093,0.6087
336116028.6,335895849.1,1698906780,0.6087,0.6086
335857900.4,335691627.3,1698906840,0.6085,0.6084
335650267.8,335630238.5,1698906900,0.6083,0.608
335598896,335698958.6,1698906960,0.608,0.6084
335782303.8,335832419.7,1698907020,0.6085,0.609
335825420.8,335801856.5,1698907080,0.609,0.6084
335869813.8,335832167.4,1698907140,0.6084,0.6074
335787314.3,335797329.5,1698907200,0.6073,0.6071
335603617.4,335554387.4,1698907260,0.6071,0.6069
335493587.1,335455725.2,1698907320,0.6069,0.6067
334703229.8,334673449.7,1698907380,0.6066,0.6061
334633931.7,334617293.5,1698907440,0.6061,0.6064
334544703,334499937.2,1698907500,0.6065,0.6068
334570349.4,334604897.6,1698907560,0.6067,0.6062
334620816.3,334620816.3,1698907620,0.6062,0.6063
334643614.9,334591375.7,1698907680,0.6062,0.6057
334558939.4,334514439.6,1698907740,0.6056,0.6057
334496931.6,334463852,1698907800,0.6057,0.6058
334598218.1,334581202.7,1698907860,0.6058,0.606
334707239.7,334796565.6,1698907920,0.606,0.6061
334808698.2,334868276.2,1698907980,0.606,0.6065
334933288.6,334927193.4,1698908040,0.6065,0.6062
334955938.8,334958280.4,1698908100,0.6062,0.6062
335038820.9,335043769,1698908160,0.6062,0.6058
335006453.1,335001759.7,1698908220,0.6058,0.6062
335084370.1,335073086.5,1698908280,0.6062,0.6059
335141082.1,335140757.1,1698908340,0.6059,0.606
335088941.2,335094618.2,1698908400,0.606,0.6063
335124270.9,335083885.4,1698908460,0.6062,0.6063
335081656,335226526.2,1698908520,0.6063,0.6068
335334106.1,335255795.7,1698908580,0.6067,0.6068
335277462.7,335274840.4,1698908640,0.6067,0.6066
335260688.8,335230585.2,1698908700,0.6067,0.6064
335273554.9,335216611.4,1698908760,0.6064,0.6064
335201293.3,335242390.2,1698908820,0.6063,0.6057
335171806,335179749.5,1698908880,0.6058,0.606
335178745.9,335178745.9,1698908940,0.6061,0.6065
335249707.6,335251498.8,1698909000,0.6066,0.6067
335317695,335284574.3,1698909060,0.6067,0.6069
335264291.5,335272682.8,1698909120,0.6069,0.6069
335212399.1,335255385.6,1698909180,0.6069,0.6073
335309520.7,335273846.7,1698909240,0.6073,0.6071
335255107.9,335316197.8,1698909300,0.607,0.606
335316924.5,335346537.6,1698909360,0.606,0.606
335347217.3,335327629.9,1698909420,0.606,0.606
335389076.4,335375567.8,1698909480,0.6059,0.6056
335303866,335368041.2,1698909540,0.6057,0.6055
335351264.8,335303105.6,1698909600,0.6055,0.6054
335182195.6,335110710.8,1698909660,0.6055,0.6058
335121824.4,335090704.5,1698909720,0.6057,0.606
335091431.3,335362797.6,1698909780,0.6061,0.606
335431480.1,335442824.1,1698909840,0.6061,0.6063
335440147.3,335475342.5,1698909900,0.6063,0.6059
335408245.5,335333888.5,1698909960,0.606,0.6055
335343351.6,335349506.3,1698910020,0.6055,0.6059
335624153.4,335651639.2,1698910080,0.6058,0.6059
335689761.2,335699951.2,1698910140,0.6059,0.6066
335594303.3,335688584.9,1698910200,0.6066,0.606
335774479.7,335774479.7,1698910260,0.6059,0.6063
335776243.2,335760886.5,1698910320,0.6064,0.6061
335776488.7,335790637.5,1698910380,0.6061,0.6062
335922395.7,335901964,1698910440,0.6063,0.6065
335946287.7,335988556.6,1698910500,0.6066,0.6064
335776383,335792562.2,1698910560,0.6064,0.6064
335837301.8,335856692.5,1698910620,0.6063,0.6067
335904838.3,335956455.1,1698910680,0.6067,0.6067
336074083.9,336110858.7,1698910740,0.6067,0.6066
336106706.2,336247559.1,1698910800,0.6067,0.6062
336177582.4,336177387.8,1698910860,0.6063,0.606
336327175.3,336329708.6,1698910920,0.6059,0.6058
336448098.1,336362098.4,1698910980,0.6058,0.605
336334754.1,336325469.8,1698911040,0.6049,0.6046
336276198.5,336231819.6,1698911100,0.6046,0.6047
336160031.8,336272608.1,1698911160,0.6048,0.6045
336322900.9,336271766.3,1698911220,0.6045,0.6047
336387131.3,336445050.9,1698911280,0.6046,0.6046
336571929.5,336900633.1,1698911340,0.6046,0.6046
336854598,336956363,1698911400,0.6047,0.6042
336953386.6,336832897.7,1698911460,0.6042,0.604
336930471.5,336823015.6,1698911520,0.6039,0.6045
336806227.1,336810330.4,1698911580,0.6045,0.6045
336807513.6,336807513.6,1698911640,0.6045,0.6044
336841497.1,336873468.6,1698911700,0.6044,0.604
336878253.3,336936814.6,1698911760,0.6041,0.6042
336955509.6,337107964.7,1698911820,0.6042,0.6046
336975265.7,336914590.6,1698911880,0.6046,0.6053
336874645.6,336928491.8,1698911940,0.6052,0.6057
336933473,336904184.8,1698912000,0.6057,0.6055
336977264.1,337003228.8,1698912060,0.6055,0.6051
336828417.8,336837624.6,1698912120,0.6051,0.6048
336841744.9,336700509.4,1698912180,0.6049,0.6043
336662353,336640991.6,1698912240,0.6044,0.6038
336744830.7,336536803,1698912300,0.6038,0.604
336259508,336258667.8,1698912360,0.6041,0.6041
336250763.4,336152896.2,1698912420,0.604,0.6034
336217653.8,336387265.8,1698912480,0.6034,0.6034
336392122.2,336481543.4,1698912540,0.6033,0.6034
336157410,336395997.8,1698912600,0.6035,0.6023
335943260.8,335854187.1,1698912660,0.6023,0.6021
335917800.4,336128116,1698912720,0.602,0.6032
336132710.4,336164688.6,1698912780,0.6032,0.6036
336190870.5,336204232.9,1698912840,0.6037,0.6038
336081811.6,336075050.5,1698912900,0.6038,0.6038
336205523.9,336205523.9,1698912960,0.6039,0.6045
336258640.3,336229492.9,1698913020,0.6044,0.6043
336285905,336302319.5,1698913080,0.6043,0.6045
336384806.2,336089841.3,1698913140,0.6046,0.6045
336121127.3,336206351.1,1698913200,0.6045,0.6046
336274706.4,336238898.5,1698913260,0.6046,0.6044
336233928.5,336333707.8,1698913320,0.6045,0.6048
336420182.8,336490322,1698913380,0.6047,0.6048
336428392.4,336414155.8,1698913440,0.6048,0.6048
336384801.9,336370065.7,1698913500,0.6047,0.6048
336417863.1,336535849,1698913560,0.6048,0.6051
336622694.3,336557676.8,1698913620,0.6051,0.6047
336459425.9,336660420.5,1698913680,0.6048,0.6041
336750361.2,336782852.5,1698913740,0.6041,0.6044
336892282.7,336859876.4,1698913800,0.6044,0.6053
336834083.3,336577800.3,1698913860,0.6054,0.6053
336604232.9,336643394.6,1698913920,0.6053,0.6054
336665655.8,336690520.5,1698913980,0.6054,0.6056
336736294.4,336747337.1,1698914040,0.6057,0.6058
336809600.3,336815373.8,1698914100,0.6057,0.6054
336837278.1,336811454,1698914160,0.6054,0.6063
336833956.3,336741346.7,1698914220,0.6064,0.6061
336732110.5,336737266.8,1698914280,0.6061,0.6064
336793153.1,336863424.1,1698914340,0.6065,0.606
336791390.4,336791390.4,1698914400,0.606,0.6061
336795995.8,336875849.5,1698914460,0.606,0.6057
336866722.5,336802274,1698914520,0.6056,0.6063
336821433.1,336783292.6,1698914580,0.6063,0.6063
336842037.3,336868535.3,1698914640,0.6063,0.6065
336899056.7,336854512.9,1698914700,0.6065,0.6064
336853310.5,336886106.1,1698914760,0.6064,0.6065
336879157.1,336808233.7,1698914820,0.6065,0.6068
336894492.5,336893150.4,1698914880,0.6068,0.6068
336870803.4,336874078.6,1698914940,0.6068,0.6064
336718406.9,336752986.9,1698915000,0.6064,0.6069
336821133.3,337026673.2,1698915060,0.6069,0.6075
337122116.5,337201087.6,1698915120,0.6075,0.6075
337117461,337202427.3,1698915180,0.6075,0.6076
337304758.1,337099961.2,1698915240,0.6076,0.6082
337054094.2,337160750.6,1698915300,0.6081,0.6079
337177587.6,337203173.6,1698915360,0.6079,0.6084
337322234.6,337519183.8,1698915420,0.6084,0.6084
337593692.5,337675911.1,1698915480,0.6085,0.6088
337629789.2,337584034.5,1698915540,0.6087,0.6086
337586753.9,337530554.2,1698915600,0.6085,0.609
337569920,337569920,1698915660,0.609,0.6083
337586205.6,337468686.6,1698915720,0.6083,0.6075
337475579,337491253.7,1698915780,0.6075,0.6075
337497847.4,337324637,1698915840,0.6074,0.6069
337225803.7,337179461.8,1698915900,0.6069,0.6073
337191101.2,337216193.8,1698915960,0.6073,0.6072
337212374.7,337247928,1698916020,0.6072,0.6072
337232660.3,337208722.9,1698916080,0.6072,0.6078
337245351.1,337246022.3,1698916140,0.6079,0.6076
337256202.6,337226809.4,1698916200,0.6076,0.607
337278037.9,337355175.6,1698916260,0.6069,0.6072
337327618.1,337301930.7,1698916320,0.6072,0.607
337279792.6,337280465.9,1698916380,0.607,0.6066
337256278.9,337275374.4,1698916440,0.6065,0.6076
337335010.6,337286563.2,1698916500,0.6076,0.6067
337293980.4,337262393.9,1698916560,0.6067,0.6069
337228968.6,337225164,1698916620,0.6068,0.607
337219426.8,337212555,1698916680,0.607,0.6072
337192691,337256055.7,1698916740,0.6073,0.6067
337238709.3,337231752.2,1698916800,0.6067,0.6065
337222980.8,337005459.5,1698916860,0.6065,0.6062
336865812.9,336854666.9,1698916920,0.6061,0.6061
336820263.2,336854022.6,1698916980,0.6061,0.6061
336808959.1,338584720.5,1698917040,0.606,0.6062
338554457.2,338554482.9,1698917100,0.6062,0.6064
338510147.6,338510147.6,1698917160,0.6064,0.6066
338514572.2,338491753,1698917220,0.6066,0.6067
338541682.2,338535985.5,1698917280,0.6067,0.6064
338638436.7,338520657.7,1698917340,0.6064,0.6064
338635890.6,338637124.2,1698917400,0.6063,0.6063
338731868.7,338743847.8,1698917460,0.6062,0.6063
338877841,338882714.1,1698917520,0.6063,0.6068
338919335.2,339009123,1698917580,0.6069,0.6065
340030147.8,341445973,1698917640,0.6066,0.6071
341470548.9,341564776,1698917700,0.6072,0.6074
341525547.3,339085922,1698917760,0.6074,0.6071
338522248.4,338483126.3,1698917820,0.6071,0.6066
338488375.7,338485852.7,1698917880,0.6067,0.6078
338487571.9,338409362.8,1698917940,0.6078,0.6076
338402776.8,338431113.2,1698918000,0.6076,0.6079
338401692.3,338443234.2,1698918060,0.6078,0.6077
338512666.5,338574194.8,1698918120,0.6077,0.6086
338486100.5,338512594.6,1698918180,0.6085,0.6088
338520459.7,338591607.7,1698918240,0.6088,0.6084
338531663.2,338642216.1,1698918300,0.6085,0.6086
338729667.4,338738195.7,1698918360,0.6085,0.6081
338691581.3,338691581.3,1698918420,0.6081,0.6079
338739677.2,338868533.6,1698918480,0.6078,0.6076
338677429.2,338724855.8,1698918540,0.6075,0.6075
338795712.9,338774664.8,1698918600,0.6076,0.6082
338815458.5,338797884.4,1698918660,0.6083,0.6081
338753965.8,338794248.5,1698918720,0.6081,0.6079
338799238.5,338908099.7,1698918780,0.6079,0.6081
338991238.2,339071715.3,1698918840,0.608,0.6084
339120625.7,339170097.8,1698918900,0.6085,0.608
339145352.5,339306890.5,1698918960,0.608,0.6084
339267043.2,339296723.2,1698919020,0.6084,0.6076
339330188.6,339390902.2,1698919080,0.6076,0.6079
339414283.2,339435859.4,1698919140,0.6079,0.6076
339420201.6,339371285,1698919200,0.6076,0.6073
339390992.7,339449362.5,1698919260,0.6073,0.6072
339492494.2,339427286,1698919320,0.6072,0.6069
339439514.7,339472377.4,1698919380,0.6068,0.6067
339602472,339629616.3,1698919440,0.6067,0.607
339715680.9,339801241,1698919500,0.6069,0.6073
339859589.3,339451540.5,1698919560,0.6073,0.6102
339061783.6,338748750.2,1698919620,0.6102,0.6103
339044614.3,339192182.3,1698919680,0.6103,0.6112
340066832.9,341281643.7,1698919740,0.6111,0.6151
341657621.4,341902347.7,1698919800,0.6152,0.6212
343021017.9,342532695.7,1698919860,0.6211,0.6178
342882694.6,342400121.7,1698919920,0.6179,0.6163
342520564,342818838.7,1698919980,0.6164,0.6155
343071103,343071103,1698920040,0.6155,0.6154
343368770.6,343149065.1,1698920100,0.6155,0.6138
342642213.4,343182770.4,1698920160,0.6138,0.6142
343166631.6,343014288.4,1698920220,0.6142,0.6128
343028396.1,343217639.1,1698920280,0.6128,0.6138
343381108.1,343473009.2,1698920340,0.6137,0.6144
343457285.2,343520204.7,1698920400,0.6144,0.6159
343570008.4,343589198.9,1698920460,0.6159,0.6162
343795011.8,343793227.7,1698920520,0.6162,0.6165
343807951.3,343597428.9,1698920580,0.6165,0.6144
343673929.7,343830267.5,1698920640,0.6144,0.6162
343812545.7,343924940.7,1698920700,0.6162,0.6148
343985710,344119406.2,1698920760,0.6147,0.6161
344176647.9,344313844.9,1698920820,0.6162,0.6166
344331340.7,344071187.6,1698920880,0.6165,0.6169
344109643.6,344420227,1698920940,0.6168,0.6171
344951129,344777625.4,1698921000,0.6171,0.6156
344512582.7,344283960.1,1698921060,0.6155,0.6161
344364248.5,344405822.9,1698921120,0.6162,0.6162
344461572.6,344478535.4,1698921180,0.6162,0.6169
344683947.9,344670957.5,1698921240,0.6169,0.6162
344542213.5,344448687.5,1698921300,0.6162,0.6157
344202627.1,344209959.3,1698921360,0.6157,0.6163
344252186.6,344566379.6,1698921420,0.6164,0.6163
344586207.4,344586207.4,1698921480,0.6163,0.6166
344522674.7,344547029.7,1698921540,0.6167,0.6176
344917791.3,345918388.2,1698921600,0.6176,0.6183
346751926.2,346724118.7,1698921660,0.6183,0.6241
345974378.3,346772377,1698921720,0.624,0.6223
347158026.7,347601068.7,1698921780,0.6223,0.6234
348763037.2,348245199.5,1698921840,0.6233,0.6224
348282319.9,348174878.2,1698921900,0.6224,0.622
347858476,347379020.3,1698921960,0.622,0.6191
346671531.3,347036921.1,1698922020,0.6191,0.6206
348210095.2,347671556.4,1698922080,0.6207,0.6208
348160598,348147522,1698922140,0.6208,0.6218
348375705.3,348323520.9,1698922200,0.6218,0.6199
348096408.3,348267950.8,1698922260,0.6198,0.6207
348052877.6,348103694.3,1698922320,0.6206,0.6194
348190846,343877148,1698922380,0.6194,0.6167
343238151.8,343162860.5,1698922440,0.6167,0.6178
343091446.3,342837909.5,1698922500,0.6178,0.618
342791886.3,343119794.5,1698922560,0.618,0.6179
343052764,342982270.9,1698922620,0.6179,0.6181
342942907.5,342982024.1,1698922680,0.618,0.6177
342963843.2,342550248.8,1698922740,0.6177,0.6172
342500639.9,342274805.1,1698922800,0.6172,0.6164
342514927.1,342446127.3,1698922860,0.6164,0.617
342431866.5,342276315.2,1698922920,0.617,0.6173
342623762.2,342562156.6,1698922980,0.6174,0.6166
342705147.5,342705147.5,1698923040,0.6166,0.6173
342706888.9,342531308.9,1698923100,0.6172,0.6164
342357322.1,342065933.3,1698923160,0.6165,0.6159
341920116.8,341978534,1698923220,0.6159,0.616
341950656.2,341841498.9,1698923280,0.616,0.616
341856019,341830186.8,1698923340,0.6161,0.6159
341766363.7,341620221.5,1698923400,0.6159,0.6162
341617155.7,341805738.7,1698923460,0.6162,0.6161
341720522.8,341748588.5,1698923520,0.616,0.6162
341783742.2,341671580.3,1698923580,0.6161,0.617
341953078.8,341859677.6,1698923640,0.6171,0.6164
341859676.5,341690752.7,1698923700,0.6164,0.6163
341657470.6,341723642.3,1698923760,0.6164,0.6171
341713846.8,341725379.7,1698923820,0.6171,0.6174
341693541.2,341875243.2,1698923880,0.6175,0.6175
341988586.8,342067749.6,1698923940,0.6175,0.6174
342127086.9,341877407.2,1698924000,0.6174,0.6179
341972789.9,341987287.8,1698924060,0.6178,0.6178
342186984,342165043.5,1698924120,0.6179,0.6181
342472802.1,342499014,1698924180,0.6182,0.6183
342745841,343138058.4,1698924240,0.6184,0.6179
343079672.5,342923354.9,1698924300,0.6178,0.6181
342825086.2,342840517.7,1698924360,0.6182,0.6176
342834790.7,342834790.7,1698924420,0.6177,0.6174
342804259,342811639.2,1698924480,0.6173,0.6173
342761948.2,342741931.8,1698924540,0.6172,0.6173
342714909.2,342739406.8,1698924600,0.6173,0.6168
342656292.9,342699542.9,1698924660,0.6167,0.6171
342347613.1,342338324.7,1698924720,0.617,0.6176
342353230.8,342386406.6,1698924780,0.6175,0.6169
342366491.9,342389502.6,1698924840,0.6168,0.6165
342459441.4,342500329.7,1698924900,0.6166,0.6164
342492421.5,342356612.6,1698924960,0.6164,0.6158
342319719.3,342254866.8,1698925020,0.6158,0.6158
342464573.6,342470937.2,1698925080,0.6158,0.6159
342472455,342570484.2,1698925140,0.6158,0.6158
342574422.5,342500339.2,1698925200,0.6158,0.6162
342790424.9,342907866.2,1698925260,0.6161,0.6168
343051183.8,343076573.5,1698925320,0.6168,0.6162
343068716.2,343192409.3,1698925380,0.6162,0.6167
343252864.9,343265331.6,1698925440,0.6168,0.6163
343924369.5,343954775.6,1698925500,0.6164,0.6156
344014349.5,343857276.3,1698925560,0.6156,0.6155
343844794.6,343890477.5,1698925620,0.6154,0.6161
343850557.8,343813054.1,1698925680,0.6161,0.6159
343828871.8,343792598.6,1698925740,0.6159,0.6154
343762029.1,343240919.7,1698925800,0.6154,0.615
343260526.7,343124409.1,1698925860,0.6149,0.6152
343113778.3,343259181,1698925920,0.6152,0.6152
343239051.2,343254249.3,1698925980,0.6153,0.6157
343307449.8,343431617.7,1698926040,0.6158,0.6172
343471504.2,343690154.5,1698926100,0.6172,0.6171
343715669.2,343585575.6,1698926160,0.617,0.617
343620789.5,343569133.9,1698926220,0.6169,0.617
343599447,343582335.6,1698926280,0.617,0.6169
343453052.8,343563610.7,1698926340,0.6169,0.6173
343571619.1,343562325.9,1698926400,0.6174,0.6173
343497078.6,343497078.6,1698926460,0.6173,0.6173
343476875.4,343866700.9,1698926520,0.6172,0.6164
343845842.5,343808473,1698926580,0.6164,0.6162
343812730.4,343799344.4,1698926640,0.6163,0.6156
343857919.6,343688014.6,1698926700,0.6156,0.6161
343749700.8,343717595.6,1698926760,0.616,0.6161
343802303.8,343848065,1698926820,0.6161,0.6164
343888874.1,343871319.5,1698926880,0.6164,0.6167
343883483.2,343868597.2,1698926940,0.6168,0.6169
343902763.5,343846777.1,1698927000,0.6169,0.6169
343765138.2,343851665.5,1698927060,0.6169,0.6178
343793494,343754306,1698927120,0.6178,0.6184
343913297.1,344015113.8,1698927180,0.6183,0.6186
344038567.3,344200979.9,1698927240,0.6186,0.6187
344248560.4,344275802.2,1698927300,0.6186,0.6187
344250046.3,344266485.1,1698927360,0.6186,0.6183
343932886,343949841.4,1698927420,0.6183,0.6179
343909901.2,343906509.8,1698927480,0.6178,0.6181
343953631.9,343914726.6,1698927540,0.6181,0.6182
343568910.7,343934812.2,1698927600,0.6182,0.6186
343960832.8,343981391,1698927660,0.6185,0.6186
344246221.9,344354419,1698927720,0.6185,0.6188
344256697.5,344256697.5,1698927780,0.6188,0.6198
344642244.9,344551027.3,1698927840,0.6197,0.6196
344675544.5,344774217.6,1698927900,0.6196,0.6194
344661687,344601360.2,1698927960,0.6193,0.6196
344633132.6,344637923.5,1698928020,0.6196,0.6189
344576552.2,344598623.6,1698928080,0.6188,0.6189
344747847.5,344574089.5,1698928140,0.6188,0.6184
344253617,344109494.2,1698928200,0.6184,0.6217
347062956,347472194.7,1698928260,0.6218,0.6218
347584425.2,347647514.1,1698928320,0.6219,0.621
347713490.1,347677750.6,1698928380,0.6209,0.6213
347551526.5,347625926.9,1698928440,0.6213,0.6215
347924078.5,347965171.1,1698928500,0.6216,0.6206
347882503.6,347714391,1698928560,0.6205,0.6202
347626972.2,347676820.4,1698928620,0.6201,0.6208
347692125.2,347518552,1698928680,0.6209,0.6212
347522384,347579401.3,1698928740,0.6211,0.6212
347287539.7,346850506.7,1698928800,0.6211,0.62
346320392.1,345357272.1,1698928860,0.62,0.6195
345219236.3,345439113.5,1698928920,0.6194,0.6203
345519961.5,345503414.4,1698928980,0.6203,0.6211
346261946.4,346273187.9,1698929040,0.6211,0.6217
346212410.2,346212410.2,1698929100,0.6216,0.6213
346300503.1,346356739.3,1698929160,0.6213,0.6218
346992033.9,347031383,1698929220,0.6218,0.6221
347312901.4,347609221.1,1698929280,0.6221,0.6229
347680240.4,347623222.1,1698929340,0.6229,0.6231
347831145.9,349104952.1,1698929400,0.6231,0.6241
349512725.5,349141119.5,1698929460,0.6242,0.6244
349129121.3,349132308.7,1698929520,0.6245,0.6241
349116209.7,348461620.6,1698929580,0.6241,0.6226
348377059.1,348143558.3,1698929640,0.6226,0.6228
348183270.4,348191444.1,1698929700,0.6228,0.6216
347794936.8,347632211.5,1698929760,0.6216,0.6219
347678808.9,347835974.2,1698929820,0.6218,0.6214
347852268.5,346889026.7,1698929880,0.6215,0.6205
346609360.3,346590286.5,1698929940,0.6206,0.6205
346119490.7,346363115.9,1698930000,0.6205,0.62
346263454.2,346457132.2,1698930060,0.6199,0.6213
346716491.2,346146818.5,1698930120,0.6212,0.6213
346175616.7,346247245.3,1698930180,0.6212,0.6217
346250811.4,346169739.7,1698930240,0.6217,0.621
346472076.7,346437528.7,1698930300,0.6209,0.6207
345307357.1,345026601.4,1698930360,0.6207,0.618
344554973.7,344577823.7,1698930420,0.618,0.6172
344816752,345166692.3,1698930480,0.6171,0.6167
345281134.9,345281383.2,1698930540,0.6167,0.6175
345507158.3,345769972.9,1698930600,0.6176,0.6174
345775637.3,345787583.8,1698930660,0.6174,0.6184
345411992.3,345411992.3,1698930720,0.6183,0.6163
345317730.9,344836370.3,1698930780,0.6164,0.6151
343720717.8,343724876.7,1698930840,0.6151,0.6167
343338704.5,343270100.1,1698930900,0.6168,0.6167
343256492.8,343296628.3,1698930960,0.6167,0.6178
343075491.7,343238524.5,1698931020,0.6178,0.6181
343294910.7,343366242,1698931080,0.6181,0.6174
343313112.7,343361522.8,1698931140,0.6175,0.6176
343347625.1,343191035.2,1698931200,0.6175,0.6178
343331023.3,343395051.1,1698931260,0.6179,0.6182
343262267.8,343270685.8,1698931320,0.6182,0.6175
343356068.1,343342215.3,1698931380,0.6175,0.6173
343390746.3,342767579.6,1698931440,0.6174,0.6157
342773823.8,342931590.3,1698931500,0.6157,0.6167
342920872.5,342950853.4,1698931560,0.6166,0.6169
342884457.4,342865787.8,1698931620,0.6168,0.6159
342845421.8,342893111.1,1698931680,0.6159,0.6161
342878006.7,342965969.2,1698931740,0.616,0.6157
342948428.1,342960315.5,1698931800,0.6156,0.6151
342942763.6,342756436.2,1698931860,0.615,0.6162
342403104.6,342434972.4,1698931920,0.6162,0.6163
342412082.2,342405679.5,1698931980,0.6164,0.6162
342349751.8,342367001.6,1698932040,0.6162,0.6168
342395642.2,342431447.4,1698932100,0.6167,0.6169
342191813.7,342265783.5,1698932160,0.6169,0.6165
342558261.9,342765368.1,1698932220,0.6165,0.6168
342802064.1,342784794.5,1698932280,0.6169,0.6169
342837347.9,342868059.7,1698932340,0.6168,0.6164
342647241.3,342647241.3,1698932400,0.6164,0.6157
342606399.9,342589224.9,1698932460,0.6157,0.6148
342531135.8,342467189.9,1698932520,0.6148,0.6143
342607533.6,342297817.9,1698932580,0.6143,0.614
342057225,340177447.6,1698932640,0.6139,0.6135
340197306.2,339399784,1698932700,0.6134,0.6123
339698369.6,339793997.7,1698932760,0.6124,0.6126
340090477.2,340019175.3,1698932820,0.6126,0.6129
340081407.3,340317070.1,1698932880,0.6129,0.613
340497109,340598446.1,1698932940,0.613,0.6137
340771094.7,340904280.9,1698933000,0.6137,0.6142
341018315.6,341065394,1698933060,0.6143,0.6141
340459451.6,340270270,1698933120,0.614,0.6149
340281840.6,340336801.3,1698933180,0.615,0.615
340350761.7,340487745.2,1698933240,0.615,0.6138
340474106.2,340368285.6,1698933300,0.6139,0.6143
340386964.7,340328474.6,1698933360,0.6144,0.6158
340326086.6,340275470.6,1698933420,0.6158,0.6141
340314275.7,340344805.8,1698933480,0.6141,0.6134
340506075.9,340472778.3,1698933540,0.6134,0.6135
340618433.9,340778966.8,1698933600,0.6135,0.6146
340729781.3,340754272.4,1698933660,0.6146,0.6152
340759175.4,340776191.9,1698933720,0.6152,0.6148
340872842.7,340896776.1,1698933780,0.6147,0.6143
340991315,340991315,1698933840,0.6144,0.6142
341032299.3,341036907.5,1698933900,0.6143,0.6144
340997115.9,340962621,1698933960,0.6143,0.6136
340804909.4,340588584.5,1698934020,0.6135,0.6121
340404767.6,340405653.8,1698934080,0.6121,0.6127
340391793.3,340449446,1698934140,0.6127,0.6118
340654820.1,340574796.4,1698934200,0.6118,0.6105
340399707,339989146,1698934260,0.6105,0.6112
339839346.1,339882817.7,1698934320,0.6111,0.6105
339806617.7,339943895.1,1698934380,0.6105,0.6111
340041710.9,339891973.6,1698934440,0.611,0.6107
339899459.4,340007507.7,1698934500,0.6107,0.6113
340063833,340309020.3,1698934560,0.6112,0.6124
340281643.1,340336059.9,1698934620,0.6125,0.6126
340405270.9,340348359.8,1698934680,0.6127,0.6126
340371451.7,340098312.7,1698934740,0.6126,0.612
340131712.1,340411444.6,1698934800,0.612,0.6124
340420509.6,340263265.9,1698934860,0.6125,0.6122
340095315.5,340049499.2,1698934920,0.6122,0.6112
340032092.1,339965826.6,1698934980,0.6112,0.6104
340020723.8,339936200.9,1698935040,0.6104,0.6111
339987490.9,339996610.4,1698935100,0.611,0.6102
339941854.8,340020530.2,1698935160,0.6102,0.61
340246659.6,340293002.9,1698935220,0.61,0.6101
340411590.1,340530924.5,1698935280,0.61,0.6115
340604464.5,340456556,1698935340,0.6115,0.6108
340458501.2,340458501.2,1698935400,0.6109,0.611
340515832.9,340473180.3,1698935460,0.6109,0.6105
340434862.3,340427468.6,1698935520,0.6105,0.6099
340299787.3,340349674.8,1698935580,0.6098,0.611
340309176.8,340333543.9,1698935640,0.6109,0.6097
340701163.6,340549504.7,1698935700,0.6097,0.6083
340199363.6,339882124.3,1698935760,0.6084,0.6083
339740839.3,336325986.1,1698935820,0.6083,0.606
335995560.6,335976409.7,1698935880,0.606,0.606
335863485,335955218.1,1698935940,0.606,0.607
336002566.8,335976368.9,1698936000,0.6071,0.6084
335871865.8,335918393.1,1698936060,0.6083,0.6088
336073279.1,336000450.7,1698936120,0.6089,0.6091
335685464.8,336051088.9,1698936180,0.6091,0.6092
335895356.5,335901075.8,1698936240,0.6092,0.6088
336264325.9,336386716.6,1698936300,0.6088,0.6083
336413440.2,336546981.8,1698936360,0.6083,0.609
336555542.8,336369453.2,1698936420,0.6091,0.6098
336200088.2,336216377.5,1698936480,0.6098,0.61
336079957.2,336094741.6,1698936540,0.6101,0.6099
336113463.5,335945892.3,1698936600,0.6099,0.609
335970234,336072042,1698936660,0.609,0.6093
336156905.9,336088114.5,1698936720,0.6093,0.6084
336116711.1,336316847.6,1698936780,0.6083,0.6087
337245122,337101735.9,1698936840,0.6088,0.6085
336994748.3,336891332,1698936900,0.6085,0.6081
336891854.2,336801939.7,1698936960,0.6081,0.6074
336724515.8,336763313.3,1698937020,0.6075,0.6084
336783059.3,336884305.3,1698937080,0.6085,0.6079
336830885.1,336830885.1,1698937140,0.6079,0.6086
336928942.4,337070835,1698937200,0.6086,0.6086
336895593.6,336849546.9,1698937260,0.6085,0.6075
336714170.7,336645961,1698937320,0.6075,0.6068
336521592,336242893.4,1698937380,0.6069,0.606
336523056.5,336355589.7,1698937440,0.606,0.6055
336339746.6,336101659,1698937500,0.6056,0.6052
335990704.8,335001707.2,1698937560,0.6052,0.6019
334359845.2,334309106.2,1698937620,0.6019,0.6036
334198745.1,334237198.1,1698937680,0.6037,0.6044
334269524.2,334118364.8,1698937740,0.6044,0.6049
334435362.7,334239610,1698937800,0.6049,0.6056
334369279.8,334224052.5,1698937860,0.6056,0.6052
334268772.8,334302107.2,1698937920,0.6051,0.6061
334390156.2,334362199.1,1698937980,0.6061,0.6056
334317543.4,334291552.1,1698938040,0.6055,0.6047
334254687.8,334287391.3,1698938100,0.6046,0.6054
334401135.2,334541921.5,1698938160,0.6053,0.606
334642470.7,334711989.7,1698938220,0.6061,0.6067
334850741.6,334977557.5,1698938280,0.6067,0.6072
335048731.1,335048731.1,1698938340,0.6072,0.6062
334781797.4,334931224.9,1698938400,0.6062,0.6047
334768168.9,334297383.7,1698938460,0.6048,0.605
334337016.9,334409259.9,1698938520,0.6049,0.6066
334373006.5,334162266.5,1698938580,0.6066,0.6071
334397080.2,334390366.8,1698938640,0.6072,0.6083
334447835.4,334812827.5,1698938700,0.6082,0.609
335945148,335913431.2,1698938760,0.609,0.6097
335996385.1,335932709.1,1698938820,0.6098,0.6095
335985601.7,336022015.3,1698938880,0.6096,0.6081
335915715.7,335777781,1698938940,0.6082,0.6072
335748422.9,335612102.9,1698939000,0.6073,0.6067
335560267.6,335288873,1698939060,0.6067,0.6048
335363296.9,335249965.7,1698939120,0.6048,0.6054
335373562.8,335166161.5,1698939180,0.6053,0.6056
335140139.4,334775908.7,1698939240,0.6056,0.6062
334708744,334498870.5,1698939300,0.6062,0.6077
334185466.2,334286309.2,1698939360,0.6077,0.6081
334545707.6,334524999.3,1698939420,0.6082,0.6083
334631282.6,334644637.4,1698939480,0.6083,0.6082
334606622.7,334709453.2,1698939540,0.6081,0.6081
334662255.5,334416680.8,1698939600,0.6081,0.6071
334920097.3,334841845.4,1698939660,0.607,0.6084
334785455.6,334785455.6,1698939720,0.6083,0.6081
335076196.4,335010696.3,1698939780,0.608,0.6071
335002126.6,334994032.3,1698939840,0.607,0.6083
335019919.4,335023928.5,1698939900,0.6083,0.6082
335413399.8,335388819,1698939960,0.6083,0.6086
335518867.5,335446245.5,1698940020,0.6086,0.6084
335451834,335414244.9,1698940080,0.6084,0.6081
335428976.1,335404016.3,1698940140,0.6081,0.6078
335381230.7,335444339.6,1698940200,0.6078,0.6073
335327577.4,335311245.7,1698940260,0.6074,0.6075
335393317.6,335344488.1,1698940320,0.6074,0.6073
335313917.5,335342172.8,1698940380,0.6073,0.6067
335144036.3,334949339.9,1698940440,0.6066,0.607
334871757.3,334849423,1698940500,0.6071,0.6064
334854177.9,334629132.5,1698940560,0.6064,0.6065
334611041.6,334513779.7,1698940620,0.6065,0.6066
334555346,334423177.9,1698940680,0.6065,0.6056
334292363.3,334171489.2,1698940740,0.6056,0.6041
333666223.4,333447634.6,1698940800,0.604,0.605
333419100.5,333408464.3,1698940860,0.605,0.6041
333472924.4,333519410.5,1698940920,0.604,0.6038
333521130.6,333545391,1698940980,0.6038,0.6038
333614697.1,333614697.1,1698941040,0.6039,0.6057
333624942.1,333471836.1,1698941100,0.6057,0.6058
333516849.4,333593499.8,1698941160,0.6059,0.6049
333375344.3,333449282.5,1698941220,0.6048,0.6057
333555764.2,333556251.4,1698941280,0.6057,0.6062
333555269.1,333663084,1698941340,0.6062,0.6055
333467506.2,333505243.4,1698941400,0.6055,0.6051
333259779.3,333316076.6,1698941460,0.605,0.605
333288388.6,333162666.2,1698941520,0.6049,0.6045
333384745.8,333376702.7,1698941580,0.6045,0.6053
333366170.5,333349691.5,1698941640,0.6053,0.6058
333278087.7,333280940.5,1698941700,0.6058,0.6063
333299486.6,333286718.2,1698941760,0.6062,0.6054
333320232.9,333224679.5,1698941820,0.6055,0.6042
333466704.5,332554079,1698941880,0.6042,0.6029
332602264,332531870,1698941940,0.6029,0.6018
330990923.8,330594426.4,1698942000,0.6017,0.5993
328924398.2,329217788.3,1698942060,0.5992,0.5996
329190361.5,329320958.4,1698942120,0.5996,0.5978
329111276.8,329074675.2,1698942180,0.5978,0.5976
329080895.2,329173795.5,1698942240,0.5977,0.5985
328806079.9,329190048.7,1698942300,0.5985,0.5976
327327344.8,327327344.8,1698942360,0.5976,0.5969
327022934.5,327187243.3,1698942420,0.5968,0.5961
327494364.1,327491811.7,1698942480,0.596,0.5971
327568638.2,327665889.1,1698942540,0.597,0.5965
327783363.9,327639281.7,1698942600,0.5965,0.592
324979857.2,322782909,1698942660,0.5921,0.5918
323094575.3,322862070,1698942720,0.5918,0.5933
322731304.1,322724754.5,1698942780,0.5932,0.5941
322848738,322833209.4,1698942840,0.5942,0.5947
322830933.7,323017928.3,1698942900,0.5947,0.5951
322990277.1,323000309.9,1698942960,0.5951,0.5948
323096734.6,323122853.3,1698943020,0.5949,0.5957
323099924.5,323020169.1,1698943080,0.5958,0.5963
323045854.1,323201766.7,1698943140,0.5964,0.5965
323288192.5,323518444.2,1698943200,0.5964,0.5963
323700237.8,323700031.8,1698943260,0.5962,0.5959
323765991.3,323775954.9,1698943320,0.5958,0.5956
323665084.6,323766257.1,1698943380,0.5956,0.5969
323816282.6,323877644.4,1698943440,0.5968,0.5964
323796380,323775052.4,1698943500,0.5964,0.5965
323837425.8,323783914.2,1698943560,0.5965,0.5972
323546188.1,323756855,1698943620,0.5972,0.5973
323911750.4,323912734.8,1698943680,0.5972,0.597
324000146.1,324123002.8,1698943740,0.5969,0.5965
324090784,324090784,1698943800,0.5965,0.5968
324121453.6,324103899.9,1698943860,0.5968,0.5973
324086982,324100674,1698943920,0.5973,0.5971
324057423.8,323985102,1698943980,0.5972,0.598
323886504.4,323764146.7,1698944040,0.5979,0.5966
323689862.9,323663149.2,1698944100,0.5966,0.5971
323696015.8,323761716.8,1698944160,0.5971,0.6001
322584137.7,322560509.6,1698944220,0.6,0.6007
322523204.5,322641996.1,1698944280,0.6007,0.6002
322805867.9,322594412,1698944340,0.6003,0.601
322510260.6,322599913.7,1698944400,0.601,0.6
322544907.9,322104874.8,1698944460,0.6001,0.6005
322196086.4,321897041.3,1698944520,0.6006,0.6014
322374596.2,322922925.2,1698944580,0.6015,0.6014
323124340.9,323121048.6,1698944640,0.6015,0.6025
322850528,322449689.7,1698944700,0.6026,0.6019
322346883.4,322110013.5,1698944760,0.6018,0.6018
322053572.6,322023387.8,1698944820,0.6018,0.6021
322037135.7,321922594.8,1698944880,0.6022,0.6023
321883012.6,321831315.6,1698944940,0.6022,0.6022
321685514.5,321685124.2,1698945000,0.6022,0.6017
321668109.3,321687637.7,1698945060,0.6018,0.6023
321579021.1,321475425.3,1698945120,0.6022,0.6022
321491344.9,321430799.2,1698945180,0.6022,0.6018
321029108.8,321041841.6,1698945240,0.6019,0.6011
321026369.3,321026369.3,1698945300,0.6011,0.6017
321073291.6,321097429,1698945360,0.6016,0.6013
320983300.3,321009145.5,1698945420,0.6012,0.6008
321105623.4,321011160.1,1698945480,0.6008,0.6011
321002802.7,320380649.7,1698945540,0.6012,0.6009
320229161.4,320175583.9,1698945600,0.6008,0.6022
320330963.8,320542517.5,1698945660,0.6021,0.6026
320616953.6,320670221.2,1698945720,0.6026,0.6028
320837087.5,320997305.3,1698945780,0.6029,0.6025
321044987.1,321114756.4,1698945840,0.6024,0.6018
321079142.1,321025110.4,1698945900,0.6018,0.6006
320878200.4,320846201.5,1698945960,0.6006,0.6007
321014890.4,320961582.4,1698946020,0.6007,0.6017
320979901.3,320745064.5,1698946080,0.6017,0.601
320731938.6,320822152.3,1698946140,0.601,0.6016
320805402.4,320785047.1,1698946200,0.6015,0.6023
320762772.2,320793781.1,1698946260,0.6023,0.6026
320647523.2,320510564.2,1698946320,0.6027,0.6022
320455487.9,320466714,1698946380,0.6022,0.6024
320483881.7,320544205.7,1698946440,0.6025,0.6025
320554138.5,320519761.2,1698946500,0.6025,0.6029
320706240.4,321103321.2,1698946560,0.6029,0.6027
320722630.2,320707552.9,1698946620,0.6027,0.6023
320828983,320695520.6,1698946680,0.6023,0.6029
320488338.1,320488338.1,1698946740,0.603,0.6027
320421794.3,320553481.2,1698946800,0.6026,0.6021
320525199.4,320542707.2,1698946860,0.6022,0.6025
320514800.8,320303896.8,1698946920,0.6025,0.6023
320344145.5,320254444.7,1698946980,0.6023,0.6027
320093298.2,320089131.6,1698947040,0.6026,0.6025
319981177.7,319931438.7,1698947100,0.6026,0.6032
319912194.4,319869922.1,1698947160,0.6031,0.6032
320301385.3,319994352.7,1698947220,0.6031,0.6035
320059445.9,319975572,1698947280,0.6035,0.6039
319839021.3,319779053.7,1698947340,0.6039,0.604
319747266.9,319749437.9,1698947400,0.604,0.604
319609565.4,319617108.9,1698947460,0.604,0.6035
319618852.4,319577197.8,1698947520,0.6036,0.6033
319537375.6,319408677.7,1698947580,0.6033,0.6036
319397715.5,319382187.3,1698947640,0.6037,0.6035
319493797.4,319498038.4,1698947700,0.6036,0.6039
319043245.6,319121827.9,1698947760,0.6039,0.6046
319409019.7,319436268.2,1698947820,0.6046,0.6042
319435137.7,319229698.9,1698947880,0.6042,0.6043
319248077.1,319221403.2,1698947940,0.6042,0.6043
319217543.1,319203322.8,1698948000,0.6043,0.6042
319147384.4,319077355.6,1698948060,0.6043,0.6044
319102056.7,319078604.9,1698948120,0.6044,0.6034
319027501.4,318914214.8,1698948180,0.6035,0.603
318904898.2,318904898.2,1698948240,0.6029,0.603
318833416.7,318810940.1,1698948300,0.6029,0.6026
318738712.2,318622276.9,1698948360,0.6026,0.6019
318551922.6,318562549.4,1698948420,0.6019,0.6021
318347684,318311409.5,1698948480,0.6021,0.6017
318251906.4,318126908.5,1698948540,0.6018,0.6031
318167809.3,318248718.4,1698948600,0.603,0.6024
318213556.2,318125633.5,1698948660,0.6024,0.6034
318126854.2,317889621.4,1698948720,0.6033,0.6039
317984799.3,317957935.2,1698948780,0.6038,0.6044
317991580.3,317969616.3,1698948840,0.6044,0.6047
318078934.3,318189155.5,1698948900,0.6046,0.6043
318111350.4,318221337.9,1698948960,0.6042,0.6039
318301738.1,318301350.9,1698949020,0.6039,0.6039
318342563.6,318460601,1698949080,0.6039,0.604
318404346,318445021.7,1698949140,0.6041,0.6043
318975544.6,319007147.6,1698949200,0.6044,0.6046
318685726.8,318975203.5,1698949260,0.6047,0.6061
318443605.5,318601724.8,1698949320,0.6061,0.6066
318498559.1,318460426.9,1698949380,0.6065,0.6068
318772911.9,318637680,1698949440,0.6068,0.6071
318479885.1,318574309.2,1698949500,0.6071,0.6078
318673428.3,318597384.5,1698949560,0.6077,0.6077
319097453.4,319074157.1,1698949620,0.6078,0.6073
319446151.6,319488742.6,1698949680,0.6073,0.6081
319842365.9,319842365.9,1698949740,0.6081,0.6083
319838629.6,319950316.1,1698949800,0.6083,0.6088
320154929.9,320138768.6,1698949860,0.6089,0.6081
320201586.3,320152911.2,1698949920,0.608,0.6089
320220864.2,320138049.5,1698949980,0.6088,0.6091
320443572.2,320477234.2,1698950040,0.6091,0.6096
320543049.4,320603916.9,1698950100,0.6097,0.6096
320743811.1,320459794.9,1698950160,0.6095,0.6096
320401759.6,320428159.8,1698950220,0.6097,0.609
320393777.6,320305721.3,1698950280,0.6089,0.6094
320019824.8,320005921,1698950340,0.6093,0.6105
319949710.7,319975987,1698950400,0.6106,0.6109
320041437.2,320147436,1698950460,0.6108,0.6119
320292530.8,320146653.6,1698950520,0.612,0.6131
320083599.2,320181128.7,1698950580,0.6132,0.6131
320278649.3,320336656.2,1698950640,0.6131,0.613
320429706.2,320428597.7,1698950700,0.613,0.6124
320380844,320445955.3,1698950760,0.6124,0.6125
320445018.7,320267871,1698950820,0.6125,0.6116
320390664.3,319279093.6,1698950880,0.6116,0.6106
319293139.5,319376876.5,1698950940,0.6106,0.6114
319392320.7,319486359.5,1698951000,0.6113,0.6117
319722178.7,319912164.8,1698951060,0.6116,0.6125
319951611.1,320166223.7,1698951120,0.6124,0.6132
320285003.6,320244670.9,1698951180,0.6133,0.6131
320181053.7,320181053.7,1698951240,0.613,0.6116
320231504.6,319955272.8,1698951300,0.6116,0.6114
320178663.1,320323013.7,1698951360,0.6114,0.6121
320504048.7,320660695.4,1698951420,0.6122,0.6109
320533982.9,321083765.5,1698951480,0.611,0.6085
321551375.5,321656694.9,1698951540,0.6084,0.6083
321819767.4,321763561.2,1698951600,0.6083,0.6084
321838650.1,320811329.7,1698951660,0.6083,0.6082
320964439.6,321095604.7,1698951720,0.6083,0.6086
321310798.9,321210461.5,1698951780,0.6086,0.6088
321314199.7,321351412,1698951840,0.6087,0.6088
321331766.1,321307241.1,1698951900,0.6088,0.6089
321385333,321502343.2,1698951960,0.6088,0.6083
321380398.3,321366664.2,1698952020,0.6083,0.608
321296103.6,321370266.2,1698952080,0.608,0.6079
321537025.3,321478887.8,1698952140,0.6079,0.6078
321471470.9,321371227.1,1698952200,0.6078,0.6078
321398644.3,321448406.7,1698952260,0.6078,0.6084
321398405.9,321428943.4,1698952320,0.6083,0.6079
321417160.7,321446353.5,1698952380,0.6078,0.6084
321321412.5,321317790.8,1698952440,0.6085,0.6082
321366003.5,321381839.5,1698952500,0.6082,0.6078
321315325.2,321311810.1,1698952560,0.6079,0.6083
321782796.8,321899991.4,1698952620,0.6083,0.6094
321883897.5,321746249.8,1698952680,0.6094,0.6093
321831037.6,321831037.6,1698952740,0.6093,0.6085
322269240.3,322146866.6,1698952800,0.6085,0.6089
322207390.7,322278991.1,1698952860,0.6089,0.6103
322705982.2,322761763,1698952920,0.6103,0.6104
322733120.5,322719400.1,1698952980,0.6104,0.6102
322664184.6,322688188.5,1698953040,0.6101,0.6101
322750743.4,322789640.6,1698953100,0.6101,0.6105
323038073.8,323035850.9,1698953160,0.6105,0.6115
323141257.9,323229446.8,1698953220,0.6115,0.612
323377356.6,323271949.2,1698953280,0.6121,0.6116
323584766.6,323580003,1698953340,0.6116,0.6121
323710008.5,323770157.5,1698953400,0.612,0.6116
323615206.8,323003925.3,1698953460,0.6116,0.6103
322846709.3,322926422.7,1698953520,0.6103,0.6101
322853680.6,322883327.8,1698953580,0.6101,0.6102
322863047.8,322855214.6,1698953640,0.6102,0.6106
322823241,322804961.6,1698953700,0.6106,0.6102
322749326.4,322733594.1,1698953760,0.6103,0.6103
322679024.2,322746159,1698953820,0.6103,0.6105
322705663.3,322714732.2,1698953880,0.6105,0.6097
322694609,322633743.2,1698953940,0.6098,0.6107
322657323.2,322642656.3,1698954000,0.6107,0.6111
322710687.9,322806305.9,1698954060,0.6111,0.6116
322774171.7,322774171.7,1698954120,0.6116,0.6112
322757949.7,322785226.4,1698954180,0.6113,0.6111
322768048.7,322800082.9,1698954240,0.6111,0.6109
322738357.8,322727764.5,1698954300,0.6108,0.6106
322740829.4,322789821.2,1698954360,0.6105,0.6097
322948259.4,322861716.7,1698954420,0.6098,0.6092
322845233.6,322543000.3,1698954480,0.6092,0.6092
322452530,322441125.2,1698954540,0.6092,0.6093
322451857.9,322427029.2,1698954600,0.6093,0.6094
322459635.7,322474154.2,1698954660,0.6094,0.6093
322449661.2,322455083.7,1698954720,0.6092,0.6092
322470999.8,322466965.6,1698954780,0.6092,0.6098
322432911.5,322414333.5,1698954840,0.6098,0.6091
322435793.3,322427532.1,1698954900,0.6091,0.6093
322422535.7,322432639.9,1698954960,0.6094,0.6092
322459577.6,322717272.9,1698955020,0.6092,0.6104
322803439.9,322820813.7,1698955080,0.6104,0.6106
322983336.1,322963828.7,1698955140,0.6107,0.6103
323000414.3,323013178.4,1698955200,0.6102,0.6103
322994116.8,322986097.7,1698955260,0.6103,0.6102
323119856.6,323300267.2,1698955320,0.6102,0.6093
323264920.4,323032335.4,1698955380,0.6094,0.609
323036759.4,323041334.7,1698955440,0.6091,0.6098
323104788.4,323117759.9,1698955500,0.6099,0.611
323124741.3,323139415,1698955560,0.6109,0.611
323196135.3,323347163.2,1698955620,0.611,0.6116
323149129.7,323150319.4,1698955680,0.6116,0.6114
323104958.5,323104958.5,1698955740,0.6115,0.6115
323167358.3,323207700.7,1698955800,0.6115,0.6118
323291683.3,323687944.3,1698955860,0.6117,0.6117
323717017.6,324258886.9,1698955920,0.6118,0.6105
324199720.7,324175609.5,1698955980,0.6104,0.6108
324185559.1,324162337,1698956040,0.6107,0.6104
324174180,324172247.7,1698956100,0.6105,0.6106
324175054.6,324176526.9,1698956160,0.6107,0.6102
324256294.4,323323981.1,1698956220,0.6102,0.6095
323273309.9,323468516.6,1698956280,0.6095,0.61
323491377.4,323811771.5,1698956340,0.61,0.609
323853559.9,323851531.5,1698956400,0.6091,0.6094
323898707.9,323912538,1698956460,0.6095,0.6101
323944228.7,324019520.9,1698956520,0.6101,0.6093
324021814.4,324065445.9,1698956580,0.6093,0.6085
324024133.1,324012158.2,1698956640,0.6085,0.6092
323953390.8,323934402.4,1698956700,0.6091,0.6085
323936064.2,323661918.2,1698956760,0.6085,0.6087
323301604.7,323164048.8,1698956820,0.6087,0.6081
323121258.5,323161744.6,1698956880,0.6081,0.6083
323190339.3,323145496,1698956940,0.6083,0.6085
323007256.1,322542980.3,1698957000,0.6085,0.6077
322172520.7,322200415.3,1698957060,0.6078,0.6075
322218898.2,322227579.6,1698957120,0.6075,0.6078
322208570.4,322160264.2,1698957180,0.6078,0.6073
321837225.3,321837225.3,1698957240,0.6073,0.6073
321737709.3,321671598.5,1698957300,0.6073,0.6073
321599353.1,321541606.3,1698957360,0.6073,0.608
321544892.3,321511500.2,1698957420,0.608,0.6078
321619827.1,321685431.4,1698957480,0.6078,0.6083
321675803.6,321671581.7,1698957540,0.6083,0.6079
321653079.5,321742790.3,1698957600,0.6079,0.6081
321744525.6,321569223.8,1698957660,0.608,0.6076
321589767.8,321551611,1698957720,0.6075,0.6074
321513498.7,321490341.5,1698957780,0.6074,0.6079
321746025.1,321739195.2,1698957840,0.608,0.6076
321684718.4,321689197.8,1698957900,0.6076,0.6084
321727680.6,321751946.5,1698957960,0.6083,0.6086
321771644.7,321784835.6,1698958020,0.6086,0.6094
321822457.4,321775567.1,1698958080,0.6093,0.6092
321753274.4,321958575.3,1698958140,0.6093,0.6085
321864206.9,321714057,1698958200,0.6085,0.6073
321743759,321751384.3,1698958260,0.6072,0.6069
321287863,321237182.9,1698958320,0.6069,0.6078
321158676.5,321119729.4,1698958380,0.6078,0.6081
321074198.3,321046853.6,1698958440,0.6081,0.6083
321063297.7,320985104.1,1698958500,0.6082,0.6085
320967139.4,320976363.7,1698958560,0.6086,0.6082
320988497.1,320865591.7,1698958620,0.6082,0.6072
320885034.5,320885034.5,1698958680,0.6072,0.6074
320861721.4,320864281.8,1698958740,0.6074,0.6075
320821469.2,320783379.3,1698958800,0.6075,0.6071
320768050.3,320685634,1698958860,0.6072,0.6071
320704932,320646261.8,1698958920,0.6071,0.6071
320640196.3,320620113.6,1698958980,0.6072,0.6071
320620335.8,320588229.9,1698959040,0.6072,0.6071
320611230.7,320540682.5,1698959100,0.6071,0.6072
320540567.3,320518320.8,1698959160,0.6073,0.6076
320464453.4,320471295.9,1698959220,0.6076,0.6076
320482856.6,320605941.6,1698959280,0.6075,0.6054
320615699.2,320467348.3,1698959340,0.6054,0.6059
320382641.6,320319220.8,1698959400,0.6059,0.6061
320293450.1,320200655.3,1698959460,0.6061,0.6061
320173298.5,320178266,1698959520,0.6062,0.6061
320138074.3,320063163.9,1698959580,0.606,0.6064
319990758,319999610.4,1698959640,0.6065,0.606
319974011.8,319955400.5,1698959700,0.6061,0.6061
319972135.4,319965156.9,1698959760,0.6061,0.6058
319933738.2,319743374.6,1698959820,0.6058,0.6059
319781572.5,319719788.4,1698959880,0.606,0.6062
319732405.9,319818882.5,1698959940,0.6063,0.6065
319818882.8,319854225,1698960000,0.6064,0.6065
319865941.1,319912739.9,1698960060,0.6064,0.6064
319889969.5,319889969.5,1698960120,0.6065,0.6065
319891814.1,319842018.3,1698960180,0.6066,0.6065
320160978.3,320163572.4,1698960240,0.6065,0.6055
320013198.6,320013198.6,1698960300,0.6054,0.605
320101034.1,320038679.2,1698960360,0.605,0.6049
320071273.8,320148669.5,1698960420,0.6049,0.606
320140505.4,320175835.6,1698960480,0.6059,0.6059
320175580.2,320186388.3,1698960540,0.606,0.606
320189359,320226806.5,1698960600,0.606,0.6056
320196042.2,320180329.6,1698960660,0.6055,0.6058
320130260.6,320145670.4,1698960720,0.6058,0.6062
320063818.4,320086195.9,1698960780,0.6062,0.6065
320091020.8,320048847.5,1698960840,0.6066,0.6075
320081025.1,319988967.9,1698960900,0.6074,0.6073
320052833.4,320069763.6,1698960960,0.6074,0.6073
320068031.4,320072153,1698961020,0.6073,0.6075
320149024.2,320100536.8,1698961080,0.6076,0.608
320042914.5,320054669.5,1698961140,0.608,0.6077
320057613.9,320035599.5,1698961200,0.6077,0.6077
320049644.1,320190170.6,1698961260,0.6077,0.6057
320114907.4,320059083.2,1698961320,0.6056,0.6062
320054287,320008206.3,1698961380,0.6063,0.6067
320004142.4,320148842.5,1698961440,0.6068,0.6072
320097254.9,320138517.1,1698961500,0.6073,0.6078
320122409.8,320143879.4,1698961560,0.6078,0.6077
319901398.8,319901398.8,1698961620,0.6077,0.6069
319887081.9,319896328.9,1698961680,0.6068,0.6069
319892361.4,319983786.7,1698961740,0.6068,0.6076
319979528.5,319979528.5,1698961800,0.6075,0.6076
319986813.4,319908584.6,1698961860,0.6075,0.6075
319902996.5,319980496.5,1698961920,0.6075,0.6076
320008275.5,320008275.5,1698961980,0.6076,0.6073
320154956.2,320152354.7,1698962040,0.6074,0.6075
320158668.5,320125943.4,1698962100,0.6075,0.6078
320051492.3,319975277.3,1698962160,0.6079,0.6079
319986720.9,319977059.7,1698962220,0.608,0.6083
319963745.4,319962282.9,1698962280,0.6082,0.6078
319969748.1,319966774.1,1698962340,0.6078,0.6076
319964871.3,319869846.8,1698962400,0.6076,0.6072
319912598.6,319972183.4,1698962460,0.6073,0.6069
319900605.2,319761088.1,1698962520,0.6069,0.6079
319793134.8,319827806.4,1698962580,0.6079,0.6085
320054634.8,320056773.6,1698962640,0.6084,0.6077
320054056.1,320080975,1698962700,0.6077,0.6076
320128368.7,320121035.8,1698962760,0.6076,0.6079
320099071.3,320114701.1,1698962820,0.6078,0.6077
320116483.5,320196663.1,1698962880,0.6077,0.6076
320201860.7,320222301.3,1698962940,0.6077,0.6075
320191102.1,320170967.3,1698963000,0.6076,0.6067
320125223,320098408,1698963060,0.6067,0.6071
320106436.7,320106436.7,1698963120,0.6071,0.6068
320103765.6,320115282.8,1698963180,0.6068,0.6066
320187441.4,320141826.9,1698963240,0.6066,0.607
320135962,320135538.7,1698963300,0.607,0.6067
320169091.3,320167242,1698963360,0.6068,0.6077
320479183.5,320723735.3,1698963420,0.6077,0.6074
319898013.7,319923250.6,1698963480,0.6075,0.6077
319917250.9,319956812.6,1698963540,0.6077,0.6084
320304424.1,320305623.1,1698963600,0.6085,0.6085
320343459.5,320340775.9,1698963660,0.6084,0.6084
320317246.2,320306300.9,1698963720,0.6085,0.6071
320262943.5,320283738,1698963780,0.6072,0.6076
320293289,320290697.4,1698963840,0.6076,0.6075
320271569.4,320267258.9,1698963900,0.6075,0.6074
320271324.7,320282837.9,1698963960,0.6074,0.6074
320305974.1,320322651.8,1698964020,0.6074,0.6067
320300260.8,320275025.8,1698964080,0.6067,0.6068
320294886.8,320284562.4,1698964140,0.6068,0.6067
320300666.5,320300400.6,1698964200,0.6067,0.6061
320285237.2,320279038.8,1698964260,0.6061,0.6064
320177588.9,320194135.1,1698964320,0.6065,0.6063
320176256.4,320176256.4,1698964380,0.6063,0.6062
320126442.3,320146531.4,1698964440,0.6062,0.6068
320170607.7,320145511.7,1698964500,0.6068,0.6063
320153905.5,320145923.6,1698964560,0.6063,0.6063
320109773.4,320109743.9,1698964620,0.6063,0.606
320131996.4,320185486.5,1698964680,0.606,0.606
320195692,320239056.4,1698964740,0.606,0.6059
320256340.1,320311033.2,1698964800,0.6059,0.6059
320304895,320312705.8,1698964860,0.6058,0.6052
320239599.9,319912181.2,1698964920,0.6053,0.6042
319576481.9,319659737.4,1698964980,0.6042,0.6042
319726991.7,319653725.9,1698965040,0.6041,0.6044
319656709.1,319637989.3,1698965100,0.6045,0.6046
319661735.1,319703521,1698965160,0.6047,0.6045
319786207.3,319833272.8,1698965220,0.6045,0.6047
319875723.1,319892695.3,1698965280,0.6046,0.6043
319938447.8,320159372.4,1698965340,0.6044,0.6044
320155312.1,320179213.6,1698965400,0.6044,0.6048
320199398.2,320209935.2,1698965460,0.6049,0.604
320216901.1,320223409.1,1698965520,0.6041,0.6043
320236034.6,320230580.3,1698965580,0.6042,0.6044
320225579.2,320194312.4,1698965640,0.6044,0.604
320214687.7,320214687.7,1698965700,0.6039,0.6039
320238369.5,320219865.1,1698965760,0.604,0.6047
320271417.9,320515987.5,1698965820,0.6047,0.6051
320554787.9,320561887.4,1698965880,0.605,0.605
320556353,320576510.3,1698965940,0.6051,0.6043
320568584.3,320503868.8,1698966000,0.6042,0.6038
320467816.6,320469552.6,1698966060,0.6039,0.6038
320397360.2,320301015.4,1698966120,0.6037,0.6043
320275672.5,320286717.3,1698966180,0.6044,0.6045
320305762.8,320355710.8,1698966240,0.6045,0.6047
320430908.7,320441422.6,1698966300,0.6046,0.6052
320732475,320773569,1698966360,0.6051,0.6057
320879924,320901904.4,1698966420,0.6057,0.6049
320954932,320937193.8,1698966480,0.6049,0.604
321479976.7,321551392.7,1698966540,0.604,0.6044
321454640.8,321469296.9,1698966600,0.6044,0.6042
321450939.9,321460246.9,1698966660,0.6043,0.6036
321425887.5,321431312.5,1698966720,0.6036,0.6046
321402185.3,321331640.3,1698966780,0.6046,0.6052
321419595.6,321389886.7,1698966840,0.6051,0.6054
321380269.5,321373035,1698966900,0.6054,0.6056
321362506.5,321337903.1,1698966960,0.6055,0.6059
321370357.1,321394585.4,1698967020,0.6058,0.6068
321460587.3,321460587.3,1698967080,0.6068,0.6059
321480636.2,321471351.8,1698967140,0.6059,0.6062
321467198.6,321419022.7,1698967200,0.6062,0.606
321448623.3,321464952.6,1698967260,0.6059,0.6064
321502098.9,321532188.6,1698967320,0.6063,0.6065
321532214.8,321540497.5,1698967380,0.6066,0.6066
321538277.4,321414709.8,1698967440,0.6066,0.6062
321383626.4,321381715.1,1698967500,0.6061,0.6066
321409291.1,321434374.6,1698967560,0.6065,0.606
321432971.7,321447147.1,1698967620,0.606,0.6059
321420343.3,321418345.1,1698967680,0.6059,0.6056
321386201.3,321410707.1,1698967740,0.6057,0.6061
321420891.5,321417474.2,1698967800,0.6061,0.6062
321459615.8,321441112.5,1698967860,0.6062,0.6066
321403546.7,321446142,1698967920,0.6065,0.6064
321439125.1,321394446,1698967980,0.6064,0.6063
321422665.9,321432333.9,1698968040,0.6062,0.6064
321386648.4,321145555.4,1698968100,0.6063,0.6052
321105169.7,321046831.2,1698968160,0.6053,0.6056
321214420.6,321226227.4,1698968220,0.6057,0.6061
321155400.6,321163473.8,1698968280,0.6061,0.6058
321171108.5,321171108.5,1698968340,0.6057,0.6057
321180326.6,321151200.3,1698968400,0.6056,0.606
321137189.5,321127613.4,1698968460,0.606,0.606
321138406.9,321166984.4,1698968520,0.606,0.6062
321166416.1,321170854.7,1698968580,0.6062,0.6058
321109280.3,321115127.6,1698968640,0.6059,0.6058
321127995.3,321075252.7,1698968700,0.6059,0.6064
321127156.2,321117325.6,1698968760,0.6064,0.6064
321035082,320869757.3,1698968820,0.6064,0.6064
320876778.5,320908020.1,1698968880,0.6063,0.6071
320945401.1,320860765,1698968940,0.6071,0.6073
320900946.7,320928580.2,1698969000,0.6073,0.6071
321004739,320973473.1,1698969060,0.6071,0.607
320977902.8,320953376.5,1698969120,0.6069,0.6066
320991930.7,320955867,1698969180,0.6066,0.6066
321403016.7,321439865.8,1698969240,0.6066,0.6064
321763302.5,321772776.3,1698969300,0.6064,0.6066
321770114.4,321800086,1698969360,0.6067,0.6064
321925930.9,321784932.7,1698969420,0.6064,0.606
321836814,321798358.2,1698969480,0.6061,0.6059
321816105.3,321839989,1698969540,0.6059,0.6057
321852719.5,321823700.5,1698969600,0.6058,0.6051
321839810.8,321839810.8,1698969660,0.6051,0.6051
321788019.4,321878906.2,1698969720,0.6051,0.6049
321846723.2,321863691,1698969780,0.6049,0.605
321883147.3,321894889.2,1698969840,0.605,0.6045
321915809.1,321865412.3,1698969900,0.6044,0.6046
321859531.7,321817186.5,1698969960,0.6045,0.6036
321808174.8,321560548.2,1698970020,0.6036,0.6043
321651912.9,321793892,1698970080,0.6043,0.6034
321841674,321716468.3,1698970140,0.6034,0.6033
321689686.8,321515669.3,1698970200,0.6033,0.6044
321516941.7,321494906.4,1698970260,0.6044,0.6055
321462000.2,321450975.5,1698970320,0.6056,0.6057
321372782,321373417.8,1698970380,0.6057,0.6046
321388404.5,321404746.6,1698970440,0.6045,0.604
321402966.3,321429524.8,1698970500,0.6041,0.6037
321384249.3,321405793.7,1698970560,0.6038,0.6044
321433857.9,321465701.4,1698970620,0.6045,0.6035
321369645.9,321350749.7,1698970680,0.6035,0.6038
321431564.2,321462476.3,1698970740,0.6039,0.6044
321483938.3,321523641,1698970800,0.6044,0.6042
321548180.5,321535108.8,1698970860,0.6042,0.6039
321534162.9,321513976,1698970920,0.6039,0.6036
321520765.9,321532067.9,1698970980,0.6036,0.6038
321538171.4,321538171.4,1698971040,0.6038,0.6031
321363413,321366368,1698971100,0.6031,0.603
321158232.6,320991889.3,1698971160,0.603,0.6021
321092732.6,321082810.9,1698971220,0.6022,0.6021
321332664.2,321288605.6,1698971280,0.6022,0.6022
321309286.6,321479803.1,1698971340,0.6021,0.6018
321453208.7,321434886.1,1698971400,0.6018,0.6023
321355520.7,320924013.1,1698971460,0.6023,0.6016
320995249.9,321012158,1698971520,0.6016,0.6018
321119211,321228144,1698971580,0.6018,0.601
321270235.4,321154762.2,1698971640,0.601,0.5998
321409382.2,321455614.6,1698971700,0.5998,0.5996
321489153.8,321413108.3,1698971760,0.5996,0.6001
321604299.1,321559664.7,1698971820,0.6002,0.6004
321526964.6,321693158.8,1698971880,0.6003,0.5996
321701173.2,321716343.6,1698971940,0.5996,0.6007
321831879.7,321824407.2,1698972000,0.6007,0.6007
321898626.9,322024768.9,1698972060,0.6007,0.6005
321975968.2,321973366.7,1698972120,0.6005,0.5998
321973969,322020540.2,1698972180,0.5999,0.601
321920257.1,321835274.5,1698972240,0.6009,0.6009
321638417.7,321504453.2,1698972300,0.6009,0.6017
321508160.6,321586033,1698972360,0.6017,0.6012
321592242.7,321737456.4,1698972420,0.6012,0.6002
321732745.2,321677917.4,1698972480,0.6002,0.5992
321491209.3,321459628.5,1698972540,0.5993,0.5993
321468330.8,321468330.8,1698972600,0.5994,0.5993
321502503.6,320630022.1,1698972660,0.5993,0.5984
320592600.4,320376113.1,1698972720,0.5984,0.5991
320510467,320866812,1698972780,0.599,0.5977
320457227.2,320545217,1698972840,0.5977,0.5983
320668040.5,320672390.2,1698972900,0.5983,0.5976
320719658.6,321014444.1,1698972960,0.5976,0.597
320849214.2,321049206.7,1698973020,0.597,0.598
321429238.4,321375388.3,1698973080,0.5979,0.5979
321345988.5,321457932.1,1698973140,0.598,0.5983
321640922.5,321524858.8,1698973200,0.5983,0.5983
321618766,321452470.1,1698973260,0.5984,0.5979
321443090.1,321412921,1698973320,0.598,0.5979
321342404.9,321336205.1,1698973380,0.5979,0.5987
321320536.2,321188918.7,1698973440,0.5987,0.5971
320957610.5,320796191.4,1698973500,0.5972,0.5974
320745008.3,320781852.8,1698973560,0.5974,0.5978
320793793.1,320837768.3,1698973620,0.5977,0.5986
320966171.6,321069021.4,1698973680,0.5986,0.5983
321088338.4,321139766.4,1698973740,0.5984,0.5981
321144791.6,321138524.3,1698973800,0.5982,0.5986
321162212.5,321333602.5,1698973860,0.5985,0.5977
321270587.7,321270587.7,1698973920,0.5977,0.5975
321278997.8,321355938.5,1698973980,0.5975,0.5972
321367582.5,321325198.5,1698974040,0.5972,0.5964
321268235.4,321507222.1,1698974100,0.5964,0.5955
321512803.2,321803418.8,1698974160,0.5954,0.5946
321815178.5,321800245.8,1698974220,0.5946,0.5948
321972361.2,321636718.2,1698974280,0.5948,0.5917
321219107.9,321399589.8,1698974340,0.5916,0.593
321560666.6,321567472.4,1698974400,0.593,0.5941
321638380.7,321744218.7,1698974460,0.594,0.5945
321730042.9,321994355.5,1698974520,0.5945,0.5943
321942050.1,322150776.5,1698974580,0.5943,0.5949
322145467.6,322268709.9,1698974640,0.5948,0.5952
322366767.6,322406469.7,1698974700,0.5953,0.5953
322360255.2,322357407.6,1698974760,0.5953,0.5963
322347613.1,322418797.1,1698974820,0.5963,0.5967
322298123.4,322313980.8,1698974880,0.5968,0.5967
322298867.8,322195815.9,1698974940,0.5968,0.5974
322172985,322104015.3,1698975000,0.5974,0.5975
321985314.1,321981075.2,1698975060,0.5975,0.5982
321932141.9,321833041.1,1698975120,0.5981,0.5983
321830911.7,321823307.4,1698975180,0.5982,0.5984
321792415,321745449.5,1698975240,0.5985,0.5982
321773764.9,321773764.9,1698975300,0.5982,0.5979
321821122.9,321594699.1,1698975360,0.5979,0.5963
321624422.5,321497104.4,1698975420,0.5964,0.5967
321490797,321309285.7,1698975480,0.5967,0.597
321202625,321274898.1,1698975540,0.5969,0.5966
321322301.2,321339919.9,1698975600,0.5966,0.596
321264891.7,321264214.9,1698975660,0.596,0.596
321380959.2,321344992.3,1698975720,0.596,0.5961
321349754.8,321384253.6,1698975780,0.5962,0.5966
321524188.6,321639211.8,1698975840,0.5966,0.5964
321694853.9,321711837.6,1698975900,0.5964,0.5953
321706872.5,321883087.7,1698975960,0.5953,0.5952
321703978.8,321689356.8,1698976020,0.5952,0.5959
321706827,321763764.8,1698976080,0.5959,0.5958
321776721.1,321747020.6,1698976140,0.5957,0.5954
321724873.2,321752165.6,1698976200,0.5953,0.5949
321741211.1,321688091.9,1698976260,0.5949,0.5939
321651065.2,321519530,1698976320,0.5938,0.5934
321601716.5,321612163.9,1698976380,0.5935,0.5944
321595191.6,321660392.5,1698976440,0.5943,0.5955
321660703.4,322053688.2,1698976500,0.5955,0.5946
322071031.9,322086577.3,1698976560,0.5945,0.5946
322076028.7,322094475,1698976620,0.5946,0.5952
322129329.6,322207606.9,1698976680,0.5953,0.5954
322231065.8,322283065.3,1698976740,0.5955,0.5955
322344674.1,322344674.1,1698976800,0.5955,0.5946
322360548.7,322310571.3,1698976860,0.5947,0.5951
322341089.1,322276615,1698976920,0.5951,0.5962
322439362.5,322385672,1698976980,0.5961,0.5965
322577712.4,323183852.1,1698977040,0.5964,0.5968
322973580.5,322919593.5,1698977100,0.5968,0.5964
322928842.6,322895168.9,1698977160,0.5964,0.5957
322785008,322842373.1,1698977220,0.5957,0.5959
322870597.7,322844418.5,1698977280,0.596,0.5955
322846894,322896244.2,1698977340,0.5954,0.5956
322911338.5,322941996.8,1698977400,0.5956,0.5957
322921749.2,322926496.9,1698977460,0.5956,0.5956
322919184.3,322916807.4,1698977520,0.5957,0.5952
322923981,322946021.3,1698977580,0.5952,0.5954
322981842.4,322994311.5,1698977640,0.5955,0.5955
322954935.2,322967157.9,1698977700,0.5956,0.5954
322963094.1,323087457.1,1698977760,0.5954,0.5961
323122894.9,323209211.7,1698977820,0.5962,0.5966
323230570.3,323217322.5,1698977880,0.5965,0.5968
323221116.4,323231896.9,1698977940,0.5968,0.597
323248818.5,323378113,1698978000,0.597,0.5971
323427065,323521601.5,1698978060,0.597,0.5969
323696396.4,323692649.8,1698978120,0.597,0.5967
323766893.8,323761582.7,1698978180,0.5967,0.5966
323723040.8,323799136.9,1698978240,0.5965,0.5968
323788026.1,323799097.8,1698978300,0.5968,0.5972
323740690.3,323726945.7,1698978360,0.5972,0.5971
323704584.6,323704584.6,1698978420,0.5971,0.597
323715662.2,323740989.4,1698978480,0.597,0.5975
323655180,323636209.6,1698978540,0.5975,0.5975
323608863,323627120,1698978600,0.5974,0.5972
323591719.3,323596300.4,1698978660,0.5972,0.5976
323590100.8,323572255.7,1698978720,0.5975,0.5976
323547979.7,323517328.2,1698978780,0.5975,0.5973
323483438.1,323427198.7,1698978840,0.5973,0.597
323369994.2,323389970.6,1698978900,0.597,0.5971
323262015,323155360.6,1698978960,0.5971,0.5966
323145798.5,323106632.9,1698979020,0.5965,0.5967
323135324.2,323135971.9,1698979080,0.5967,0.5968
323145628.6,323170479.2,1698979140,0.5967,0.5973
323135428.6,322863623.6,1698979200,0.5973,0.5968
322846359.8,322796762,1698979260,0.5969,0.5971
322796360.1,322676236,1698979320,0.5971,0.5976
322708586.3,322695375.4,1698979380,0.5977,0.5979
322677366.2,322729780.4,1698979440,0.5979,0.5978
322795547.5,322796086.1,1698979500,0.5978,0.5981
322880577.2,322839180.8,1698979560,0.598,0.5982
322817703.2,322796791.2,1698979620,0.5982,0.5981
322831596.7,322832479,1698979680,0.5981,0.5983
322782005.6,322806096.8,1698979740,0.5983,0.5989
322806596.9,322781287.3,1698979800,0.5989,0.5986
322888766.6,322905591.8,1698979860,0.5986,0.5984
322917989.5,322917989.5,1698979920,0.5984,0.5987
322976915.8,322897360.5,1698979980,0.5987,0.5983
322877205,322877205,1698980040,0.5983,0.5982
322912726.2,322840531.6,1698980100,0.5982,0.5986
322852256.5,322915569.4,1698980160,0.5987,0.598
322912116.7,323075328.2,1698980220,0.598,0.5985
323074459.8,323093330.3,1698980280,0.5984,0.5987
322962289.9,322983015.5,1698980340,0.5987,0.5987
323024327.1,323031274.5,1698980400,0.5987,0.5987
323006711.6,323028384.9,1698980460,0.5988,0.5984
322992317.6,322987016.7,1698980520,0.5984,0.5986
322987137.3,323006497.2,1698980580,0.5985,0.5985
323026129.1,323010008.2,1698980640,0.5985,0.5981
322974893.9,322549139.8,1698980700,0.5981,0.5974
322538555.4,322546654.8,1698980760,0.5973,0.598
322556903.4,322474666.8,1698980820,0.5979,0.5982
322442390.7,322451165.5,1698980880,0.5982,0.5979
322446028.1,322456301.3,1698980940,0.5978,0.5976
322388224,322306142.6,1698981000,0.5976,0.5981
322269726.5,322274248.5,1698981060,0.5982,0.5981
322247464.3,322268711.3,1698981120,0.5982,0.5978
322295812.6,322351675.5,1698981180,0.5978,0.5974
322302850.7,322328620.4,1698981240,0.5974,0.5978
322324688.9,322291515.1,1698981300,0.5978,0.5983
322353831.9,322353831.9,1698981360,0.5983,0.5985
322381738.8,322404031.3,1698981420,0.5984,0.5985
322447740.1,322453916.1,1698981480,0.5985,0.5986
322445350.6,322470472.9,1698981540,0.5987,0.5992
322523914.1,322733882.4,1698981600,0.5993,0.5993
322702060.4,322695973.7,1698981660,0.5993,0.5994
322865184.3,322924681.3,1698981720,0.5995,0.5992
322928969.9,322962601.2,1698981780,0.5993,0.5988
322965302.7,322931561.5,1698981840,0.5987,0.5984
322862040.4,322895082.6,1698981900,0.5985,0.5994
322932102.9,322927806.5,1698981960,0.5994,0.5993
322953337.5,322967853,1698982020,0.5992,0.5993
323005681.6,323159902.7,1698982080,0.5993,0.5988
323150101.3,323130225.2,1698982140,0.5988,0.5994
323228547.5,323253829.5,1698982200,0.5994,0.5995
323265068.2,323715791,1698982260,0.5995,0.5997
323989771.6,324001805.7,1698982320,0.5998,0.5998
324026647.2,324060771.7,1698982380,0.5997,0.5996
324070700.6,324067540.6,1698982440,0.5995,0.5997
324084183.1,324109188.1,1698982500,0.5997,0.6
324117146.4,324145058.9,1698982560,0.5999,0.5995
324181479.2,324208402.5,1698982620,0.5994,0.5993
324205935.1,324538474.8,1698982680,0.5994,0.5993
324554018.6,324564837.7,1698982740,0.5994,0.5996
324580258.3,324573831.9,1698982800,0.5996,0.5998
324582606.5,324582606.5,1698982860,0.5998,0.5997
324624834.3,324643508.1,1698982920,0.5997,0.6
324650434.6,324649767.6,1698982980,0.6,0.5999
324577603.8,324626455.7,1698983040,0.5999,0.6005
324591489.8,324601998.1,1698983100,0.6004,0.6005
324620298.7,324654746.7,1698983160,0.6005,0.6006
324483798,324461292,1698983220,0.6006,0.6002
324479188.7,324486120.4,1698983280,0.6003,0.6004
324487429.8,324478748.7,1698983340,0.6004,0.6006
324483037.7,324473431.6,1698983400,0.6007,0.601
324438826.3,324667098.2,1698983460,0.601,0.6013
324723101.4,324720151.9,1698983520,0.6012,0.6014
324453986.2,324456346.5,1698983580,0.6014,0.6013
324463558.2,324506277.8,1698983640,0.6012,0.6014
324531906.9,324557494,1698983700,0.6013,0.6012
324563312.1,324459148.5,1698983760,0.6012,0.6017
325430142.7,325469565.9,1698983820,0.6017,0.6012
325514959.4,325606969.9,1698983880,0.6011,0.6013
325711438,325875532.9,1698983940,0.6012,0.601
325842036,325833026.8,1698984000,0.601,0.6009
325810198,326197570.2,1698984060,0.6009,0.6016
326304240.4,326334641.6,1698984120,0.6015,0.6014
326355787.9,326418902.9,1698984180,0.6013,0.601
326410920.2,326410920.2,1698984240,0.601,0.6013
326516243.3,326525097.3,1698984300,0.6013,0.6009
326563379.9,326354679.3,1698984360,0.6009,0.6004
326316819.7,326347116.9,1698984420,0.6004,0.6
326217092.2,326269993.3,1698984480,0.6,0.6005
326271228.1,326300011.7,1698984540,0.6005,0.6009
326273794.1,326282139.1,1698984600,0.6009,0.6009
326240024.8,326809174.8,1698984660,0.601,0.6013
326682260.1,326689695.7,1698984720,0.6013,0.6015
326676457.1,326692072.7,1698984780,0.6014,0.6011
326739803,326770962.4,1698984840,0.601,0.6001
326682620.4,326680697.6,1698984900,0.6002,0.6005
326723267.9,326671301.5,1698984960,0.6005,0.6003
326618050,326606666.8,1698985020,0.6003,0.6004
326606206.1,326536828.5,1698985080,0.6004,0.5998
326536807.2,326510829.2,1698985140,0.5997,0.5998
326540421.3,326537683.8,1698985200,0.5997,0.5996
326573481.2,326577899,1698985260,0.5997,0.5999
327089325.9,327032751.6,1698985320,0.5999,0.6003
327018299,327088645,1698985380,0.6004,0.5999
327133640.5,327083193.8,1698985440,0.5998,0.5997
327077917.4,327076889.4,1698985500,0.5997,0.5996
327053415.6,327073049.6,1698985560,0.5996,0.5994
327102272.5,327326740.8,1698985620,0.5994,0.5997
327297454.7,327297175.5,1698985680,0.5998,0.5996
327152068.2,327115162.2,1698985740,0.5996,0.5994
327143265.1,327170373.4,1698985800,0.5993,0.5995
327173545.9,327153469.7,1698985860,0.5995,0.5994
327138666,327138666,1698985920,0.5994,0.5997
327123669.7,327125392.1,1698985980,0.5997,0.5991
327116984.2,327087085.8,1698986040,0.5992,0.5984
326985849.2,326902953.1,1698986100,0.5984,0.5979
326855601.9,326996249.5,1698986160,0.5978,0.598
326986853,327010839.6,1698986220,0.598,0.5984
326732351.1,326765360.7,1698986280,0.5984,0.5981
326661050,326592360.2,1698986340,0.5981,0.5973
326518282,326070855.3,1698986400,0.5973,0.5971
326142671.2,326070605.2,1698986460,0.5971,0.5973
325975732.2,325833428.7,1698986520,0.5974,0.5969
325785082.8,325706072.6,1698986580,0.5968,0.5964
325718733.7,325596843.4,1698986640,0.5965,0.5961
325718910.7,325721210.5,1698986700,0.596,0.5957
325652085,325720489.9,1698986760,0.5957,0.5952
325890078.6,325961838.9,1698986820,0.5952,0.5956
325768835.6,325579877.4,1698986880,0.5957,0.5945
325632852.8,325752582.7,1698986940,0.5944,0.5955
325739191.1,325731406.9,1698987000,0.5956,0.5961
325727642,325549683.6,1698987060,0.5962,0.596
325502090.7,325512676.2,1698987120,0.5961,0.5969
324610619.4,324610619.4,1698987180,0.5969,0.5957
324418813.1,324420524.2,1698987240,0.5957,0.5932
325479894,325624563.7,1698987300,0.5932,0.5938
325653769.8,325758011.9,1698987360,0.5938,0.5939
325399113.6,325402511.6,1698987420,0.5938,0.5938
325412278.6,325455695.1,1698987480,0.5939,0.5943
325352325.7,325346465.1,1698987540,0.5942,0.5943
325424506.1,325431852.7,1698987600,0.5944,0.5944
325476512.4,325475266.7,1698987660,0.5944,0.5955
325578966.6,325549531.1,1698987720,0.5955,0.5948
325560986.3,325560986.3,1698987780,0.5948,0.5947
