"OI_open","OI_close","timestamp","price_open","price_close"
102438113,102434449,1698212640,0.6323,0.6318
102405710,102433477,1698212700,0.6319,0.6331
102438685,102438380,1698212760,0.6332,0.6322
102457822,102264238,1698212820,0.6321,0.631
102207807,102179839,1698212880,0.6311,0.6309
102158200,102107416,1698212940,0.6309,0.6318
102117843,102135775,1698213000,0.6318,0.6316
102153899,102148785,1698213060,0.6315,0.6321
102150517,102133554,1698213120,0.6322,0.6322
102134928,102137875,1698213180,0.6322,0.6323
102090930,102068469,1698213240,0.6324,0.6328
102157383,102172709,1698213300,0.6328,0.633
102172709,102157760,1698213360,0.6331,0.6328
102165293,102177171,1698213420,0.6328,0.6326
102182121,102177482,1698213480,0.6326,0.6328
102177473,102144751,1698213540,0.6328,0.6321
102141850,102129424,1698213600,0.6321,0.6322
102124238,102123478,1698213660,0.6323,0.6328
102090186,102089447,1698213720,0.6327,0.6326
102089573,102085763,1698213780,0.6326,0.633
102066925,102066210,1698213840,0.6329,0.6334
102003497,101968932,1698213900,0.6333,0.6327
101970314,101976206,1698213960,0.6327,0.6331
101967138,101935563,1698214020,0.6332,0.6334
101933280,101926190,1698214080,0.6333,0.633
101928778,101919131,1698214140,0.633,0.6337
101866204,101867334,1698214200,0.6337,0.6339
101872861,101928272,1698214260,0.634,0.634
101891547,101886496,1698214320,0.634,0.6344
101901132,101889226,1698214380,0.6344,0.6346
101896667,101900427,1698214440,0.6345,0.6343
101921827,101903684,1698214500,0.6344,0.6348
101896181,101893191,1698214560,0.6348,0.6352
101885348,101858656,1698214620,0.6352,0.6346
101850741,101855607,1698214680,0.6346,0.6343
101855048,101857272,1698214740,0.6342,0.6338
101859873,101877574,1698214800,0.6339,0.6332
101877324,101868391,1698214860,0.6331,0.6331
101862407,101806471,1698214920,0.633,0.6339
101794483,101785035,1698214980,0.6339,0.6336
101800377,101794253,1698215040,0.6335,0.6337
101744963,101735681,1698215100,0.6338,0.6341
101720406,101711878,1698215160,0.6342,0.6338
101712174,101718323,1698215220,0.6338,0.634
101719363,101706544,1698215280,0.6341,0.6349
101719138,101705003,1698215340,0.6348,0.6343
101725762,101735656,1698215400,0.6344,0.6349
101758080,101726367,1698215460,0.635,0.6343
101729872,101722387,1698215520,0.6343,0.6347
101721650,101737882,1698215580,0.6346,0.6339
101745428,101730111,1698215640,0.6338,0.6335
101725695,101668524,1698215700,0.6335,0.6342
101668723,101729737,1698215760,0.6341,0.6345
101723185,101721205,1698215820,0.6345,0.6342
101731259,101723613,1698215880,0.6342,0.6339
101728835,101724109,1698215940,0.634,0.6337
101680685,101681778,1698216000,0.6338,0.6343
101681199,101694395,1698216060,0.6342,0.6335
101713743,101704513,1698216120,0.6334,0.6332
101693147,101684010,1698216180,0.6332,0.6329
101683229,101669521,1698216240,0.6329,0.6332
101655805,101655381,1698216300,0.6331,0.6331
101658874,101644963,1698216360,0.633,0.6324
101652576,101652576,1698216420,0.6323,0.6324
101689238,101696137,1698216480,0.6324,0.6329
101705597,101693014,1698216540,0.6329,0.6329
101697848,101694003,1698216600,0.6329,0.6319
101695070,101711144,1698216660,0.632,0.6319
101703299,101706537,1698216720,0.6318,0.6317
101653837,101644942,1698216780,0.6316,0.6316
101555697,101555697,1698216840,0.6317,0.6315
101555023,101552373,1698216900,0.6314,0.6315
101561920,101569549,1698216960,0.6315,0.6312
101581116,101587912,1698217020,0.6312,0.632
101571364,101563205,1698217080,0.632,0.6313
101552138,101559911,1698217140,0.6314,0.6317
101553452,101610920,1698217200,0.6316,0.6326
101649954,101647200,1698217260,0.6325,0.6323
101650237,101621526,1698217320,0.6324,0.6327
101626421,101621945,1698217380,0.6326,0.6337
101624563,101650906,1698217440,0.6337,0.6322
101687894,101764835,1698217500,0.6322,0.631
101764511,101825143,1698217560,0.631,0.6322
101807827,101808184,1698217620,0.6323,0.6324
101791419,101788264,1698217680,0.6323,0.6319
101764026,101760617,1698217740,0.6319,0.6317
101765952,101773772,1698217800,0.6318,0.6313
101776531,101745477,1698217860,0.6314,0.6305
101740997,101720799,1698217920,0.6304,0.6299
101608451,101602530,1698217980,0.6299,0.6295
101483987,101489051,1698218040,0.6294,0.6299
101490550,101466221,1698218100,0.6299,0.6294
101307184,101310191,1698218160,0.6293,0.6296
101329480,101343548,1698218220,0.6295,0.6291
101316774,101316774,1698218280,0.6292,0.6298
101385998,101411911,1698218340,0.6299,0.6291
101415927,101400088,1698218400,0.6291,0.6292
101389649,101378480,1698218460,0.6292,0.6277
101250000,101283661,1698218520,0.6276,0.6259
101265390,101268673,1698218580,0.6259,0.6264
101336519,101421653,1698218640,0.6265,0.6274
101415856,101415113,1698218700,0.6274,0.6274
101403315,101306477,1698218760,0.6274,0.6264
101335537,101342438,1698218820,0.6264,0.626
101333589,101328737,1698218880,0.626,0.625
101342378,101276816,1698218940,0.625,0.6234
101423024,101414897,1698219000,0.6234,0.6234
101806808,101844780,1698219060,0.6234,0.6249
101993656,102025820,1698219120,0.6249,0.6251
102012293,102037889,1698219180,0.6251,0.6243
102036461,101965084,1698219240,0.6242,0.6243
102052717,102168348,1698219300,0.6242,0.624
102299520,102320319,1698219360,0.624,0.6245
102322654,102382417,1698219420,0.6244,0.6237
102399675,102612780,1698219480,0.6237,0.6238
102571785,102623494,1698219540,0.6239,0.6237
102621039,102691118,1698219600,0.6236,0.6244
102710075,102675846,1698219660,0.6245,0.6234
102696238,102747347,1698219720,0.6234,0.6228
102839004,103131272,1698219780,0.6228,0.6217
103140527,103159453,1698219840,0.6216,0.6221
103171567,103046240,1698219900,0.622,0.6215
103140660,102995361,1698219960,0.6215,0.6188
102965446,102887192,1698220020,0.6188,0.6188
102868118,102818296,1698220080,0.6188,0.6188
102818338,102759813,1698220140,0.6188,0.6191
102749344,102763738,1698220200,0.6191,0.6189
102739277,102805793,1698220260,0.619,0.6185
102698970,102675700,1698220320,0.6184,0.618
102672424,102664114,1698220380,0.618,0.6194
102698491,102736883,1698220440,0.6194,0.6193
102754209,102754415,1698220500,0.6193,0.6194
102798000,102807046,1698220560,0.6194,0.619
102852068,102871231,1698220620,0.619,0.619
102867328,102864114,1698220680,0.6191,0.6197
102857606,102856503,1698220740,0.6197,0.6189
102888051,102881809,1698220800,0.6189,0.6208
102931630,102938905,1698220860,0.6207,0.6201
102964990,102954391,1698220920,0.6202,0.6192
102928794,102860504,1698220980,0.6192,0.6169
102878625,102863479,1698221040,0.6169,0.6175
102857745,102867095,1698221100,0.6175,0.6178
102870513,102811954,1698221160,0.6179,0.6171
102773099,102510688,1698221220,0.6172,0.6158
102575071,102629995,1698221280,0.6158,0.616
102584926,102595936,1698221340,0.616,0.6156
102622932,102692017,1698221400,0.6155,0.6161
102681308,102693545,1698221460,0.6161,0.6162
102735014,102734786,1698221520,0.6163,0.6164
102734717,102770512,1698221580,0.6164,0.6149
102776901,102777887,1698221640,0.615,0.6152
102877347,102869409,1698221700,0.6153,0.6164
102942357,102958763,1698221760,0.6164,0.6175
102923896,103101813,1698221820,0.6175,0.6176
103030650,103026294,1698221880,0.6175,0.6175
103030475,103030777,1698221940,0.6174,0.6179
102986517,102997048,1698222000,0.6179,0.6171
102998489,102937246,1698222060,0.617,0.6175
102937752,102954231,1698222120,0.6175,0.6172
102981021,102981119,1698222180,0.6172,0.6178
102981573,102979926,1698222240,0.6178,0.6184
102981930,102995382,1698222300,0.6184,0.6187
103010479,103000616,1698222360,0.6186,0.6182
103024377,103032195,1698222420,0.6181,0.6179
103051928,103061007,1698222480,0.618,0.6185
103062185,103091601,1698222540,0.6184,0.618
103082486,103072392,1698222600,0.6181,0.6187
103070760,103152189,1698222660,0.6187,0.6192
103185520,103157147,1698222720,0.6192,0.6195
103164765,103143271,1698222780,0.6196,0.6194
103148801,103161046,1698222840,0.6194,0.6201
103136965,103061660,1698222900,0.6201,0.6201
103026391,102951137,1698222960,0.6202,0.6201
102944725,102940571,1698223020,0.6201,0.6202
102958502,103024690,1698223080,0.6203,0.6211
103156209,103131478,1698223140,0.621,0.621
103235578,103291092,1698223200,0.6211,0.6202
103297479,103297594,1698223260,0.6203,0.6207
103342434,103353782,1698223320,0.6208,0.6211
103349801,103349801,1698223380,0.6212,0.6208
103367287,103355748,1698223440,0.6209,0.6203
103327168,103310856,1698223500,0.6202,0.6197
103317762,103327345,1698223560,0.6198,0.6206
103418207,103418936,1698223620,0.6205,0.6203
103476337,103489284,1698223680,0.6203,0.6209
103502148,103510178,1698223740,0.621,0.6202
103520213,103564606,1698223800,0.6202,0.6207
103605830,103634962,1698223860,0.6206,0.6202
103625093,103646671,1698223920,0.6204,0.6203
103673355,103631048,1698223980,0.6203,0.6198
103624680,103679730,1698224040,0.6197,0.6198
103691512,103709102,1698224100,0.6198,0.6205
103701670,103705549,1698224160,0.6206,0.6203
103727535,103723234,1698224220,0.6203,0.6201
103728793,103728488,1698224280,0.62,0.6204
103755473,103773956,1698224340,0.6205,0.6209
103757467,103751788,1698224400,0.6208,0.6195
103664061,103723981,1698224460,0.6195,0.6196
103716678,103738327,1698224520,0.6196,0.6198
103753621,103747585,1698224580,0.6197,0.6206
103778311,103782880,1698224640,0.6205,0.6206
103785796,103786316,1698224700,0.6206,0.6209
103781205,103767483,1698224760,0.6208,0.6212
103762956,103702817,1698224820,0.6211,0.6214
103700746,103694558,1698224880,0.6215,0.622
103688134,103762564,1698224940,0.622,0.6225
103765349,103769215,1698225000,0.6225,0.6227
103777835,103832438,1698225060,0.6227,0.6229
103794827,103726306,1698225120,0.623,0.6227
103738546,103762319,1698225180,0.6227,0.6233
103782092,103700889,1698225240,0.6233,0.6239
103678228,103681035,1698225300,0.6239,0.6248
103680574,103651450,1698225360,0.6248,0.6248
103654608,103684463,1698225420,0.6247,0.6242
103669941,103657103,1698225480,0.6241,0.6233
103651260,103662551,1698225540,0.6234,0.6234
103660996,103668586,1698225600,0.6235,0.6238
103673780,103659384,1698225660,0.6237,0.6234
103694067,103681852,1698225720,0.6233,0.6232
103689267,103672448,1698225780,0.6233,0.6235
103669532,103682934,1698225840,0.6235,0.6235
103645475,103465373,1698225900,0.6234,0.6238
103458835,103471059,1698225960,0.6239,0.6247
103485455,103498757,1698226020,0.6246,0.6243
103500340,103479367,1698226080,0.6244,0.625
103473172,103479189,1698226140,0.6251,0.6264
103484624,103500671,1698226200,0.6263,0.6252
103493491,103505724,1698226260,0.6252,0.6256
103461619,103467494,1698226320,0.6256,0.625
103532988,103514861,1698226380,0.6251,0.6257
103509477,103565769,1698226440,0.6257,0.626
103583527,103630722,1698226500,0.626,0.6269
103662275,103659235,1698226560,0.6269,0.6274
103656289,103697274,1698226620,0.6273,0.6255
103674328,103670346,1698226680,0.6255,0.6254
103647889,103643914,1698226740,0.6254,0.6245
103619185,103619185,1698226800,0.6246,0.6242
103579426,103525769,1698226860,0.6241,0.6242
103532690,103644254,1698226920,0.6243,0.6248
103649387,103652352,1698226980,0.6248,0.6251
103643279,103647865,1698227040,0.6251,0.6256
103680066,103666424,1698227100,0.6255,0.6253
103655494,103612066,1698227160,0.6254,0.6253
103609988,103605130,1698227220,0.6253,0.6253
103606664,103608766,1698227280,0.6253,0.6247
103610050,103639365,1698227340,0.6248,0.6244
103639783,103633775,1698227400,0.6244,0.6247
103643537,103650817,1698227460,0.6248,0.6243
103659091,103659076,1698227520,0.6243,0.6241
103667121,103678431,1698227580,0.6241,0.6249
103672132,103705426,1698227640,0.625,0.625
103760522,103743707,1698227700,0.6249,0.6252
103737447,103746526,1698227760,0.6252,0.6243
103737904,103734596,1698227820,0.6243,0.6243
103741074,103737356,1698227880,0.6244,0.6243
103758495,103753182,1698227940,0.6244,0.6243
103756265,103792380,1698228000,0.6243,0.6243
103804902,103796225,1698228060,0.6243,0.6239
103796305,103790549,1698228120,0.6239,0.6239
103793762,103859241,1698228180,0.6238,0.6238
103850954,103865454,1698228240,0.6238,0.6236
103868170,103884497,1698228300,0.6236,0.6239
103879603,103870699,1698228360,0.6239,0.6238
103866467,103866271,1698228420,0.6237,0.6235
103869971,103863942,1698228480,0.6236,0.6242
103860710,103853584,1698228540,0.6242,0.6238
103850279,103849992,1698228600,0.6237,0.6239
103868769,103872837,1698228660,0.6239,0.6244
103875529,103882716,1698228720,0.6243,0.624
103880638,103878317,1698228780,0.624,0.6245
103818767,103869950,1698228840,0.6246,0.6245
103878386,103877003,1698228900,0.6246,0.6241
103883982,103840985,1698228960,0.6242,0.6258
103841771,103804820,1698229020,0.6258,0.6265
103797254,103849454,1698229080,0.6265,0.6252
103847196,103857766,1698229140,0.6252,0.6257
103866742,103866272,1698229200,0.6257,0.6259
103872237,103867664,1698229260,0.6259,0.626
103875073,103869262,1698229320,0.6259,0.6249
103889140,103809962,1698229380,0.6249,0.624
103816694,103816694,1698229440,0.624,0.6246
103833836,103835329,1698229500,0.6246,0.6247
103834852,103933376,1698229560,0.6247,0.6257
103904229,103905161,1698229620,0.6257,0.6261
104022472,104070548,1698229680,0.6262,0.6263
104118697,104165635,1698229740,0.6263,0.6269
104165151,104406604,1698229800,0.6268,0.6274
104407528,104422544,1698229860,0.6274,0.6262
104424823,104405241,1698229920,0.6262,0.6264
104430660,104427185,1698229980,0.6264,0.6271
104503464,104498808,1698230040,0.6271,0.6269
104524300,104524517,1698230100,0.6268,0.6261
104527653,104527490,1698230160,0.6261,0.6266
104529500,104541432,1698230220,0.6265,0.6263
104524960,104537413,1698230280,0.6264,0.6269
104546132,104552627,1698230340,0.6269,0.6269
104553734,104583652,1698230400,0.627,0.6264
104585278,104592019,1698230460,0.6264,0.6263
104568389,104574744,1698230520,0.6263,0.6269
104562343,104583236,1698230580,0.6269,0.6276
104598065,104593426,1698230640,0.6277,0.6272
104593599,104585973,1698230700,0.6272,0.6274
104582592,104475728,1698230760,0.6273,0.6263
104462776,104452028,1698230820,0.6262,0.6263
104444307,104448999,1698230880,0.6263,0.6267
104453313,104451268,1698230940,0.6267,0.6274
104447242,104496763,1698231000,0.6275,0.6273
104521295,104522150,1698231060,0.6274,0.6281
104505939,104505939,1698231120,0.6281,0.6274
104508840,104514052,1698231180,0.6274,0.6268
104475188,104477784,1698231240,0.6267,0.6267
104476699,104488434,1698231300,0.6267,0.6267
104502161,104501762,1698231360,0.6268,0.6277
104511950,104509078,1698231420,0.6277,0.628
104533707,104523621,1698231480,0.6281,0.6271
104528283,104508442,1698231540,0.6271,0.6278
105087596,105503110,1698231600,0.6278,0.6274
105497817,105615652,1698231660,0.6275,0.6278
105750576,105713733,1698231720,0.6279,0.6282
105757692,105767078,1698231780,0.6282,0.6268
105377508,105371011,1698231840,0.6268,0.6274
105346823,105313733,1698231900,0.6274,0.6281
105308114,105253390,1698231960,0.6281,0.6284
105229962,105224165,1698232020,0.6285,0.6289
105221025,105241610,1698232080,0.6289,0.6284
105252144,105304177,1698232140,0.6285,0.6289
105273114,105127650,1698232200,0.629,0.6275
105140479,105147632,1698232260,0.6276,0.6273
105147285,105060065,1698232320,0.6272,0.6277
105059652,105042378,1698232380,0.6278,0.6283
105047009,105073495,1698232440,0.6283,0.6283
105086550,105089946,1698232500,0.6284,0.6276
105089266,105093228,1698232560,0.6277,0.6285
105096601,105098037,1698232620,0.6285,0.6291
105070988,105035054,1698232680,0.629,0.6273
105058051,105016739,1698232740,0.6272,0.6266
105038628,104913105,1698232800,0.6267,0.6263
104749582,104966803,1698232860,0.6262,0.6272
104956840,104944525,1698232920,0.6273,0.6272
104913550,104908698,1698232980,0.6273,0.6263
104822210,104808573,1698233040,0.6263,0.6269
104799271,104773430,1698233100,0.6269,0.6272
104781605,104810577,1698233160,0.6271,0.6276
104807795,104815420,1698233220,0.6277,0.6278
104811887,104788029,1698233280,0.6277,0.6267
104737017,104737261,1698233340,0.6268,0.6264
104736385,104696055,1698233400,0.6265,0.6255
104659768,104641305,1698233460,0.6255,0.6261
104650137,104653537,1698233520,0.6261,0.6264
104638150,104601178,1698233580,0.6265,0.626
104578489,104581373,1698233640,0.626,0.6263
104585520,104586033,1698233700,0.6263,0.6265
104619626,104625120,1698233760,0.6264,0.627
104679984,104831994,1698233820,0.6271,0.627
104841333,104839594,1698233880,0.6269,0.6272
104862475,104908813,1698233940,0.6272,0.6273
104912903,104868748,1698234000,0.6273,0.6271
104892071,104900342,1698234060,0.6271,0.626
104925528,104915394,1698234120,0.6259,0.6262
104931104,104949074,1698234180,0.6262,0.6258
104947685,104960985,1698234240,0.6258,0.626
104969039,105036386,1698234300,0.6261,0.6259
105035799,105033704,1698234360,0.6258,0.6259
105022532,105036808,1698234420,0.6259,0.6263
105031914,105031914,1698234480,0.6262,0.6263
105097198,105098385,1698234540,0.6263,0.6259
105082601,105063828,1698234600,0.6258,0.6255
105066202,105060608,1698234660,0.6257,0.6258
105159928,105190282,1698234720,0.6259,0.626
105245875,105307745,1698234780,0.626,0.6258
105346844,105347452,1698234840,0.6258,0.6251
105344243,105347550,1698234900,0.6251,0.6254
105413227,105495469,1698234960,0.6254,0.6255
105504650,105587325,1698235020,0.6256,0.6257
105606982,105503004,1698235080,0.6257,0.6253
105361643,105383964,1698235140,0.6252,0.626
105388493,105319298,1698235200,0.626,0.6268
105315538,105313441,1698235260,0.6266,0.6273
105330945,105330945,1698235320,0.6274,0.6265
105339447,105352649,1698235380,0.6265,0.6272
105362593,105358187,1698235440,0.6271,0.6279
105367047,105381776,1698235500,0.6279,0.6278
105394441,105341781,1698235560,0.6278,0.628
105343206,105361977,1698235620,0.6279,0.6286
105424747,105419787,1698235680,0.6285,0.6288
105421534,105405667,1698235740,0.6288,0.6286
105406623,105561975,1698235800,0.6286,0.6291
105881468,105921461,1698235860,0.6292,0.6293
105782906,105802364,1698235920,0.6292,0.6303
105751755,105780770,1698235980,0.6303,0.6308
105875762,105917267,1698236040,0.6309,0.6323
105901223,105933753,1698236100,0.6324,0.6335
105952272,105882787,1698236160,0.6335,0.634
105901980,105955074,1698236220,0.6339,0.6336
105874346,105778906,1698236280,0.6325,0.6315
105097722,105123976,1698236340,0.6315,0.6332
105132803,105109657,1698236400,0.6331,0.6326
105105814,105115590,1698236460,0.6327,0.6315
105081286,105061561,1698236520,0.6315,0.6316
105132802,105136124,1698236580,0.6317,0.6317
105125533,105132055,1698236640,0.6317,0.6322
105147594,105165565,1698236700,0.6321,0.6329
105206905,105207749,1698236760,0.6328,0.6337
105206043,105156188,1698236820,0.6337,0.6338
105176919,105172467,1698236880,0.6339,0.6333
105222145,105181950,1698236940,0.6333,0.6328
105214315,105282064,1698237000,0.6328,0.6334
105472550,105442542,1698237060,0.6334,0.6343
105435835,105511502,1698237120,0.6344,0.6342
105478376,105415123,1698237180,0.6342,0.6334
105463862,105457828,1698237240,0.6334,0.6338
105482751,105515124,1698237300,0.6337,0.6335
105450552,105440345,1698237360,0.6335,0.6317
105468102,105450049,1698237420,0.6316,0.6327
105454739,105446259,1698237480,0.6326,0.6323
105445097,105457559,1698237540,0.6324,0.6322
105482501,105493209,1698237600,0.6322,0.6318
105466414,105466414,1698237660,0.6318,0.6319
105450008,105454685,1698237720,0.632,0.6327
105476148,105497311,1698237780,0.6328,0.6327
105497226,105497226,1698237840,0.6326,0.6324
105503594,105517211,1698237900,0.6323,0.6321
105533129,105590987,1698237960,0.6322,0.6321
105590621,105669675,1698238020,0.6321,0.6324
105660273,105715676,1698238080,0.6324,0.6322
105715918,105696280,1698238140,0.6322,0.6322
105702662,105712332,1698238200,0.6323,0.6314
105705255,105745521,1698238260,0.6314,0.6321
105746243,105747108,1698238320,0.6321,0.6318
105780939,105762851,1698238380,0.6318,0.6331
105769925,105765417,1698238440,0.6331,0.6334
105798230,105787108,1698238500,0.6333,0.6328
105820303,105836334,1698238560,0.6328,0.6338
105858176,105812003,1698238620,0.6338,0.6336
105825736,105807967,1698238680,0.6336,0.6329
105806734,105819957,1698238740,0.6328,0.6326
105814414,105814616,1698238800,0.6326,0.6329
105805930,105806385,1698238860,0.633,0.6335
105634835,105634835,1698238920,0.6335,0.6334
105601725,105574467,1698238980,0.6339,0.6338
105478289,105428250,1698239040,0.6338,0.633
105425022,105406972,1698239100,0.6329,0.6342
105368685,105368685,1698239160,0.6343,0.6344
105381474,105382146,1698239220,0.6344,0.6339
105406332,105386115,1698239280,0.634,0.6345
105410451,105320925,1698239340,0.6346,0.6343
105331703,105344819,1698239400,0.6343,0.6344
105357616,105329705,1698239460,0.6345,0.6347
105311561,105291178,1698239520,0.6346,0.6349
105277064,105252722,1698239580,0.635,0.6351
105246207,105176269,1698239640,0.6349,0.6351
105232810,105217890,1698239700,0.6359,0.6358
105225675,105223061,1698239760,0.6357,0.6356
105220269,105222335,1698239820,0.6357,0.6353
105236648,105237160,1698239880,0.6353,0.6361
105301568,105312186,1698239940,0.6361,0.6359
105308471,105334417,1698240000,0.6359,0.6365
105348641,105305293,1698240060,0.6371,0.637
105258704,105172158,1698240120,0.6369,0.6379
105201088,105259203,1698240180,0.6379,0.6392
105264509,105270052,1698240240,0.6393,0.6384
105255618,105192490,1698240300,0.6383,0.6375
105183755,105144090,1698240360,0.6376,0.637
105153959,105153959,1698240420,0.637,0.6365
104835960,104835960,1698240720,0.6365,0.6343
104831600,104860811,1698240780,0.6343,0.6339
104849211,104852974,1698240840,0.6339,0.6345
104745366,104704210,1698240900,0.6345,0.634
104735218,104723129,1698240960,0.634,0.6338
104714160,104713758,1698241020,0.6338,0.6346
104704386,104695582,1698241080,0.6346,0.6348
104676219,104662318,1698241140,0.6348,0.6355
104667327,104680289,1698241200,0.6356,0.6346
104672057,104666356,1698241260,0.6347,0.6327
104571602,104502486,1698241320,0.6327,0.634
104468432,104461529,1698241380,0.6341,0.6333
104438370,104415882,1698241440,0.6332,0.633
104417800,104383614,1698241500,0.6329,0.6339
104380539,104378436,1698241560,0.6338,0.6336
104305745,104320415,1698241620,0.6336,0.6337
104311294,104311294,1698241680,0.6338,0.6333
104312080,104260514,1698241740,0.6333,0.6329
104243494,104235340,1698241800,0.6329,0.6333
104233520,104249511,1698241860,0.6333,0.6341
104244836,104242599,1698241920,0.6341,0.6344
104240154,104240154,1698241980,0.6343,0.6337
104216149,104203287,1698242040,0.6337,0.6355
104176226,104184312,1698242100,0.6355,0.636
104212866,104221661,1698242160,0.6364,0.6366
104329998,104220502,1698242220,0.6366,0.6377
104343058,104377680,1698242280,0.6376,0.6399
104264761,104116778,1698242340,0.6399,0.6397
104076061,104076061,1698242400,0.6397,0.6402
104073963,104077290,1698242460,0.6401,0.6404
104119751,104046278,1698242520,0.6404,0.6395
104016058,104146552,1698242580,0.6395,0.6409
104225785,104225785,1698242640,0.6408,0.6397
104162018,104241531,1698242700,0.6397,0.6406
104268208,104281262,1698242760,0.6406,0.6402
104224081,104224240,1698242820,0.6405,0.6405
104610648,104675891,1698242880,0.6405,0.6424
104473516,104444926,1698242940,0.6423,0.6412
104416070,104409654,1698243000,0.6417,0.6435
104339679,104305470,1698243060,0.6436,0.6428
104223525,104412710,1698243120,0.6428,0.645
104412856,104430660,1698243180,0.6449,0.6459
104400098,104508600,1698243240,0.6458,0.6448
104478333,104505767,1698243300,0.6448,0.6454
104547078,104568815,1698243360,0.6453,0.6445
104511289,104553465,1698243420,0.6445,0.6447
104509416,104495626,1698243480,0.6448,0.643
104361260,104284167,1698243540,0.6431,0.6416
104245254,104239163,1698243600,0.6417,0.6432
104231157,104227957,1698243660,0.6431,0.6447
104168684,104193035,1698243720,0.6447,0.6442
104221749,104268788,1698243780,0.6442,0.6438
104256731,104257854,1698243840,0.6438,0.6439
104258075,104302540,1698243900,0.644,0.6449
104286497,104297928,1698243960,0.6449,0.6451
104277767,104240041,1698244020,0.6449,0.6434
104252568,104240726,1698244080,0.6434,0.6431
104170601,104145776,1698244140,0.6431,0.643
104126261,104117825,1698244200,0.6429,0.6431
104070551,104026536,1698244260,0.643,0.6423
103965962,103911034,1698244320,0.6423,0.6424
103896742,103789644,1698244380,0.6424,0.642
103700881,103706106,1698244440,0.642,0.6417
103715659,103660968,1698244500,0.6417,0.6416
103605947,103600966,1698244560,0.6415,0.6405
103572495,103590422,1698244620,0.6405,0.6422
103672399,103683902,1698244680,0.6422,0.6429
103718269,103707880,1698244740,0.643,0.6431
103777544,103746584,1698244800,0.643,0.6433
103760950,103756030,1698244860,0.6434,0.6438
103784768,103758750,1698244920,0.6439,0.6434
103763485,103775355,1698244980,0.6434,0.6449
103802083,103962765,1698245040,0.6448,0.6439
103981826,104014700,1698245100,0.6437,0.6431
104013694,104003344,1698245160,0.6431,0.6438
103958749,104048290,1698245220,0.6438,0.6437
104047880,104042603,1698245280,0.6437,0.6448
104062492,104145010,1698245340,0.6448,0.6457
104512911,104531086,1698245400,0.6456,0.6453
104576811,104580625,1698245460,0.6452,0.6434
104563114,104538891,1698245520,0.6434,0.6443
104532005,104522971,1698245580,0.6444,0.6445
104554204,104550095,1698245640,0.6445,0.6438
104556122,104602550,1698245700,0.6437,0.6441
104606570,104553975,1698245760,0.6441,0.6439
104571349,104555951,1698245820,0.6439,0.6441
104573346,104573346,1698245880,0.6441,0.6444
104521299,104538786,1698245940,0.6444,0.6435
104545085,104564463,1698246000,0.6434,0.6433
104559584,104452201,1698246060,0.6432,0.6415
104441047,104413214,1698246120,0.6416,0.6418
104441889,104445117,1698246180,0.6418,0.6418
104462024,104495496,1698246240,0.6417,0.6416
104677094,104667164,1698246300,0.6415,0.6434
104621165,104610053,1698246360,0.6434,0.6442
104618141,104609377,1698246420,0.6443,0.6449
105124619,105373501,1698246480,0.6451,0.6458
105475832,105403538,1698246540,0.6457,0.6445
105189179,105189179,1698246600,0.6445,0.6436
105178493,105056558,1698246660,0.6436,0.642
105058404,105003970,1698246720,0.642,0.6426
105026400,105015549,1698246780,0.6425,0.6414
104964106,104967365,1698246840,0.6414,0.6421
104989258,104994306,1698246900,0.6421,0.6412
105003194,104968648,1698246960,0.6412,0.6411
104969265,104903858,1698247020,0.6412,0.6407
104861890,104845210,1698247080,0.6407,0.6409
104849114,104828364,1698247140,0.6409,0.6413
104839388,104883377,1698247200,0.6413,0.642
104908762,104907855,1698247260,0.6421,0.6411
104982357,104998364,1698247320,0.6411,0.6398
104899089,105055004,1698247380,0.6399,0.6407
105056257,105096326,1698247440,0.6408,0.6406
105095707,105076773,1698247500,0.6405,0.641
105092197,105076830,1698247560,0.6411,0.6413
105117278,105128480,1698247620,0.6413,0.6416
105111676,105100888,1698247680,0.6416,0.6422
105128571,105181643,1698247740,0.6422,0.6421
105219641,105260515,1698247800,0.6421,0.6434
105231490,105191891,1698247860,0.6433,0.6436
105197277,105213971,1698247920,0.6436,0.645
105319911,105718513,1698247980,0.6451,0.6489
105678193,105584071,1698248040,0.6488,0.6472
105542094,105410518,1698248100,0.6471,0.6458
105301112,105310821,1698248160,0.6458,0.6459
105231771,105209888,1698248220,0.6458,0.6453
105211220,105211220,1698248280,0.6452,0.6454
105225331,105210049,1698248340,0.6455,0.6453
105218811,105150032,1698248400,0.6453,0.6448
105170750,105127568,1698248460,0.6448,0.6453
105116073,105116073,1698248520,0.6446,0.6451
105052437,104985557,1698248580,0.645,0.6455
104973580,104951992,1698248640,0.6454,0.646
104940582,104919331,1698248700,0.646,0.6477
104848529,104893430,1698248760,0.6476,0.6465
104903502,104923823,1698248820,0.6464,0.6466
104924759,104965363,1698248880,0.6466,0.6469
104965709,104958905,1698248940,0.647,0.647
105028431,105055714,1698249000,0.6469,0.6462
105042387,105063687,1698249060,0.6463,0.645
105098237,105044833,1698249120,0.645,0.6453
105031676,105029494,1698249180,0.6454,0.6446
105032752,105036563,1698249240,0.6447,0.6451
105044670,105018473,1698249300,0.645,0.6441
105018325,105035621,1698249360,0.644,0.6433
105052679,105052679,1698249420,0.6434,0.6433
105063090,105049811,1698249480,0.6433,0.6433
105043904,105045056,1698249540,0.6434,0.6429
105101979,105101167,1698249600,0.6428,0.6425
105097079,105099260,1698249660,0.6424,0.6438
105157109,105258995,1698249720,0.6437,0.6441
105358293,105367991,1698249780,0.6441,0.6454
105384011,105719636,1698249840,0.6454,0.6443
105908290,105918214,1698249900,0.6437,0.6451
105916533,105921800,1698249960,0.6451,0.6436
106067864,106141567,1698250020,0.6435,0.6448
106173960,106277152,1698250080,0.6447,0.6448
106468362,106044698,1698250140,0.6447,0.6447
106022651,106022648,1698250200,0.6446,0.6452
106046373,106228864,1698250260,0.6453,0.6455
106226912,106229429,1698250320,0.6455,0.6453
106292954,106267373,1698250380,0.6452,0.6461
106331579,106379868,1698250440,0.646,0.646
106389398,106349610,1698250500,0.646,0.6455
106357674,106349935,1698250560,0.6455,0.646
106378392,106391522,1698250620,0.646,0.6435
106355076,105561325,1698250680,0.6434,0.6411
105551175,105480349,1698250740,0.6411,0.6409
105750018,105921457,1698250800,0.6409,0.6422
105895611,105918642,1698250860,0.6423,0.6419
105945688,105769287,1698250920,0.6418,0.6393
105722824,105678399,1698250980,0.6392,0.6404
105577857,105677394,1698251040,0.6403,0.6394
105702651,105710842,1698251100,0.6394,0.6392
105707591,105743179,1698251160,0.6391,0.6379
105721987,105692510,1698251220,0.6378,0.6382
105795900,106019928,1698251280,0.6382,0.6378
106087189,106075927,1698251340,0.6378,0.6358
105947085,105953523,1698251400,0.6357,0.6376
105933461,105928166,1698251460,0.6377,0.6377
105882474,105959841,1698251520,0.6377,0.6384
105979968,105990240,1698251580,0.6385,0.6379
105984870,105999539,1698251640,0.6378,0.6385
105987541,105983840,1698251700,0.6385,0.637
105960929,105960784,1698251760,0.6369,0.6379
105946553,105954749,1698251820,0.638,0.6368
105927699,105923316,1698251880,0.6368,0.637
105991761,105902484,1698251940,0.637,0.634
105785295,105824705,1698252000,0.634,0.6339
105729821,105640519,1698252060,0.6339,0.6325
105688383,105684020,1698252120,0.6325,0.6329
105723499,105521378,1698252180,0.6329,0.634
105524108,105537521,1698252240,0.6339,0.6346
105545428,105568591,1698252300,0.6346,0.635
105537074,105446718,1698252360,0.635,0.6341
105419680,105273425,1698252420,0.634,0.6346
105235190,105251711,1698252480,0.6346,0.634
105251887,105223889,1698252540,0.6341,0.6353
105154182,105137917,1698252600,0.6353,0.6343
105151438,105165351,1698252660,0.6343,0.6334
105158855,105156899,1698252720,0.6334,0.6336
105162937,105203138,1698252780,0.6335,0.6323
105166971,105022185,1698252840,0.6323,0.6324
105018477,104959462,1698252900,0.6325,0.6324
104954409,104929698,1698252960,0.6324,0.6325
104938277,104942760,1698253020,0.6324,0.6325
104951485,104963125,1698253080,0.6325,0.6318
105067284,104762982,1698253140,0.6317,0.6294
104738572,104738572,1698253200,0.6294,0.6307
104762833,104581069,1698253260,0.6308,0.6274
104289355,104247011,1698253320,0.6275,0.6289
104340374,104458550,1698253380,0.629,0.6302
104466225,104464673,1698253440,0.6302,0.6311
104448677,104497363,1698253500,0.6311,0.6316
104470379,104496969,1698253560,0.6316,0.6315
104444247,104463492,1698253620,0.6316,0.6324
104445886,104494037,1698253680,0.6323,0.6324
104533675,104533675,1698253740,0.6324,0.6332
104559270,104549917,1698253800,0.6332,0.6329
104549775,104557123,1698253860,0.6328,0.6334
104552205,104573833,1698253920,0.6334,0.6332
104538615,104551127,1698253980,0.6331,0.6327
104506263,104513005,1698254040,0.6328,0.6328
104532184,104533532,1698254100,0.6327,0.6328
104534728,104479819,1698254160,0.6328,0.6331
104479528,104459467,1698254220,0.6331,0.6312
104467800,104480172,1698254280,0.6312,0.6312
104507492,104483761,1698254340,0.6312,0.631
104497601,104492590,1698254400,0.631,0.6312
104484642,104485009,1698254460,0.6313,0.6314
104483603,104497930,1698254520,0.6314,0.6319
104486629,104480534,1698254580,0.632,0.6322
104505554,104523558,1698254640,0.6322,0.6328
104538514,104568308,1698254700,0.6329,0.6322
104558684,104558684,1698254760,0.6322,0.6313
104536668,104544268,1698254820,0.6313,0.6315
104547870,104518726,1698254880,0.6315,0.6318
104517058,104513767,1698254940,0.6318,0.6328
104531942,104537856,1698255000,0.6328,0.6334
104585446,104538939,1698255060,0.6334,0.6341
104513168,104513168,1698255120,0.6342,0.6345
104506122,104501428,1698255180,0.6345,0.6351
104505919,104473692,1698255240,0.6351,0.6357
104480019,104510482,1698255300,0.6357,0.6352
104524734,104576648,1698255360,0.6353,0.6349
104563379,104558245,1698255420,0.6349,0.6342
104564535,104562072,1698255480,0.6341,0.6344
104598523,104625830,1698255540,0.6344,0.6334
104667977,104672371,1698255600,0.6334,0.6326
104688650,104639989,1698255660,0.6325,0.6321
104600344,104605311,1698255720,0.6321,0.6321
104618243,104620952,1698255780,0.6321,0.6323
104598394,104598394,1698255840,0.6323,0.6323
104600384,104594302,1698255900,0.6323,0.6327
104618832,104638580,1698255960,0.6327,0.6327
104654216,104653978,1698256020,0.6328,0.6341
104658169,104658169,1698256080,0.6341,0.6348
104659515,104658119,1698256140,0.6347,0.6346
104661364,104675215,1698256200,0.6345,0.6334
104676179,104676704,1698256260,0.6335,0.6334
104652206,104672854,1698256320,0.6333,0.6323
104654588,104666495,1698256380,0.6323,0.6322
104665504,104682977,1698256440,0.6322,0.6326
104685869,104697463,1698256500,0.6326,0.6331
104691926,104688954,1698256560,0.633,0.6332
104689473,104687421,1698256620,0.6331,0.6333
104718035,104719766,1698256680,0.6333,0.6337
104722523,104730081,1698256740,0.6338,0.6336
104742926,104757168,1698256800,0.6335,0.6341
104771583,104719618,1698256860,0.6341,0.6352
104709762,104725699,1698256920,0.6353,0.635
104784121,104761424,1698256980,0.635,0.6352
104769248,104836850,1698257040,0.6351,0.6356
104845966,104845966,1698257100,0.6355,0.6357
104868424,104863688,1698257160,0.6357,0.6352
104855156,104881780,1698257220,0.6351,0.6349
104874329,104796238,1698257280,0.6348,0.6344
104790978,104787971,1698257340,0.6343,0.6352
104789957,104805472,1698257400,0.6352,0.635
104802971,104844312,1698257460,0.6349,0.6349
104851230,104808839,1698257520,0.6348,0.6336
104806260,104806260,1698257580,0.6337,0.6336
104806091,104817586,1698257640,0.6336,0.6349
104613703,104672406,1698257700,0.6348,0.6352
104684227,104678338,1698257760,0.6352,0.6345
104675031,104685590,1698257820,0.6345,0.6353
104705153,104682220,1698257880,0.6353,0.6352
104688230,104675555,1698257940,0.6352,0.6343
104650357,104677670,1698258000,0.6343,0.6345
104673500,104675376,1698258060,0.6345,0.6346
104675273,104574442,1698258120,0.6345,0.6329
104513275,104534766,1698258180,0.633,0.6331
104439094,104450948,1698258240,0.633,0.6323
104445226,104462074,1698258300,0.6323,0.6332
104430442,104424165,1698258360,0.6332,0.6321
104426905,104420754,1698258420,0.6321,0.6325
104427921,104418080,1698258480,0.6325,0.6331
104424368,104414649,1698258540,0.6332,0.6324
104397443,104437065,1698258600,0.6324,0.6322
104423891,104408010,1698258660,0.6321,0.631
104406430,104416690,1698258720,0.6326,0.6323
104397940,104396353,1698258780,0.6322,0.6333
104390887,104383896,1698258840,0.6332,0.634
104391057,104387825,1698258900,0.634,0.6331
104384450,104398232,1698258960,0.6331,0.6328
104402747,104431297,1698259020,0.6328,0.6329
104424896,104441591,1698259080,0.633,0.6333
104429333,104445457,1698259140,0.6333,0.6326
104445583,104459634,1698259200,0.6327,0.633
104467413,104495658,1698259260,0.633,0.6336
104498015,104483025,1698259320,0.6336,0.6339
104490281,104686756,1698259380,0.6339,0.6327
104897756,104807236,1698259440,0.6327,0.6325
104908401,104954804,1698259500,0.6324,0.6322
104976045,104956197,1698259560,0.6321,0.6312
104980145,104880917,1698259620,0.6313,0.6317
104892977,104928018,1698259680,0.6317,0.6327
104844332,104875204,1698259740,0.6328,0.6327
104866412,104873446,1698259800,0.6327,0.6327
104874606,104849577,1698259860,0.6327,0.6327
104857862,104890457,1698259920,0.6327,0.6332
104873822,104865982,1698259980,0.6332,0.6339
104834995,104831651,1698260040,0.6338,0.6334
104831050,104832734,1698260100,0.6334,0.6331
104839317,104847843,1698260160,0.6331,0.6339
104842983,104866898,1698260220,0.634,0.6341
104864757,104865826,1698260280,0.6341,0.6339
104888452,104878697,1698260340,0.634,0.634
104894330,104908499,1698260400,0.634,0.633
104918909,104911854,1698260460,0.633,0.6335
104894357,104919366,1698260520,0.6335,0.6334
104924230,104960829,1698260580,0.6333,0.6324
104957550,104971150,1698260640,0.6323,0.6322
104976180,104971796,1698260700,0.6322,0.6321
105100009,105227950,1698260760,0.6321,0.6319
105228117,105202369,1698260820,0.6319,0.6305
105224339,105220780,1698260880,0.6304,0.6302
105223399,105222186,1698260940,0.6303,0.6306
105230668,105230668,1698261000,0.6307,0.6313
105235424,105245697,1698261060,0.6314,0.6314
105249653,105252182,1698261120,0.6313,0.6318
105227147,105227291,1698261180,0.6318,0.6318
105234156,105233638,1698261240,0.6318,0.6315
105241800,105243712,1698261300,0.6314,0.6306
105223936,105127637,1698261360,0.6306,0.6294
105083453,105095339,1698261420,0.6295,0.6306
105066551,105052873,1698261480,0.6305,0.6298
105067954,105072775,1698261540,0.6297,0.6299
105084943,105081442,1698261600,0.6299,0.6298
105078637,105072529,1698261660,0.6299,0.63
105113411,105142994,1698261720,0.6299,0.6293
105152505,105181292,1698261780,0.6293,0.6294
105192580,105188404,1698261840,0.6294,0.6295
105209328,105224775,1698261900,0.6294,0.6294
105238381,105236660,1698261960,0.6294,0.6287
105246162,105252045,1698262020,0.6288,0.6296
105254604,105254775,1698262080,0.6297,0.63
105257051,105270261,1698262140,0.6299,0.6309
105279239,105258408,1698262200,0.631,0.631
105262919,105268755,1698262260,0.631,0.6309
105271210,105263853,1698262320,0.6309,0.6302
105256341,105264967,1698262380,0.6302,0.6314
105264056,105485004,1698262440,0.6314,0.6315
105483033,105808058,1698262500,0.6316,0.6315
105807714,105802172,1698262560,0.6314,0.6317
105804492,105811273,1698262620,0.6318,0.6324
105833924,105788159,1698262680,0.6324,0.6329
105787764,105782129,1698262740,0.6329,0.6323
105781531,105767347,1698262800,0.6324,0.6325
105762334,105759030,1698262860,0.6326,0.6328
105812881,105767231,1698262920,0.6328,0.6317
105760768,105746825,1698262980,0.6317,0.6319
105797681,105794739,1698263040,0.6319,0.6311
105786782,105785222,1698263100,0.6311,0.631
105768782,105769119,1698263160,0.631,0.631
105752725,105759786,1698263220,0.6309,0.6316
105763824,105822027,1698263280,0.6315,0.6324
105827550,105835047,1698263340,0.6324,0.6323
105835724,105831875,1698263400,0.6324,0.6323
105894166,105892044,1698263460,0.6323,0.6322
105927446,105926324,1698263520,0.6322,0.6317
105925285,105929455,1698263580,0.6317,0.6326
105929311,105914479,1698263640,0.6327,0.633
105913943,105895794,1698263700,0.6331,0.6333
105900529,105901947,1698263760,0.6332,0.6328
105908894,105915148,1698263820,0.6328,0.633
105941481,105977558,1698263880,0.633,0.6334
105973327,106001732,1698263940,0.6334,0.6324
105965137,105972490,1698264000,0.6325,0.6316
105988429,106061566,1698264060,0.6315,0.632
106086688,106085898,1698264120,0.632,0.6315
106081300,106094842,1698264180,0.6314,0.632
106098208,106097066,1698264240,0.632,0.6318
106094505,106137656,1698264300,0.6317,0.6309
106107744,106107744,1698264360,0.6309,0.6315
106124210,106134654,1698264420,0.6315,0.6319
106137131,106134626,1698264480,0.6318,0.6321
106160747,106180869,1698264540,0.6321,0.632
106178506,106178467,1698264600,0.632,0.6322
106185984,106185908,1698264660,0.6322,0.6328
106185465,106216341,1698264720,0.6328,0.6334
106246603,106248279,1698264780,0.6334,0.6331
106240449,106257922,1698264840,0.6332,0.6329
106258671,106260774,1698264900,0.6329,0.6322
106254622,106240748,1698264960,0.6322,0.632
106272139,106270750,1698265020,0.632,0.6331
106279990,106276002,1698265080,0.6331,0.6331
106275064,106273348,1698265140,0.6331,0.6332
106309589,106310463,1698265200,0.6332,0.6326
106310231,106316670,1698265260,0.6327,0.6323
106312140,106309858,1698265320,0.6323,0.6318
106307178,106313227,1698265380,0.6319,0.6318
106307680,106315002,1698265440,0.6319,0.6321
106335983,106349910,1698265500,0.6321,0.6326
106353446,106392623,1698265560,0.6326,0.6318
106395436,106427935,1698265620,0.6318,0.6325
106433978,106422282,1698265680,0.6325,0.6317
106480896,106486258,1698265740,0.6317,0.632
106474812,106493029,1698265800,0.6319,0.6315
106537854,106534688,1698265860,0.6316,0.6327
106542639,106543747,1698265920,0.6328,0.6328
106541434,106537819,1698265980,0.6328,0.6331
106530828,106513190,1698266040,0.6331,0.6318
106529534,106516308,1698266100,0.6318,0.632
106525943,106525510,1698266160,0.6321,0.632
106529616,106530121,1698266220,0.6318,0.6326
106516559,106515472,1698266280,0.6326,0.632
106505385,106528519,1698266340,0.632,0.6324
106529727,106530756,1698266400,0.6324,0.6321
106525687,106517739,1698266460,0.6322,0.6325
106542326,106552907,1698266520,0.6325,0.632
106558445,106565075,1698266580,0.6321,0.6322
106558383,106561935,1698266640,0.6322,0.6327
106521741,106521747,1698266700,0.6328,0.6322
106523816,106523554,1698266760,0.6322,0.632
106512450,106539148,1698266820,0.6319,0.6315
106532896,106540042,1698266880,0.6314,0.6314
106548311,106431600,1698266940,0.6313,0.6307
106400662,106391224,1698267000,0.6306,0.6301
106405999,106427419,1698267060,0.63,0.6305
106429115,106446856,1698267120,0.6305,0.6298
106472606,106465711,1698267180,0.6298,0.6288
106455181,106287141,1698267240,0.6288,0.6281
106240982,106253867,1698267300,0.6281,0.6281
106261153,106254721,1698267360,0.6282,0.6284
106362628,106425402,1698267420,0.6285,0.6291
106421433,106536397,1698267480,0.6291,0.6289
106534869,106529483,1698267540,0.629,0.6284
106478769,106472329,1698267600,0.6284,0.6277
106483739,106513978,1698267660,0.6277,0.6286
106496998,106497356,1698267720,0.6286,0.6283
106506170,106499600,1698267780,0.6284,0.6287
106503894,106506395,1698267840,0.6287,0.6285
106534635,106539799,1698267900,0.6284,0.6286
106564496,106571646,1698267960,0.6286,0.6292
106562931,106571780,1698268020,0.6292,0.6289
106575108,106575108,1698268080,0.6288,0.629
106569079,106560173,1698268140,0.6291,0.6298
106558655,106570647,1698268200,0.6298,0.6293
106566666,106568192,1698268260,0.6293,0.6296
106565393,106569489,1698268320,0.6294,0.6291
106583705,106553373,1698268380,0.629,0.6286
106534493,106536788,1698268440,0.6285,0.6283
106528151,106525802,1698268500,0.6282,0.6281
106532743,106543062,1698268560,0.6282,0.629
106526759,106524944,1698268620,0.6291,0.6295
106531133,106532561,1698268680,0.6295,0.6296
106523013,106540002,1698268740,0.6296,0.6295
106548086,106546282,1698268800,0.6294,0.6298
106552058,106561239,1698268860,0.6299,0.6298
106557174,106549557,1698268920,0.6298,0.63
106535230,106542281,1698268980,0.63,0.6304
106530476,106534938,1698269040,0.6304,0.6303
106548914,106557597,1698269100,0.6303,0.6304
106577772,106582809,1698269160,0.6303,0.6307
106594608,106637212,1698269220,0.6306,0.631
106661837,106697356,1698269280,0.631,0.631
106703286,106706869,1698269340,0.6311,0.6308
106740991,106676116,1698269400,0.6307,0.6289
106673843,106644444,1698269460,0.6289,0.6288
106638648,106677650,1698269520,0.6288,0.629
106676461,106664489,1698269580,0.629,0.6283
106659707,106639868,1698269640,0.6283,0.6269
106436819,106445038,1698269700,0.6269,0.6267
106508699,106548308,1698269760,0.6266,0.6273
106546748,106535114,1698269820,0.6272,0.6267
106537881,106529481,1698269880,0.6266,0.6264
106454415,106663060,1698269940,0.6265,0.626
106657225,106670836,1698270000,0.626,0.6253
106684385,106733870,1698270060,0.6254,0.6259
106771035,106772317,1698270120,0.6259,0.6265
106777807,106772931,1698270180,0.6265,0.6265
106772700,106777205,1698270240,0.6265,0.6262
106763694,106788895,1698270300,0.6262,0.6263
106792449,106792449,1698270360,0.6263,0.6263
106797006,106804475,1698270420,0.6264,0.626
106804664,106808386,1698270480,0.6261,0.6264
106808997,106820514,1698270540,0.6265,0.6265
106813559,106829883,1698270600,0.6264,0.6264
106813934,106817829,1698270660,0.6264,0.6273
106893376,106912614,1698270720,0.6273,0.6263
106923287,106917876,1698270780,0.6264,0.6263
106910022,106921559,1698270840,0.6262,0.6265
106899011,106884700,1698270900,0.6266,0.6271
106876580,106876667,1698270960,0.6272,0.6277
106863003,106856440,1698271020,0.6277,0.6279
106860888,106848015,1698271080,0.6279,0.6286
106839869,106842230,1698271140,0.6285,0.6283
106843333,106855886,1698271200,0.6283,0.6284
106855793,106841514,1698271260,0.6283,0.6284
106851297,106947005,1698271320,0.6284,0.6294
106932651,106926627,1698271380,0.6294,0.6297
106917322,106995479,1698271440,0.6297,0.6289
106999719,106964943,1698271500,0.629,0.6288
106965764,106977802,1698271560,0.6288,0.6293
106977103,106967513,1698271620,0.6294,0.6285
106970857,106976824,1698271680,0.6286,0.6291
106965862,106959991,1698271740,0.6292,0.6296
106950193,106950168,1698271800,0.6296,0.6295
106949945,106942007,1698271860,0.6295,0.63
106953389,106955148,1698271920,0.63,0.6301
106945727,106933586,1698271980,0.6301,0.6303
106950838,106931293,1698272040,0.6303,0.6308
106910012,106919440,1698272100,0.6309,0.6311
106939553,106895233,1698272160,0.6311,0.6312
106887151,106897282,1698272220,0.6313,0.6306
106895140,106863491,1698272280,0.6306,0.6298
106852955,106852655,1698272340,0.6298,0.6301
106841792,106830403,1698272400,0.6301,0.6298
106827390,106816126,1698272460,0.6298,0.6303
106829475,106831849,1698272520,0.6303,0.6301
106827678,106829038,1698272580,0.63,0.6296
106886510,106882113,1698272640,0.6295,0.6299
106886232,106882851,1698272700,0.6298,0.6298
106884687,106883918,1698272760,0.6298,0.6297
106889453,106888139,1698272820,0.6297,0.6297
106893099,106895948,1698272880,0.6297,0.6298
106894035,106892992,1698272940,0.6298,0.63
106891818,106893941,1698273000,0.63,0.6304
106895899,106914947,1698273060,0.6304,0.6304
106908784,106912267,1698273120,0.6303,0.6298
106907891,106907891,1698273180,0.6297,0.6305
106909848,106892437,1698273240,0.6305,0.6307
106908249,106906204,1698273300,0.6306,0.6308
106907011,106912916,1698273360,0.6308,0.631
106911387,106942076,1698273420,0.631,0.6308
106935157,106953904,1698273480,0.6308,0.6305
106965481,106965333,1698273540,0.6305,0.6309
106968414,106967064,1698273600,0.6309,0.6313
106965744,107188140,1698273660,0.6313,0.632
107218058,107232058,1698273720,0.632,0.6318
107214241,107235233,1698273780,0.6318,0.6316
107298124,107298599,1698273840,0.6315,0.6314
107285867,107282382,1698273900,0.6313,0.6317
107289603,107260567,1698273960,0.6317,0.6311
107210751,107226717,1698274020,0.631,0.6306
107282216,107271940,1698274080,0.6306,0.6308
107421013,107419962,1698274140,0.6307,0.6311
107446488,107432399,1698274200,0.6312,0.631
107428313,107450162,1698274260,0.631,0.6316
107469978,107455339,1698274320,0.6315,0.6308
107447915,107442604,1698274380,0.6308,0.6307
107441124,107453606,1698274440,0.6307,0.6318
107470909,107456420,1698274500,0.6318,0.6322
107355222,107364779,1698274560,0.6322,0.6323
107360159,107357649,1698274620,0.6324,0.6316
107365632,107368858,1698274680,0.6316,0.6317
107372430,107376647,1698274740,0.6317,0.6317
107378497,107378715,1698274800,0.6316,0.6308
107372130,107374775,1698274860,0.6307,0.6319
107391461,107382274,1698274920,0.6319,0.631
107382670,107369298,1698274980,0.6311,0.6291
107362488,107333550,1698275040,0.6291,0.6287
107328798,107386381,1698275100,0.6286,0.629
107418658,107422451,1698275160,0.6289,0.6286
107422224,107395842,1698275220,0.6287,0.6274
107396407,107391985,1698275280,0.6273,0.6289
107425570,107425962,1698275340,0.629,0.6287
107415079,107409367,1698275400,0.6287,0.6286
107398852,107465893,1698275460,0.6287,0.6294
107558007,107565099,1698275520,0.6294,0.6284
107552955,107574028,1698275580,0.6285,0.6282
107547181,107538309,1698275640,0.6282,0.6286
107524730,107510354,1698275700,0.6286,0.6287
107533019,107644858,1698275760,0.6287,0.6294
107640416,107668315,1698275820,0.6295,0.63
107653102,107644241,1698275880,0.6301,0.6299
107644754,107657154,1698275940,0.6298,0.6301
107667520,107673617,1698276000,0.6301,0.6303
107682059,107694804,1698276060,0.6303,0.63
107683342,107683342,1698276120,0.6301,0.6306
107686394,107652883,1698276180,0.6305,0.6302
107647336,107628748,1698276240,0.6301,0.6306
107658912,107677963,1698276300,0.6305,0.6307
107704047,107696998,1698276360,0.6306,0.63
107718634,107717579,1698276420,0.6301,0.6303
107715261,107711281,1698276480,0.6302,0.6305
107707743,107783902,1698276540,0.6305,0.6299
107772505,107787006,1698276600,0.63,0.6302
107808587,107819637,1698276660,0.6303,0.6301
107826226,107903917,1698276720,0.63,0.6304
107916789,107916672,1698276780,0.6304,0.6302
107908202,107865569,1698276840,0.6302,0.6304
107873066,107868528,1698276900,0.6304,0.6298
107862667,107873871,1698276960,0.6297,0.6293
107870395,107843873,1698277020,0.6294,0.6287
107871650,107876130,1698277080,0.6287,0.6286
107875549,107881658,1698277140,0.6287,0.6286
107884731,107869659,1698277200,0.6286,0.6288
107867111,107845978,1698277260,0.6289,0.6297
107843103,107847217,1698277320,0.6297,0.6294
107838461,107839491,1698277380,0.6293,0.6298
107836559,107854462,1698277440,0.6298,0.63
107824875,107816806,1698277500,0.63,0.6301
107817144,107817093,1698277560,0.6301,0.6301
107844932,107847084,1698277620,0.63,0.6295
107859746,107866997,1698277680,0.6295,0.6299
107878937,107893437,1698277740,0.6299,0.6299
107899376,107890510,1698277800,0.6299,0.6303
107886930,107874374,1698277860,0.6303,0.6305
107911646,107918254,1698277920,0.6305,0.6302
107918322,107913210,1698277980,0.6301,0.6303
107940536,107939857,1698278040,0.6303,0.6304
107982526,107993105,1698278100,0.6304,0.6304
108019319,108021469,1698278160,0.6305,0.6305
108023152,108084955,1698278220,0.6304,0.6308
108082542,108091771,1698278280,0.6308,0.6308
108088605,108065085,1698278340,0.6308,0.6308
108074248,108064492,1698278400,0.6308,0.6301
108094649,108088153,1698278460,0.6301,0.6292
108062000,108044902,1698278520,0.6292,0.6298
108029073,107917739,1698278580,0.6298,0.6305
107980400,107990556,1698278640,0.6305,0.6296
107984352,107987210,1698278700,0.6296,0.6303
108011640,108017189,1698278760,0.6302,0.6295
108001904,108005263,1698278820,0.6294,0.6288
107999424,107974615,1698278880,0.6288,0.6308
107980336,107960090,1698278940,0.6307,0.6302
107958523,108007439,1698279000,0.6302,0.6297
108018504,108026066,1698279060,0.6296,0.6304
108007499,107963122,1698279120,0.6304,0.6313
107958488,107860353,1698279180,0.6312,0.6309
107857978,107800709,1698279240,0.631,0.6307
107794585,107673965,1698279300,0.6308,0.6303
107691685,107682846,1698279360,0.6302,0.6309
107696984,107702371,1698279420,0.631,0.6313
107759903,107717456,1698279480,0.6312,0.6316
107733345,107753610,1698279540,0.6317,0.6316
107755100,107779466,1698279600,0.6316,0.6315
107793107,107784120,1698279660,0.6316,0.632
107792056,107804850,1698279720,0.6319,0.6323
107827020,107784542,1698279780,0.6323,0.632
107846005,107901138,1698279840,0.6321,0.6329
107921847,107855619,1698279900,0.6329,0.6334
107880050,107877219,1698279960,0.6334,0.6337
107905030,107918396,1698280020,0.6338,0.6341
107993320,107981328,1698280080,0.6341,0.6347
107899156,107900800,1698280140,0.6347,0.6345
107901007,107869772,1698280200,0.6345,0.6348
107717357,107711745,1698280260,0.6348,0.6355
107743920,107743920,1698280320,0.6355,0.6346
107723538,107736044,1698280380,0.6345,0.6351
107742392,107820565,1698280440,0.6352,0.6346
107813046,107735247,1698280500,0.6346,0.634
107747134,107737068,1698280560,0.6341,0.6336
107732143,107713590,1698280620,0.6335,0.6326
107718372,107712308,1698280680,0.6327,0.6327
107733906,107741397,1698280740,0.6326,0.6337
107741525,107735224,1698280800,0.6338,0.6331
107711317,107721275,1698280860,0.6331,0.6331
107727361,107734734,1698280920,0.6332,0.6324
107696375,107687208,1698280980,0.6324,0.6327
107647926,107652878,1698281040,0.6328,0.6324
107649844,107654865,1698281100,0.6324,0.6317
107640633,107642744,1698281160,0.6316,0.6304
107624886,107553033,1698281220,0.6303,0.6294
107558463,107372679,1698281280,0.6293,0.6288
107355171,107352360,1698281340,0.6289,0.6298
107343336,107282720,1698281400,0.6297,0.6302
107293062,107278401,1698281460,0.6302,0.63
107265282,107259315,1698281520,0.63,0.6307
107264604,107386093,1698281580,0.6307,0.6316
107468738,107467122,1698281640,0.6316,0.6328
107555197,107659759,1698281700,0.6327,0.6333
107661135,107672563,1698281760,0.6333,0.6326
107686938,107719253,1698281820,0.6325,0.6349
107725895,107808084,1698281880,0.635,0.6353
107902092,107911581,1698281940,0.6353,0.6349
107893388,107893154,1698282000,0.6349,0.6335
107877569,107885524,1698282060,0.6336,0.6346
107835308,107853888,1698282120,0.6346,0.634
107850482,107841284,1698282180,0.634,0.6342
107835787,107829590,1698282240,0.6342,0.6327
107832753,107825536,1698282300,0.6326,0.6329
107823671,107862466,1698282360,0.633,0.6335
107864121,107843709,1698282420,0.6335,0.6332
107842243,107839658,1698282480,0.6332,0.6335
107834520,107833789,1698282540,0.6335,0.6328
107839773,107815104,1698282600,0.6327,0.6334
107817732,107834239,1698282660,0.6333,0.6332
107797972,107827903,1698282720,0.6332,0.6334
107820202,107815939,1698282780,0.6334,0.6335
107826737,107803792,1698282840,0.6335,0.6332
107814819,107804379,1698282900,0.6331,0.6333
107801850,107828858,1698282960,0.6333,0.6337
107844784,107845946,1698283020,0.6336,0.6341
107846855,107860066,1698283080,0.6341,0.6345
107872524,107863825,1698283140,0.6345,0.634
107864163,107853048,1698283200,0.6341,0.6341
107850093,107842861,1698283260,0.634,0.6341
107833417,107834753,1698283320,0.6341,0.6339
107838042,107838679,1698283380,0.6338,0.6344
107818405,107824638,1698283440,0.6345,0.6348
107807356,107798339,1698283500,0.6348,0.6357
107799900,107797374,1698283560,0.6356,0.6356
107790889,107801558,1698283620,0.6355,0.6354
107803423,107805203,1698283680,0.6354,0.636
107791208,107799895,1698283740,0.636,0.6362
107800863,107794778,1698283800,0.6361,0.6361
107782940,107789394,1698283860,0.6361,0.6361
107782330,107654871,1698283920,0.6361,0.6353
107650785,107673138,1698283980,0.6353,0.6355
107683023,107682940,1698284040,0.6355,0.6348
107684186,107701417,1698284100,0.6349,0.6353
107701097,107692938,1698284160,0.6352,0.6358
107694929,107665427,1698284220,0.6357,0.6363
107662187,107657450,1698284280,0.6363,0.6362
107658426,107652987,1698284340,0.6362,0.6355
107641082,107639646,1698284400,0.6354,0.6353
107657137,107660251,1698284460,0.6354,0.6343
107659455,107652974,1698284520,0.6343,0.6335
107667915,107669127,1698284580,0.6335,0.6334
107667442,107678428,1698284640,0.6333,0.6318
107658717,107630463,1698284700,0.6318,0.6312
107640559,107630758,1698284760,0.6312,0.6326
107645728,107653027,1698284820,0.6326,0.6319
107656029,107664623,1698284880,0.6319,0.6328
107662091,107691910,1698284940,0.6328,0.6334
107714186,107716965,1698285000,0.6333,0.6335
107719359,107721870,1698285060,0.6335,0.6326
107724671,107726131,1698285120,0.6326,0.6326
107729633,107752329,1698285180,0.6326,0.6331
107755672,107758822,1698285240,0.6332,0.6333
107758733,107765701,1698285300,0.6333,0.6337
107762623,107765658,1698285360,0.6338,0.6339
107808682,107870643,1698285420,0.6338,0.634
107867198,107885971,1698285480,0.6339,0.6343
107844537,107831580,1698285540,0.6342,0.6341
107827790,107832722,1698285600,0.6342,0.6336
107814959,107821751,1698285660,0.6336,0.6337
107830020,107839844,1698285720,0.6337,0.6325
107814528,107818808,1698285780,0.6325,0.6325
107805830,107805830,1698285840,0.6326,0.6332
107818310,107801654,1698285900,0.6332,0.6332
107816551,107821301,1698285960,0.6332,0.6331
107822959,107814797,1698286020,0.633,0.6319
107807981,107810099,1698286080,0.6319,0.6324
107812259,107808185,1698286140,0.6325,0.633
107822242,107833315,1698286200,0.633,0.633
107839188,107863368,1698286260,0.6329,0.633
107864678,107868136,1698286320,0.633,0.6325
107874966,107871904,1698286380,0.6324,0.632
107874206,107881645,1698286440,0.6321,0.632
107873189,107867996,1698286500,0.6319,0.6321
107837108,107784381,1698286560,0.6321,0.6317
107785276,107758368,1698286620,0.6317,0.6319
107762168,107777911,1698286680,0.632,0.6327
107780189,107723891,1698286740,0.6328,0.6323
107738447,107738247,1698286800,0.6322,0.6316
107690250,107692000,1698286860,0.6317,0.6325
107692909,107682741,1698286920,0.6324,0.632
107417352,107412069,1698286980,0.632,0.6318
107409746,107407849,1698287040,0.6318,0.6328
107403177,107403377,1698287100,0.6329,0.632
107402755,107377345,1698287160,0.6319,0.6316
107380621,107376592,1698287220,0.6316,0.6314
107357633,107385973,1698287280,0.6313,0.6315
107389991,107376266,1698287340,0.6314,0.6318
107377594,107385377,1698287400,0.6317,0.6325
107411013,107416030,1698287460,0.6324,0.6328
107418392,107424534,1698287520,0.6328,0.633
107438627,107413587,1698287580,0.633,0.6333
107413629,107413669,1698287640,0.6333,0.6334
107415497,107437537,1698287700,0.6334,0.6333
107437915,107447115,1698287760,0.6334,0.6336
107447410,107447410,1698287820,0.6337,0.6336
107436601,107446253,1698287880,0.6336,0.6342
107471050,107465247,1698287940,0.6342,0.635
108093785,108103848,1698288000,0.635,0.6353
108112775,108123777,1698288060,0.6354,0.6354
108120950,108125885,1698288120,0.6355,0.6352
108119865,108118495,1698288180,0.6352,0.6353
108121280,108286588,1698288240,0.6352,0.6351
108274610,108288397,1698288300,0.6351,0.6349
108292431,108270751,1698288360,0.6349,0.6354
108585347,108582636,1698288420,0.6354,0.6352
108572104,108572960,1698288480,0.6351,0.635
108772920,109044882,1698288540,0.635,0.635
109093639,109068011,1698288600,0.635,0.6354
109067221,109066832,1698288660,0.6355,0.6356
109068701,109039074,1698288720,0.6356,0.6357
109032428,109034342,1698288780,0.6357,0.6361
109054623,109050375,1698288840,0.6362,0.6362
109081009,109083891,1698288900,0.6362,0.6361
109080974,109085468,1698288960,0.6361,0.636
109103929,109203454,1698289020,0.636,0.6357
109210606,109221421,1698289080,0.6358,0.6354
109217496,109225970,1698289140,0.6355,0.636
109228944,109235907,1698289200,0.6361,0.636
109226431,109222731,1698289260,0.636,0.6364
109226430,109246092,1698289320,0.6364,0.6365
109242911,109209867,1698289380,0.6365,0.6371
109193715,109974904,1698289440,0.6372,0.6383
109897687,109866935,1698289500,0.6384,0.6387
109871286,109834369,1698289560,0.6387,0.6387
109633490,109630456,1698289620,0.6387,0.6385
109630153,109619729,1698289680,0.6386,0.6389
109624770,109646363,1698289740,0.639,0.6385
109621752,109596201,1698289800,0.6385,0.6385
109582115,109581287,1698289860,0.6385,0.6382
109571041,109573600,1698289920,0.6382,0.6393
109586966,109603630,1698289980,0.6394,0.6391
109608982,109562489,1698290040,0.6391,0.6387
109560748,109560927,1698290100,0.6387,0.6396
109539544,109533393,1698290160,0.6396,0.6399
109455211,109451841,1698290220,0.6398,0.6398
109454228,109459448,1698290280,0.6398,0.6399
109457023,109486092,1698290340,0.6398,0.6407
109495038,109429494,1698290400,0.6407,0.641
109429781,109501275,1698290460,0.641,0.6412
109493730,109460375,1698290520,0.6413,0.6411
109451515,109558808,1698290580,0.641,0.6418
109575546,109555247,1698290640,0.6418,0.6412
109568509,109663160,1698290700,0.6413,0.6422
109716561,109695600,1698290760,0.6421,0.6424
109698213,109716506,1698290820,0.6425,0.642
109716506,109689566,1698290880,0.642,0.6435
109564903,109517323,1698290940,0.6435,0.6434
109528522,109558843,1698291000,0.6433,0.6425
109622646,109648631,1698291060,0.6426,0.6434
109686789,109696256,1698291120,0.6434,0.6431
109697179,109692825,1698291180,0.6432,0.6419
109662526,109632418,1698291240,0.6419,0.643
109639030,109622764,1698291300,0.643,0.6434
109630546,109590779,1698291360,0.6433,0.6435
109624390,109684813,1698291420,0.6436,0.6431
109680489,109690654,1698291480,0.6431,0.6426
109688993,109753941,1698291540,0.6427,0.6426
109720857,109717664,1698291600,0.6425,0.6426
109715365,109710910,1698291660,0.6426,0.6423
109715242,109736260,1698291720,0.6424,0.6436
109723708,109724488,1698291780,0.6436,0.6434
109761101,109743078,1698291840,0.6434,0.6435
109744006,109780087,1698291900,0.6435,0.6425
109781208,109670909,1698291960,0.6424,0.6426
109669056,109671982,1698292020,0.6425,0.6439
109712341,109678148,1698292080,0.6439,0.6446
109703505,109822685,1698292140,0.6447,0.6456
109857342,109861771,1698292200,0.6456,0.6459
109861143,109885154,1698292260,0.6459,0.6453
109903661,109908978,1698292320,0.6453,0.6442
109957986,110166150,1698292380,0.6442,0.6472
110295605,110234118,1698292440,0.6471,0.6475
110262445,110299619,1698292500,0.6475,0.6482
110325294,110383072,1698292560,0.6482,0.6482
110486931,110922020,1698292620,0.6482,0.6495
110791606,110821900,1698292680,0.6495,0.649
110764934,110766766,1698292740,0.6489,0.6487
110786564,110917771,1698292800,0.6488,0.6503
110821951,110965099,1698292860,0.6503,0.6503
110990354,110808394,1698292920,0.6503,0.6503
110870976,110870224,1698292980,0.6503,0.6508
110850856,111829154,1698293040,0.6508,0.651
111842792,111857362,1698293100,0.651,0.6507
111855877,111873375,1698293160,0.6508,0.651
111883122,111756970,1698293220,0.651,0.6493
111707295,111783893,1698293280,0.6492,0.6493
111801090,111813007,1698293340,0.6493,0.649
111809721,111811045,1698293400,0.6491,0.6489
111819876,111788293,1698293460,0.6488,0.6488
111762656,111782364,1698293520,0.6487,0.6487
111793846,111775225,1698293580,0.6487,0.6482
111876295,111893394,1698293640,0.6482,0.6477
111870668,111747758,1698293700,0.6476,0.6473
111712669,111766680,1698293760,0.6474,0.6482
111772226,111757602,1698293820,0.6482,0.6472
111724228,111602820,1698293880,0.6471,0.6465
111581887,111576147,1698293940,0.6464,0.6479
111607446,111631817,1698294000,0.6479,0.6489
111656836,111732594,1698294060,0.6489,0.6477
111719973,111717780,1698294120,0.6476,0.6473
111741869,111753784,1698294180,0.6473,0.6464
111753171,111750876,1698294240,0.6463,0.647
111758048,111763266,1698294300,0.6469,0.647
111752581,111746517,1698294360,0.647,0.6467
111746660,111745051,1698294420,0.6467,0.6465
111735019,111691392,1698294480,0.6465,0.6457
111625242,111625235,1698294540,0.6457,0.6463
111610182,111601286,1698294600,0.6464,0.6457
111599230,111592984,1698294660,0.6458,0.6451
111578087,111569567,1698294720,0.6451,0.6451
111559190,111542431,1698294780,0.6451,0.6446
111558908,111602640,1698294840,0.6447,0.6453
111595700,111573131,1698294900,0.6452,0.6453
111595361,111585947,1698294960,0.6454,0.6454
111604421,111621272,1698295020,0.6453,0.6457
111606732,111610248,1698295080,0.6456,0.646
111635795,111642668,1698295140,0.646,0.6454
111650039,111651647,1698295200,0.6454,0.6444
111635692,111619535,1698295260,0.6444,0.6443
111608320,111640705,1698295320,0.6443,0.645
111644228,111779868,1698295380,0.6449,0.6456
111809324,111809960,1698295440,0.6455,0.6449
111790314,111749871,1698295500,0.6449,0.6449
111724505,111722625,1698295560,0.6449,0.6451
111722548,111726816,1698295620,0.645,0.6444
111746694,111731142,1698295680,0.6443,0.6448
111726113,111731982,1698295740,0.6448,0.645
111729047,111739190,1698295800,0.6449,0.6449
111476218,111475872,1698295860,0.6448,0.6453
111463152,111451756,1698295920,0.6452,0.6447
111447603,111422409,1698295980,0.6448,0.6463
111413957,111307611,1698296040,0.6463,0.646
111293024,111283616,1698296100,0.646,0.646
111267456,111257203,1698296160,0.6459,0.6449
111254726,111260089,1698296220,0.645,0.6447
111248155,111249450,1698296280,0.6448,0.6451
111247534,111243179,1698296340,0.6451,0.6453
111241239,111232389,1698296400,0.6453,0.6445
111233214,111246535,1698296460,0.6445,0.644
111175610,111147211,1698296520,0.6439,0.6443
111117656,111119120,1698296580,0.6443,0.6451
111105419,111098292,1698296640,0.645,0.6446
111080879,111110738,1698296700,0.6445,0.6452
111118723,111138371,1698296760,0.6453,0.6451
111140079,111167054,1698296820,0.6451,0.645
111059738,111066415,1698296880,0.645,0.6446
111066576,111059238,1698296940,0.6445,0.6447
111078947,111059714,1698297000,0.6448,0.6447
111060543,111061808,1698297060,0.6447,0.6459
111021649,111045578,1698297120,0.6458,0.6453
111034736,111040923,1698297180,0.6454,0.6454
110820287,110818635,1698297240,0.6454,0.6457
110819416,110745612,1698297300,0.6456,0.6456
110750412,110739578,1698297360,0.6457,0.6459
110748596,110768231,1698297420,0.6459,0.6444
110757540,110741405,1698297480,0.6444,0.6435
110705511,110811339,1698297540,0.6435,0.6442
110810934,110787256,1698297600,0.6442,0.6434
110768928,110831762,1698297660,0.6434,0.6442
110838964,110841533,1698297720,0.6442,0.6439
110838212,110845415,1698297780,0.6438,0.644
110864539,110855704,1698297840,0.644,0.6437
110845745,110816117,1698297900,0.6437,0.6431
110806054,110829039,1698297960,0.6431,0.6435
110839845,110847822,1698298020,0.6435,0.6435
110835504,110835900,1698298080,0.6435,0.6434
110828355,110811668,1698298140,0.6433,0.6432
110813314,110818530,1698298200,0.6432,0.6436
110796653,110825465,1698298260,0.6435,0.644
110830806,110828825,1698298320,0.6439,0.6437
110822331,110822396,1698298380,0.6436,0.6432
110817264,110740103,1698298440,0.6432,0.6425
110720808,110714926,1698298500,0.6425,0.6424
110722818,110717551,1698298560,0.6425,0.643
110631921,110735251,1698298620,0.643,0.6428
110759204,110737942,1698298680,0.6428,0.6433
110740240,110732824,1698298740,0.6434,0.6425
110734686,110728681,1698298800,0.6425,0.6421
110754178,110755868,1698298860,0.642,0.6424
110753735,110787962,1698298920,0.6424,0.6423
110990465,110991512,1698298980,0.6422,0.6417
110980562,111002218,1698299040,0.6417,0.6424
110994766,110950685,1698299100,0.6423,0.6421
110950095,110947983,1698299160,0.6421,0.6415
110889736,110918480,1698299220,0.6414,0.6412
110911223,110949796,1698299280,0.6411,0.6408
110938965,110931250,1698299340,0.6408,0.6405
110951046,110934976,1698299400,0.6404,0.6402
110935704,110906577,1698299460,0.6402,0.6398
110905677,110948207,1698299520,0.6398,0.6406
110913307,110915181,1698299580,0.6405,0.6394
110914046,110962906,1698299640,0.6395,0.6399
110845061,110788674,1698299700,0.6398,0.6402
110770250,110768510,1698299760,0.6401,0.6391
110760486,110742480,1698299820,0.6392,0.6387
110640099,110618836,1698299880,0.6387,0.6392
110613715,110601220,1698299940,0.6391,0.6389
110606435,110623929,1698300000,0.639,0.6398
110636093,110652431,1698300060,0.6397,0.6389
110640179,110639818,1698300120,0.6389,0.6386
110645347,110648551,1698300180,0.6386,0.6381
111105447,111670941,1698300240,0.638,0.6373
111696597,111631927,1698300300,0.6374,0.6377
111446248,111281859,1698300360,0.6376,0.6361
111246968,111231881,1698300420,0.636,0.6356
111184996,111199652,1698300480,0.6356,0.6366
111298448,111253205,1698300540,0.6366,0.6368
111267858,111242610,1698300600,0.6367,0.6361
111235674,111218867,1698300660,0.636,0.6363
111208682,111226610,1698300720,0.6364,0.6371
111228424,111199765,1698300780,0.637,0.6371
111186829,111239231,1698300840,0.6371,0.6379
111240048,111269615,1698300900,0.6379,0.6368
111307618,111305147,1698300960,0.6368,0.6374
111298880,111314670,1698301020,0.6375,0.638
111329572,111346733,1698301080,0.638,0.638
111342445,111342445,1698301140,0.638,0.6386
111257237,111180105,1698301200,0.6386,0.6383
111141003,111139961,1698301260,0.6383,0.6382
111133918,111153475,1698301320,0.6383,0.6385
111146500,111088705,1698301380,0.6385,0.6392
111115654,111113851,1698301440,0.6391,0.6398
111127820,111089082,1698301500,0.6398,0.6389
111090656,111070046,1698301560,0.6388,0.6389
111084682,111094187,1698301620,0.6389,0.6389
111085808,111079606,1698301680,0.6389,0.6394
111080132,111055669,1698301740,0.6394,0.6385
111058595,111052408,1698301800,0.6384,0.6382
111060842,111120447,1698301860,0.6382,0.6397
111124524,110984911,1698301920,0.6398,0.6397
110991302,110966289,1698301980,0.6396,0.639
110977036,110968506,1698302040,0.639,0.6393
110978793,110983867,1698302100,0.6393,0.6396
110987288,111003151,1698302160,0.6396,0.6398
111029748,111059347,1698302220,0.6398,0.64
111070159,111064333,1698302280,0.64,0.6402
111058648,110746634,1698302340,0.6403,0.6402
110779116,110776622,1698302400,0.6401,0.6403
110765652,110765652,1698302460,0.6403,0.6407
110791993,110793686,1698302520,0.6408,0.6414
110784014,110738341,1698302580,0.6413,0.6416
110757851,110757713,1698302640,0.6416,0.6417
110758072,110771061,1698302700,0.6418,0.6418
110765422,110847554,1698302760,0.6418,0.6421
110866171,110840597,1698302820,0.6422,0.6427
110825258,110825258,1698302880,0.6426,0.6425
110831944,110873171,1698302940,0.6425,0.6431
110875852,110969730,1698303000,0.6431,0.6431
110980787,110994354,1698303060,0.6431,0.6439
110994595,111009423,1698303120,0.6439,0.6447
111018061,111108558,1698303180,0.6447,0.6455
111120557,111105763,1698303240,0.6456,0.6458
111144404,111147884,1698303300,0.6458,0.6456
111028146,110965631,1698303360,0.6456,0.6454
110975826,110991567,1698303420,0.6453,0.6464
111037296,111055595,1698303480,0.6463,0.6466
111035345,111064960,1698303540,0.6467,0.6459
111056867,111081027,1698303600,0.6459,0.6451
111082334,110920863,1698303660,0.6451,0.6447
110906874,110910454,1698303720,0.6447,0.6448
110915323,110923420,1698303780,0.6448,0.6447
110940719,110921540,1698303840,0.6448,0.6439
110865552,110858592,1698303900,0.644,0.6438
110814554,110846405,1698303960,0.6438,0.6449
110848340,110830753,1698304020,0.645,0.6453
110846201,110849499,1698304080,0.6452,0.6459
110832228,110853868,1698304140,0.6459,0.6458
110897886,110928478,1698304200,0.6457,0.646
110925778,110913851,1698304260,0.646,0.6471
110948220,110964270,1698304320,0.6471,0.6489
110966253,110935096,1698304380,0.6489,0.6505
110926294,111399015,1698304440,0.6505,0.6523
111411378,111801543,1698304500,0.6523,0.6533
111809941,111886221,1698304560,0.6534,0.6547
111983643,111995590,1698304620,0.6546,0.6553
112048095,112081527,1698304680,0.6552,0.6551
112093574,112146379,1698304740,0.6551,0.6544
112161359,112158071,1698304800,0.6545,0.6553
112126084,112095291,1698304860,0.6554,0.6564
112246132,112228766,1698304920,0.6564,0.6565
112230454,112507450,1698304980,0.6564,0.6553
112589258,112632739,1698305040,0.6551,0.6545
112661824,112688604,1698305100,0.6546,0.6558
112647386,112633639,1698305160,0.6557,0.6544
112630568,112400600,1698305220,0.6544,0.6554
112385506,112368343,1698305280,0.6554,0.6545
112337575,112347834,1698305340,0.6545,0.6554
112333175,112324045,1698305400,0.6555,0.6537
112356192,112399540,1698305460,0.6538,0.6552
112402308,112420608,1698305520,0.6552,0.6562
112447469,112465690,1698305580,0.6562,0.656
112499439,112499439,1698305640,0.6561,0.6567
112502447,112475820,1698305700,0.6567,0.6557
112415183,112393788,1698305760,0.6557,0.6566
112388887,112375660,1698305820,0.6567,0.6566
112337083,112332903,1698305880,0.6566,0.6573
112479755,112370273,1698305940,0.6572,0.6573
112117402,112128546,1698306000,0.6573,0.6566
111790151,111713816,1698306060,0.6567,0.6564
111970760,111915416,1698306120,0.6563,0.6564
111914972,111892498,1698306180,0.6564,0.6561
111878495,111878495,1698306240,0.656,0.655
