"OI_open","OI_close","timestamp","price_open","price_close"
16289010.4,16288798,1698070740,4.011,4.009
16289656.2,16283698.4,1698070800,4.009,4.004
16284501.2,16283725.6,1698070860,4.004,3.999
16282539.7,16280347.7,1698070920,3.999,3.998
16289806.3,16288537.3,1698070980,3.998,4.001
16293049.6,16292919.7,1698071040,4.001,4.002
16291307.7,16288997.2,1698071100,4.002,4.006
16288635.5,16284519.1,1698071160,4.006,4.017
16292429.7,16294608.6,1698071220,4.016,4.01
16291832,16288149.5,1698071280,4.01,4.015
16287823.7,16289209.2,1698071340,4.015,4.015
16289747.9,16289452.7,1698071400,4.015,4.014
16288088.9,16284684,1698071460,4.013,4.011
16283439.3,16277039,1698071520,4.01,4.009
16278374.2,16275594.6,1698071580,4.01,4.005
16278867.6,16278867.6,1698071640,4.006,4.006
16276153.6,16265796.4,1698071700,4.005,4.003
16264499.9,16264499.9,1698071760,4.003,4.002
16265089.3,16263131.7,1698071820,4.002,4.001
16277089,16272614.3,1698071880,4,4.002
16271385.2,16271430.9,1698071940,4.003,4.006
16267897.1,16267196,1698072000,4.007,4.01
16265718.7,16286707.5,1698072060,4.01,4.012
16287368.8,16271690.6,1698072120,4.011,4.015
16269574.7,16266375.4,1698072180,4.015,4.017
16265430.5,16266569.6,1698072240,4.017,4.017
16264985.2,16265009.1,1698072300,4.017,4.015
16263441.8,16261590,1698072360,4.015,4.019
16257361.6,16254066.9,1698072420,4.019,4.019
16253475.6,16250002.8,1698072480,4.019,4.011
16246155.1,16240803.1,1698072540,4.011,4.006
16238347.8,16231339.8,1698072600,4.007,4.015
16232538.7,16229801,1698072660,4.016,4.02
16244428,16241571,1698072720,4.02,4.022
16244215.4,16241475.2,1698072780,4.022,4.022
16237487.9,16236346.5,1698072840,4.022,4.02
16237651.5,16237078.3,1698072900,4.021,4.024
16234944.5,16234143,1698072960,4.024,4.022
16246570.2,16246356,1698073020,4.023,4.022
16244102.2,16243749.6,1698073080,4.021,4.023
16244406.6,16253092.3,1698073140,4.023,4.023
16253849.8,16259120.3,1698073200,4.022,4.021
16262930.4,16264459.1,1698073260,4.021,4.028
16264470.3,16267938.5,1698073320,4.028,4.032
16263353.4,16261829.9,1698073380,4.032,4.032
16261448.2,16262154.8,1698073440,4.032,4.027
16259807.4,16255380.3,1698073500,4.027,4.03
16257697.5,16268890.9,1698073560,4.031,4.026
16266786.7,16270172.3,1698073620,4.025,4.035
16266379.3,16272607.8,1698073680,4.034,4.034
16275181.1,16275150.8,1698073740,4.034,4.031
16276377.4,16276770,1698073800,4.031,4.038
16278098.5,16275638.2,1698073860,4.038,4.04
16269010.6,16269011.3,1698073920,4.039,4.044
16268327.6,16268327.6,1698073980,4.043,4.044
16257325.2,16256003.3,1698074040,4.043,4.045
16254267.2,16257531.7,1698074100,4.046,4.049
16261547.2,16261113.5,1698074160,4.049,4.033
16253728.7,16253575.9,1698074220,4.033,4.03
16228334.5,16218247.6,1698074280,4.03,4.028
16209730.9,16213175.5,1698074340,4.028,4.033
16216127.3,16202401.6,1698074400,4.032,4.027
16209904.8,16214233.9,1698074460,4.027,4.031
16216136.2,16223650.7,1698074520,4.031,4.036
16256113.9,16256995,1698074580,4.037,4.042
16258667.9,16258145.8,1698074640,4.042,4.04
16262712.3,16259108.6,1698074700,4.039,4.04
16256794.8,16255354.4,1698074760,4.041,4.036
16279053.7,16282030.7,1698074820,4.037,4.034
16283097.6,16287046.1,1698074880,4.033,4.032
16289780.8,16286201,1698074940,4.033,4.036
16281062.4,16280363.8,1698075000,4.035,4.033
16270296.6,16281860.6,1698075060,4.034,4.039
16282748.5,16279676.8,1698075120,4.038,4.039
16275155.9,16272085.9,1698075180,4.038,4.038
16267291.8,16291234.7,1698075240,4.039,4.046
16330451.1,16333234,1698075300,4.047,4.047
16332683.8,16338060.7,1698075360,4.047,4.04
16337674.5,16339343.9,1698075420,4.04,4.042
16344209.4,16347716.2,1698075480,4.041,4.046
16348779.7,16351509.5,1698075540,4.046,4.049
16361986,16375114.4,1698075600,4.05,4.048
16379964.5,16385631.2,1698075660,4.049,4.051
16389203.8,16402454.6,1698075720,4.052,4.05
16407586,16418281,1698075780,4.049,4.049
16422900.5,16422000.2,1698075840,4.05,4.049
16423206.3,16449868.5,1698075900,4.049,4.061
16459756.2,16461797.8,1698075960,4.061,4.069
16452808.1,16441921.3,1698076020,4.068,4.077
16488243.8,16509047.2,1698076080,4.076,4.087
16532395.5,16604074.5,1698076140,4.087,4.104
16607700.3,16614681.8,1698076200,4.104,4.11
16649058.4,16636514.6,1698076260,4.109,4.11
16636228.3,16621005.7,1698076320,4.109,4.109
16657571.6,16642070,1698076380,4.108,4.114
16650677.9,16656765.8,1698076440,4.114,4.107
16653967.1,16641529.8,1698076500,4.107,4.092
16630765.5,16624541.6,1698076560,4.091,4.102
16640053.1,16655651.2,1698076620,4.102,4.093
16654465.2,16663419.9,1698076680,4.093,4.09
16668024.4,16668024.4,1698076740,4.091,4.092
16662177.9,16656876.7,1698076800,4.091,4.106
16674447.7,16707073.8,1698076860,4.106,4.116
16715337.1,16724983.2,1698076920,4.116,4.105
16716505.9,16701239,1698076980,4.105,4.094
16684534.1,16685242.6,1698077040,4.095,4.086
16677582.1,16677551.7,1698077100,4.087,4.091
16672421.6,16673520.9,1698077160,4.091,4.089
16672317.2,16680627.1,1698077220,4.089,4.089
16683403.5,16688664.3,1698077280,4.088,4.091
16688218.1,16677294.6,1698077340,4.092,4.091
16679068.9,16679284.8,1698077400,4.091,4.089
16683499.8,16677426.7,1698077460,4.089,4.079
16660894.6,16653605.7,1698077520,4.079,4.085
16665901.9,16681605.3,1698077580,4.085,4.079
16678943.9,16678509.3,1698077640,4.08,4.08
16682111.7,16697188.6,1698077700,4.081,4.088
16709139.6,16710421.7,1698077760,4.089,4.088
16710650.6,16717076.2,1698077820,4.089,4.091
16731110.5,16734916.3,1698077880,4.092,4.095
16746621,16753717.2,1698077940,4.095,4.1
16763183.9,16757310.3,1698078000,4.101,4.095
16788680.3,16804129.7,1698078060,4.095,4.097
16832104.5,16825725.1,1698078120,4.097,4.093
16823219,16825877.1,1698078180,4.094,4.094
16832003.6,16827853.3,1698078240,4.094,4.099
16831386.3,16834609.3,1698078300,4.099,4.095
16824320.7,16820500,1698078360,4.095,4.085
16816369.3,16821343.9,1698078420,4.085,4.098
16822460,16823182.6,1698078480,4.098,4.096
16833236.4,16839897.6,1698078540,4.097,4.09
16849184.8,16877261.2,1698078600,4.091,4.107
16866217.8,16854348.3,1698078660,4.106,4.091
16848902.6,16845304.7,1698078720,4.091,4.088
16853798.9,16854596,1698078780,4.087,4.082
16852789.3,16846143,1698078840,4.082,4.083
16851802.1,16855934.5,1698078900,4.082,4.079
16851103.8,16851411,1698078960,4.079,4.085
16852970,16845730.7,1698079020,4.085,4.091
16848511.8,16848511.8,1698079080,4.091,4.094
16855919.5,16747635,1698079140,4.094,4.099
16753492.6,16736651.2,1698079200,4.098,4.096
16743744.5,16736345.4,1698079260,4.096,4.096
16737439.5,16733306.7,1698079320,4.095,4.104
16728248.3,16721309.2,1698079380,4.103,4.106
16719034.7,16724217,1698079440,4.106,4.1
16721481.9,16704316,1698079500,4.1,4.092
16702052.6,16715981.9,1698079560,4.091,4.097
16712067.7,16713698.5,1698079620,4.096,4.091
16704828.8,16698242.5,1698079680,4.092,4.094
16700745.6,16699008.6,1698079740,4.094,4.103
16696295.3,16695454.7,1698079800,4.103,4.1
16692904.6,16659264.3,1698079860,4.1,4.106
16653931.2,16654387.8,1698079920,4.107,4.106
16637406.1,16634374.3,1698079980,4.106,4.11
16635130.3,16635751.9,1698080040,4.11,4.109
16648853.9,16611240.6,1698080100,4.109,4.11
16608552.7,16620396,1698080160,4.109,4.109
16643812,16642195.4,1698080220,4.109,4.121
16731570.9,16731570.9,1698080280,4.121,4.125
16768767.1,16823816,1698080340,4.124,4.12
16835544.7,16890506.4,1698080400,4.12,4.135
16882020.5,16864384.4,1698080460,4.135,4.122
16860913.3,16844134.2,1698080520,4.123,4.12
16833692.6,16830769.1,1698080580,4.12,4.126
16833367,16832256.9,1698080640,4.127,4.129
16835189,16827761.2,1698080700,4.129,4.142
16830667.4,16834523.5,1698080760,4.142,4.134
16897934.2,16906228.4,1698080820,4.134,4.149
16915245.1,16921311.9,1698080880,4.149,4.147
16933973.1,16939944.8,1698080940,4.148,4.157
16931788.8,16931898.6,1698081000,4.156,4.16
16948944.7,16952353.6,1698081060,4.16,4.147
16927748,17002450.7,1698081120,4.147,4.17
16970658,16927126.9,1698081180,4.17,4.157
16927883,16927883,1698081240,4.157,4.172
16928386.6,16931736.5,1698081300,4.171,4.157
16959364,16941431.8,1698081360,4.156,4.146
16927647.1,16923041.7,1698081420,4.146,4.15
16924599.8,16945846.4,1698081480,4.15,4.155
16949748,16958774.2,1698081540,4.156,4.147
16943986.4,16938776.5,1698081600,4.146,4.144
16943218.1,16947244.1,1698081660,4.144,4.153
16945482.4,16965693.7,1698081720,4.154,4.151
16968068.2,16975482.5,1698081780,4.151,4.141
16971415.9,16968417.9,1698081840,4.142,4.139
16968619.5,16980774.3,1698081900,4.138,4.129
16959262.7,16953766.9,1698081960,4.128,4.121
16948165.9,16949215.3,1698082020,4.121,4.123
16953589.7,16903913.2,1698082080,4.123,4.108
16786230.2,16783517.6,1698082140,4.109,4.106
16807956.5,16821995.2,1698082200,4.105,4.103
16826498.7,16828847,1698082260,4.102,4.112
16835939,16844569.4,1698082320,4.113,4.115
16848927,16851965.4,1698082380,4.115,4.112
16864101,16865750.9,1698082440,4.112,4.109
16864480.3,16868990.5,1698082500,4.11,4.116
16865609.9,16876738.7,1698082560,4.117,4.122
16877337.2,16887584.6,1698082620,4.122,4.119
16887602.7,16893679.7,1698082680,4.119,4.13
16903950,16907594.1,1698082740,4.13,4.131
16905965.9,16899581.1,1698082800,4.131,4.141
16898532.5,16916008.6,1698082860,4.141,4.147
16912725.7,16912725.7,1698082920,4.147,4.139
16914360.5,16920673.2,1698082980,4.14,4.141
16941210,16945557.4,1698083040,4.141,4.142
16947666.4,16944094.8,1698083100,4.143,4.135
16956291,16950962.7,1698083160,4.134,4.131
16955665.9,16958927,1698083220,4.131,4.136
16944509.6,16943259.7,1698083280,4.137,4.143
16949284.9,16949284.9,1698083340,4.142,4.144
16945494.6,16951718.4,1698083400,4.145,4.144
16959278.4,16961822.5,1698083460,4.144,4.146
16964434.7,16967941.3,1698083520,4.146,4.144
16971084.5,16978377.1,1698083580,4.144,4.149
16975209.4,16975130.3,1698083640,4.149,4.155
16975582.6,16972060.4,1698083700,4.155,4.159
16966950.7,16955696.5,1698083760,4.159,4.155
16961134.3,16955013.1,1698083820,4.156,4.151
16957486.2,16957678.9,1698083880,4.152,4.144
16955843.1,16956843.1,1698083940,4.143,4.142
16963406.2,16959212.6,1698084000,4.143,4.145
16962742.1,16970171.1,1698084060,4.145,4.15
16966098,16965353.3,1698084120,4.15,4.149
16966996.5,16968205.3,1698084180,4.15,4.155
16974308.8,16972682.9,1698084240,4.155,4.156
16973423,16974209,1698084300,4.155,4.158
16973186,16973851.5,1698084360,4.157,4.155
16973074.2,16971205.1,1698084420,4.154,4.145
16974000.8,16974614.2,1698084480,4.146,4.147
16977509.4,16977717.9,1698084540,4.146,4.14
16974695.4,16976322.7,1698084600,4.141,4.141
16969992.9,16949774,1698084660,4.141,4.149
16955291.5,16953214.9,1698084720,4.149,4.15
16952495.4,16955470,1698084780,4.15,4.15
16953558.1,16953414.8,1698084840,4.149,4.148
16959291,16960392.2,1698084900,4.148,4.142
16943426.2,16939640.8,1698084960,4.142,4.135
16932818.4,16921570.2,1698085020,4.135,4.133
16888503.3,16883850.9,1698085080,4.132,4.126
16881293.8,16880254.9,1698085140,4.127,4.125
16868108.8,16868624,1698085200,4.125,4.121
16827118.3,16822039.7,1698085260,4.121,4.128
16822072.5,16822757.4,1698085320,4.129,4.128
16826427.6,16827200.2,1698085380,4.127,4.128
16829685.3,16830751.5,1698085440,4.128,4.13
16831340.9,16831070.8,1698085500,4.131,4.127
16806129.1,16806129.1,1698085560,4.126,4.123
16804691.8,16802125.3,1698085620,4.124,4.124
16830264.8,16822630.6,1698085680,4.124,4.119
16817155.1,16815605.8,1698085740,4.119,4.121
16817920.6,16815981.4,1698085800,4.122,4.126
16815014.9,16820771.5,1698085860,4.126,4.122
16820068.7,16811416.5,1698085920,4.122,4.117
16809349.3,16818805.2,1698085980,4.117,4.116
16820303.7,16818561.1,1698086040,4.116,4.115
16825725.8,16827355.7,1698086100,4.116,4.118
16815833,16816962,1698086160,4.118,4.117
16816888.5,16817611.2,1698086220,4.117,4.113
16811918.2,16812794.5,1698086280,4.113,4.116
16812772.2,16812704.6,1698086340,4.116,4.118
16815920.8,16817491.2,1698086400,4.118,4.114
16826491.2,16827085.1,1698086460,4.114,4.112
16823136.1,16817600.2,1698086520,4.111,4.107
16815738.2,16807165.5,1698086580,4.108,4.111
16799759,16807756.9,1698086640,4.11,4.106
16789522.8,16787237.8,1698086700,4.106,4.097
16794323.2,16793278.4,1698086760,4.097,4.106
16787130.2,16756427.4,1698086820,4.106,4.104
16762395.6,16755767.7,1698086880,4.103,4.106
16752244.4,16756053.4,1698086940,4.107,4.106
16753555.1,16766034,1698087000,4.106,4.116
16758652.6,16766545.9,1698087060,4.115,4.115
16771418.4,16766015,1698087120,4.114,4.115
16765521,16768894,1698087180,4.116,4.121
16781042.5,16780714.7,1698087240,4.121,4.125
16781201.5,16784966.5,1698087300,4.125,4.128
16788799.7,16788995.5,1698087360,4.128,4.127
16787400.9,16784535,1698087420,4.127,4.128
16779047.4,16783612.6,1698087480,4.129,4.127
16782819.4,16785280.6,1698087540,4.127,4.131
16784058.5,16784058.5,1698087600,4.131,4.137
16781974.9,16790290.7,1698087660,4.136,4.14
16789558.1,16801638.6,1698087720,4.141,4.144
16804921.6,16804267.4,1698087780,4.144,4.138
16799135,16797740.5,1698087840,4.138,4.146
16805694.2,16808734.6,1698087900,4.146,4.143
16816792.3,16811318.6,1698087960,4.142,4.134
16806465.4,16804186.6,1698088020,4.133,4.137
16805379,16803040.5,1698088080,4.137,4.131
16798801.9,16798772.3,1698088140,4.131,4.133
16798876.6,16797501.8,1698088200,4.134,4.139
16796210.8,16794590.3,1698088260,4.14,4.144
16795992.8,16795076.7,1698088320,4.144,4.147
16796060.2,16796667.6,1698088380,4.147,4.149
16799195.9,16797625.4,1698088440,4.149,4.152
16795684,16797129.3,1698088500,4.152,4.145
16802144,16807246.5,1698088560,4.145,4.152
16814683.2,16814352.3,1698088620,4.152,4.146
16812820.3,16803500.2,1698088680,4.146,4.144
16801940.3,16797309.8,1698088740,4.144,4.135
16793778.3,16790719,1698088800,4.135,4.14
16790709.7,16791880,1698088860,4.14,4.143
16790983.8,16790811.1,1698088920,4.143,4.145
16793081,16789312.8,1698088980,4.145,4.144
16792549.8,16793441.8,1698089040,4.144,4.138
16790791.2,16794477.5,1698089100,4.139,4.149
16800636.2,16799392.4,1698089160,4.148,4.15
16800119,16796721.2,1698089220,4.151,4.151
16794080.6,16803538.9,1698089280,4.15,4.151
16804892,16805160.5,1698089340,4.151,4.152
16807689.8,16808621,1698089400,4.151,4.144
16821538.4,16816096.8,1698089460,4.144,4.145
16815712.8,16816412.3,1698089520,4.145,4.148
16815797.9,16821418.9,1698089580,4.148,4.147
16818623.4,16818623.4,1698089640,4.147,4.144
16820220.8,16824424.2,1698089700,4.144,4.148
16825735.6,16825638.9,1698089760,4.148,4.15
16840192.4,16840192.4,1698089820,4.151,4.156
16830596.7,16838319,1698089880,4.155,4.159
16852419,16848506.9,1698089940,4.158,4.162
16852279.8,16860201.7,1698090000,4.162,4.16
16858696.1,16880041.2,1698090060,4.16,4.164
16884440.3,16878822,1698090120,4.164,4.167
16881732.7,16880685.9,1698090180,4.166,4.17
16880465.6,16882565.7,1698090240,4.17,4.169
16878911.5,16873255.2,1698090300,4.169,4.172
16884869.1,16888574.7,1698090360,4.172,4.175
16912501.9,16915495.2,1698090420,4.175,4.177
16917399.7,16922479.1,1698090480,4.178,4.185
16935168.2,16934840.8,1698090540,4.185,4.188
16976242.8,16967813.5,1698090600,4.189,4.182
16957256.3,16954190.8,1698090660,4.181,4.191
16942331.4,16945852.4,1698090720,4.191,4.191
16949529.2,16952021.3,1698090780,4.19,4.186
16950790.2,16988861.9,1698090840,4.186,4.188
16989125,16980771.6,1698090900,4.188,4.191
16988180,16998028,1698090960,4.192,4.191
16993635.6,16991943.1,1698091020,4.191,4.194
16991177.3,16993921.6,1698091080,4.195,4.194
16990587.5,16989657.5,1698091140,4.193,4.19
16982459.8,16990221.5,1698091200,4.19,4.191
16985760.1,16967160,1698091260,4.192,4.185
16967783,16966548.3,1698091320,4.184,4.19
16965613.1,16963549.2,1698091380,4.191,4.188
16956560.7,16962897.9,1698091440,4.187,4.183
16975472.1,16975448.9,1698091500,4.183,4.183
16970535.1,16970018.5,1698091560,4.183,4.186
16973128.3,16973128.3,1698091620,4.185,4.179
16970191.8,16967677.8,1698091680,4.179,4.184
16968280.3,16967886.6,1698091740,4.185,4.181
16965554.5,16959666.6,1698091800,4.181,4.181
16958310.7,16951753.1,1698091860,4.181,4.183
16962700,16964578.6,1698091920,4.182,4.18
16978685.7,16979068.3,1698091980,4.18,4.176
16962729.8,16997040.1,1698092040,4.175,4.181
16943680.5,16943356.3,1698092100,4.18,4.183
16944789.7,16928289,1698092160,4.183,4.182
16925318.4,16922714.6,1698092220,4.181,4.183
16928977.6,16928625.1,1698092280,4.183,4.182
16930509.9,16937213.5,1698092340,4.182,4.187
16952030,17012261.4,1698092400,4.186,4.193
16994951.3,17002661.4,1698092460,4.192,4.182
17040298.5,16989265.1,1698092520,4.182,4.19
16987453.7,16986789.3,1698092580,4.19,4.195
16987230.5,17053288.3,1698092640,4.194,4.191
17043501.7,17002042.5,1698092700,4.191,4.192
17023825.7,17023825.7,1698092760,4.191,4.185
17067995.5,17009912.6,1698092820,4.185,4.187
17050058.2,17024353.5,1698092880,4.186,4.189
17052642.7,16961353.6,1698092940,4.189,4.171
16965942.1,16962965.9,1698093000,4.172,4.183
16961586.1,16962033.3,1698093060,4.183,4.182
16958724.8,16959997.3,1698093120,4.183,4.181
16960617.2,16962060.3,1698093180,4.18,4.183
16952775.9,16953715.4,1698093240,4.183,4.183
16952144.8,16952144.8,1698093300,4.182,4.189
16945988,16925474.4,1698093360,4.19,4.192
16964763.6,16964763.6,1698093420,4.193,4.197
16907985.6,16880103.9,1698093480,4.197,4.199
16865432.1,16869561.2,1698093540,4.2,4.197
16854159.6,16832937.2,1698093600,4.197,4.196
16822513.2,16821490,1698093660,4.197,4.2
16817291.5,16827482,1698093720,4.2,4.199
16826858,16866662.9,1698093780,4.198,4.197
16864754.2,16831883.4,1698093840,4.198,4.194
16834295.4,16832280.5,1698093900,4.194,4.187
16825362.2,16831915.3,1698093960,4.187,4.19
16836886.2,16837135.5,1698094020,4.191,4.192
16837227,16839273.5,1698094080,4.192,4.187
16836314.3,16836455.4,1698094140,4.187,4.179
16829427.9,16831761.5,1698094200,4.179,4.179
16808419.8,16805957.8,1698094260,4.178,4.173
16803090.6,16800091.7,1698094320,4.173,4.167
16797047.1,16807080.1,1698094380,4.168,4.168
16814059.2,16798586.2,1698094440,4.169,4.17
16793890.6,16797063.1,1698094500,4.171,4.18
16793501.8,16793446.9,1698094560,4.181,4.186
16794935.8,16796983.8,1698094620,4.185,4.18
16798147.4,16793964.4,1698094680,4.18,4.174
16801176.5,16800361.1,1698094740,4.173,4.184
16802435.3,16798939.1,1698094800,4.185,4.187
16800092.9,16802171.2,1698094860,4.187,4.192
16807373.4,16808000.7,1698094920,4.191,4.198
16810995.9,16804569.4,1698094980,4.198,4.203
16812092,16811471.4,1698095040,4.202,4.204
16811284,16814537.6,1698095100,4.203,4.205
16814813.4,16815458.2,1698095160,4.204,4.207
16815268.2,16821119.3,1698095220,4.208,4.203
16821505.1,16818910.6,1698095280,4.204,4.199
16815765.2,16824209.3,1698095340,4.199,4.194
16818382.6,16818520.7,1698095400,4.193,4.191
16802956.2,16801219.3,1698095460,4.191,4.191
16804994,16804994,1698095520,4.192,4.193
16797967.4,16796985.1,1698095580,4.193,4.183
16794179.5,16788291.9,1698095640,4.184,4.187
16790821.1,16790120.4,1698095700,4.188,4.182
16774523.4,16772186.3,1698095760,4.182,4.178
16772328.1,16768414.7,1698095820,4.178,4.18
16765676.8,16767292.1,1698095880,4.181,4.186
16767951.6,16770631.7,1698095940,4.187,4.19
16772484.5,16782708.8,1698096000,4.19,4.192
16782907.5,16787891.6,1698096060,4.192,4.191
16786389.9,16791506.4,1698096120,4.192,4.192
16791748.9,16796183.9,1698096180,4.192,4.192
16796909.9,16795829.1,1698096240,4.193,4.193
16795430.3,16796544.8,1698096300,4.192,4.191
16790044.3,16787558.8,1698096360,4.191,4.189
16790010.5,16786971.2,1698096420,4.19,4.188
16780290.7,16779593.6,1698096480,4.188,4.189
16785634.6,16784927.3,1698096540,4.19,4.189
16784694.4,16783478.2,1698096600,4.188,4.186
16783622.8,16782309.6,1698096660,4.186,4.186
16784531.7,16785691.2,1698096720,4.187,4.183
16782733.9,16809659.2,1698096780,4.182,4.187
16808355.5,16809044.8,1698096840,4.188,4.193
16799940.5,16807286.6,1698096900,4.192,4.193
16806924.5,16810126.1,1698096960,4.194,4.194
16811769.7,16811306.8,1698097020,4.194,4.195
16811972.6,16803590.7,1698097080,4.194,4.192
16803604.8,16805786.9,1698097140,4.192,4.195
16807596.8,16809093.9,1698097200,4.194,4.193
16815465.8,16815846.8,1698097260,4.194,4.193
16818589.1,16818670.9,1698097320,4.193,4.193
16819039.3,16818933.9,1698097380,4.193,4.191
16815270.4,16816661.3,1698097440,4.192,4.194
16816776.4,16817889.4,1698097500,4.195,4.195
16817785,16817785,1698097560,4.196,4.195
16818749,16819519.3,1698097620,4.195,4.192
16818660.3,16818063.4,1698097680,4.192,4.192
16818465.2,16820910.4,1698097740,4.192,4.192
16818943.9,16819452.2,1698097800,4.192,4.19
16818700.7,16818800.1,1698097860,4.189,4.19
16818601.3,16821843.2,1698097920,4.189,4.19
16822531.7,16822654.5,1698097980,4.191,4.19
16822611.2,16822681.9,1698098040,4.19,4.191
16823327.6,16823391.7,1698098100,4.191,4.191
16823802.1,16823818.6,1698098160,4.19,4.191
16823741.1,16824624.8,1698098220,4.191,4.191
16824732.3,16825674.9,1698098280,4.191,4.19
16827847.4,16830522.7,1698098340,4.191,4.187
16826975.9,16827738,1698098400,4.187,4.185
16834479.8,16828330.4,1698098460,4.185,4.183
16819449.7,16821306.9,1698098520,4.183,4.183
16821774.8,16822261.4,1698098580,4.184,4.185
16822024.9,16824582.4,1698098640,4.185,4.187
16824170.9,16824736.5,1698098700,4.187,4.184
16831274.8,16833834.1,1698098760,4.185,4.189
16833843.4,16833881.7,1698098820,4.19,4.192
16834894.4,16837709.5,1698098880,4.193,4.194
16839366.2,16837529.4,1698098940,4.195,4.195
16819324.6,16823459.5,1698099000,4.195,4.198
16822673.7,16829814.1,1698099060,4.199,4.199
16834383.9,16828433.4,1698099120,4.199,4.208
16825935.7,16825164.5,1698099180,4.207,4.207
16827268.4,16823878.2,1698099240,4.206,4.21
16834313.3,16834313.3,1698099300,4.21,4.208
16831905.4,16831424,1698099360,4.207,4.211
16832548.9,16822894.2,1698099420,4.211,4.212
16823627.6,16823627.6,1698099480,4.213,4.212
16825667.1,16824851.7,1698099540,4.212,4.214
16826058.1,16820922.6,1698099600,4.214,4.207
16820034.5,16805633.2,1698099660,4.208,4.2
16804753.4,16810974.9,1698099720,4.199,4.203
16815072.1,16809846.4,1698099780,4.202,4.196
16805793.1,16814731.5,1698099840,4.195,4.198
16814277.9,16827271.6,1698099900,4.198,4.203
16829824,16827896,1698099960,4.204,4.211
16839619.1,16824724.7,1698100020,4.211,4.208
16820523.5,16814722.1,1698100080,4.208,4.213
16795803.1,16791205.2,1698100140,4.213,4.217
16795931.3,16838608.8,1698100200,4.217,4.215
16854953.9,16854483.5,1698100260,4.216,4.228
16860606.2,16872918.2,1698100320,4.228,4.226
16884841.4,16884247.7,1698100380,4.226,4.215
16883744.8,16884708.1,1698100440,4.215,4.214
16877792.8,16875668.9,1698100500,4.214,4.219
16876572.2,16880205.7,1698100560,4.219,4.222
16884430.8,16884334.4,1698100620,4.222,4.228
16882414.8,16889637.4,1698100680,4.227,4.237
16877713,16865688.7,1698100740,4.238,4.24
16851077.7,16850065.2,1698100800,4.241,4.246
16812349.3,16779469.2,1698100860,4.246,4.289
16675863.6,16548156.9,1698100920,4.29,4.293
16511628.7,16500106.2,1698100980,4.292,4.301
16480115,16453403.9,1698101040,4.303,4.271
16429487.3,16438701.6,1698101100,4.272,4.245
16429106.2,16419838.4,1698101160,4.245,4.249
16407134,16402575.3,1698101220,4.251,4.247
16386929.8,16384223.1,1698101280,4.247,4.269
16394528.3,16375818.8,1698101340,4.27,4.294
16387884.4,16387884.4,1698101400,4.294,4.279
16403589.9,16388803.7,1698101460,4.281,4.295
16382193.5,16382442.7,1698101520,4.295,4.297
16394124.6,16395841.6,1698101580,4.297,4.293
16394640.1,16394475.8,1698101640,4.294,4.286
16397423.1,16398467.1,1698101700,4.285,4.299
16390587.6,16389695.7,1698101760,4.299,4.297
16388506.9,16479039.1,1698101820,4.297,4.3
16433904.7,16432926.4,1698101880,4.299,4.309
16448274.3,16453331.4,1698101940,4.31,4.319
16455888.8,16460066.2,1698102000,4.319,4.346
16453484.8,16462247.4,1698102060,4.348,4.335
16463701.7,16481798.4,1698102120,4.334,4.324
16484657.9,16483216.5,1698102180,4.323,4.314
16472223.8,16451425.2,1698102240,4.313,4.316
16439132.3,16449447.6,1698102300,4.317,4.308
16446907.6,16445432.1,1698102360,4.308,4.311
16422811.9,16412115.8,1698102420,4.311,4.301
16401356.6,16399882.4,1698102480,4.3,4.298
16384623.3,16375155.6,1698102540,4.297,4.293
16374287.9,16352434.8,1698102600,4.293,4.258
16344588.9,16361816.3,1698102660,4.258,4.256
16337936.1,16343079.2,1698102720,4.257,4.258
16361192.5,16367155.1,1698102780,4.259,4.272
16370745.5,16373783.4,1698102840,4.272,4.271
16376980.4,16375186.4,1698102900,4.27,4.277
16321686.7,16314868.7,1698102960,4.276,4.285
16319403.8,16314864.6,1698103020,4.286,4.286
16321476.1,16321019,1698103080,4.286,4.292
16326108.8,16320820.5,1698103140,4.293,4.298
16326617.7,16329022.5,1698103200,4.298,4.296
16325351.2,16327496,1698103260,4.296,4.297
16336031.4,16334421.4,1698103320,4.297,4.3
16338020.9,16335988.2,1698103380,4.3,4.312
16329497.1,16320276.7,1698103440,4.311,4.306
16325361.2,16315691.7,1698103500,4.305,4.304
16306559.4,16307637,1698103560,4.303,4.304
16312448.6,16312214.2,1698103620,4.304,4.3
16313801.5,16308937.3,1698103680,4.3,4.304
16312079.8,16321004.9,1698103740,4.304,4.306
16294068.7,16287082.9,1698103800,4.307,4.304
16279629.6,16268996.7,1698103860,4.304,4.311
16269703.1,16269703.1,1698103920,4.311,4.305
16242614.2,16234826.5,1698103980,4.305,4.305
16231142.6,16226917.6,1698104040,4.305,4.305
16220934,16295992.5,1698104100,4.304,4.292
16288067.3,16286343.2,1698104160,4.292,4.297
16282896.6,16311896.1,1698104220,4.297,4.293
16275274.4,16267391,1698104280,4.293,4.287
16264306.2,16291948.8,1698104340,4.288,4.279
16294453.7,16290507.9,1698104400,4.279,4.284
16288631.9,16287463.8,1698104460,4.285,4.292
16282341.5,16273459.7,1698104520,4.292,4.298
16272064.5,16269306.5,1698104580,4.298,4.299
16271587.4,16262227.2,1698104640,4.299,4.294
16262263.9,16259691.6,1698104700,4.294,4.299
16258016.5,16262043,1698104760,4.3,4.304
16262956.9,16263319.9,1698104820,4.303,4.313
16267023.5,16253280.8,1698104880,4.313,4.316
16259132.3,16253891.3,1698104940,4.316,4.322
16270572.7,16271869.9,1698105000,4.321,4.32
16286242,16283540.1,1698105060,4.32,4.323
16285218.4,16284366.3,1698105120,4.322,4.334
16297728.2,16303941.8,1698105180,4.334,4.34
16324216.9,16319309.3,1698105240,4.339,4.346
16326741.8,16324286,1698105300,4.345,4.348
16318337.1,16327677.9,1698105360,4.348,4.345
16325965.5,16319824.1,1698105420,4.345,4.357
16307590.6,16309274.5,1698105480,4.358,4.365
16331850.9,16321375.5,1698105540,4.365,4.357
16320976.8,16317084.6,1698105600,4.356,4.363
16322753.6,16329884.4,1698105660,4.363,4.375
16340685.2,16360613,1698105720,4.375,4.351
16361616.4,16365283.7,1698105780,4.352,4.363
16375645.7,16358435.7,1698105840,4.364,4.354
16365541.3,16344520.1,1698105900,4.355,4.342
16342923.9,16332772.8,1698105960,4.343,4.332
16350589.1,16354319.1,1698106020,4.333,4.336
16349498.6,16348628,1698106080,4.337,4.325
16355744.3,16353383.5,1698106140,4.325,4.321
16356299,16356299,1698106200,4.321,4.319
16363126.1,16378001.5,1698106260,4.319,4.323
16387575,16394304.4,1698106320,4.324,4.327
16414722.8,16406467.8,1698106380,4.328,4.322
16410015.5,16395535.9,1698106440,4.323,4.321
16384151.7,16385146.7,1698106500,4.321,4.322
16383904.2,16375853.9,1698106560,4.323,4.309
16360803.8,16361098.4,1698106620,4.31,4.308
16363886.1,16355549.4,1698106680,4.309,4.298
16354986.7,16351790.5,1698106740,4.298,4.31
16354557.3,16355194.5,1698106800,4.311,4.318
16355647.3,16353060,1698106860,4.318,4.327
16350075.6,16351566.4,1698106920,4.327,4.329
16352749.9,16337744.5,1698106980,4.33,4.324
16321584,16318072.2,1698107040,4.325,4.328
16313266.3,16304108.2,1698107100,4.329,4.325
16308032.1,16306972.9,1698107160,4.325,4.333
16311789.6,16309978.9,1698107220,4.334,4.335
16313377.9,16316775,1698107280,4.335,4.343
16320390.1,16319866.4,1698107340,4.344,4.349
16321652.9,16309546.2,1698107400,4.349,4.339
16313371,16319991.1,1698107460,4.339,4.352
16324367.2,16329325.8,1698107520,4.352,4.359
16342758.2,16349478.1,1698107580,4.358,4.367
16347817.6,16346061.7,1698107640,4.367,4.373
16344058.3,16335376,1698107700,4.372,4.365
16338205.4,16333633.9,1698107760,4.366,4.373
16332085.5,16332085.5,1698107820,4.373,4.363
16328117.7,16312989.8,1698107880,4.364,4.363
16312037.3,16312037.3,1698107940,4.363,4.355
16308766.2,16310817.8,1698108000,4.355,4.358
16309120.5,16310318.7,1698108060,4.357,4.368
16315919.9,16314107.4,1698108120,4.368,4.362
16315392.7,16312283.7,1698108180,4.363,4.365
16284130.2,16281531,1698108240,4.365,4.374
16280245.9,16276790,1698108300,4.374,4.369
16272607.1,16283036.6,1698108360,4.37,4.374
16280131,16278715.8,1698108420,4.374,4.379
16289186.2,16289668.1,1698108480,4.38,4.386
16296887.5,16311529.4,1698108540,4.386,4.391
16309687,16290511.6,1698108600,4.391,4.384
16294542.3,16290859.8,1698108660,4.384,4.383
16294132.5,16296393.2,1698108720,4.383,4.382
16296683.3,16299404.8,1698108780,4.383,4.386
16309533.5,16311788.7,1698108840,4.387,4.385
16309675,16314165.7,1698108900,4.386,4.388
16313013.8,16307622.4,1698108960,4.388,4.38
16302630.9,16291178.7,1698109020,4.38,4.362
16274753,16278000.1,1698109080,4.362,4.368
16282025.5,16245464.8,1698109140,4.368,4.357
16246654.8,16231048.5,1698109200,4.357,4.357
16206958.8,16173243.8,1698109260,4.357,4.352
16180539.9,16187073.6,1698109320,4.352,4.355
16200336.4,16205606.7,1698109380,4.355,4.37
16209296,16193536.7,1698109440,4.371,4.374
16194660.3,16189654.5,1698109500,4.374,4.37
16194537.5,16201117.2,1698109560,4.37,4.368
16200277.2,16199097.3,1698109620,4.367,4.373
16199395,16191385.2,1698109680,4.372,4.374
16193853.3,16189919.9,1698109740,4.374,4.37
16190350.4,16179836.7,1698109800,4.371,4.378
16173438.2,16177337,1698109860,4.378,4.373
16184473.2,16170946.6,1698109920,4.374,4.364
16175601.5,16182854.6,1698109980,4.363,4.357
16183752.3,16183752.3,1698110040,4.357,4.353
16183822.3,16191748.2,1698110100,4.353,4.348
16186686,16187141.1,1698110160,4.347,4.344
16181822.3,16175474,1698110220,4.344,4.345
16183654.5,16185349,1698110280,4.346,4.354
16186107.6,16177193.4,1698110340,4.354,4.355
16173742.3,16176808.9,1698110400,4.356,4.356
16178579.1,16178272.6,1698110460,4.356,4.346
16164263.4,16177795.7,1698110520,4.347,4.354
16177291.7,16174406.8,1698110580,4.355,4.353
16173633.9,16180303.5,1698110640,4.354,4.346
16178884.8,16177817,1698110700,4.347,4.344
16168177.9,16162780.9,1698110760,4.344,4.336
16165340.1,16161921.2,1698110820,4.336,4.331
16137524,16134156,1698110880,4.33,4.317
16139632.6,16127621.1,1698110940,4.318,4.326
16129246.9,16133430,1698111000,4.327,4.324
16133580.6,16125974.7,1698111060,4.324,4.321
16125164,16125843.1,1698111120,4.321,4.321
16129608.3,16131427,1698111180,4.321,4.319
16132676.6,16133765.9,1698111240,4.318,4.313
16132283.5,16124594.3,1698111300,4.313,4.309
16126420,16124956.9,1698111360,4.308,4.303
16085437.2,16089181.5,1698111420,4.303,4.3
16102451.8,16097466.9,1698111480,4.3,4.316
16097572.2,16088756.3,1698111540,4.316,4.314
16076543,16086326.1,1698111600,4.314,4.315
16079183.3,16076710.8,1698111660,4.314,4.314
16075288.5,16080203,1698111720,4.314,4.319
16081170.5,16079159.9,1698111780,4.32,4.318
16086051.5,16085310.5,1698111840,4.317,4.317
16086196.7,16084930.3,1698111900,4.317,4.316
16079484.5,16077616.2,1698111960,4.315,4.315
16084071.7,16105217.5,1698112020,4.315,4.323
16107559.2,16108708.2,1698112080,4.323,4.325
16103771.9,16111518.6,1698112140,4.325,4.323
16118109.3,16118109.3,1698112200,4.323,4.318
16117407.4,16124904.2,1698112260,4.317,4.32
16125646.5,16126299.6,1698112320,4.319,4.324
16129103.8,16126967.2,1698112380,4.324,4.317
16130592.9,16128457.4,1698112440,4.317,4.317
16128161.8,16129062.7,1698112500,4.317,4.317
16128216.1,16128216.1,1698112560,4.317,4.311
16132369.4,16135429,1698112620,4.311,4.319
16133672.3,16144578.6,1698112680,4.318,4.329
16139854.7,16133920.7,1698112740,4.329,4.33
16133988.7,16131668.3,1698112800,4.33,4.328
16129075,16130810.6,1698112860,4.329,4.332
16140213.6,16146730.9,1698112920,4.332,4.334
16147573.1,16142188.3,1698112980,4.334,4.34
16146230.2,16153249.6,1698113040,4.34,4.345
16149088.8,16156834.7,1698113100,4.345,4.33
16149383.9,16143122.1,1698113160,4.33,4.324
16139685.9,16138499,1698113220,4.324,4.331
16128789.2,16130778,1698113280,4.332,4.333
16142566,16141987.3,1698113340,4.333,4.337
16143790.6,16138544,1698113400,4.338,4.324
16132718.3,16137420.9,1698113460,4.325,4.332
16135008.4,16127613.5,1698113520,4.331,4.33
16132117.3,16126515.5,1698113580,4.329,4.329
16124495.7,16124505.6,1698113640,4.329,4.326
16129755.3,16127615.9,1698113700,4.325,4.333
16131235.9,16153587.5,1698113760,4.334,4.335
16145568.1,16144932.7,1698113820,4.336,4.342
16136383.8,16132551.3,1698113880,4.342,4.339
16134728.1,16120325.2,1698113940,4.34,4.35
16132554.3,16136118.5,1698114000,4.35,4.352
16134946.8,16132843.8,1698114060,4.352,4.358
16121055.6,16121055.6,1698114120,4.359,4.357
16119195.2,16121854.9,1698114180,4.358,4.357
16117499.1,16115637.2,1698114240,4.357,4.366
16109556.4,16103385.5,1698114300,4.366,4.369
16113062.6,16131991.3,1698114360,4.37,4.382
16119556.8,16103476.9,1698114420,4.381,4.376
16091543.9,16084479.5,1698114480,4.376,4.37
16091403.7,16083245.9,1698114540,4.369,4.358
16084381.1,16057450.6,1698114600,4.357,4.352
16067005.1,16073752.6,1698114660,4.353,4.363
16069404.3,16066613.2,1698114720,4.363,4.358
16062215.6,16065683.2,1698114780,4.358,4.361
16066225.4,16062168.4,1698114840,4.36,4.365
16060853.1,16063179.5,1698114900,4.366,4.367
16063403,16063748.9,1698114960,4.367,4.347
16064484.6,16057516.5,1698115020,4.346,4.348
16046426,16034628.4,1698115080,4.348,4.352
16032750.9,16032074.9,1698115140,4.353,4.359
16021821.9,16019644.4,1698115200,4.358,4.354
16028482.1,16029360.4,1698115260,4.354,4.361
16015470.2,16010506.3,1698115320,4.362,4.372
16001633.9,15996340.4,1698115380,4.371,4.382
15978635.8,15963690.8,1698115440,4.381,4.387
15955978.9,15945284,1698115500,4.387,4.389
15922145.4,15884513.9,1698115560,4.389,4.395
15850507.1,15849368,1698115620,4.395,4.401
15822065.4,15822536.4,1698115680,4.401,4.409
15803155.3,15803260.2,1698115740,4.408,4.411
15797561.2,15799000.1,1698115800,4.411,4.409
15802718,15808110.6,1698115860,4.408,4.402
15806081.8,15806947.4,1698115920,4.402,4.403
15793930.2,15793930.2,1698115980,4.402,4.392
15790954.5,15792358.5,1698116040,4.392,4.395
15791771.1,15789199.2,1698116100,4.395,4.395
15786869.3,15787857.2,1698116160,4.396,4.395
15786270.2,15784451.9,1698116220,4.395,4.396
15783212.6,15782781.7,1698116280,4.396,4.386
15801887.5,15875168.2,1698116340,4.386,4.374
15880882.2,15872022.5,1698116400,4.375,4.368
15865735.3,15853642.8,1698116460,4.368,4.354
15855912.8,15847079.7,1698116520,4.354,4.366
15843694.7,15835793.6,1698116580,4.366,4.364
15825879.3,15820536.3,1698116640,4.363,4.358
15822539.4,15823077.8,1698116700,4.358,4.357
15824306.9,15828481.6,1698116760,4.358,4.363
15824216.6,15826316.6,1698116820,4.363,4.355
15826482.8,15824879.8,1698116880,4.355,4.357
15824238.4,15824854.1,1698116940,4.356,4.357
15817027.7,15812320.5,1698117000,4.356,4.343
15809540.8,15816052.7,1698117060,4.342,4.352
15811770,15816173.4,1698117120,4.352,4.359
15814358.7,15819363.2,1698117180,4.359,4.358
15815372.7,15820944.5,1698117240,4.359,4.357
15817138.4,15814640.9,1698117300,4.357,4.348
15812958.6,15813527.7,1698117360,4.349,4.353
15816188.1,15818440,1698117420,4.352,4.344
15809073.7,15814201,1698117480,4.343,4.337
15816274.1,15805944.6,1698117540,4.337,4.331
15800437.4,15798282,1698117600,4.332,4.328
15801212.1,15800568.5,1698117660,4.329,4.336
15784983.5,15784983.5,1698117720,4.337,4.341
15787551.1,15788622.7,1698117780,4.34,4.338
15785846.3,15785261.7,1698117840,4.337,4.334
15785775.5,15784201.2,1698117900,4.335,4.341
15791056.9,15787501.5,1698117960,4.342,4.336
15795318.5,15794085.8,1698118020,4.336,4.336
15791531,15790390.8,1698118080,4.336,4.339
15787834,15781996.2,1698118140,4.339,4.334
15780655.5,15779847.4,1698118200,4.334,4.339
15777955.8,15780512,1698118260,4.338,4.332
15775535,15784886.4,1698118320,4.332,4.331
15784418,15791978.5,1698118380,4.331,4.333
15792469.2,15793787,1698118440,4.333,4.33
15781661.6,15784296.1,1698118500,4.33,4.322
15773622.5,15777370,1698118560,4.322,4.328
15777936,15772203.6,1698118620,4.329,4.329
15770816.5,15768667.1,1698118680,4.329,4.326
15766676.6,15762031.5,1698118740,4.326,4.336
15765515.7,15764058,1698118800,4.337,4.334
15764715.5,15764537.3,1698118860,4.333,4.329
15761737.8,15779494,1698118920,4.33,4.338
15783030.1,15783302.2,1698118980,4.338,4.337
15783448.2,15782932,1698119040,4.337,4.341
15784456.4,15775570,1698119100,4.341,4.335
15775091.9,15767616.4,1698119160,4.335,4.342
15760413.6,15758688.1,1698119220,4.343,4.334
15757404.3,15759815.9,1698119280,4.333,4.342
15763818.9,15763450.7,1698119340,4.343,4.341
15756415.1,15752140.7,1698119400,4.34,4.344
15751885.2,15750451.5,1698119460,4.344,4.339
15748573.5,15745493.3,1698119520,4.339,4.337
15743547,15741478,1698119580,4.338,4.342
15741175.9,15741175.9,1698119640,4.341,4.327
15745491.6,15747520.1,1698119700,4.327,4.33
15754334,15754901.9,1698119760,4.33,4.321
15751752.5,15749447.4,1698119820,4.322,4.317
15727589.5,15725218.5,1698119880,4.318,4.312
15718379.5,15702067.5,1698119940,4.313,4.295
15695874.3,15698709.7,1698120000,4.294,4.314
15707138.2,15697723.1,1698120060,4.315,4.319
15700430.3,15692892.4,1698120120,4.319,4.323
15704773.1,15702058.5,1698120180,4.323,4.324
15703691,15701473.6,1698120240,4.326,4.321
15699776,15699109.5,1698120300,4.321,4.328
15694942.5,15692740.1,1698120360,4.329,4.325
15693346.6,15691848.7,1698120420,4.325,4.322
15693644.5,15692008.7,1698120480,4.323,4.328
15694508.3,15695940.7,1698120540,4.328,4.333
15694650.4,15695716.4,1698120600,4.333,4.334
15693648.2,15692787.8,1698120660,4.334,4.335
15694504.9,15696451.4,1698120720,4.336,4.338
15695909.5,15696121.9,1698120780,4.339,4.337
15701861,15705196.9,1698120840,4.338,4.336
15706982.6,15709907.1,1698120900,4.337,4.344
15706849.7,15709885,1698120960,4.343,4.348
15700448.4,15695935,1698121020,4.349,4.348
15696779.5,15697289.2,1698121080,4.347,4.347
15694867.8,15692367.9,1698121140,4.347,4.352
15689563,15688103,1698121200,4.352,4.355
15689383.3,15688450.2,1698121260,4.355,4.354
15694116.8,15692160.1,1698121320,4.355,4.353
15679843.2,15686350.5,1698121380,4.354,4.348
15685622.8,15683755,1698121440,4.348,4.347
15685051.5,15695453.5,1698121500,4.347,4.354
15693714.1,15693627.9,1698121560,4.354,4.354
15700665.7,15700586.1,1698121620,4.355,4.356
15701394.2,15702360.2,1698121680,4.355,4.359
15695167.6,15695064,1698121740,4.358,4.357
15695534.8,15697649.9,1698121800,4.357,4.357
15693199.1,15693199.1,1698121860,4.357,4.347
15693253.5,15692520.3,1698121920,4.348,4.344
15693034.4,15682644.3,1698121980,4.344,4.343
15682831.6,15681263.4,1698122040,4.342,4.341
15680010.9,15672937.7,1698122100,4.34,4.343
15672135.5,15665876.7,1698122160,4.343,4.34
15664878.5,15669863,1698122220,4.34,4.336
15669749.8,15670367,1698122280,4.335,4.338
15669440,15672715.3,1698122340,4.337,4.332
15669222.8,15673545.5,1698122400,4.333,4.334
15668471.3,15669848.9,1698122460,4.335,4.339
15668495.2,15668307.1,1698122520,4.339,4.335
15669355.2,15668184.1,1698122580,4.335,4.334
15668672.9,15658869.1,1698122640,4.334,4.331
15659130.8,15660359.4,1698122700,4.331,4.334
15666772.6,15665440.5,1698122760,4.334,4.339
15665490.7,15674210.2,1698122820,4.34,4.34
15675690.6,15674935.7,1698122880,4.34,4.337
15677515,15676801.6,1698122940,4.337,4.332
15675979.3,15674954.7,1698123000,4.332,4.331
15679947.6,15677695.6,1698123060,4.33,4.326
15678164.4,15679109.9,1698123120,4.327,4.333
15667412.1,15669796.5,1698123180,4.333,4.34
15669152.6,15676612.3,1698123240,4.339,4.341
15684418.8,15682164.9,1698123300,4.342,4.346
15686518.2,15682831.1,1698123360,4.345,4.345
15686202.6,15686202.6,1698123420,4.345,4.341
15685036.5,15683717.1,1698123480,4.341,4.34
15684620.6,15687056.1,1698123540,4.341,4.342
15714594.8,15712127.4,1698123600,4.342,4.345
15710745.3,15712103.6,1698123660,4.345,4.344
15710883.9,15711488.3,1698123720,4.343,4.347
15710660.3,15711873.7,1698123780,4.348,4.35
15720002.5,15722462,1698123840,4.35,4.353
15725107,15726549.9,1698123900,4.352,4.35
15726127.5,15729469.3,1698123960,4.35,4.354
15727495,15730729.3,1698124020,4.354,4.358
15734810.2,15730699.4,1698124080,4.358,4.358
15729288.9,15730463.8,1698124140,4.359,4.356
15728578.6,15716856.2,1698124200,4.356,4.357
15714336.7,15716280.1,1698124260,4.357,4.357
15715416.9,15708105.4,1698124320,4.358,4.355
15706728.4,15709823.9,1698124380,4.355,4.351
15709809,15711907.8,1698124440,4.352,4.355
15711924,15713479.8,1698124500,4.356,4.357
15711451.5,15707363.6,1698124560,4.357,4.351
15705731.9,15703268.2,1698124620,4.352,4.346
15696497.9,15692909.1,1698124680,4.346,4.345
15697472.3,15696586.3,1698124740,4.345,4.352
15693548,15694064.2,1698124800,4.353,4.36
15689448.4,15704828.7,1698124860,4.36,4.364
15709066.5,15716986.7,1698124920,4.364,4.373
15714449.3,15714913.1,1698124980,4.373,4.377
15716751.6,15712252.5,1698125040,4.377,4.38
15717793.9,15714276.6,1698125100,4.38,4.383
15707867.1,15720106.3,1698125160,4.383,4.384
15717697.3,15726856.9,1698125220,4.383,4.386
15724071.1,15718411.8,1698125280,4.386,4.389
15735255.8,15747022.3,1698125340,4.389,4.392
15732943.9,15732943.9,1698125400,4.391,4.39
15728274.1,15729102.2,1698125460,4.391,4.391
15729011.8,15718176.4,1698125520,4.391,4.38
15714443,15707811.7,1698125580,4.38,4.378
15709628.1,15703509.9,1698125640,4.378,4.374
15699278.1,15698463.9,1698125700,4.374,4.375
15697126.1,15697126.1,1698125760,4.375,4.371
15698229.4,15695174.1,1698125820,4.371,4.367
15698067.6,15696949.3,1698125880,4.368,4.364
15692301.2,15694084.5,1698125940,4.364,4.366
15699272.3,15697283,1698126000,4.366,4.362
15694167,15693583,1698126060,4.362,4.364
15692201.3,15691589.3,1698126120,4.364,4.36
15692675.9,15688473.7,1698126180,4.36,4.356
15690046.8,15691391.2,1698126240,4.357,4.356
15691412.7,15697040.9,1698126300,4.357,4.355
15660765.8,15651507.2,1698126360,4.356,4.342
15649962.3,15647445.3,1698126420,4.343,4.335
15653782.7,15655436.8,1698126480,4.335,4.337
15658501.2,15658550.3,1698126540,4.336,4.318
15664307.9,15662298.4,1698126600,4.317,4.319
15672796,15673007.4,1698126660,4.32,4.33
15678893.1,15679335.2,1698126720,4.329,4.329
15680700.8,15674458.3,1698126780,4.329,4.324
15682871.9,15681784.2,1698126840,4.324,4.321
15676894.1,15679677.9,1698126900,4.32,4.319
15683915.4,15699618.6,1698126960,4.318,4.307
15700099.1,15697169.3,1698127020,4.306,4.308
15699421.6,15705386.2,1698127080,4.308,4.305
15699773.7,15704435.5,1698127140,4.304,4.304
15708207.3,15714883.3,1698127200,4.304,4.308
15714251.1,15716422.9,1698127260,4.309,4.316
15718382.3,15722868.9,1698127320,4.316,4.312
15730748.3,15728014,1698127380,4.311,4.324
15727124.2,15723163.7,1698127440,4.323,4.318
15715726.3,15717742,1698127500,4.318,4.314
15719835.6,15724530.2,1698127560,4.314,4.319
15724582.9,15726789.5,1698127620,4.319,4.313
15727527.5,15723106.8,1698127680,4.314,4.313
15715596.6,15718269.4,1698127740,4.313,4.312
15712785.2,15712998.6,1698127800,4.313,4.315
15713804.9,15713637.1,1698127860,4.314,4.314
15712979.5,15701339.4,1698127920,4.314,4.31
15692942.3,15686238.6,1698127980,4.311,4.303
15687648.9,15685737,1698128040,4.303,4.307
15685251.5,15685514.9,1698128100,4.307,4.308
15686865.2,15683384.8,1698128160,4.308,4.3
15684421.9,15679630.8,1698128220,4.301,4.29
15662659.9,15662491,1698128280,4.291,4.289
15664626.7,15664626.7,1698128340,4.29,4.294
15662807.8,15661529.6,1698128400,4.294,4.293
15659833.6,15663003.7,1698128460,4.293,4.285
15661254.1,15657207.3,1698128520,4.284,4.27
15641019.1,15662144.5,1698128580,4.269,4.27
15665910.9,15667702.6,1698128640,4.269,4.264
15668109.6,15674829.3,1698128700,4.264,4.27
15675744.8,15666024.9,1698128760,4.27,4.252
15649044.7,15633952.1,1698128820,4.252,4.257
15641310.9,15645889.5,1698128880,4.257,4.248
15644060.3,15654361.6,1698128940,4.247,4.242
15658947.2,15661122.8,1698129000,4.242,4.241
15653698.2,15671153.7,1698129060,4.241,4.252
15681937.8,15685296.2,1698129120,4.253,4.246
15686511.6,15703497.3,1698129180,4.246,4.254
15710936.4,15714650.3,1698129240,4.253,4.249
15702637.9,15708026.8,1698129300,4.249,4.257
15709319.1,15704449.8,1698129360,4.257,4.257
15700222.9,15710857.6,1698129420,4.257,4.25
15703993.5,15705216.2,1698129480,4.25,4.254
15706672.6,15710380,1698129540,4.254,4.259
15708846.3,15712293,1698129600,4.259,4.263
15713571.5,15710264.3,1698129660,4.264,4.258
15709168.9,15706725.2,1698129720,4.257,4.254
15708477.8,15707536.4,1698129780,4.254,4.258
15707315.8,15701174.6,1698129840,4.258,4.262
15704296.6,15707638.9,1698129900,4.262,4.266
15704878,15738397.4,1698129960,4.267,4.265
15734513.6,15735014.3,1698130020,4.265,4.268
15736449,15737611.4,1698130080,4.268,4.269
15728548.3,15726315.8,1698130140,4.269,4.267
15726141,15724358.2,1698130200,4.266,4.271
15720181.6,15721811.3,1698130260,4.271,4.267
15721126.9,15720853,1698130320,4.268,4.269
15719026,15718285.8,1698130380,4.268,4.265
15717101.3,15703752.4,1698130440,4.266,4.25
15707433.5,15706228.9,1698130500,4.249,4.246
15707267.1,15706505,1698130560,4.247,4.251
15706922.9,15705518.2,1698130620,4.251,4.255
15705589.1,15709151.3,1698130680,4.256,4.258
15709189.7,15711145.6,1698130740,4.258,4.261
15714444.7,15708098,1698130800,4.261,4.262
15712281.8,15709988.9,1698130860,4.262,4.255
15709456.4,15708007.7,1698130920,4.255,4.25
15708114.5,15710885.5,1698130980,4.249,4.243
15711902,15746280,1698131040,4.243,4.241
15746469.7,15743664.6,1698131100,4.241,4.237
15749351.8,15750435.5,1698131160,4.238,4.245
15751727.9,15750901.2,1698131220,4.246,4.239
15743248,15746074.9,1698131280,4.238,4.236
15747401.3,15767785.8,1698131340,4.237,4.236
15767428.8,15763637.6,1698131400,4.236,4.231
15758048.8,15759999.1,1698131460,4.231,4.225
15770121.6,15766030.8,1698131520,4.225,4.222
15762279.9,15764676.1,1698131580,4.222,4.233
15785881.8,15783941.3,1698131640,4.232,4.228
15783330.1,15785781.2,1698131700,4.227,4.228
15782589.1,15783180.1,1698131760,4.227,4.226
15788447,15788213.8,1698131820,4.227,4.235
15791415,15790060.5,1698131880,4.235,4.243
15792271.2,15791606.1,1698131940,4.243,4.252
15789987.3,15784912.2,1698132000,4.252,4.246
15786289.4,15782102.3,1698132060,4.246,4.246
15775815.6,15775590.1,1698132120,4.247,4.242
15773626.4,15772253.6,1698132180,4.243,4.243
15772882.6,15782412.7,1698132240,4.243,4.235
15789985,15793107,1698132300,4.235,4.236
15790080.2,15789613.4,1698132360,4.235,4.231
15789357,15778970.6,1698132420,4.231,4.223
15776864.1,15779480.2,1698132480,4.223,4.223
15780917.2,15772313.5,1698132540,4.224,4.216
15772161,15777820.5,1698132600,4.216,4.22
15756532.2,15760361,1698132660,4.22,4.222
15758411,15761552.1,1698132720,4.223,4.217
15760953.7,15753909,1698132780,4.217,4.213
15753484,15759062.2,1698132840,4.213,4.221
15757975.1,15757441.6,1698132900,4.22,4.218
15755899.9,15757139.7,1698132960,4.217,4.22
15755954.9,15757621.6,1698133020,4.22,4.219
15757659.6,15755304.3,1698133080,4.22,4.224
15754045.5,15753952.3,1698133140,4.224,4.225
15750769,15740575.7,1698133200,4.226,4.227
15737456.3,15738009.5,1698133260,4.227,4.231
15740643.9,15740715.3,1698133320,4.23,4.227
15744312,15744274.9,1698133380,4.228,4.234
15743852.7,15741330.1,1698133440,4.234,4.236
15741304.4,15739247.8,1698133500,4.236,4.239
15736145.8,15734921.5,1698133560,4.24,4.234
15734223.7,15737386.6,1698133620,4.234,4.237
15739686.1,15740482.7,1698133680,4.237,4.237
15739261.4,15729099.1,1698133740,4.238,4.245
15727483.2,15723302.9,1698133800,4.244,4.248
15719628.4,15716554,1698133860,4.248,4.245
15717017.1,15714868.4,1698133920,4.246,4.25
15714728.3,15714282.1,1698133980,4.25,4.247
15714361,15719751.9,1698134040,4.248,4.249
15719668.7,15720935.3,1698134100,4.249,4.251
15721181.1,15721000.9,1698134160,4.252,4.253
15713729.5,15711050.3,1698134220,4.254,4.255
15711105.9,15717734.8,1698134280,4.254,4.249
15718131.9,15715702.4,1698134340,4.249,4.253
15718644.7,15713339.9,1698134400,4.253,4.244
15720136.6,15721765.8,1698134460,4.245,4.241
15719545.1,15719740.8,1698134520,4.24,4.245
15719865.4,15742833,1698134580,4.245,4.251
15740921.5,15741800.4,1698134640,4.252,4.246
15739082.8,15733658.5,1698134700,4.246,4.244
15733143.8,15739410.8,1698134760,4.243,4.249
15748517.9,15750275.9,1698134820,4.249,4.256
15741941.9,15736387.5,1698134880,4.256,4.254
15740784.2,15739653.6,1698134940,4.255,4.259
15739604.2,15731862.8,1698135000,4.258,4.26
15736367.2,15754471.7,1698135060,4.259,4.261
15741950.4,15741270.3,1698135120,4.261,4.264
15740501.4,15735754.4,1698135180,4.264,4.266
15734097.5,15731480,1698135240,4.265,4.268
15730789.1,15732042.8,1698135300,4.268,4.269
15726403.3,15724322.7,1698135360,4.268,4.267
15713324.4,15703488.7,1698135420,4.266,4.257
15696831.6,15695287,1698135480,4.257,4.258
15695129.8,15693821.1,1698135540,4.257,4.255
15696346.3,15700309.9,1698135600,4.255,4.251
15696783.9,15696635.6,1698135660,4.25,4.26
15696213.9,15694643.3,1698135720,4.26,4.26
15688900.8,15688900.8,1698135780,4.259,4.264
15692673.3,15693339.7,1698135840,4.264,4.265
15690174.3,15690776.8,1698135900,4.264,4.266
15690749.4,15683497.2,1698135960,4.266,4.268
15682496.1,15681257,1698136020,4.268,4.269
15680021.8,15682638.6,1698136080,4.269,4.263
15683460.3,15686553.2,1698136140,4.262,4.26
15689508.8,15690185.9,1698136200,4.261,4.263
15688859.6,15684348.9,1698136260,4.262,4.253
15680932.6,15679352.2,1698136320,4.253,4.267
15677062.3,15681630.6,1698136380,4.266,4.263
15678461.1,15678456.3,1698136440,4.262,4.263
15679365.5,15679508.8,1698136500,4.263,4.261
15687289.9,15692924,1698136560,4.261,4.261
15690238.6,15695514.9,1698136620,4.261,4.263
15694618.2,15694451.9,1698136680,4.263,4.269
15695764.2,15693523.3,1698136740,4.268,4.267
15688722.5,15692055.1,1698136800,4.268,4.273
15692546.7,15698193.3,1698136860,4.273,4.269
15697258.9,15696317.1,1698136920,4.269,4.275
15701011.6,15702258,1698136980,4.276,4.278
15704425.3,15704996.2,1698137040,4.278,4.277
15705702,15700545.6,1698137100,4.278,4.266
15702054.8,15700614.3,1698137160,4.266,4.262
15697948.4,15696084.5,1698137220,4.262,4.262
15695925.9,15690907.8,1698137280,4.262,4.261
15690319.4,15692898.3,1698137340,4.261,4.26
15692627.8,15697785.5,1698137400,4.26,4.261
15697887.1,15696904.8,1698137460,4.26,4.263
15698261.4,15699395,1698137520,4.264,4.269
15702069.3,15697499.3,1698137580,4.268,4.259
15697521.6,15696489.9,1698137640,4.26,4.263
15698466.1,15700375.8,1698137700,4.262,4.266
15703808.1,15706781.8,1698137760,4.266,4.265
15711404.8,15708639.4,1698137820,4.265,4.265
15706741.5,15705121.7,1698137880,4.265,4.269
15705962.1,15705669.3,1698137940,4.27,4.268
15705567.4,15711249.2,1698138000,4.268,4.265
15709967.7,15711366.2,1698138060,4.264,4.254
15705865,15707698.6,1698138120,4.255,4.253
15702930.8,15704409,1698138180,4.253,4.25
15704471.5,15702014.3,1698138240,4.25,4.249
15703252.3,15688808.7,1698138300,4.25,4.261
15686241.7,15685188.7,1698138360,4.26,4.255
15683264,15680133.8,1698138420,4.254,4.252
15673287.9,15682191.2,1698138480,4.251,4.251
15682512.9,15682601.1,1698138540,4.251,4.251
15683860.2,15686419.7,1698138600,4.25,4.25
15698488.8,15699814.5,1698138660,4.251,4.255
15700650.8,15700176.5,1698138720,4.255,4.26
15700761.2,15694359,1698138780,4.26,4.267
15696766.6,15697211.5,1698138840,4.266,4.269
15696517.7,15685558.9,1698138900,4.269,4.275
15690024.7,15687574.6,1698138960,4.275,4.269
15669033.9,15663357.9,1698139020,4.269,4.268
15661524.5,15656211.9,1698139080,4.269,4.272
15650792.7,15669292.5,1698139140,4.271,4.268
15664626.2,15660718.9,1698139200,4.269,4.277
15671464,15667993.5,1698139260,4.276,4.281
15674190.1,15664336.2,1698139320,4.281,4.286
15664225.6,15661015.8,1698139380,4.287,4.287
15656958.3,15648774.1,1698139440,4.287,4.278
15645070.6,15645713.7,1698139500,4.278,4.281
15641707.8,15644432.8,1698139560,4.28,4.29
15631811.9,15631865,1698139620,4.29,4.288
15631232.9,15631678.4,1698139680,4.288,4.287
15631873.6,15631018.3,1698139740,4.287,4.287
15621005,15620301.3,1698139800,4.286,4.284
15619598.5,15617246.8,1698139860,4.283,4.286
15613792.9,15616241,1698139920,4.286,4.283
15614624.7,15615270.4,1698139980,4.283,4.281
15642077.6,15644490,1698140040,4.281,4.277
15642207,15636928.7,1698140100,4.277,4.273
15644020.8,15643635.4,1698140160,4.273,4.274
15652608.4,15654835.6,1698140220,4.274,4.281
15663257.8,15674193.7,1698140280,4.282,4.284
15674475.3,15677158,1698140340,4.285,4.289
15676509,15677519.2,1698140400,4.289,4.294
15677409.8,15681148,1698140460,4.294,4.297
15681606,15683915.1,1698140520,4.297,4.306
15671127.3,15674255,1698140580,4.306,4.299
15668232.3,15663170.2,1698140640,4.299,4.298
15660269.3,15656983.4,1698140700,4.298,4.298
15662494.1,15666920.7,1698140760,4.298,4.295
15670333.4,15670333.4,1698140820,4.295,4.295
15673013,15677369.9,1698140880,4.294,4.29
15710303.2,15717054.7,1698140940,4.29,4.291
15719490.6,15733856,1698141000,4.291,4.297
15736295.2,15737673.7,1698141060,4.297,4.295
15739393.4,15735479.5,1698141120,4.295,4.292
15739663.2,15746324.2,1698141180,4.293,4.295
15747227.7,15750252.8,1698141240,4.294,4.287
15751178.2,15756599,1698141300,4.287,4.285
15756315.1,15758305,1698141360,4.285,4.281
15760050.8,15758090.2,1698141420,4.281,4.279
15756437.5,15757399.6,1698141480,4.279,4.278
15754110.5,15755767.5,1698141540,4.279,4.282
15755889.3,15748893.6,1698141600,4.282,4.284
15752300.8,15753207.5,1698141660,4.284,4.292
15754234.7,15754672.9,1698141720,4.292,4.289
15756184.7,15748915.4,1698141780,4.289,4.285
15749035,15751272.6,1698141840,4.285,4.291
15751527.7,15752093.7,1698141900,4.291,4.291
15752764.4,15754583.9,1698141960,4.292,4.293
15753228.2,15758277.5,1698142020,4.294,4.298
15758557.7,15758730.7,1698142080,4.298,4.297
15759119.9,15758834,1698142140,4.297,4.296
15767237.7,15765315.3,1698142200,4.296,4.286
15755051.5,15746286.5,1698142260,4.285,4.282
15741228.6,15740262.8,1698142320,4.283,4.277
15748270.9,15750022.9,1698142380,4.277,4.276
15744895.1,15744623.6,1698142440,4.276,4.281
15739709.2,15740612.5,1698142500,4.28,4.278
15742870.4,15742099.8,1698142560,4.279,4.284
15741579.2,15748845.5,1698142620,4.284,4.286
15751721.2,15751807.7,1698142680,4.286,4.284
15752277.6,15752277.6,1698142740,4.283,4.279
15747767.1,15751427.1,1698142800,4.278,4.277
15760156.6,15759011.9,1698142860,4.276,4.281
15759337.9,15760068.1,1698142920,4.282,4.282
15760055.3,15760055.3,1698142980,4.282,4.283
15760685.7,15766714.1,1698143040,4.283,4.285
15768797.1,15771707.6,1698143100,4.285,4.286
15772843.2,15773417.4,1698143160,4.286,4.285
15772637.5,15773927.9,1698143220,4.285,4.288
15773313.7,15772494.1,1698143280,4.288,4.293
15755920,15756244.3,1698143340,4.294,4.293
15764517.5,15763465.7,1698143400,4.293,4.299
15763423.9,15764282.4,1698143460,4.299,4.296
15760383.6,15759301.7,1698143520,4.295,4.294
15762714.3,15763342.4,1698143580,4.294,4.293
15761092.7,15759821,1698143640,4.293,4.293
15760083.8,15758599.8,1698143700,4.293,4.293
15758735.1,15758669.4,1698143760,4.293,4.288
15757811.9,15758919.3,1698143820,4.288,4.289
15758618.1,15766379.1,1698143880,4.289,4.295
15766960,15767226.5,1698143940,4.295,4.299
15766327,15765227.5,1698144000,4.299,4.292
15766208.5,15766103.1,1698144060,4.292,4.287
15774344.9,15777292.1,1698144120,4.287,4.292
15774993,15775442.3,1698144180,4.292,4.298
15774236.2,15774175.8,1698144240,4.297,4.296
15774876.5,15772160,1698144300,4.297,4.299
15774495.9,15787637.2,1698144360,4.299,4.297
15787529.2,15790668.4,1698144420,4.296,4.301
15789560.3,15789560.3,1698144480,4.3,4.303
15789452.5,15790404,1698144540,4.304,4.303
15792405.3,15786970.1,1698144600,4.302,4.299
15786067.5,15784551.1,1698144660,4.299,4.296
15781153.7,15782784.3,1698144720,4.297,4.303
15786436.5,15788857.7,1698144780,4.304,4.305
15789265.9,15788550.5,1698144840,4.305,4.305
15793165.3,15778493,1698144900,4.306,4.299
15775832.4,15774891.9,1698144960,4.298,4.299
15775063.7,15820439.2,1698145020,4.299,4.3
15829639.6,15818814.2,1698145080,4.301,4.3
15813767.5,15814500.7,1698145140,4.3,4.3
15810631.5,15814377.6,1698145200,4.301,4.3
15815541.7,15812667.2,1698145260,4.299,4.303
15812688.4,15812097.1,1698145320,4.303,4.3
15811251,15806708.9,1698145380,4.3,4.294
15805530.1,15808414.4,1698145440,4.293,4.293
15810209.4,15810722.1,1698145500,4.292,4.29
15803916.7,15808052.2,1698145560,4.29,4.3
15809584.5,15802304.6,1698145620,4.3,4.299
15801495.2,15802053.8,1698145680,4.3,4.3
15800951.5,15801470.2,1698145740,4.3,4.299
15800467.7,15800407.6,1698145800,4.3,4.3
15800203,15801430.5,1698145860,4.3,4.301
15801370.6,15796635.3,1698145920,4.301,4.302
15797317.6,15789986.9,1698145980,4.301,4.303
15810989.9,15809132.2,1698146040,4.302,4.299
15802085,15818858.7,1698146100,4.3,4.3
15818128.9,15818691.3,1698146160,4.3,4.289
15810989.7,15802294.4,1698146220,4.289,4.295
15801828.7,15801071.5,1698146280,4.296,4.301
15798543.2,15807763.9,1698146340,4.301,4.303
15815446.9,15815997.3,1698146400,4.302,4.297
15821077.1,15824220.7,1698146460,4.296,4.288
15824442.6,15825993.8,1698146520,4.288,4.29
15826097.8,15827088.3,1698146580,4.29,4.285
15819089.7,15818687.7,1698146640,4.285,4.283
15831543.2,15833518,1698146700,4.284,4.284
15833780.9,15832696.6,1698146760,4.285,4.289
15832271.2,15837184.4,1698146820,4.289,4.28
15852893.7,15858726.1,1698146880,4.28,4.291
15849985.5,15848685.9,1698146940,4.291,4.279
15851722,15848159,1698147000,4.279,4.282
15851382.7,15849098.4,1698147060,4.281,4.274
15856165.8,15855296.1,1698147120,4.274,4.278
15858114.3,15863878.8,1698147180,4.278,4.277
15867885.2,15867454.2,1698147240,4.277,4.272
15869166.7,15872236.6,1698147300,4.272,4.265
15867717.6,15880383.3,1698147360,4.264,4.256
15880479.3,15878335.8,1698147420,4.257,4.255
15881478.3,15873760.2,1698147480,4.255,4.254
15881329.2,15889084.2,1698147540,4.254,4.261
15886270.9,15894137.6,1698147600,4.261,4.267
15885944.8,15882982.7,1698147660,4.267,4.269
15881992.6,15887554.1,1698147720,4.269,4.271
15881332.7,15875126.1,1698147780,4.272,4.268
15871333.1,15875344.5,1698147840,4.268,4.263
15861274.3,15859330.5,1698147900,4.262,4.262
15858506.6,15878768.7,1698147960,4.263,4.27
15882333.4,15884435.8,1698148020,4.27,4.268
15881154.1,15873415.8,1698148080,4.267,4.266
15871484.4,15841997,1698148140,4.267,4.271
15839373.2,15841040.5,1698148200,4.27,4.278
15836553.6,15835633,1698148260,4.277,4.283
15838417.5,15838023.5,1698148320,4.282,4.284
15837316,15835755.4,1698148380,4.283,4.282
15839026.3,15841451.9,1698148440,4.281,4.286
15847397.4,15850325,1698148500,4.286,4.292
15840928.2,15848259.1,1698148560,4.292,4.294
15848882,15830705,1698148620,4.294,4.293
15830863.9,15833384.6,1698148680,4.293,4.291
15830892.4,15836707.1,1698148740,4.291,4.295
15836757.4,15834881.9,1698148800,4.294,4.293
15837235.5,15828461.7,1698148860,4.293,4.3
15825624.3,15822354.1,1698148920,4.3,4.301
15817707.4,15819381.1,1698148980,4.3,4.305
15809115.1,15809115.1,1698149040,4.305,4.311
15806684.6,15803869.7,1698149100,4.311,4.313
15802404.7,15815249.9,1698149160,4.313,4.31
15814567.2,15815015.2,1698149220,4.31,4.318
15805457.3,15812963,1698149280,4.318,4.32
15818327.5,15819286.7,1698149340,4.32,4.319
15817527.5,15805860.5,1698149400,4.319,4.31
15810639.5,15803407.6,1698149460,4.311,4.303
15802483,15802312.8,1698149520,4.303,4.317
15805560.8,15806744.8,1698149580,4.316,4.316
15813636,15818730.8,1698149640,4.317,4.316
15809998.1,15805913.3,1698149700,4.316,4.308
15803983.5,15806188.1,1698149760,4.307,4.316
15808301.7,15799431.3,1698149820,4.317,4.309
15797943.8,15799322.8,1698149880,4.308,4.306
15801368.8,15810260.3,1698149940,4.306,4.31
15811718.9,15809260.7,1698150000,4.31,4.319
15809364.6,15809439,1698150060,4.32,4.318
15806588.4,15813848.1,1698150120,4.318,4.318
15810653,15813335.1,1698150180,4.317,4.312
15816776.5,15812571.2,1698150240,4.311,4.315
15820765.3,15829714.7,1698150300,4.316,4.315
15833361.7,15832009.4,1698150360,4.315,4.322
15829990.3,15828982,1698150420,4.322,4.316
15838543.3,15838372.2,1698150480,4.317,4.32
15840678.7,15829111.7,1698150540,4.319,4.316
15829716.5,15844406.4,1698150600,4.316,4.318
15843776.6,15853916.1,1698150660,4.318,4.323
15853833.8,15839445.9,1698150720,4.323,4.328
15839495.4,15838832.9,1698150780,4.327,4.333
15839726.1,15837211.8,1698150840,4.333,4.338
15848132.5,15852040.9,1698150900,4.338,4.339
15850381.6,15848100.6,1698150960,4.339,4.345
15848716.4,15855069.9,1698151020,4.346,4.346
15855639.1,15858668.6,1698151080,4.347,4.351
15879810.5,15882585.7,1698151140,4.35,4.35
15884258.6,15884181.2,1698151200,4.35,4.353
15886498,15892070.7,1698151260,4.354,4.358
15897305.9,15901179.1,1698151320,4.358,4.359
15895811.3,15898634.4,1698151380,4.359,4.368
15898036.2,15908541.9,1698151440,4.368,4.374
15905103.8,15905688.6,1698151500,4.374,4.365
15899286,15908351.4,1698151560,4.365,4.366
15910226,15919881.7,1698151620,4.365,4.366
15918949.6,15915316,1698151680,4.366,4.356
15913148,15913718,1698151740,4.357,4.358
15912978.4,15907002.9,1698151800,4.358,4.354
15907971.2,15913689.7,1698151860,4.354,4.356
15906110.5,15905181.5,1698151920,4.356,4.359
15905923.4,15904330.7,1698151980,4.36,4.352
15909424.7,15909726.8,1698152040,4.353,4.34
15910420.9,15922187.1,1698152100,4.339,4.337
15915494.2,15917813.8,1698152160,4.337,4.348
15916573.3,15917829.5,1698152220,4.347,4.342
15900004.5,15889190.4,1698152280,4.342,4.336
15889475,15890631.7,1698152340,4.336,4.336
15889383.4,15889184.1,1698152400,4.336,4.328
15887032.6,15882823.3,1698152460,4.328,4.321
15878250.6,15876638.9,1698152520,4.322,4.328
15877678.5,15874517.1,1698152580,4.329,4.327
15871520.4,15867637.3,1698152640,4.326,4.314
15871854.2,15874205.9,1698152700,4.314,4.315
15884068.4,15883496.3,1698152760,4.315,4.333
15928109.2,15909530.3,1698152820,4.333,4.334
15903065.5,15903871.8,1698152880,4.334,4.319
15901340,15886125.6,1698152940,4.319,4.322
15887382.9,15887987.5,1698153000,4.322,4.316
15891245.8,15883680.3,1698153060,4.316,4.276
15857073.2,15841488,1698153120,4.276,4.304
15839585.5,15830874.3,1698153180,4.304,4.303
15831133.5,15828972.4,1698153240,4.303,4.306
15829745.3,15825529.2,1698153300,4.306,4.296
15826280.9,15834398,1698153360,4.297,4.307
15837056.7,15831393.2,1698153420,4.307,4.316
15828227.4,15823454,1698153480,4.316,4.314
15823178.5,15823084.4,1698153540,4.313,4.311
15824680.3,15826214.9,1698153600,4.311,4.314
15827022.4,15822677.8,1698153660,4.314,4.314
15821019.1,15825755,1698153720,4.315,4.319
15823722,15822398.2,1698153780,4.318,4.316
15822435.9,15816982.8,1698153840,4.317,4.321
15815813.5,15815576,1698153900,4.321,4.324
15817368.2,15820228,1698153960,4.324,4.323
15815398.4,15814520.2,1698154020,4.324,4.32
15813649.3,15819628.9,1698154080,4.321,4.322
15821017.9,15815409.6,1698154140,4.322,4.317
15814591,15816640.5,1698154200,4.317,4.325
15810193.8,15809105.6,1698154260,4.326,4.323
15808847.1,15808882.2,1698154320,4.322,4.314
15814800.7,15815079.2,1698154380,4.314,4.325
15818807.3,15818083.4,1698154440,4.325,4.32
15817703.4,15814681.2,1698154500,4.321,4.316
15819330.5,15816848.1,1698154560,4.315,4.312
15812563.9,15811717.3,1698154620,4.312,4.31
15816858.6,15816023,1698154680,4.31,4.312
15815806.7,15818283.4,1698154740,4.312,4.311
15840028.1,15830475.6,1698154800,4.312,4.309
15826858.2,15851646.4,1698154860,4.308,4.307
15851618.3,15852170.9,1698154920,4.308,4.313
15853561.6,15857609.5,1698154980,4.312,4.314
15860983.5,15860041.2,1698155040,4.313,4.319
15857496.8,15853859.6,1698155100,4.319,4.308
15858104.6,15860938.9,1698155160,4.307,4.306
15853631,15853098.7,1698155220,4.307,4.312
15853732.7,15854733.7,1698155280,4.312,4.311
15854428.4,15860988.2,1698155340,4.311,4.309
15862012.8,15849029.3,1698155400,4.31,4.303
15857909.6,15859057.1,1698155460,4.303,4.292
15872098.9,15866324.7,1698155520,4.293,4.302
15866033,15849859,1698155580,4.301,4.308
15853208,15862980.1,1698155640,4.309,4.312
15862444.5,15852012.8,1698155700,4.312,4.312
15861090.5,15868205.9,1698155760,4.311,4.312
15868928.2,15869598.5,1698155820,4.312,4.313
15871135.1,15873724.3,1698155880,4.312,4.311
15874644.3,15875415.3,1698155940,4.312,4.314
15876789.7,15878147.9,1698156000,4.315,4.318
15876298.7,15874355.2,1698156060,4.317,4.308
15870031.3,15861029.4,1698156120,4.307,4.311
15859843.2,15860260.9,1698156180,4.31,4.306
15859092.6,15872525.5,1698156240,4.306,4.303
15875259.1,15875259.1,1698156300,4.302,4.303
15869618.9,15860490.1,1698156360,4.303,4.303
15845728.5,15849383.3,1698156420,4.303,4.297
15850806.3,15856089.5,1698156480,4.297,4.297
15856788.6,15859534.5,1698156540,4.297,4.297
15858174.9,15856449.7,1698156600,4.296,4.293
15851980.7,15854174.3,1698156660,4.294,4.299
15854146.9,15853610.6,1698156720,4.299,4.3
15854940.6,15853025.2,1698156780,4.299,4.292
15855674.5,15857177.2,1698156840,4.292,4.286
15857163.6,15864440.1,1698156900,4.287,4.292
15866781.1,15875148.1,1698156960,4.292,4.292
15874487.3,15876022.7,1698157020,4.291,4.29
15956273.4,15997670.8,1698157080,4.29,4.269
15990970.6,16020406.7,1698157140,4.268,4.268
15979794.5,15978154,1698157200,4.268,4.265
15984938.9,15984938.9,1698157260,4.265,4.259
15975090.5,15947564.2,1698157320,4.259,4.242
15953044.5,15959265.7,1698157380,4.243,4.258
15960444,15958374.1,1698157440,4.258,4.254
15961378.1,15969330.4,1698157500,4.254,4.256
15968593.6,15976849.2,1698157560,4.256,4.265
15976738.7,15971318.8,1698157620,4.266,4.262
15968498.8,15966688.9,1698157680,4.262,4.262
15969563.9,15971892.9,1698157740,4.263,4.268
15971743.3,15973987.2,1698157800,4.268,4.258
15970270.6,15969565.3,1698157860,4.257,4.266
15969357,15965907.9,1698157920,4.266,4.261
15983055.4,15985132.9,1698157980,4.26,4.268
15984808.7,15987562.2,1698158040,4.268,4.262
15987485.4,15983672.1,1698158100,4.261,4.26
15985526.3,15986182.6,1698158160,4.26,4.267
15986347.6,15982484.7,1698158220,4.268,4.273
15983188.7,15995568,1698158280,4.272,4.278
15998330.1,16000659,1698158340,4.278,4.278
15996151.6,15992399.8,1698158400,4.279,4.269
15992625.6,15990257.7,1698158460,4.269,4.269
15993825.8,15987149.2,1698158520,4.269,4.267
15985155.3,15989090.5,1698158580,4.266,4.27
15989387.4,15989213.3,1698158640,4.27,4.273
15980670.1,15974669.3,1698158700,4.273,4.273
15974406.7,15975348.9,1698158760,4.273,4.275
15978824.5,15981297.8,1698158820,4.275,4.277
15980933.2,15981078.7,1698158880,4.276,4.278
15975740.2,15968651.9,1698158940,4.279,4.276
15966909.4,15966570.6,1698159000,4.276,4.276
15964816.1,15961269.4,1698159060,4.277,4.277
15961777,15956973.7,1698159120,4.277,4.277
15954719.3,15955228.9,1698159180,4.277,4.284
15954335.1,15954651,1698159240,4.283,4.283
15958566,15960338,1698159300,4.283,4.282
15960881.7,15967876.9,1698159360,4.281,4.282
15959795.1,15966460.5,1698159420,4.277,4.281
15965199.7,15959580.4,1698159480,4.282,4.281
15955630.6,15953994.9,1698159540,4.28,4.275
15954180.4,15951594.8,1698159600,4.276,4.269
15953329.8,15962745.4,1698159660,4.27,4.277
15962799.3,15960795.7,1698159720,4.278,4.283
15957979,15952819.8,1698159780,4.283,4.279
15952562.6,15968504.5,1698159840,4.279,4.287
15966932.2,15965261.2,1698159900,4.287,4.288
15960115.1,15956317.9,1698159960,4.289,4.295
15958466.5,15961244.5,1698160020,4.295,4.297
15958254.4,15960070.4,1698160080,4.297,4.299
15949858.4,15928782.6,1698160140,4.299,4.302
15929410.3,15925290.1,1698160200,4.302,4.296
15924265.3,15918247.7,1698160260,4.295,4.29
15919076.5,15927812.6,1698160320,4.289,4.292
15930356.5,15931457,1698160380,4.292,4.291
15927817.3,15920518.4,1698160440,4.29,4.278
15929717.4,15931496.8,1698160500,4.279,4.278
15928542.5,15932542,1698160560,4.278,4.267
15935124.5,15933787.6,1698160620,4.267,4.255
15934009.9,15934601.5,1698160680,4.255,4.257
15935709.8,15934946,1698160740,4.258,4.248
15928344.2,15929777.1,1698160800,4.248,4.248
15922203.7,15911146.3,1698160860,4.248,4.239
15913191.8,15909117.5,1698160920,4.24,4.233
15917939.1,15927655.7,1698160980,4.229,4.223
15934826,15939443.6,1698161040,4.222,4.233
15955348.5,15938881.9,1698161100,4.221,4.219
15937434.9,15919457.8,1698161160,4.219,4.178
15939801.5,15933117.4,1698161220,4.179,4.205
15934864.9,15937751.3,1698161280,4.206,4.202
15927923.9,15927923.9,1698161340,4.203,4.181
15925590.6,15915052.3,1698161400,4.18,4.119
15919774.3,15914154.5,1698161460,4.12,4.151
15905959.9,15886771.8,1698161520,4.15,4.166
15853022.8,15805625.8,1698161580,4.166,4.184
15788388.5,15789744.1,1698161640,4.184,4.186
15778639.8,15767055.6,1698161700,4.185,4.181
15773688.2,15782795.6,1698161760,4.181,4.166
15800437.3,15801798.2,1698161820,4.167,4.137
15808554.5,15814319.7,1698161880,4.137,4.156
15794636.6,15772576.1,1698161940,4.156,4.097
15759033.2,15705340.3,1698162000,4.096,4.139
15685582.2,15682137.3,1698162060,4.138,4.133
15665598.9,15667261.7,1698162120,4.133,4.149
15657134.6,15658033.2,1698162180,4.148,4.135
15654633.1,15651677.7,1698162240,4.134,4.133
15639983.7,15645623.3,1698162300,4.133,4.142
15643453.1,15658442.9,1698162360,4.142,4.158
15664686.4,15673203.1,1698162420,4.158,4.16
15673758.2,15670513.9,1698162480,4.159,4.161
15680405.8,15671876.1,1698162540,4.162,4.165
15671605.3,15668363.2,1698162600,4.165,4.17
15673467.9,15668303.5,1698162660,4.17,4.161
15678688.7,15702762.5,1698162720,4.162,4.152
15702839.7,15734407.5,1698162780,4.152,4.155
15732238.5,15729384.1,1698162840,4.154,4.153
15729590.8,15729590.8,1698162900,4.152,4.151
15728172.2,15726546.5,1698162960,4.151,4.159
15726645.8,15725963.4,1698163020,4.16,4.15
15722137.4,15723106.9,1698163080,4.151,4.152
15722047.6,15723665.2,1698163140,4.152,4.152
15729565.3,15754450.1,1698163200,4.153,4.158
15751485.1,15752466.1,1698163260,4.158,4.143
15750698.6,15721501.5,1698163320,4.143,4.148
15719479.9,15718615.5,1698163380,4.147,4.136
15785294,15728192.5,1698163440,4.137,4.131
15716940.2,15714833.7,1698163500,4.131,4.124
15704935,15695507.1,1698163560,4.123,4.134
15700233.2,15685526.4,1698163620,4.134,4.149
15678459,15678591.4,1698163680,4.149,4.156
15687674.8,15687209.4,1698163740,4.157,4.163
15689144.4,15684619.1,1698163800,4.164,4.177
15653780.4,15653115.5,1698163860,4.176,4.182
15632764.4,15616804.1,1698163920,4.182,4.183
15621755.6,15618346.6,1698163980,4.183,4.173
15618849.5,15627715.8,1698164040,4.174,4.184
15630777.2,15636914.8,1698164100,4.184,4.185
15634505.1,15610849.4,1698164160,4.184,4.18
15622954,15622305,1698164220,4.18,4.194
15615669.7,15596899.7,1698164280,4.194,4.199
15604117.5,15592062.7,1698164340,4.199,4.189
15661030.8,15617292.3,1698164400,4.19,4.196
15590430.8,15593501.5,1698164460,4.197,4.195
15597615.9,15598591,1698164520,4.195,4.205
15597691.4,15601989.8,1698164580,4.205,4.208
15603247.2,15600894.7,1698164640,4.208,4.204
15587209.5,15581094.4,1698164700,4.203,4.198
15562817.3,15562322.4,1698164760,4.198,4.191
15564371.4,15552819.8,1698164820,4.191,4.182
15557813.6,15627962.6,1698164880,4.182,4.179
15666912.8,15642099.6,1698164940,4.178,4.178
15570974.9,15573282.6,1698165000,4.178,4.182
15570284.4,15568300.5,1698165060,4.182,4.18
15567102.9,15553004.5,1698165120,4.209,4.211
15537581.5,15508895.5,1698165180,4.21,4.208
15512982,15500584.6,1698165240,4.207,4.215
15497596.9,15543300.6,1698165300,4.215,4.221
15521649.8,15525487,1698165360,4.22,4.208
15526793.1,15547337,1698165420,4.207,4.2
15504145.9,15506015.5,1698165480,4.2,4.206
15507364.1,15506028.8,1698165540,4.207,4.204
15507553.2,15509563.2,1698165600,4.204,4.206
15509072.6,15507676.5,1698165660,4.206,4.207
15505336.4,15508443.3,1698165720,4.207,4.203
15505035,15503410,1698165780,4.202,4.205
15502290.4,15503606.6,1698165840,4.204,4.202
15509501.8,15507429.7,1698165900,4.203,4.199
15507235.3,15557300.3,1698165960,4.199,4.196
15564920.2,15564920.2,1698166020,4.196,4.199
15552930.2,15558639.1,1698166080,4.199,4.191
15519666.9,15521834.7,1698166140,4.191,4.194
15526373.9,15527249.5,1698166200,4.195,4.201
15527242.2,15525306.2,1698166260,4.202,4.203
15527057.8,15526339.6,1698166320,4.204,4.202
15526048,15524391.7,1698166380,4.202,4.205
15520915.3,15518506.1,1698166440,4.206,4.201
15518614.1,15520988.7,1698166500,4.202,4.203
15521325.8,15513914.2,1698166560,4.202,4.192
15512855.7,15513525.1,1698166620,4.193,4.188
15512372.9,15510440.9,1698166680,4.188,4.191
15511786.3,15509280.5,1698166740,4.19,4.191
15508148.8,15510319.2,1698166800,4.19,4.195
15508467.1,15508655.2,1698166860,4.194,4.188
15508238.6,15508659.3,1698166920,4.188,4.196
15508819.7,15505314.4,1698166980,4.196,4.195
15504016.2,15502995.3,1698167040,4.195,4.2
15501490,15502068.4,1698167100,4.201,4.204
15502793,15502526.2,1698167160,4.205,4.205
15497499.5,15498786.3,1698167220,4.204,4.208
15498043.2,15498908.8,1698167280,4.208,4.208
15497406.5,15498858.4,1698167340,4.208,4.209
15496119.2,15496119.2,1698167400,4.209,4.204
15495761.8,15491889.3,1698167460,4.204,4.196
15491722.8,15488297.3,1698167520,4.197,4.189
15488378.7,15487031.1,1698167580,4.188,4.19
15487130.7,15485664,1698167640,4.19,4.191
15475616.9,15475592.7,1698167700,4.191,4.19
15475594.9,15495710.7,1698167760,4.19,4.196
15493298.5,15490092.8,1698167820,4.196,4.199
15486732,15477839.6,1698167880,4.198,4.199
15477429.7,15477234.9,1698167940,4.2,4.199
15474650.6,15475438.6,1698168000,4.199,4.202
15476161.7,15475252.7,1698168060,4.201,4.199
15473691.5,15474406.2,1698168120,4.198,4.194
15473266.6,15473955.8,1698168180,4.193,4.194
15473520.8,15475999.2,1698168240,4.193,4.191
15486492.1,15484662.7,1698168300,4.19,4.194
15488255.9,15486915.2,1698168360,4.195,4.2
15488038.8,15483730.6,1698168420,4.2,4.196
15483575.1,15482492.6,1698168480,4.195,4.204
15483373.7,15481214.6,1698168540,4.203,4.203
15481194.5,15479821,1698168600,4.203,4.2
15479328.7,15475666.8,1698168660,4.2,4.193
15475182.9,15478474.4,1698168720,4.192,4.188
15479625.1,15482535.6,1698168780,4.189,4.185
15481948.3,15484085.3,1698168840,4.185,4.186
15484712.9,15483818.4,1698168900,4.187,4.19
15485290.4,15484314,1698168960,4.19,4.188
15483611.4,15483611.4,1698169020,4.187,4.185
15483727.1,15484594.3,1698169080,4.185,4.186
15482394.2,15482417.9,1698169140,4.185,4.186
15483763.6,15488390.4,1698169200,4.187,4.186
15487135.2,15482952.3,1698169260,4.185,4.178
15477548.7,15485946.3,1698169320,4.179,4.179
15485339.5,15486142.7,1698169380,4.179,4.182
15486813.4,15487097.3,1698169440,4.181,4.175
15488354.7,15487213.3,1698169500,4.175,4.176
15488349.4,15490344.1,1698169560,4.176,4.175
15488218.4,15469315.4,1698169620,4.175,4.171
15469962.9,15488427.8,1698169680,4.17,4.177
15487631.8,15485602.2,1698169740,4.177,4.179
15486191.4,15481726.3,1698169800,4.179,4.173
15484995.4,15488913.8,1698169860,4.174,4.181
15487617.7,15487008.7,1698169920,4.181,4.182
15487293.3,15485222.7,1698169980,4.182,4.182
15493484.5,15493643.5,1698170040,4.181,4.176
15493314.6,15496843.9,1698170100,4.176,4.179
15498395.7,15497788.4,1698170160,4.179,4.176
15495204.1,15494120.7,1698170220,4.176,4.174
15494086.6,15495780.1,1698170280,4.175,4.172
15492521.6,15491927,1698170340,4.172,4.17
15494524.3,15492673.3,1698170400,4.171,4.167
15488247.9,15489105.2,1698170460,4.167,4.173
15488269.9,15493284.1,1698170520,4.172,4.173
15496350.2,15492931.4,1698170580,4.174,4.169
15492899.7,15487263.7,1698170640,4.169,4.167
15489677.1,15483938.5,1698170700,4.167,4.158
15486983.9,15490538.9,1698170760,4.157,4.158
15492605.7,15490718.9,1698170820,4.157,4.156
15490718.9,15484582.3,1698170880,4.156,4.149
15464828.4,15468287.9,1698170940,4.149,4.149
15456177.2,15458092.1,1698171000,4.149,4.156
15463256.2,15455953,1698171060,4.156,4.155
15455052.8,15453984.4,1698171120,4.155,4.157
15452120.6,15452510.5,1698171180,4.156,4.155
15450596.7,15452652.6,1698171240,4.155,4.159
15452363.4,15450698.4,1698171300,4.158,4.164
15460743.4,15464561.5,1698171360,4.163,4.163
15464903,15463943.8,1698171420,4.162,4.155
15463942.2,15469129.8,1698171480,4.155,4.152
15469663.5,15466403.9,1698171540,4.153,4.154
15466048.8,15466211.8,1698171600,4.153,4.145
15464919.8,15474358.3,1698171660,4.146,4.135
15466088.5,15469857,1698171720,4.134,4.14
15470418.4,15469625.7,1698171780,4.14,4.138
15468156.7,15467616.4,1698171840,4.137,4.14
15474372.7,15469417.1,1698171900,4.14,4.131
15473033.3,15480366,1698171960,4.131,4.141
15479559.4,15473057.4,1698172020,4.141,4.142
15472440.6,15476970.1,1698172080,4.142,4.142
15477239.4,15475087.1,1698172140,4.143,4.146
15472091.3,15478806.1,1698172200,4.146,4.152
15478510.2,15478671.7,1698172260,4.153,4.156
15478593.2,15475081.8,1698172320,4.155,4.163
15468828.8,15468203.8,1698172380,4.163,4.17
15454907.5,15454829,1698172440,4.169,4.171
15453606.5,15452715.6,1698172500,4.17,4.168
15448791.8,15453596.5,1698172560,4.167,4.16
15456500.6,15457658.5,1698172620,4.161,4.166
15459333.5,15462531.5,1698172680,4.165,4.162
15466828.2,15468609.8,1698172740,4.162,4.164
15470114.7,15468581.8,1698172800,4.165,4.171
15469603.5,15469368.2,1698172860,4.17,4.172
15469840.1,15470374.2,1698172920,4.171,4.174
15474297.6,15471454.2,1698172980,4.174,4.176
15468613.7,15468747.6,1698173040,4.176,4.176
15469116.4,15466822.6,1698173100,4.176,4.181
15462939.4,15459737,1698173160,4.181,4.178
15455349.7,15454529.4,1698173220,4.178,4.186
15455481.2,15456390.2,1698173280,4.187,4.186
15457701.3,15461427.7,1698173340,4.186,4.186
15462026.7,15461737,1698173400,4.187,4.187
15460165.3,15457217.5,1698173460,4.187,4.188
15456599.6,15457622.4,1698173520,4.189,4.192
15456513.7,15455311.9,1698173580,4.193,4.191
15455251.6,15454495.8,1698173640,4.191,4.192
15454833.8,15452360,1698173700,4.191,4.186
15452409.9,15453937.8,1698173760,4.187,4.185
15454088.7,15454201.4,1698173820,4.186,4.187
15450859.6,15451281.2,1698173880,4.187,4.183
15451683.3,15457240,1698173940,4.184,4.185
15457254.2,15461939.6,1698174000,4.185,4.186
15462942.6,15464199.8,1698174060,4.186,4.187
15464199.1,15464022.4,1698174120,4.187,4.188
15464891.4,15464891.4,1698174180,4.189,4.191
15467464.8,15464524.9,1698174240,4.191,4.192
15464304.3,15465365.2,1698174300,4.192,4.186
15467997.3,15455958.4,1698174360,4.186,4.18
15456026.7,15453777,1698174420,4.179,4.177
15454860.5,15455548.7,1698174480,4.178,4.179
15456684.2,15457957.1,1698174540,4.18,4.182
15458500.7,15460249.9,1698174600,4.182,4.186
15461334,15461848.5,1698174660,4.187,4.187
15460840.5,15461326.8,1698174720,4.187,4.19
15462375.1,15462402.6,1698174780,4.19,4.191
15463238.3,15462643.9,1698174840,4.191,4.185
15461969.3,15463593.3,1698174900,4.184,4.18
15463605.9,15464570.3,1698174960,4.181,4.18
15465876.9,15465876.8,1698175020,4.181,4.182
15466249.2,15468669.2,1698175080,4.182,4.182
15466259.4,15468484.7,1698175140,4.182,4.179
15469337.5,15466819.5,1698175200,4.179,4.179
15467320.3,15468029.3,1698175260,4.18,4.184
15471891.4,15469305.2,1698175320,4.184,4.185
15470636.6,15469322,1698175380,4.185,4.179
15467756.6,15473038.5,1698175440,4.179,4.182
15473021.7,15472234.9,1698175500,4.183,4.184
15470594.8,15470594.8,1698175560,4.184,4.182
15470166.4,15469987.8,1698175620,4.181,4.183
15471078.1,15471078.1,1698175680,4.184,4.183
15472474.7,15473537.8,1698175740,4.183,4.188
15474096.8,15476673.4,1698175800,4.188,4.19
15476560.1,15477009.4,1698175860,4.19,4.192
15477291.8,15473868.5,1698175920,4.192,4.196
15473868.5,15472006.4,1698175980,4.196,4.193
15472432.5,15467203.6,1698176040,4.193,4.187
15467070,15467317.3,1698176100,4.186,4.185
15467305.7,15468435.7,1698176160,4.185,4.184
15467654.8,15468212.2,1698176220,4.184,4.187
15468613.5,15468806.1,1698176280,4.187,4.184
15469943.7,15466958.5,1698176340,4.185,4.19
15467528.9,15466222.4,1698176400,4.191,4.19
15466899.7,15466628.1,1698176460,4.19,4.188
15467152.3,15466532.8,1698176520,4.189,4.184
15468277.5,15468030.4,1698176580,4.185,4.189
15470172.6,15470587.6,1698176640,4.188,4.184
15470564.3,15468953.1,1698176700,4.185,4.187
15468950.6,15469139.2,1698176760,4.187,4.188
15470582.3,15470866.6,1698176820,4.187,4.189
15469922.4,15471426.1,1698176880,4.189,4.188
15471824.7,15469792.9,1698176940,4.189,4.191
15469774.9,15469517.9,1698177000,4.191,4.195
15469720.5,15468539.4,1698177060,4.195,4.192
15468561.5,15471033.9,1698177120,4.191,4.185
15469641.5,15472091.6,1698177180,4.184,4.18
15472334,15476047,1698177240,4.18,4.181
15473887.8,15476343.5,1698177300,4.181,4.184
15476554.9,15476690.9,1698177360,4.184,4.18
15466272.7,15469403.9,1698177420,4.179,4.181
15470036.1,15471339.4,1698177480,4.182,4.18
15471928.5,15474114.1,1698177540,4.181,4.179
15474491.5,15485284.5,1698177600,4.178,4.181
15484509.3,15486362.3,1698177660,4.181,4.183
15488390.8,15482379.4,1698177720,4.184,4.174
15485492.6,15479995.4,1698177780,4.175,4.168
15481228.4,15483582.3,1698177840,4.167,4.173
15484931,15485675.9,1698177900,4.174,4.169
15485247.8,15485968.1,1698177960,4.169,4.165
15487265.1,15488204.4,1698178020,4.165,4.173
15488681.9,15488517.9,1698178080,4.173,4.174
15488515.3,15487824.8,1698178140,4.173,4.176
15488956.8,15488944.8,1698178200,4.177,4.182
15488842.9,15487434.3,1698178260,4.182,4.188
15485297.5,15487600.5,1698178320,4.188,4.189
15487080,15492170.2,1698178380,4.189,4.187
15490423.8,15489144.9,1698178440,4.187,4.184
15494297.9,15494297.9,1698178500,4.183,4.182
15494769.8,15493334.8,1698178560,4.181,4.178
15492958.5,15495993.3,1698178620,4.179,4.177
15495097.8,15497767.4,1698178680,4.178,4.177
15497771.1,15496789.6,1698178740,4.178,4.179
15494893.4,15495347.8,1698178800,4.179,4.179
15497426.8,15495246.4,1698178860,4.18,4.188
15492975.6,15490098,1698178920,4.189,4.193
15492358.4,15495798.2,1698178980,4.193,4.191
15496742.8,15494286.8,1698179040,4.191,4.186
15495833.7,15495211.7,1698179100,4.186,4.187
15495347.5,15495993.1,1698179160,4.186,4.189
15499816.6,15500602.3,1698179220,4.189,4.187
15500818.8,15512188.2,1698179280,4.187,4.184
15509955.5,15507572.1,1698179340,4.183,4.186
15507699.6,15506441.7,1698179400,4.186,4.184
15505799.7,15505048.6,1698179460,4.184,4.182
15505218.2,15509392.4,1698179520,4.183,4.18
15509393.9,15509198.2,1698179580,4.18,4.18
15510101.1,15509585.3,1698179640,4.18,4.181
15509368.4,15508346.8,1698179700,4.182,4.185
15508602.9,15508648.8,1698179760,4.185,4.184
15508624.2,15509992.1,1698179820,4.184,4.181
15509870.9,15508026.3,1698179880,4.181,4.178
15507946.4,15510395.7,1698179940,4.179,4.179
15510033.7,15507704.3,1698180000,4.178,4.175
15508310.3,15510521.5,1698180060,4.174,4.177
15510404.6,15510669.2,1698180120,4.177,4.175
15510702.6,15508663.6,1698180180,4.175,4.167
15509609.9,15503528.4,1698180240,4.167,4.162
15500667.4,15504360.5,1698180300,4.162,4.164
15504201.7,15506003.2,1698180360,4.164,4.168
15507688.3,15507702.8,1698180420,4.169,4.171
15508219.5,15508348.3,1698180480,4.17,4.173
15503074.8,15500810.6,1698180540,4.173,4.172
15501333.7,15500460.5,1698180600,4.172,4.173
15500692,15500406.4,1698180660,4.174,4.171
15499280.7,15496026.1,1698180720,4.171,4.169
15503159.1,15510200.9,1698180780,4.169,4.162
15510668.9,15511594.6,1698180840,4.161,4.16
15510598,15510466.2,1698180900,4.159,4.155
15507239.8,15510101.1,1698180960,4.156,4.157
15509813.1,15501230.9,1698181020,4.157,4.162
15500753.8,15500253,1698181080,4.163,4.16
15500127.4,15499830.1,1698181140,4.16,4.161
15499818.7,15506222.5,1698181200,4.162,4.158
15505451.8,15496397.3,1698181260,4.158,4.155
15504405.6,15504875.5,1698181320,4.156,4.163
15503479.9,15504586.3,1698181380,4.163,4.159
15505884.4,15502549.5,1698181440,4.159,4.153
15507170.3,15504989,1698181500,4.153,4.152
15504811.1,15502646.4,1698181560,4.153,4.147
15502517.5,15503014.3,1698181620,4.147,4.152
15502683.5,15500329.3,1698181680,4.152,4.146
15508763.3,15508018.4,1698181740,4.146,4.143
15508425,15508425,1698181800,4.143,4.142
15510032.7,15508097.6,1698181860,4.142,4.146
15509708.6,15510124.1,1698181920,4.146,4.148
15510015.7,15509840.9,1698181980,4.148,4.146
15510065.2,15512897.5,1698182040,4.147,4.154
15513252.2,15508658.4,1698182100,4.154,4.153
15509518.5,15512267.4,1698182160,4.154,4.157
15512267.4,15514570.3,1698182220,4.157,4.158
15515786.5,15515961.2,1698182280,4.158,4.16
15512910.6,15511381.9,1698182340,4.161,4.159
15512737.9,15513982.4,1698182400,4.158,4.158
15513842.3,15518360.3,1698182460,4.158,4.161
15521624.5,15520960.1,1698182520,4.162,4.163
15522988.6,15523763.4,1698182580,4.162,4.16
15525146.6,15525840.7,1698182640,4.16,4.161
15525663.7,15526749,1698182700,4.162,4.162
15544808.6,15544943.7,1698182760,4.162,4.159
15544897.7,15544806.5,1698182820,4.16,4.159
15544030.1,15544004.7,1698182880,4.159,4.159
15544111.7,15544098.1,1698182940,4.159,4.16
15541701.1,15536769.9,1698183000,4.16,4.166
15535311.5,15535801.9,1698183060,4.165,4.166
15535661.9,15535802,1698183120,4.165,4.166
15535668.4,15535288.7,1698183180,4.166,4.168
15535331.1,15534019.5,1698183240,4.169,4.171
15531807.3,15529643.6,1698183300,4.171,4.166
15528198,15522640.6,1698183360,4.165,4.157
15518934.5,15516557.5,1698183420,4.157,4.154
15516580.2,15516504,1698183480,4.155,4.155
15514812.5,15518001.4,1698183540,4.155,4.15
15518746.4,15518164.3,1698183600,4.149,4.143
15516983.3,15514608.6,1698183660,4.142,4.147
15514415.5,15516039.5,1698183720,4.148,4.149
15516263.7,15513204.6,1698183780,4.15,4.155
15512443.8,15512556.2,1698183840,4.154,4.155
15518793.8,15521214,1698183900,4.155,4.15
15526191.6,15526184,1698183960,4.15,4.147
15524730,15524730,1698184020,4.147,4.148
15524731.5,15524137.5,1698184080,4.148,4.144
15520689.7,15519368.1,1698184140,4.144,4.147
15519150.7,15518216.4,1698184200,4.146,4.15
15518222.2,15508979.2,1698184260,4.149,4.162
15511131,15514679.7,1698184320,4.162,4.167
15515802.8,15513121.9,1698184380,4.167,4.183
15514910.8,15521889.7,1698184440,4.184,4.187
15524785.8,15519575.5,1698184500,4.187,4.184
15520041.3,15514532.3,1698184560,4.184,4.194
15515762.6,15515047.4,1698184620,4.194,4.191
15516963.4,15522034.4,1698184680,4.191,4.195
15523637.1,15531067.3,1698184740,4.195,4.193
15535219.6,15536721.8,1698184800,4.192,4.185
15541374.6,15542340,1698184860,4.185,4.18
15541360.2,15527299.8,1698184920,4.18,4.183
15530911.5,15533749.7,1698184980,4.183,4.178
15532765.9,15535894.5,1698185040,4.178,4.184
15536675.3,15538428.2,1698185100,4.184,4.18
15535998,15536192.3,1698185160,4.18,4.185
15536831.6,15540157.6,1698185220,4.185,4.189
15545741.6,15557621.8,1698185280,4.19,4.193
15554569.9,15553512.4,1698185340,4.194,4.192
15554339.6,15560688.1,1698185400,4.193,4.193
15557669.9,15555834.6,1698185460,4.194,4.198
15561529.5,15567268.9,1698185520,4.199,4.199
15564929.5,15551258.7,1698185580,4.199,4.205
15559183.5,15556944.3,1698185640,4.204,4.205
15557862.5,15559416.8,1698185700,4.205,4.2
15555184.2,15554724,1698185760,4.2,4.202
15566310.7,15565654.1,1698185820,4.202,4.198
15565700.7,15566744.7,1698185880,4.197,4.197
15565969.1,15565969.1,1698185940,4.196,4.199
