"OI_open","OI_close","timestamp","price_open","price_close"
5334343,5333597,1698881700,NA,NA
5334846,5335619,1698881760,NA,3.102
5335111,5333939,1698881820,3.102,3.098
5330679,5330539,1698881880,3.098,3.102
5326025,5322396,1698881940,3.102,3.102
5318084,5322363,1698882000,3.103,3.112
5325874,5328067,1698882060,3.112,3.116
5328423,5329919,1698882120,3.116,3.115
5329979,5328848,1698882180,3.115,3.119
5332279,5333707,1698882240,3.118,3.12
5337488,5339953,1698882300,3.121,3.118
5338572,5337207,1698882360,3.118,3.115
5339072,5334936,1698882420,3.114,3.11
5333260,5332119,1698882480,3.11,3.112
5332466,5332466,1698882540,3.112,3.112
5331513,5331950,1698882600,3.113,3.114
5332588,5332784,1698882660,3.115,3.118
5332756,5331540,1698882720,3.117,3.117
5330442,5330824,1698882780,3.116,3.113
5327942,5328039,1698882840,3.113,3.111
5325781,5323168,1698882900,3.111,3.112
5324483,5324931,1698882960,3.112,3.115
5324125,5330624,1698883020,3.116,3.118
5330353,5325424,1698883080,3.118,3.117
5324509,5325611,1698883140,3.118,3.125
5337907,5337560,1698883200,3.125,3.127
5356662,5353667,1698883260,3.127,3.133
5353416,5349542,1698883320,3.133,3.131
5350227,5351223,1698883380,3.131,3.128
5348067,5353636,1698883440,3.128,3.126
5353642,5354761,1698883500,3.127,3.126
5354817,5353409,1698883560,3.126,3.128
5352325,5352756,1698883620,3.127,3.128
5355261,5354631,1698883680,3.128,3.123
5351487,5351338,1698883740,3.122,3.116
5346022,5346022,1698883800,3.117,3.119
5347113,5342573,1698883860,3.118,3.112
5343723,5343723,1698883920,3.113,3.121
5342912,5342965,1698883980,3.12,3.125
5342097,5341813,1698884040,3.125,3.124
5334838,5335671,1698884100,3.125,3.12
5330798,5333845,1698884160,3.12,3.112
5330596,5329312,1698884220,3.113,3.111
5326752,5326513,1698884280,3.111,3.107
5323717,5323442,1698884340,3.107,3.108
5322439,5322787,1698884400,3.108,3.111
5323365,5322907,1698884460,3.112,3.112
5325077,5323908,1698884520,3.111,3.113
5325685,5325463,1698884580,3.114,3.118
5324989,5326936,1698884640,3.118,3.12
5326628,5323073,1698884700,3.12,3.119
5323855,5323417,1698884760,3.118,3.119
5322250,5321670,1698884820,3.119,3.124
5321918,5320864,1698884880,3.124,3.126
5322184,5323588,1698884940,3.126,3.126
5327435,5325772,1698885000,3.125,3.117
5318115,5317025,1698885060,3.116,3.117
5320629,5320301,1698885120,3.117,3.115
5319150,5319150,1698885180,3.116,3.118
5323975,5324557,1698885240,3.119,3.121
5323157,5323386,1698885300,3.121,3.114
5324191,5324824,1698885360,3.114,3.11
5320138,5319169,1698885420,3.109,3.107
5317406,5317545,1698885480,3.106,3.103
5315144,5320421,1698885540,3.103,3.097
5313538,5314811,1698885600,3.098,3.099
5313841,5315133,1698885660,3.099,3.102
5320871,5323144,1698885720,3.103,3.093
5322323,5322862,1698885780,3.093,3.09
5322329,5325007,1698885840,3.089,3.089
5321383,5322904,1698885900,3.089,3.098
5323817,5325630,1698885960,3.099,3.103
5325601,5325578,1698886020,3.103,3.105
5322702,5321856,1698886080,3.107,3.11
5322332,5322890,1698886140,3.111,3.12
5333803,5334217,1698886200,3.119,3.125
5341897,5339745,1698886260,3.124,3.129
5340516,5332421,1698886320,3.128,3.124
5329967,5329292,1698886380,3.124,3.126
5332877,5332557,1698886440,3.126,3.128
5331255,5332453,1698886500,3.128,3.127
5332384,5332384,1698886560,3.127,3.124
5334573,5333427,1698886620,3.125,3.125
5332825,5332825,1698886680,3.125,3.131
5332614,5335051,1698886740,3.132,3.133
5338426,5338340,1698886800,3.133,3.133
5338356,5338893,1698886860,3.133,3.139
5340525,5341749,1698886920,3.139,3.151
5409639,5416267,1698886980,3.152,3.151
5415818,5416048,1698887040,3.151,3.15
5418878,5418952,1698887100,3.15,3.148
5417012,5416855,1698887160,3.148,3.149
5418035,5419685,1698887220,3.149,3.144
5420865,5422189,1698887280,3.145,3.144
5424025,5425685,1698887340,3.144,3.145
5422288,5423282,1698887400,3.145,3.151
5436702,5439109,1698887460,3.152,3.154
5441349,5445032,1698887520,3.155,3.149
5442966,5445817,1698887580,3.15,3.154
5445067,5446069,1698887640,3.154,3.156
5446084,5446679,1698887700,3.156,3.168
5457671,5464080,1698887760,3.169,3.169
5472595,5468703,1698887820,3.169,3.171
5458856,5452570,1698887880,3.17,3.169
5456736,5456606,1698887940,3.169,3.165
5460950,5460950,1698888000,3.165,3.178
5463454,5461277,1698888060,3.178,3.189
5466971,5494265,1698888120,3.19,3.191
5491079,5488409,1698888180,3.192,3.197
5471667,5472876,1698888240,3.197,3.205
5454114,5457299,1698888300,3.206,3.211
5472123,5449400,1698888360,3.21,3.21
5451847,5455464,1698888420,3.21,3.21
5451398,5449818,1698888480,3.211,3.217
5444963,5443992,1698888540,3.216,3.224
5458982,5446740,1698888600,3.225,3.219
5437495,5434212,1698888660,3.219,3.216
5434553,5441087,1698888720,3.215,3.209
5437663,5421031,1698888780,3.208,3.2
5404619,5404447,1698888840,3.2,3.208
5419312,5424328,1698888900,3.209,3.199
5418516,5415004,1698888960,3.199,3.204
5412052,5411299,1698889020,3.204,3.202
5416911,5419933,1698889080,3.201,3.21
5417633,5423339,1698889140,3.21,3.212
5436094,5449096,1698889200,3.211,3.22
5454252,5450234,1698889260,3.219,3.22
5452999,5447091,1698889320,3.22,3.206
5444827,5445562,1698889380,3.207,3.207
5445562,5445256,1698889440,3.207,3.208
5426361,5425925,1698889500,3.208,3.203
5423467,5434998,1698889560,3.202,3.211
5436968,5436968,1698889620,3.211,3.213
5438718,5441541,1698889680,3.212,3.217
5447302,5452026,1698889740,3.217,3.22
5451986,5454195,1698889800,3.22,3.21
5439157,5450424,1698889860,3.21,3.214
5455670,5447156,1698889920,3.213,3.203
5436466,5426612,1698889980,3.203,3.194
5417613,5407850,1698890040,3.194,3.192
5405319,5407207,1698890100,3.191,3.191
5406246,5406112,1698890160,3.191,3.19
5411338,5405860,1698890220,3.189,3.193
5406993,5412997,1698890280,3.192,3.199
5413811,5415969,1698890340,3.199,3.201
5418694,5418842,1698890400,3.202,3.204
5419181,5421165,1698890460,3.203,3.196
5427457,5426337,1698890520,3.196,3.191
5424683,5422921,1698890580,3.191,3.184
5414174,5410444,1698890640,3.185,3.182
5405839,5406642,1698890700,3.183,3.184
5408065,5408640,1698890760,3.184,3.185
5411021,5406185,1698890820,3.185,3.182
5413945,5412596,1698890880,3.183,3.177
5412811,5392533,1698890940,3.177,3.173
5392010,5395073,1698891000,3.173,3.177
5394951,5399610,1698891060,3.177,3.175
5403782,5396102,1698891120,3.175,3.178
5391161,5391161,1698891180,3.179,3.181
5391780,5390836,1698891240,3.182,3.185
5388696,5388619,1698891300,3.185,3.191
5386673,5386665,1698891360,3.191,3.195
5384937,5385696,1698891420,3.196,3.199
5387672,5387061,1698891480,3.2,3.203
5388285,5393496,1698891540,3.202,3.208
5399704,5398741,1698891600,3.207,3.205
5399329,5400385,1698891660,3.205,3.205
5403352,5404661,1698891720,3.205,3.199
5404904,5402823,1698891780,3.199,3.196
5401920,5402111,1698891840,3.195,3.197
5401537,5401465,1698891900,3.197,3.193
5399046,5398423,1698891960,3.193,3.193
5397944,5397925,1698892020,3.193,3.191
5397787,5397201,1698892080,3.192,3.194
5397699,5398325,1698892140,3.193,3.192
5397379,5397865,1698892200,3.192,3.191
5397196,5396363,1698892260,3.192,3.202
5399120,5402481,1698892320,3.201,3.198
5401016,5404449,1698892380,3.199,3.201
5404432,5404880,1698892440,3.201,3.203
5405616,5405372,1698892500,3.203,3.202
5406762,5410874,1698892560,3.201,3.209
5414633,5414633,1698892620,3.209,3.215
5417833,5418765,1698892680,3.214,3.218
5419452,5447766,1698892740,3.218,3.213
5447330,5446548,1698892800,3.212,3.21
5441459,5440785,1698892860,3.21,3.212
5429931,5429940,1698892920,3.212,3.204
5427248,5428510,1698892980,3.203,3.21
5428861,5424615,1698893040,3.21,3.208
5428188,5427957,1698893100,3.209,3.21
5429746,5430748,1698893160,3.211,3.219
5434214,5430279,1698893220,3.219,3.221
5423952,5423888,1698893280,3.221,3.218
5423452,5421545,1698893340,3.217,3.22
5419788,5418812,1698893400,3.22,3.211
5416807,5418562,1698893460,3.212,3.215
5418863,5417999,1698893520,3.216,3.213
5415863,5416304,1698893580,3.213,3.208
5414922,5412156,1698893640,3.208,3.211
5412219,5412105,1698893700,3.211,3.209
5410680,5410279,1698893760,3.209,3.208
5412443,5411372,1698893820,3.207,3.207
5413318,5414842,1698893880,3.206,3.206
5410801,5396926,1698893940,3.207,3.21
5408345,5408604,1698894000,3.211,3.21
5420170,5422448,1698894060,3.21,3.223
5428777,5433203,1698894120,3.224,3.23
5436997,5438533,1698894180,3.229,3.224
5446818,5446818,1698894240,3.225,3.224
5441850,5445160,1698894300,3.225,3.223
5441433,5442065,1698894360,3.223,3.224
5433957,5435900,1698894420,3.225,3.223
5436822,5447440,1698894480,3.223,3.225
5447533,5447533,1698894540,3.224,3.226
5455093,5455776,1698894600,3.226,3.226
5455599,5457467,1698894660,3.226,3.225
5461902,5470982,1698894720,3.225,3.227
5468794,5474013,1698894780,3.227,3.229
5477376,5477295,1698894840,3.229,3.228
5473097,5470285,1698894900,3.228,3.228
5467946,5467756,1698894960,3.229,3.227
5467176,5465793,1698895020,3.227,3.224
5461564,5457317,1698895080,3.224,3.227
5457146,5459905,1698895140,3.226,3.227
5460466,5460903,1698895200,3.226,3.225
5460628,5461089,1698895260,3.226,3.226
5458464,5458281,1698895320,3.226,3.223
5456202,5457715,1698895380,3.224,3.218
5454725,5452083,1698895440,3.217,3.215
5515555,5517602,1698895500,3.214,3.225
5517450,5516228,1698895560,3.224,3.222
5515504,5517218,1698895620,3.222,3.224
5519231,5522375,1698895680,3.225,3.221
5522775,5522775,1698895740,3.22,3.218
5523476,5525898,1698895800,3.219,3.221
5541129,5554548,1698895860,3.221,3.228
5548665,5562005,1698895920,3.229,3.234
5563712,5546640,1698895980,3.233,3.24
5540785,5533141,1698896040,3.24,3.237
5534011,5533908,1698896100,3.238,3.248
5536817,5532681,1698896160,3.248,3.248
5534499,5535165,1698896220,3.249,3.249
5530949,5534974,1698896280,3.248,3.244
5534707,5532465,1698896340,3.244,3.24
5531250,5528969,1698896400,3.241,3.241
5523881,5522490,1698896460,3.24,3.237
5524881,5525967,1698896520,3.236,3.234
5520669,5517406,1698896580,3.233,3.234
5510737,5511022,1698896640,3.233,3.235
5511435,5513916,1698896700,3.235,3.232
5526124,5524945,1698896760,3.232,3.235
5528189,5529097,1698896820,3.235,3.225
5526856,5531061,1698896880,3.226,3.231
5528929,5526924,1698896940,3.231,3.23
5526158,5525632,1698897000,3.231,3.227
5524644,5522425,1698897060,3.227,3.226
5521263,5521263,1698897120,3.226,3.229
5521286,5533901,1698897180,3.229,3.233
5533541,5533541,1698897240,3.233,3.229
5531277,5531753,1698897300,3.229,3.229
5531549,5532013,1698897360,3.228,3.23
5529381,5530722,1698897420,3.231,3.23
5534036,5534016,1698897480,3.23,3.225
5535379,5533333,1698897540,3.225,3.221
5529437,5521116,1698897600,3.222,3.227
5520766,5520870,1698897660,3.227,3.226
5521042,5521396,1698897720,3.226,3.222
5520093,5523806,1698897780,3.222,3.223
5525062,5523031,1698897840,3.222,3.217
5509623,5508196,1698897900,3.217,3.217
5505458,5504165,1698897960,3.217,3.216
5497956,5503893,1698898020,3.215,3.206
5497574,5502776,1698898080,3.205,3.211
5503508,5503457,1698898140,3.211,3.214
5503926,5508271,1698898200,3.214,3.219
5508994,5509269,1698898260,3.218,3.219
5508971,5505527,1698898320,3.22,3.219
5500299,5500786,1698898380,3.219,3.221
5504612,5508582,1698898440,3.221,3.224
5509283,5509384,1698898500,3.224,3.221
5508600,5508600,1698898560,3.222,3.224
5508775,5509447,1698898620,3.224,3.225
5513447,5516770,1698898680,3.226,3.221
5516292,5516545,1698898740,3.222,3.225
5541977,5541834,1698898800,3.226,3.226
5542844,5541951,1698898860,3.226,3.222
5542432,5541677,1698898920,3.222,3.216
5539691,5538501,1698898980,3.217,3.219
5538733,5538795,1698899040,3.219,3.217
5537745,5538286,1698899100,3.218,3.215
5537461,5534995,1698899160,3.215,3.219
5537392,5539100,1698899220,3.219,3.216
5536581,5534973,1698899280,3.216,3.213
5523389,5523211,1698899340,3.212,3.211
5531994,5532272,1698899400,3.211,3.21
5532495,5532991,1698899460,3.21,3.215
5532180,5533373,1698899520,3.214,3.214
5534776,5535261,1698899580,3.215,3.217
5535233,5536539,1698899640,3.217,3.212
5530375,5531500,1698899700,3.212,3.21
5531159,5533192,1698899760,3.211,3.21
5528217,5527544,1698899820,3.211,3.209
5526260,5529205,1698899880,3.208,3.209
5528988,5528601,1698899940,3.209,3.207
5528211,5528211,1698900000,3.206,3.209
5527496,5523675,1698900060,3.21,3.206
5521523,5522007,1698900120,3.205,3.202
5523747,5523747,1698900180,3.203,3.2
5524550,5525439,1698900240,3.199,3.201
5524300,5524027,1698900300,3.202,3.201
5526051,5524038,1698900360,3.201,3.199
5519632,5526224,1698900420,3.2,3.2
5527311,5528885,1698900480,3.199,3.209
5530951,5535789,1698900540,3.209,3.206
5534951,5536627,1698900600,3.207,3.207
5538993,5547193,1698900660,3.206,3.212
5548600,5545539,1698900720,3.211,3.198
5529627,5525349,1698900780,3.199,3.196
5528805,5527446,1698900840,3.195,3.194
5519621,5518126,1698900900,3.195,3.194
5515162,5526246,1698900960,3.194,3.191
5520472,5521426,1698901020,3.191,3.196
5518505,5518570,1698901080,3.195,3.2
5526512,5525898,1698901140,3.2,3.2
5525220,5524722,1698901200,3.199,3.2
5530006,5514503,1698901260,3.199,3.198
5514828,5540332,1698901320,3.198,3.201
5541304,5541497,1698901380,3.201,3.203
5539940,5536973,1698901440,3.203,3.2
5539543,5535601,1698901500,3.2,3.193
5530409,5530409,1698901560,3.193,3.189
5526816,5509300,1698901620,3.189,3.184
5493858,5496114,1698901680,3.183,3.182
5497743,5487424,1698901740,3.182,3.177
5490813,5492230,1698901800,3.177,3.174
5488653,5488635,1698901860,3.174,3.17
5488598,5474773,1698901920,3.171,3.169
5475377,5471187,1698901980,3.169,3.169
5467215,5471649,1698902040,3.168,3.163
5468611,5443392,1698902100,3.164,3.146
5432857,5429437,1698902160,3.147,3.154
5423119,5432228,1698902220,3.154,3.159
5428565,5430670,1698902280,3.158,3.161
5432247,5433012,1698902340,3.162,3.159
5430658,5428959,1698902400,3.159,3.162
5428472,5426552,1698902460,3.161,3.163
5420842,5419269,1698902520,3.162,3.16
5419728,5417927,1698902580,3.16,3.157
5415647,5411197,1698902640,3.158,3.151
5411490,5401190,1698902700,3.151,3.146
5391653,5359770,1698902760,3.146,3.157
5341475,5313520,1698902820,3.157,3.154
5300756,5298124,1698902880,3.154,3.161
5301652,5300740,1698902940,3.162,3.161
5301972,5299274,1698903000,3.161,3.168
5300068,5300068,1698903060,3.167,3.174
5298000,5300556,1698903120,3.174,3.179
5297696,5285630,1698903180,3.18,3.186
5280962,5292928,1698903240,3.187,3.176
5293542,5290366,1698903300,3.176,3.148
5303724,5314805,1698903360,3.147,3.139
5316203,5316873,1698903420,3.139,3.14
5318669,5319584,1698903480,3.141,3.148
5318465,5317198,1698903540,3.148,3.148
5318159,5307575,1698903600,3.149,3.146
5307415,5310555,1698903660,3.145,3.145
5307885,5307148,1698903720,3.146,3.15
5307845,5308555,1698903780,3.151,3.15
5306189,5306013,1698903840,3.15,3.148
5308510,5307916,1698903900,3.147,3.147
5306388,5306811,1698903960,3.146,3.152
5303291,5307001,1698904020,3.151,3.146
5327608,5327456,1698904080,3.145,3.144
5330787,5329974,1698904140,3.144,3.143
5330542,5328568,1698904200,3.143,3.141
5328968,5326667,1698904260,3.141,3.147
5327410,5328958,1698904320,3.147,3.148
5328638,5328018,1698904380,3.149,3.145
5326630,5326974,1698904440,3.145,3.147
5326641,5293884,1698904500,3.146,3.137
5294132,5294223,1698904560,3.137,3.147
5292777,5292777,1698904620,3.148,3.144
5290326,5289589,1698904680,3.143,3.147
5289883,5293393,1698904740,3.147,3.141
5294811,5295651,1698904800,3.14,3.14
5298530,5298939,1698904860,3.14,3.151
5272093,5305605,1698904920,3.151,3.155
5312838,5349032,1698904980,3.155,3.149
5350626,5350149,1698905040,3.148,3.152
5351200,5345109,1698905100,3.153,3.156
5346552,5348146,1698905160,3.156,3.152
5352101,5352836,1698905220,3.152,3.158
5353363,5354995,1698905280,3.157,3.164
5364458,5360755,1698905340,3.165,3.164
5362041,5364612,1698905400,3.164,3.151
5362581,5362762,1698905460,3.152,3.159
5361051,5360980,1698905520,3.158,3.158
5360441,5361899,1698905580,3.157,3.159
5362263,5361348,1698905640,3.16,3.158
5365991,5365060,1698905700,3.157,3.166
5367774,5368759,1698905760,3.167,3.169
5369883,5371633,1698905820,3.17,3.174
5372672,5372180,1698905880,3.174,3.168
5372869,5372331,1698905940,3.168,3.166
5374271,5377512,1698906000,3.165,3.17
5375948,5375758,1698906060,3.169,3.16
5375782,5372141,1698906120,3.161,3.167
5371918,5371839,1698906180,3.167,3.172
5376697,5376697,1698906240,3.171,3.178
5385237,5382395,1698906300,3.177,3.175
5384706,5384436,1698906360,3.175,3.181
5383777,5382743,1698906420,3.182,3.182
5386119,5387053,1698906480,3.183,3.183
5388242,5388960,1698906540,3.184,3.182
5392869,5394293,1698906600,3.182,3.184
5398219,5400487,1698906660,3.185,3.19
5399822,5398234,1698906720,3.191,3.191
5399407,5397575,1698906780,3.191,3.187
5394538,5394706,1698906840,3.187,3.189
5390873,5401280,1698906900,3.188,3.196
5400112,5396955,1698906960,3.196,3.204
5419643,5417892,1698907020,3.203,3.206
5413487,5413664,1698907080,3.205,3.209
5422017,5424953,1698907140,3.208,3.201
5422843,5429332,1698907200,3.202,3.209
5429109,5426232,1698907260,3.209,3.208
5426531,5425053,1698907320,3.208,3.206
5423118,5424112,1698907380,3.205,3.196
5418725,5417566,1698907440,3.196,3.194
5412590,5409737,1698907500,3.195,3.199
5413741,5412119,1698907560,3.2,3.198
5416878,5416878,1698907620,3.197,3.191
5419067,5416640,1698907680,3.192,3.19
5416374,5417400,1698907740,3.191,3.184
5416563,5415245,1698907800,3.185,3.186
5412165,5412637,1698907860,3.186,3.196
5413325,5424703,1698907920,3.197,3.201
5426016,5417116,1698907980,3.201,3.208
5422245,5432803,1698908040,3.208,3.215
5457761,5463690,1698908100,3.214,3.217
5447659,5446317,1698908160,3.216,3.211
5449665,5449957,1698908220,3.211,3.215
5443847,5443634,1698908280,3.215,3.217
5446930,5443261,1698908340,3.217,3.222
5436155,5432857,1698908400,3.223,3.22
5434601,5432365,1698908460,3.22,3.224
5431916,5445366,1698908520,3.224,3.228
5448650,5446620,1698908580,3.228,3.23
5450333,5464971,1698908640,3.231,3.235
5467566,5465547,1698908700,3.235,3.225
5462449,5458383,1698908760,3.226,3.226
5423616,5421816,1698908820,3.225,3.225
5420186,5418552,1698908880,3.225,3.223
5410642,5410642,1698908940,3.223,3.221
5406069,5404100,1698909000,3.221,3.214
5389576,5377641,1698909060,3.214,3.211
5370284,5368631,1698909120,3.21,3.208
5364270,5356602,1698909180,3.209,3.213
5357853,5357994,1698909240,3.213,3.213
5357462,5356743,1698909300,3.212,3.213
5358539,5355992,1698909360,3.212,3.213
5354278,5355475,1698909420,3.213,3.211
5353176,5356387,1698909480,3.212,3.212
5357110,5354247,1698909540,3.212,3.209
5352793,5336274,1698909600,3.209,3.198
5333178,5334650,1698909660,3.199,3.197
5330057,5329405,1698909720,3.197,3.2
5329563,5324901,1698909780,3.2,3.206
5324867,5324903,1698909840,3.206,3.207
5327278,5326799,1698909900,3.207,3.205
5327224,5327681,1698909960,3.204,3.204
5327215,5328764,1698910020,3.205,3.213
5328626,5332293,1698910080,3.212,3.218
5336195,5335868,1698910140,3.219,3.22
5335494,5331763,1698910200,3.22,3.22
5332530,5328639,1698910260,3.219,3.221
5328233,5328233,1698910320,3.22,3.219
5329868,5329270,1698910380,3.22,3.221
5349296,5350430,1698910440,3.222,3.222
5353894,5356834,1698910500,3.222,3.224
5355505,5356180,1698910560,3.223,3.224
5352540,5346652,1698910620,3.224,3.222
5329251,5327310,1698910680,3.222,3.222
5325578,5324787,1698910740,3.223,3.222
5325326,5326867,1698910800,3.221,3.224
5341263,5345494,1698910860,3.225,3.22
5344993,5348097,1698910920,3.22,3.22
5346841,5345545,1698910980,3.221,3.216
5346027,5345255,1698911040,3.217,3.213
5346262,5344514,1698911100,3.213,3.215
5344261,5346711,1698911160,3.215,3.215
5346610,5347100,1698911220,3.214,3.217
5346825,5347624,1698911280,3.217,3.218
5348952,5364910,1698911340,3.218,3.221
5362083,5357515,1698911400,3.221,3.212
5354482,5347518,1698911460,3.212,3.209
5344606,5341240,1698911520,3.209,3.207
5334295,5332548,1698911580,3.208,3.208
5331736,5331736,1698911640,3.207,3.202
5349653,5350647,1698911700,3.203,3.201
5354641,5345556,1698911760,3.201,3.199
5357002,5359677,1698911820,3.2,3.203
5354949,5354849,1698911880,3.204,3.204
5352747,5351314,1698911940,3.203,3.205
5344989,5344750,1698912000,3.205,3.203
5343570,5344265,1698912060,3.203,3.2
5345110,5349056,1698912120,3.201,3.201
5349510,5349739,1698912180,3.201,3.195
5342709,5341969,1698912240,3.195,3.188
5328533,5327579,1698912300,3.188,3.19
5327900,5328155,1698912360,3.19,3.186
5319039,5316334,1698912420,3.186,3.185
5313626,5316693,1698912480,3.186,3.182
5312303,5317080,1698912540,3.183,3.174
5318578,5313039,1698912600,3.174,3.168
5308189,5307880,1698912660,3.168,3.166
5308252,5309887,1698912720,3.167,3.176
5311882,5312454,1698912780,3.177,3.184
5313745,5314007,1698912840,3.185,3.184
5316947,5315648,1698912900,3.184,3.188
5319760,5321892,1698912960,3.189,3.194
5323585,5323585,1698913020,3.194,3.199
5326730,5325591,1698913080,3.199,3.203
5327107,5323790,1698913140,3.203,3.206
5323546,5326690,1698913200,3.206,3.21
5330104,5335088,1698913260,3.21,3.208
5333096,5333104,1698913320,3.208,3.209
5331136,5331515,1698913380,3.209,3.213
5339254,5341288,1698913440,3.213,3.221
5380993,5393569,1698913500,3.221,3.233
5416162,5415286,1698913560,3.234,3.235
5425496,5398179,1698913620,3.235,3.232
5439103,5448078,1698913680,3.232,3.225
5457491,5472703,1698913740,3.226,3.231
5471395,5484395,1698913800,3.231,3.237
5488295,5487222,1698913860,3.238,3.233
5483529,5482047,1698913920,3.233,3.226
5480464,5476516,1698913980,3.226,3.228
5473693,5471505,1698914040,3.227,3.229
5470302,5460227,1698914100,3.228,3.227
5459878,5466191,1698914160,3.226,3.238
5468257,5474075,1698914220,3.238,3.245
5478967,5463020,1698914280,3.245,3.245
5452610,5451553,1698914340,3.244,3.239
5451314,5451314,1698914400,3.239,3.24
5449438,5451378,1698914460,3.239,3.236
5453758,5444772,1698914520,3.236,3.235
5446784,5445429,1698914580,3.235,3.229
5445179,5445743,1698914640,3.229,3.227
5440099,5436521,1698914700,3.226,3.237
5435975,5435847,1698914760,3.237,3.236
5438724,5442266,1698914820,3.236,3.238
5442578,5443472,1698914880,3.238,3.24
5445965,5451845,1698914940,3.241,3.238
5453580,5454226,1698915000,3.239,3.244
5460881,5469153,1698915060,3.245,3.247
5473731,5476067,1698915120,3.246,3.25
5475324,5524401,1698915180,3.251,3.267
5524893,5564486,1698915240,3.267,3.273
5580686,5594580,1698915300,3.274,3.278
5597589,5599287,1698915360,3.278,3.273
5601394,5599292,1698915420,3.272,3.26
5591248,5585466,1698915480,3.261,3.261
5585025,5584325,1698915540,3.262,3.257
5599123,5600123,1698915600,3.257,3.262
5601459,5585635,1698915660,3.262,3.251
5579579,5578921,1698915720,3.251,3.247
5582132,5586526,1698915780,3.247,3.248
5596941,5596941,1698915840,3.249,3.244
5600398,5594133,1698915900,3.244,3.245
5597250,5584484,1698915960,3.244,3.244
5581619,5581847,1698916020,3.244,3.245
5583386,5584612,1698916080,3.244,3.246
5586374,5586504,1698916140,3.246,3.243
5585497,5583270,1698916200,3.243,3.249
5586664,5587014,1698916260,3.25,3.247
5581105,5589081,1698916320,3.247,3.248
5590033,5588891,1698916380,3.248,3.249
5591581,5600573,1698916440,3.248,3.248
5601417,5598483,1698916500,3.247,3.248
5601822,5601515,1698916560,3.247,3.246
5602889,5604866,1698916620,3.246,3.243
5603826,5603554,1698916680,3.243,3.242
5606220,5602861,1698916740,3.241,3.235
5601319,5596696,1698916800,3.235,3.232
5587678,5569348,1698916860,3.232,3.22
5567310,5566795,1698916920,3.22,3.225
5569189,5570445,1698916980,3.224,3.228
5570489,5567696,1698917040,3.227,3.234
5569290,5569793,1698917100,3.234,3.233
5568146,5568146,1698917160,3.233,3.237
5566076,5567912,1698917220,3.237,3.238
5566893,5564535,1698917280,3.238,3.241
5564145,5565813,1698917340,3.24,3.242
5568003,5567858,1698917400,3.241,3.239
5563430,5560329,1698917460,3.239,3.238
5558329,5558090,1698917520,3.238,3.238
5568278,5569038,1698917580,3.237,3.236
5566677,5566017,1698917640,3.235,3.236
5569076,5569975,1698917700,3.235,3.233
5569398,5569516,1698917760,3.233,3.24
5577110,5580214,1698917820,3.24,3.239
5582690,5580349,1698917880,3.239,3.244
5580648,5580982,1698917940,3.244,3.243
5581026,5580152,1698918000,3.243,3.256
5583283,5585888,1698918060,3.257,3.253
5584368,5586603,1698918120,3.254,3.256
5586553,5587105,1698918180,3.256,3.26
5586425,5584657,1698918240,3.26,3.26
5583291,5580778,1698918300,3.259,3.253
5582322,5581430,1698918360,3.252,3.249
5579140,5577252,1698918420,3.249,3.243
5581469,5581469,1698918480,3.243,3.241
5582670,5583062,1698918540,3.242,3.247
5592453,5596102,1698918600,3.247,3.253
5598948,5605528,1698918660,3.254,3.251
5604748,5602257,1698918720,3.251,3.259
5606681,5606359,1698918780,3.258,3.265
5606723,5625715,1698918840,3.266,3.271
5627764,5637629,1698918900,3.271,3.273
5644791,5646285,1698918960,3.274,3.288
5651043,5675263,1698919020,3.287,3.288
5678417,5672170,1698919080,3.288,3.287
5662405,5660726,1698919140,3.286,3.276
5653007,5647774,1698919200,3.275,3.263
5635866,5607101,1698919260,3.263,3.263
5617010,5612733,1698919320,3.262,3.265
5614615,5619978,1698919380,3.265,3.271
5622592,5624240,1698919440,3.27,3.272
5613198,5614719,1698919500,3.272,3.279
5622088,5620407,1698919560,3.278,3.275
5617656,5619895,1698919620,3.274,3.278
5615423,5621618,1698919680,3.278,3.275
5612171,5621407,1698919740,3.275,3.277
5613189,5613189,1698919800,3.278,3.28
5619967,5614278,1698919860,3.279,3.274
5619999,5617432,1698919920,3.273,3.277
5620088,5620691,1698919980,3.278,3.279
5620713,5611428,1698920040,3.279,3.283
5617408,5620392,1698920100,3.282,3.291
5630100,5663472,1698920160,3.29,3.297
5703058,5716487,1698920220,3.298,3.308
5743162,5815780,1698920280,3.309,3.314
5797545,5825902,1698920340,3.314,3.321
5827025,5813499,1698920400,3.321,3.341
5832754,5849481,1698920460,3.342,3.331
5946105,5988399,1698920520,3.33,3.352
6020687,6030161,1698920580,3.352,3.362
6032340,6033440,1698920640,3.362,3.345
6046564,6066457,1698920700,3.346,3.341
6069708,6079641,1698920760,3.341,3.349
6091700,6176078,1698920820,3.349,3.359
6178086,6184209,1698920880,3.359,3.361
6187952,6179185,1698920940,3.362,3.35
6185528,6171758,1698921000,3.35,3.336
6157258,6162654,1698921060,3.336,3.351
6167935,6167935,1698921120,3.351,3.35
6170695,6420131,1698921180,3.35,3.383
6454389,6476467,1698921240,3.382,3.385
6448499,6474132,1698921300,3.384,3.383
6476028,6495321,1698921360,3.383,3.386
6508509,6525775,1698921420,3.386,3.388
6545508,6565994,1698921480,3.387,3.414
6879755,6836856,1698921540,3.414,3.422
6872886,6869057,1698921600,3.422,3.415
6862729,6860388,1698921660,3.414,3.417
6864344,6864538,1698921720,3.418,3.407
6862576,6855043,1698921780,3.406,3.397
6880934,6887638,1698921840,3.396,3.401
6910196,6915951,1698921900,3.4,3.395
6899438,6901859,1698921960,3.394,3.384
6905958,6945602,1698922020,3.385,3.405
6949894,6983542,1698922080,3.404,3.402
6987809,6997984,1698922140,3.402,3.405
7014492,6999223,1698922200,3.404,3.43
6979588,6964361,1698922260,3.429,3.416
6960105,6964656,1698922320,3.415,3.418
6970828,6999237,1698922380,3.419,3.431
7000071,7000071,1698922440,3.431,3.444
7004121,7025513,1698922500,3.445,3.444
7036534,7043017,1698922560,3.444,3.435
7035394,7068792,1698922620,3.435,3.448
7077237,7101993,1698922680,3.448,3.462
7153870,7110273,1698922740,3.462,3.427
7096471,7097222,1698922800,3.428,3.404
7006780,7013778,1698922860,3.404,3.41
7024835,7039232,1698922920,3.411,3.421
7070407,7108222,1698922980,3.422,3.438
7137263,7144533,1698923040,3.438,3.436
7162194,7160217,1698923100,3.437,3.425
7161963,7148099,1698923160,3.426,3.412
7143105,7123180,1698923220,3.412,3.401
7131266,7095952,1698923280,3.402,3.394
7110029,7117763,1698923340,3.395,3.394
7121042,7129864,1698923400,3.394,3.389
7149167,7105323,1698923460,3.389,3.37
7077260,7094496,1698923520,3.369,3.362
7054279,7070610,1698923580,3.362,3.357
7085585,7080199,1698923640,3.356,3.349
7099866,7092676,1698923700,3.348,3.346
7100659,7110436,1698923760,3.345,3.355
7112382,7112382,1698923820,3.354,3.36
7116235,7118531,1698923880,3.36,3.359
7123147,7125611,1698923940,3.358,3.363
7161466,7157201,1698924000,3.363,3.376
7161429,7163948,1698924060,3.375,3.377
7173625,7150814,1698924120,3.378,3.384
7134803,7132959,1698924180,3.385,3.376
7146115,7148591,1698924240,3.376,3.368
7149790,7143782,1698924300,3.368,3.376
7146680,7147947,1698924360,3.376,3.37
7148912,7147870,1698924420,3.37,3.363
7121475,7123980,1698924480,3.362,3.367
7124179,7124148,1698924540,3.366,3.371
7129196,7126736,1698924600,3.371,3.371
7133626,7136223,1698924660,3.372,3.374
7142908,7143110,1698924720,3.373,3.376
7138651,7140306,1698924780,3.377,3.384
7136883,7137862,1698924840,3.385,3.385
7144047,7136943,1698924900,3.385,3.38
7138555,7142843,1698924960,3.379,3.389
7143797,7141365,1698925020,3.388,3.395
7144083,7141708,1698925080,3.394,3.385
7139768,7139768,1698925140,3.386,3.377
7137922,7131343,1698925200,3.377,3.37
7121222,7108328,1698925260,3.371,3.366
7108132,7102722,1698925320,3.366,3.362
7091863,7090534,1698925380,3.361,3.363
7086195,7087227,1698925440,3.362,3.365
7089625,7083572,1698925500,3.366,3.36
7082902,7082894,1698925560,3.36,3.366
7084969,7085356,1698925620,3.365,3.362
7091152,7097305,1698925680,3.362,3.362
7096824,7098037,1698925740,3.363,3.363
7145862,7144990,1698925800,3.364,3.378
7163389,7150413,1698925860,3.378,3.38
7153549,7155862,1698925920,3.379,3.385
7159638,7166525,1698925980,3.385,3.386
7166068,7159958,1698926040,3.387,3.386
7151965,7165044,1698926100,3.387,3.397
7171244,7170607,1698926160,3.397,3.391
7173524,7173012,1698926220,3.392,3.394
7164497,7156738,1698926280,3.394,3.386
7155318,7155318,1698926340,3.385,3.38
7159574,7156877,1698926400,3.378,3.376
7163621,7163621,1698926460,3.376,3.387
7163672,7170985,1698926520,3.387,3.392
7172798,7186304,1698926580,3.391,3.393
7201144,7209293,1698926640,3.394,3.388
7219179,7214287,1698926700,3.388,3.382
7212196,7183374,1698926760,3.382,3.355
7145952,7154664,1698926820,3.356,3.346
7130445,7116636,1698926880,3.346,3.345
7103818,7106575,1698926940,3.345,3.341
7122909,7104878,1698927000,3.341,3.36
7093782,7094607,1698927060,3.36,3.356
7090394,7092830,1698927120,3.356,3.357
7095384,7090730,1698927180,3.356,3.365
7087416,7089878,1698927240,3.365,3.372
7114526,7111809,1698927300,3.371,3.367
7123926,7118721,1698927360,3.367,3.381
7126955,7131514,1698927420,3.38,3.378
7134098,7132511,1698927480,3.378,3.38
7133203,7130740,1698927540,3.381,3.37
7119766,7120749,1698927600,3.37,3.369
7118218,7115229,1698927660,3.368,3.366
7119867,7119322,1698927720,3.366,3.358
7113852,7113852,1698927780,3.359,3.36
7109808,7110317,1698927840,3.36,3.358
7111454,7107591,1698927900,3.358,3.349
7099674,7105094,1698927960,3.349,3.347
7105371,7097288,1698928020,3.346,3.338
7086678,7095590,1698928080,3.339,3.337
7093180,7106970,1698928140,3.337,3.327
7080174,7082904,1698928200,3.328,3.336
7084396,7095647,1698928260,3.336,3.329
7086501,7101409,1698928320,3.33,3.336
7085874,7058942,1698928380,3.335,3.336
7059292,7066999,1698928440,3.336,3.342
7069574,7076744,1698928500,3.342,3.331
7083829,6968871,1698928560,3.332,3.321
6973670,6969533,1698928620,3.322,3.317
6979890,6979578,1698928680,3.316,3.321
6980038,6978964,1698928740,3.321,3.32
6974339,6933668,1698928800,3.32,3.317
6934733,6934270,1698928860,3.317,3.314
6929652,6925322,1698928920,3.314,3.316
6929646,6927133,1698928980,3.316,3.325
6933789,6933789,1698929040,3.325,3.313
6934156,6936493,1698929100,3.313,3.311
6928735,6927345,1698929160,3.31,3.316
6913190,6913438,1698929220,3.316,3.326
6913182,6911174,1698929280,3.326,3.333
6908943,6905442,1698929340,3.333,3.335
6908188,6899654,1698929400,3.335,3.327
6897667,6899936,1698929460,3.327,3.324
6897303,6895167,1698929520,3.324,3.326
6891139,6888976,1698929580,3.325,3.317
6882887,6882240,1698929640,3.318,3.326
6883137,6882707,1698929700,3.325,3.318
6880781,6880297,1698929760,3.316,3.314
6880217,6879887,1698929820,3.313,3.313
6877541,7037386,1698929880,3.314,3.351
7057154,7059629,1698929940,3.351,3.339
7056633,7060586,1698930000,3.338,3.338
7055989,7060083,1698930060,3.338,3.324
7063844,7059544,1698930120,3.325,3.331
7057651,7067596,1698930180,3.331,3.336
7068672,7076707,1698930240,3.335,3.325
7086556,7083451,1698930300,3.325,3.324
7080765,7079421,1698930360,3.324,3.307
7034590,7034590,1698930420,3.306,3.296
7031084,6993758,1698930480,3.296,3.266
6937703,6920880,1698930540,3.265,3.274
6914534,6915426,1698930600,3.275,3.272
6916739,6910781,1698930660,3.273,3.282
6923144,6930723,1698930720,3.281,3.266
6920053,6943874,1698930780,3.266,3.232
6794716,6768786,1698930840,3.232,3.258
6778543,6815255,1698930900,3.258,3.263
6819338,6818705,1698930960,3.262,3.276
6838376,6835503,1698931020,3.277,3.276
6833641,6842248,1698931080,3.275,3.272
6829397,6831910,1698931140,3.272,3.27
6841805,6842357,1698931200,3.269,3.268
6840384,6828752,1698931260,3.268,3.273
6825108,6827798,1698931320,3.273,3.267
6829746,6830624,1698931380,3.267,3.267
6839998,6838813,1698931440,3.269,3.254
6834933,6832734,1698931500,3.254,3.268
6837939,6852187,1698931560,3.268,3.274
6852704,6858113,1698931620,3.274,3.265
6857045,6856692,1698931680,3.265,3.267
6859639,6857254,1698931740,3.266,3.27
6859435,6859435,1698931800,3.27,3.266
6879365,6872741,1698931860,3.267,3.276
6873912,6872709,1698931920,3.277,3.277
6951805,6953145,1698931980,3.277,3.289
6946766,6943424,1698932040,3.289,3.289
6945673,6948298,1698932100,3.289,3.292
6942749,6940177,1698932160,3.292,3.29
6943043,6949062,1698932220,3.29,3.299
6950125,6951244,1698932280,3.299,3.302
6959445,6963745,1698932340,3.302,3.296
6964307,6955737,1698932400,3.296,3.285
6946530,6944042,1698932460,3.284,3.274
6943789,6939465,1698932520,3.273,3.269
6937971,6932395,1698932580,3.268,3.262
6926436,6894687,1698932640,3.261,3.262
6897174,6893561,1698932700,3.262,3.258
6876001,6884305,1698932760,3.258,3.257
6892599,6890322,1698932820,3.256,3.256
6899538,6913350,1698932880,3.257,3.262
6910277,6914482,1698932940,3.262,3.272
6928397,6929580,1698933000,3.273,3.279
6945282,6945841,1698933060,3.279,3.286
6939547,6946608,1698933120,3.287,3.297
6953044,6953044,1698933180,3.296,3.299
6956606,6979658,1698933240,3.299,3.3
6979754,6988205,1698933300,3.299,3.3
7007583,7012222,1698933360,3.3,3.318
7092983,7122117,1698933420,3.318,3.311
7126025,7113336,1698933480,3.312,3.298
7112986,7112080,1698933540,3.297,3.3
7114568,7118417,1698933600,3.301,3.319
7143418,7138075,1698933660,3.32,3.332
7177064,7141863,1698933720,3.331,3.328
7139961,7192908,1698933780,3.326,3.33
7188457,7197256,1698933840,3.329,3.324
7194885,7197664,1698933900,3.324,3.324
7202966,7210408,1698933960,3.323,3.317
7164665,7156897,1698934020,3.317,3.302
7148000,7142069,1698934080,3.301,3.307
7138763,7140937,1698934140,3.307,3.295
7141399,7133171,1698934200,3.295,3.291
7119827,7090553,1698934260,3.29,3.29
7086693,7087787,1698934320,3.29,3.284
7084145,7090892,1698934380,3.283,3.285
7090484,7091869,1698934440,3.286,3.295
7093347,7093347,1698934500,3.295,3.302
7108667,7111275,1698934560,3.302,3.312
7127147,7138331,1698934620,3.312,3.328
7151178,7156387,1698934680,3.328,3.32
7149561,7152408,1698934740,3.319,3.325
7163325,7187748,1698934800,3.325,3.319
7188822,7179455,1698934860,3.318,3.327
7202929,7201209,1698934920,3.326,3.313
7199532,7195713,1698934980,3.313,3.298
7195471,7186002,1698935040,3.297,3.301
7192447,7201300,1698935100,3.301,3.302
7202153,7206156,1698935160,3.302,3.299
7208622,7221080,1698935220,3.299,3.302
7227969,7230871,1698935280,3.302,3.319
7253268,7265768,1698935340,3.319,3.323
7270127,7271439,1698935400,3.324,3.32
7259144,7267896,1698935460,3.319,3.325
7282192,7265156,1698935520,3.326,3.305
7260138,7260729,1698935580,3.305,3.343
7287056,7286355,1698935640,3.343,3.308
7292280,7272340,1698935700,3.307,3.298
7278392,7275383,1698935760,3.298,3.299
7279475,7279475,1698935820,3.298,3.297
7239541,7244094,1698935880,3.297,3.295
7247523,7255942,1698935940,3.295,3.318
7289619,7325669,1698936000,3.319,3.338
7355696,7355696,1698936060,3.338,3.354
7380287,7366150,1698936120,3.354,3.351
7369495,7384959,1698936180,3.35,3.352
7392980,7412183,1698936240,3.351,3.35
7415112,7458182,1698936300,3.35,3.342
7401775,7376393,1698936360,3.342,3.351
7423586,7428803,1698936420,3.351,3.377
7445164,7425966,1698936480,3.376,3.392
7438277,7606463,1698936540,3.393,3.407
7607832,7595644,1698936600,3.407,3.388
7621777,7680077,1698936660,3.388,3.394
7681267,7680159,1698936720,3.394,3.385
7686096,7713062,1698936780,3.384,3.387
7715496,7733996,1698936840,3.387,3.375
7733692,7736812,1698936900,3.376,3.375
7746746,7734769,1698936960,3.374,3.364
7732241,7732601,1698937020,3.364,3.369
7741002,7797294,1698937080,3.369,3.38
7794249,7794249,1698937140,3.38,3.384
7783008,7814250,1698937200,3.384,3.39
7924133,7929414,1698937260,3.391,3.376
7945157,7953833,1698937320,3.376,3.348
7882796,7862962,1698937380,3.347,3.354
7873273,7878805,1698937440,3.354,3.348
7877573,7892054,1698937500,3.347,3.351
7874922,7854468,1698937560,3.351,3.319
7808425,7849035,1698937620,3.319,3.347
7853797,7861887,1698937680,3.346,3.355
7881434,7886186,1698937740,3.354,3.358
7883173,7887783,1698937800,3.358,3.373
7926064,7976773,1698937860,3.373,3.39
7985361,7989972,1698937920,3.391,3.421
8032258,8032873,1698937980,3.421,3.406
8035008,8007009,1698938040,3.406,3.386
7990742,7999203,1698938100,3.387,3.385
7998557,8068671,1698938160,3.387,3.429
8085289,8143082,1698938220,3.429,3.491
8284310,8290906,1698938280,3.491,3.518
8289930,8281350,1698938340,3.518,3.507
8270811,8270811,1698938400,3.508,3.466
8251615,8136017,1698938460,3.465,3.46
8077753,8116680,1698938520,3.459,3.464
8129097,8108412,1698938580,3.465,3.456
8114223,8151678,1698938640,3.455,3.468
8190931,8228006,1698938700,3.467,3.498
8234096,8285288,1698938760,3.499,3.519
8355242,8368893,1698938820,3.52,3.528
8497598,8560150,1698938880,3.529,3.53
8594359,8663577,1698938940,3.53,3.543
8692015,8717332,1698939000,3.543,3.571
8720139,8727573,1698939060,3.57,3.513
8728183,8719490,1698939120,3.512,3.506
8672400,8731947,1698939180,3.506,3.529
8744590,8736132,1698939240,3.528,3.507
8726939,8770910,1698939300,3.507,3.515
8767653,8726267,1698939360,3.515,3.484
8722164,8738938,1698939420,3.485,3.483
8730224,8730730,1698939480,3.483,3.48
8802318,8789691,1698939540,3.48,3.471
8792793,8816691,1698939600,3.471,3.484
8847418,8852896,1698939660,3.485,3.475
8854876,8854876,1698939720,3.475,3.479
8907401,8973431,1698939780,3.48,3.487
8984643,8947171,1698939840,3.486,3.515
8927102,8921815,1698939900,3.516,3.505
8931405,8918156,1698939960,3.504,3.495
8886126,8803342,1698940020,3.494,3.465
8734969,8660328,1698940080,3.464,3.459
8687030,8707396,1698940140,3.459,3.462
8715487,8710679,1698940200,3.463,3.461
8683945,8677022,1698940260,3.46,3.447
8671279,8662556,1698940320,3.448,3.429
8599623,8651960,1698940380,3.429,3.42
8728494,8815339,1698940440,3.419,3.455
8792931,8797798,1698940500,3.456,3.453
8839277,8852388,1698940560,3.452,3.465
8853590,8859634,1698940620,3.465,3.46
8877182,8884395,1698940680,3.459,3.462
8896504,8925659,1698940740,3.461,3.457
8904241,8946559,1698940800,3.457,3.49
8971026,8994099,1698940860,3.491,3.476
9005261,9026408,1698940920,3.476,3.49
9037674,9043309,1698940980,3.49,3.487
8998678,8998678,1698941040,3.487,3.521
9046416,9076366,1698941100,3.522,3.517
9100251,9065348,1698941160,3.517,3.492
9061637,9051556,1698941220,3.492,3.505
9098384,9109082,1698941280,3.505,3.502
9113689,9112852,1698941340,3.503,3.486
9095118,8983865,1698941400,3.486,3.465
8979778,8990493,1698941460,3.466,3.473
8978836,8938694,1698941520,3.472,3.452
8942079,8950239,1698941580,3.451,3.44
8933585,8938453,1698941640,3.44,3.427
8937294,8934109,1698941700,3.426,3.438
8913478,8873694,1698941760,3.437,3.407
8834550,8852308,1698941820,3.405,3.415
8859601,8851624,1698941880,3.415,3.42
8870124,8827395,1698941940,3.421,3.406
8827050,8851170,1698942000,3.407,3.401
8836561,8810560,1698942060,3.4,3.417
8829074,8880337,1698942120,3.417,3.421
8888188,8864375,1698942180,3.422,3.438
8841340,8867608,1698942240,3.437,3.45
8849493,8852402,1698942300,3.45,3.441
8858148,8901970,1698942360,3.441,3.459
8936993,8936993,1698942420,3.458,3.461
8946328,8949613,1698942480,3.46,3.463
8956410,8959344,1698942540,3.463,3.452
8959541,8981065,1698942600,3.453,3.447
9007347,8955230,1698942660,3.445,3.452
9026804,9055023,1698942720,3.453,3.473
9058527,9078143,1698942780,3.473,3.474
9107092,9104589,1698942840,3.474,3.473
9123004,9137938,1698942900,3.474,3.489
9126337,9118665,1698942960,3.49,3.48
9133012,9135125,1698943020,3.48,3.466
9126114,9118205,1698943080,3.465,3.464
9087643,9079450,1698943140,3.463,3.45
9089828,9073536,1698943200,3.45,3.457
9078034,9083785,1698943260,3.456,3.447
9085719,9084810,1698943320,3.447,3.44
9079900,9074839,1698943380,3.44,3.449
9072050,9068910,1698943440,3.449,3.439
9060646,9056779,1698943500,3.439,3.456
9063253,9041343,1698943560,3.456,3.475
9069224,9070114,1698943620,3.474,3.473
9064893,9075564,1698943680,3.473,3.471
9081758,9126060,1698943740,3.47,3.493
9126727,9125462,1698943800,3.494,3.485
9145995,9145995,1698943860,3.485,3.489
9141168,9137500,1698943920,3.489,3.498
9208270,9196662,1698943980,3.497,3.52
9188866,9185963,1698944040,3.521,3.508
9195248,9197366,1698944100,3.508,3.517
9213127,9224513,1698944160,3.517,3.515
9231950,9237266,1698944220,3.515,3.538
9293901,9308747,1698944280,3.538,3.525
9306839,9307941,1698944340,3.525,3.518
9290105,9298379,1698944400,3.518,3.52
9329266,9336632,1698944460,3.52,3.548
9322966,9372486,1698944520,3.549,3.554
9313059,9308036,1698944580,3.553,3.537
9278696,9286621,1698944640,3.537,3.514
9281591,9281761,1698944700,3.513,3.515
9285465,9150158,1698944760,3.514,3.475
9078789,9087811,1698944820,3.477,3.474
9086791,9084024,1698944880,3.473,3.479
9090591,9063368,1698944940,3.478,3.463
9005711,8984279,1698945000,3.463,3.448
8972071,8966582,1698945060,3.448,3.444
8973298,8973298,1698945120,3.443,3.448
8958631,8949132,1698945180,3.448,3.464
8951494,8954852,1698945240,3.464,3.464
8978772,9015498,1698945300,3.463,3.462
9019827,9024068,1698945360,3.462,3.439
8996258,8991815,1698945420,3.438,3.443
8994902,9000363,1698945480,3.444,3.446
8997278,9010907,1698945540,3.445,3.455
8998678,8990996,1698945600,3.455,3.45
8969921,8972260,1698945660,3.449,3.448
8973313,8943035,1698945720,3.446,3.426
8938443,8935692,1698945780,3.426,3.432
8940772,8938199,1698945840,3.432,3.422
8910382,8898561,1698945900,3.422,3.408
8901557,8911748,1698945960,3.409,3.419
8920709,8912083,1698946020,3.419,3.416
8926492,8924061,1698946080,3.415,3.428
8931894,8934840,1698946140,3.428,3.423
8960827,8932282,1698946200,3.423,3.457
8941160,8942646,1698946260,3.458,3.453
8943367,8953724,1698946320,3.453,3.448
8963444,8966219,1698946380,3.448,3.459
8962606,8962606,1698946440,3.459,3.447
8960227,8961739,1698946500,3.447,3.453
8962259,8949986,1698946560,3.452,3.459
8956072,8956772,1698946620,3.458,3.458
8959147,8963627,1698946680,3.458,3.451
8957588,8973661,1698946740,3.45,3.46
8973514,8975984,1698946800,3.46,3.47
9025830,9016306,1698946860,3.469,3.456
9006076,9008076,1698946920,3.455,3.455
9005960,9003437,1698946980,3.455,3.449
9017746,9015391,1698947040,3.449,3.457
9016757,9008361,1698947100,3.457,3.473
9000311,8999573,1698947160,3.473,3.463
8996400,8999138,1698947220,3.464,3.459
8998165,9000927,1698947280,3.46,3.457
8977175,8980510,1698947340,3.457,3.46
8982254,8970755,1698947400,3.46,3.458
8972726,8954375,1698947460,3.459,3.443
8909125,8905759,1698947520,3.443,3.441
8903595,8907613,1698947580,3.441,3.447
8908258,8906716,1698947640,3.446,3.442
8910784,8910784,1698947700,3.442,3.449
8921447,8915995,1698947760,3.448,3.455
8915677,8918351,1698947820,3.455,3.451
8915946,8918293,1698947880,3.451,3.448
8917404,8902077,1698947940,3.449,3.457
8899145,8901073,1698948000,3.457,3.459
8909097,8906767,1698948060,3.459,3.457
8904812,8890851,1698948120,3.457,3.467
8903179,8923163,1698948180,3.468,3.455
8942046,8936427,1698948240,3.454,3.422
8886833,8866244,1698948300,3.421,3.418
8911068,8904247,1698948360,3.418,3.413
8907396,8920783,1698948420,3.414,3.413
8917450,8926221,1698948480,3.413,3.417
8927398,8925367,1698948540,3.418,3.422
8943862,8955654,1698948600,3.423,3.429
8951409,8966495,1698948660,3.429,3.429
8969124,8968461,1698948720,3.428,3.435
8931903,8929802,1698948780,3.434,3.449
8913454,8909926,1698948840,3.449,3.448
8994039,8991955,1698948900,3.448,3.461
8980206,8977639,1698948960,3.46,3.456
8982639,8982639,1698949020,3.455,3.457
8991542,8992620,1698949080,3.457,3.461
8995773,8913230,1698949140,3.461,3.441
8910110,8903813,1698949200,3.441,3.422
8926170,8919862,1698949260,3.421,3.423
8911108,8907071,1698949320,3.423,3.424
8910161,8922855,1698949380,3.423,3.42
8891726,8886076,1698949440,3.42,3.423
8891716,8895306,1698949500,3.423,3.43
8888876,8834288,1698949560,3.431,3.441
8835571,8839039,1698949620,3.441,3.436
8839878,8907004,1698949680,3.435,3.443
8915368,8918846,1698949740,3.443,3.444
8918700,8928720,1698949800,3.443,3.445
8937808,8939191,1698949860,3.446,3.442
8962146,8964106,1698949920,3.443,3.452
8976934,8983218,1698949980,3.453,3.455
8990424,8991280,1698950040,3.456,3.461
8994909,8996346,1698950100,3.462,3.466
8947890,8946441,1698950160,3.465,3.46
8940948,8927581,1698950220,3.46,3.457
8928827,8928615,1698950280,3.457,3.453
8936420,8936420,1698950340,3.453,3.458
8936353,8935136,1698950400,3.458,3.448
8926231,8918266,1698950460,3.448,3.448
8923200,8912073,1698950520,3.448,3.441
8852109,8883252,1698950580,3.442,3.439
8883510,8884315,1698950640,3.439,3.442
8884576,8884662,1698950700,3.442,3.446
8886777,8890236,1698950760,3.446,3.45
8891196,8880798,1698950820,3.449,3.417
8906206,8895095,1698950880,3.418,3.416
8903566,8898988,1698950940,3.417,3.42
8899458,8902371,1698951000,3.419,3.411
8900469,8893454,1698951060,3.411,3.416
8894259,8887811,1698951120,3.415,3.415
8882628,8879346,1698951180,3.414,3.42
8897878,8897753,1698951240,3.42,3.412
8890438,8885058,1698951300,3.413,3.411
8886581,8884972,1698951360,3.411,3.405
8791197,8759482,1698951420,3.405,3.38
8761293,8767415,1698951480,3.381,3.387
8766610,8776748,1698951540,3.387,3.386
8766739,8775048,1698951600,3.386,3.382
8706972,8706972,1698951660,3.382,3.389
8712233,8707619,1698951720,3.388,3.378
8703230,8706937,1698951780,3.378,3.389
8722032,8722373,1698951840,3.389,3.391
8722634,8715981,1698951900,3.391,3.388
8716645,8722759,1698951960,3.388,3.383
8720338,8716236,1698952020,3.384,3.368
8724232,8720155,1698952080,3.368,3.365
8719012,8695889,1698952140,3.364,3.357
8695332,8706719,1698952200,3.358,3.36
8710370,8672814,1698952260,3.359,3.365
8667047,8664701,1698952320,3.365,3.363
8672791,8677245,1698952380,3.363,3.36
8676353,8678672,1698952440,3.36,3.368
8689440,8675134,1698952500,3.369,3.369
8676738,8676863,1698952560,3.369,3.375
8681492,8667703,1698952620,3.376,3.385
8671785,8678390,1698952680,3.386,3.383
8676798,8678784,1698952740,3.383,3.379
8684363,8685395,1698952800,3.378,3.381
8689866,8692635,1698952860,3.381,3.394
8690738,8695172,1698952920,3.393,3.394
8689457,8689457,1698952980,3.394,3.385
8693752,8693111,1698953040,3.385,3.383
8696361,8696361,1698953100,3.383,3.381
8695062,8692685,1698953160,3.381,3.388
8696525,8695590,1698953220,3.388,3.4
8646320,8645888,1698953280,3.399,3.397
8644450,8638280,1698953340,3.397,3.399
8643670,8644404,1698953400,3.398,3.401
8644931,8647847,1698953460,3.4,3.406
8649532,8645212,1698953520,3.406,3.41
8650979,8607469,1698953580,3.409,3.415
8611650,8618997,1698953640,3.415,3.426
8637443,8628119,1698953700,3.425,3.415
8612028,8596549,1698953760,3.414,3.417
8602687,8610860,1698953820,3.417,3.416
8613499,8617203,1698953880,3.416,3.415
8619547,8617964,1698953940,3.414,3.426
8623824,8640743,1698954000,3.425,3.418
8643074,8639973,1698954060,3.418,3.416
8637970,8612048,1698954120,3.416,3.412
8610644,8611548,1698954180,3.412,3.413
8607073,8609559,1698954240,3.413,3.423
8603636,8603636,1698954300,3.422,3.437
8591371,8587260,1698954360,3.437,3.435
8604542,8607997,1698954420,3.436,3.434
8616330,8623002,1698954480,3.433,3.449
8625830,8627428,1698954540,3.449,3.441
8656702,8592989,1698954600,3.442,3.431
8594330,8593168,1698954660,3.43,3.437
8587793,8600742,1698954720,3.437,3.441
8601964,8606185,1698954780,3.441,3.444
8611024,8607856,1698954840,3.445,3.441
8609516,8612365,1698954900,3.441,3.441
8615483,8616916,1698954960,3.441,3.442
8604278,8598959,1698955020,3.441,3.439
8595383,8593598,1698955080,3.439,3.44
8583808,8576449,1698955140,3.44,3.438
8570091,8574497,1698955200,3.437,3.443
8581032,8583627,1698955260,3.443,3.452
8582747,8588246,1698955320,3.452,3.441
8578260,8569181,1698955380,3.44,3.427
8565361,8569307,1698955440,3.426,3.436
8576461,8576461,1698955500,3.435,3.449
8573117,8579788,1698955560,3.449,3.455
8588555,8591950,1698955620,3.454,3.451
8590098,8590098,1698955680,3.451,3.447
8587428,8585822,1698955740,3.446,3.448
8588170,8575007,1698955800,3.449,3.448
8575558,8577960,1698955860,3.449,3.455
8578949,8576668,1698955920,3.454,3.448
8572196,8575397,1698955980,3.448,3.458
8593324,8596310,1698956040,3.457,3.457
8597925,8571492,1698956100,3.457,3.447
8560501,8576224,1698956160,3.447,3.445
8575654,8563479,1698956220,3.445,3.448
8564234,8565079,1698956280,3.448,3.453
8585384,8596443,1698956340,3.452,3.448
8591619,8590735,1698956400,3.449,3.45
8595222,8630336,1698956460,3.45,3.463
8620391,8634906,1698956520,3.463,3.458
8645902,8638827,1698956580,3.457,3.446
8644820,8637970,1698956640,3.446,3.454
8635006,8631319,1698956700,3.453,3.447
8630098,8628593,1698956760,3.447,3.447
8629950,8629045,1698956820,3.447,3.446
8631725,8622196,1698956880,3.446,3.44
8619840,8619840,1698956940,3.44,3.446
8624196,8622599,1698957000,3.445,3.439
8620679,8621300,1698957060,3.438,3.443
8617500,8629441,1698957120,3.443,3.452
8635294,8626550,1698957180,3.452,3.441
8629432,8630275,1698957240,3.442,3.448
8628413,8640555,1698957300,3.448,3.452
8645230,8648136,1698957360,3.452,3.46
8652862,8651901,1698957420,3.46,3.456
8654031,8655169,1698957480,3.456,3.467
8655524,8699283,1698957540,3.467,3.473
8697064,8704668,1698957600,3.474,3.47
8708531,8708667,1698957660,3.471,3.466
8708841,8709984,1698957720,3.466,3.469
8713653,8719716,1698957780,3.468,3.471
8735878,8735860,1698957840,3.47,3.472
8722582,8722468,1698957900,3.472,3.47
8723789,8728309,1698957960,3.47,3.472
8730723,8730978,1698958020,3.472,3.47
8733723,8733375,1698958080,3.469,3.47
8730479,8728215,1698958140,3.469,3.464
8719897,8716983,1698958200,3.463,3.463
8718181,8718181,1698958260,3.463,3.471
8715694,8725245,1698958320,3.471,3.486
8730167,8729595,1698958380,3.486,3.485
8724034,8714932,1698958440,3.485,3.49
8721561,8725826,1698958500,3.49,3.489
8723376,8721719,1698958560,3.489,3.49
8721458,8723680,1698958620,3.491,3.491
8723553,8731947,1698958680,3.492,3.498
8739459,8741258,1698958740,3.498,3.495
8739925,8760354,1698958800,3.494,3.51
8782601,8794044,1698958860,3.51,3.514
8793458,8761953,1698958920,3.515,3.528
8778448,8774279,1698958980,3.527,3.525
8781214,8813980,1698959040,3.524,3.529
8821572,8859085,1698959100,3.529,3.528
8929486,8945263,1698959160,3.529,3.527
8956868,8961425,1698959220,3.527,3.519
8951008,8937073,1698959280,3.52,3.511
8849658,8832096,1698959340,3.51,3.5
8830575,8841424,1698959400,3.499,3.503
8845645,8853299,1698959460,3.503,3.514
8852876,8857860,1698959520,3.514,3.496
8773776,8769643,1698959580,3.495,3.48
8756837,8756837,1698959640,3.48,3.476
8757128,8751452,1698959700,3.477,3.475
8750860,8756192,1698959760,3.476,3.484
8760919,8764669,1698959820,3.483,3.495
8764622,8766578,1698959880,3.496,3.488
8769689,8769652,1698959940,3.488,3.484
8770369,8766497,1698960000,3.483,3.485
8774292,8794116,1698960060,3.485,3.488
8795788,8789772,1698960120,3.488,3.48
8790326,8789570,1698960180,3.479,3.477
8783656,8793093,1698960240,3.478,3.473
8794424,8786860,1698960300,3.474,3.464
8741918,8740191,1698960360,3.464,3.478
8738183,8744396,1698960420,3.478,3.476
8749462,8750651,1698960480,3.475,3.466
8749995,8753644,1698960540,3.466,3.475
8761690,8752799,1698960600,3.475,3.469
8753210,8759399,1698960660,3.47,3.478
8769429,8776314,1698960720,3.478,3.488
8775847,8777853,1698960780,3.488,3.491
8778297,8778761,1698960840,3.491,3.491
8778623,8778872,1698960900,3.491,3.484
8782959,8797267,1698960960,3.485,3.493
8801774,8797784,1698961020,3.493,3.487
8791374,8791374,1698961080,3.486,3.491
8789100,8786663,1698961140,3.491,3.489
8788866,8788627,1698961200,3.489,3.488
8786858,8788518,1698961260,3.487,3.509
8813177,8808390,1698961320,3.508,3.506
8811548,8817820,1698961380,3.507,3.5
8809994,8811488,1698961440,3.5,3.499
8815335,8816982,1698961500,3.5,3.497
8819534,8834072,1698961560,3.497,3.507
8834717,8836686,1698961620,3.508,3.511
8835477,8847475,1698961680,3.511,3.51
8848535,8847392,1698961740,3.509,3.509
8848435,8845401,1698961800,3.509,3.506
8842213,8843339,1698961860,3.506,3.508
8841751,8843399,1698961920,3.507,3.513
8843204,8840164,1698961980,3.513,3.511
8842852,8844533,1698962040,3.511,3.509
8849901,8861566,1698962100,3.51,3.529
8837969,8836569,1698962160,3.529,3.525
8833839,8837271,1698962220,3.525,3.529
8841013,8837868,1698962280,3.529,3.537
8881322,8881322,1698962340,3.538,3.531
8881337,8884078,1698962400,3.53,3.521
8883209,8919296,1698962460,3.521,3.525
8919594,8922180,1698962520,3.524,3.532
8938060,8963609,1698962580,3.532,3.542
8967537,8957482,1698962640,3.542,3.527
8959098,8958993,1698962700,3.527,3.537
8968406,8970027,1698962760,3.536,3.541
8959771,8965886,1698962820,3.542,3.53
8974318,8965699,1698962880,3.53,3.53
8968914,8966839,1698962940,3.53,3.531
8964962,8965295,1698963000,3.53,3.531
8967232,8968188,1698963060,3.531,3.528
8971195,8975848,1698963120,3.529,3.532
8962278,8934922,1698963180,3.533,3.519
8929801,8925405,1698963240,3.519,3.522
8924867,8918629,1698963300,3.523,3.516
8917003,8910167,1698963360,3.515,3.514
8914578,8916108,1698963420,3.514,3.518
8913746,8908568,1698963480,3.518,3.511
8899406,8877094,1698963540,3.512,3.52
8885337,8901464,1698963600,3.519,3.519
8901551,8902569,1698963660,3.518,3.516
8898612,8898612,1698963720,3.516,3.504
8871802,8877982,1698963780,3.504,3.507
8867814,8869397,1698963840,3.507,3.509
8872718,8870470,1698963900,3.509,3.506
8879625,8878049,1698963960,3.506,3.51
8879928,8887868,1698964020,3.51,3.506
8882096,8902731,1698964080,3.506,3.496
8910823,8906255,1698964140,3.496,3.487
8899932,8900640,1698964200,3.486,3.492
8904665,8902966,1698964260,3.492,3.5
8915828,8915878,1698964320,3.5,3.502
8916346,8916142,1698964380,3.502,3.503
8921238,8922918,1698964440,3.502,3.5
8924882,8924198,1698964500,3.501,3.539
8837473,8839119,1698964560,3.539,3.533
8841446,8842162,1698964620,3.532,3.525
8841610,8847434,1698964680,3.525,3.527
8845161,8848840,1698964740,3.526,3.533
8856422,8854384,1698964800,3.533,3.527
8878696,8879380,1698964860,3.525,3.515
8894320,8871546,1698964920,3.515,3.51
8870153,8870334,1698964980,3.511,3.511
8880394,8884689,1698965040,3.511,3.518
8883865,8883865,1698965100,3.518,3.515
8886978,8876696,1698965160,3.515,3.504
8869690,8872471,1698965220,3.503,3.503
8879083,8880563,1698965280,3.503,3.498
8871844,8876106,1698965340,3.498,3.507
8890115,8892223,1698965400,3.507,3.515
8889513,8897619,1698965460,3.516,3.515
8909950,8916175,1698965520,3.514,3.514
8917631,8917166,1698965580,3.513,3.502
8909599,8911519,1698965640,3.502,3.51
8915493,8922777,1698965700,3.51,3.508
8923502,8935143,1698965760,3.507,3.502
8933853,8895339,1698965820,3.503,3.496
8890477,8881540,1698965880,3.496,3.492
8888093,8888734,1698965940,3.492,3.492
8893536,8900383,1698966000,3.492,3.496
8903839,8906148,1698966060,3.495,3.495
8907968,8910716,1698966120,3.495,3.499
8906481,8906841,1698966180,3.499,3.497
8916329,8917314,1698966240,3.497,3.493
8917568,8904393,1698966300,3.494,3.486
8901554,8901554,1698966360,3.485,3.479
8906784,8895216,1698966420,3.478,3.477
8898208,8897163,1698966480,3.478,3.48
8894319,8894319,1698966540,3.479,3.483
8887403,8887926,1698966600,3.484,3.48
8888180,8796934,1698966660,3.481,3.462
8793951,8789237,1698966720,3.462,3.459
8810095,8809421,1698966780,3.458,3.456
8775513,8756791,1698966840,3.457,3.444
8754362,8760552,1698966900,3.443,3.45
8769250,8776134,1698966960,3.45,3.45
8771390,8772219,1698967020,3.45,3.458
8775590,8780047,1698967080,3.457,3.454
8798432,8800163,1698967140,3.454,3.458
8798436,8799481,1698967200,3.459,3.465
8797162,8800694,1698967260,3.465,3.464
8806604,8807982,1698967320,3.465,3.462
8814503,8793041,1698967380,3.461,3.463
8791959,8789197,1698967440,3.462,3.462
8787424,8798155,1698967500,3.462,3.469
8793987,8801791,1698967560,3.47,3.47
8802164,8818243,1698967620,3.47,3.468
8817472,8819858,1698967680,3.468,3.47
8820189,8820189,1698967740,3.469,3.469
8817731,8825704,1698967800,3.47,3.47
8824893,8820015,1698967860,3.471,3.474
8819007,8828141,1698967920,3.475,3.467
8835537,8833597,1698967980,3.468,3.458
8831896,8826251,1698968040,3.458,3.451
8827736,8822133,1698968100,3.452,3.436
8825351,8816620,1698968160,3.435,3.443
8836468,8841434,1698968220,3.444,3.445
8846965,8846361,1698968280,3.444,3.446
8847320,8853746,1698968340,3.445,3.45
8854937,8851188,1698968400,3.451,3.448
8850069,8847337,1698968460,3.447,3.456
8855551,8856943,1698968520,3.455,3.458
8857012,8856119,1698968580,3.458,3.456
8861070,8859784,1698968640,3.456,3.461
8860035,8860464,1698968700,3.461,3.462
8861701,8862200,1698968760,3.463,3.46
8858733,8872453,1698968820,3.459,3.462
8870953,8868083,1698968880,3.462,3.455
8868368,8875972,1698968940,3.454,3.454
8882307,8880739,1698969000,3.454,3.464
8888613,8890225,1698969060,3.464,3.46
8897880,8899275,1698969120,3.459,3.458
8909009,8909009,1698969180,3.458,3.448
8892512,8893725,1698969240,3.448,3.454
8891520,8890606,1698969300,3.454,3.455
8897620,8889581,1698969360,3.455,3.456
8888344,8890108,1698969420,3.455,3.466
8899687,8818633,1698969480,3.466,3.49
8832540,8855494,1698969540,3.49,3.493
8859997,8868132,1698969600,3.493,3.49
8909350,8922501,1698969660,3.49,3.489
8916348,8892990,1698969720,3.488,3.48
8908531,8913006,1698969780,3.48,3.484
8911335,8914827,1698969840,3.483,3.484
8929487,8956883,1698969900,3.484,3.45
8952988,8943317,1698969960,3.449,3.438
8938444,8941905,1698970020,3.438,3.448
8953792,8900656,1698970080,3.447,3.417
8897525,8900816,1698970140,3.418,3.42
8893214,8900095,1698970200,3.421,3.437
8890196,8874799,1698970260,3.437,3.47
8895587,8896212,1698970320,3.47,3.459
8888393,8894051,1698970380,3.459,3.464
8891138,8903026,1698970440,3.464,3.463
8920187,8914615,1698970500,3.463,3.458
8906461,8906461,1698970560,3.458,3.46
8910604,8908626,1698970620,3.459,3.443
8904763,8906309,1698970680,3.443,3.446
8916107,8911047,1698970740,3.447,3.454
8917014,8905337,1698970800,3.454,3.446
8903828,8895653,1698970860,3.447,3.43
8886796,8885595,1698970920,3.43,3.424
8882833,8875500,1698970980,3.424,3.433
8876776,8872926,1698971040,3.433,3.424
8888298,8878199,1698971100,3.423,3.419
8912322,8937020,1698971160,3.42,3.414
8931355,8908449,1698971220,3.414,3.414
8894985,8896740,1698971280,3.413,3.416
8896865,8839467,1698971340,3.417,3.408
8833126,8862198,1698971400,3.408,3.42
8863396,8862945,1698971460,3.42,3.42
8851473,8852118,1698971520,3.42,3.427
8852476,8854386,1698971580,3.427,3.424
8850362,8863910,1698971640,3.424,3.417
8861349,8877157,1698971700,3.417,3.429
8889589,8892852,1698971760,3.43,3.432
8877332,8860822,1698971820,3.432,3.41
8867485,8867485,1698971880,3.411,3.41
8863321,8864225,1698971940,3.411,3.416
8863135,8868635,1698972000,3.417,3.422
8862427,8863237,1698972060,3.423,3.424
8867526,8866258,1698972120,3.424,3.405
8866959,8860500,1698972180,3.404,3.392
8873398,8880815,1698972240,3.392,3.388
8861767,8860134,1698972300,3.388,3.407
8860378,8855638,1698972360,3.407,3.4
8851349,8853139,1698972420,3.399,3.399
8846900,8844558,1698972480,3.398,3.388
8844550,8832344,1698972540,3.389,3.383
8849358,8828148,1698972600,3.383,3.375
8794121,8796184,1698972660,3.375,3.37
8827750,8792957,1698972720,3.369,3.363
8775029,8781587,1698972780,3.363,3.366
8773398,8736255,1698972840,3.366,3.375
8731421,8746385,1698972900,3.375,3.372
8750197,8739778,1698972960,3.372,3.354
8708115,8666292,1698973020,3.353,3.375
8695948,8713131,1698973080,3.376,3.382
8693591,8691326,1698973140,3.383,3.377
8688733,8702874,1698973200,3.377,3.372
8701053,8701053,1698973260,3.371,3.372
8700066,8700923,1698973320,3.372,3.357
8702338,8698605,1698973380,3.357,3.367
8691498,8691994,1698973440,3.367,3.349
8687276,8660102,1698973500,3.349,3.356
8665990,8658574,1698973560,3.357,3.353
8665818,8662007,1698973620,3.354,3.365
8662081,8673457,1698973680,3.365,3.362
8673892,8672249,1698973740,3.363,3.352
8666127,8683284,1698973800,3.352,3.349
8691706,8650825,1698973860,3.349,3.321
8652433,8657153,1698973920,3.321,3.323
8662311,8662546,1698973980,3.323,3.316
8674133,8667606,1698974040,3.317,3.318
8645459,8569876,1698974100,3.317,3.301
8535261,8535559,1698974160,3.302,3.292
8523863,8505651,1698974220,3.292,3.284
8501800,8485103,1698974280,3.284,3.267
8475655,8484816,1698974340,3.266,3.277
8485320,8468922,1698974400,3.277,3.288
8467297,8460690,1698974460,3.288,3.29
8467446,8454060,1698974520,3.291,3.292
8451693,8451693,1698974580,3.292,3.307
8422176,8423350,1698974640,3.307,3.315
8423330,8421664,1698974700,3.314,3.311
8425976,8406068,1698974760,3.311,3.324
8354571,8342028,1698974820,3.325,3.331
8352224,8344766,1698974880,3.332,3.329
8345655,8349641,1698974940,3.33,3.341
8381119,8366112,1698975000,3.34,3.351
8366099,8378199,1698975060,3.35,3.352
8379953,8374706,1698975120,3.352,3.362
8374646,8391664,1698975180,3.362,3.367
8380003,8382631,1698975240,3.366,3.363
8392858,8387040,1698975300,3.362,3.35
8379365,8353167,1698975360,3.35,3.347
8356717,8385517,1698975420,3.346,3.351
8392219,8397742,1698975480,3.35,3.351
8412019,8400420,1698975540,3.35,3.351
8422971,8432388,1698975600,3.351,3.34
8422370,8421907,1698975660,3.34,3.335
8419391,8416124,1698975720,3.335,3.337
8415388,8419096,1698975780,3.337,3.336
8421294,8422720,1698975840,3.336,3.336
8430864,8416484,1698975900,3.336,3.324
8396784,8397413,1698975960,3.324,3.315
8402273,8402273,1698976020,3.315,3.323
8402829,8404619,1698976080,3.323,3.317
8398802,8394843,1698976140,3.316,3.317
8392081,8389816,1698976200,3.317,3.317
8404332,8396496,1698976260,3.317,3.303
8387687,8387327,1698976320,3.303,3.3
8354242,8352469,1698976380,3.3,3.317
8355518,8358459,1698976440,3.317,3.331
8360178,8356398,1698976500,3.331,3.342
8359366,8356943,1698976560,3.342,3.346
8362663,8362780,1698976620,3.347,3.346
8367855,8378840,1698976680,3.346,3.345
8384586,8389081,1698976740,3.344,3.341
8393444,8395530,1698976800,3.341,3.335
8390710,8389723,1698976860,3.336,3.337
8394973,8394042,1698976920,3.338,3.347
8380275,8379373,1698976980,3.348,3.364
8386091,8406829,1698977040,3.365,3.373
8413388,8413037,1698977100,3.373,3.368
8406236,8399193,1698977160,3.367,3.36
8419437,8436169,1698977220,3.359,3.367
8437803,8428600,1698977280,3.366,3.363
8433496,8433496,1698977340,3.364,3.367
8429704,8433046,1698977400,3.367,3.363
8437187,8416035,1698977460,3.364,3.363
8416257,8413604,1698977520,3.363,3.358
8401252,8397930,1698977580,3.357,3.362
8397749,8397539,1698977640,3.363,3.36
8398364,8394620,1698977700,3.359,3.348
8392475,8383526,1698977760,3.348,3.355
8387506,8385832,1698977820,3.355,3.352
8383525,8383491,1698977880,3.352,3.354
8384209,8385335,1698977940,3.352,3.354
8386862,8388687,1698978000,3.354,3.353
8390526,8390335,1698978060,3.354,3.354
8391081,8392547,1698978120,3.355,3.362
8389183,8383808,1698978180,3.363,3.37
8382990,8386159,1698978240,3.37,3.37
8385622,8385041,1698978300,3.37,3.368
8386278,8387761,1698978360,3.367,3.363
8389757,8390479,1698978420,3.364,3.365
8390970,8391162,1698978480,3.366,3.365
8392546,8393919,1698978540,3.365,3.364
8397976,8392747,1698978600,3.365,3.353
8390623,8390623,1698978660,3.353,3.354
8390904,8391938,1698978720,3.353,3.347
8391929,8384529,1698978780,3.347,3.344
8387903,8380495,1698978840,3.344,3.346
8374662,8385137,1698978900,3.346,3.338
8384379,8378662,1698978960,3.339,3.34
8379406,8376194,1698979020,3.34,3.34
8376445,8373461,1698979080,3.34,3.348
8368862,8364100,1698979140,3.348,3.358
8362252,8361445,1698979200,3.357,3.353
8360097,8360473,1698979260,3.354,3.359
8362317,8332949,1698979320,3.359,3.359
8332513,8331649,1698979380,3.359,3.373
8329534,8328323,1698979440,3.373,3.371
8328318,8329922,1698979500,3.371,3.371
8328531,8326413,1698979560,3.371,3.376
8326106,8325786,1698979620,3.377,3.376
8325985,8328584,1698979680,3.375,3.372
8325480,8327432,1698979740,3.37,3.374
8327214,8332643,1698979800,3.374,3.371
8332933,8335440,1698979860,3.371,3.372
8330925,8338314,1698979920,3.372,3.364
8334804,8336554,1698979980,3.364,3.367
8338857,8338150,1698980040,3.368,3.368
8337624,8337624,1698980100,3.367,3.372
8339325,8340135,1698980160,3.372,3.372
8340673,8331800,1698980220,3.372,3.374
8330393,8329287,1698980280,3.374,3.381
8330350,8331616,1698980340,3.382,3.384
8324506,8320460,1698980400,3.384,3.387
8320781,8318150,1698980460,3.388,3.392
8318476,8322055,1698980520,3.392,3.387
8278781,8277019,1698980580,3.388,3.387
8284081,8290070,1698980640,3.386,3.376
8338669,8339151,1698980700,3.376,3.369
8341258,8338881,1698980760,3.369,3.386
8342681,8344513,1698980820,3.386,3.39
8349948,8344422,1698980880,3.39,3.397
8354106,8355682,1698980940,3.397,3.398
8358340,8354296,1698981000,3.397,3.404
8364701,8367032,1698981060,3.404,3.4
8368827,8367539,1698981120,3.401,3.387
8345843,8346791,1698981180,3.387,3.392
8349377,8358637,1698981240,3.392,3.393
8361516,8358619,1698981300,3.392,3.392
8358581,8353121,1698981360,3.393,3.392
8351525,8353635,1698981420,3.393,3.394
8355816,8355816,1698981480,3.395,3.404
8390339,8395546,1698981540,3.405,3.41
8391611,8388748,1698981600,3.41,3.41
8383463,8384488,1698981660,3.411,3.41
8381434,8384227,1698981720,3.409,3.417
8380172,8380792,1698981780,3.417,3.406
8379051,8391616,1698981840,3.406,3.399
8385522,8384972,1698981900,3.4,3.407
8381748,8380311,1698981960,3.407,3.404
8381463,8381215,1698982020,3.403,3.405
8379683,8382314,1698982080,3.405,3.41
8384960,8387574,1698982140,3.41,3.418
8392614,8388923,1698982200,3.419,3.428
8392853,8393461,1698982260,3.428,3.441
8387355,8398458,1698982320,3.442,3.439
8399484,8395192,1698982380,3.439,3.43
8394538,8398137,1698982440,3.429,3.433
8400699,8412094,1698982500,3.432,3.441
8430300,8442849,1698982560,3.442,3.432
8440453,8441138,1698982620,3.431,3.431
8429988,8418917,1698982680,3.432,3.427
8418145,8418145,1698982740,3.427,3.436
8422377,8430107,1698982800,3.437,3.443
8430945,8435351,1698982860,3.444,3.449
8446232,8446684,1698982920,3.447,3.442
8452295,8451087,1698982980,3.442,3.451
8458757,8458858,1698983040,3.452,3.454
8458652,8450593,1698983100,3.455,3.448
8449053,8438721,1698983160,3.448,3.448
8445311,8445686,1698983220,3.448,3.449
8448210,8469160,1698983280,3.448,3.453
8468388,8470388,1698983340,3.454,3.45
8468106,8486108,1698983400,3.451,3.464
8497920,8510935,1698983460,3.464,3.477
8505442,8509015,1698983520,3.478,3.474
8516692,8523968,1698983580,3.475,3.494
8550760,8555890,1698983640,3.494,3.495
8580284,8579155,1698983700,3.494,3.483
8571680,8589199,1698983760,3.483,3.483
8597139,8600944,1698983820,3.484,3.474
8594066,8600986,1698983880,3.475,3.487
8581972,8582439,1698983940,3.486,3.467
8566664,8571140,1698984000,3.467,3.47
8607425,8623115,1698984060,3.469,3.479
8623542,8623542,1698984120,3.478,3.478
8629862,8639470,1698984180,3.477,3.478
8642031,8651632,1698984240,3.478,3.486
8665639,8671656,1698984300,3.485,3.478
8694066,8700896,1698984360,3.479,3.475
8698246,8683867,1698984420,3.476,3.462
8681123,8665813,1698984480,3.462,3.452
8647771,8633995,1698984540,3.453,3.458
8628891,8626111,1698984600,3.457,3.452
8620882,8638094,1698984660,3.452,3.458
8640643,8641312,1698984720,3.458,3.47
8648218,8647153,1698984780,3.47,3.463
8643065,8642020,1698984840,3.463,3.455
8640745,8640203,1698984900,3.456,3.468
8643830,8641430,1698984960,3.467,3.485
8646086,8651829,1698985020,3.486,3.483
8652205,8664533,1698985080,3.484,3.474
8665415,8656808,1698985140,3.475,3.482
8659103,8668343,1698985200,3.481,3.48
8679328,8680068,1698985260,3.479,3.483
8688670,8685048,1698985320,3.482,3.487
8685152,8698119,1698985380,3.487,3.491
8794579,8794579,1698985440,3.491,3.528
8775488,8791729,1698985500,3.528,3.516
8783601,8788532,1698985560,3.516,3.521
8804982,8817180,1698985620,3.521,3.52
8831593,8844027,1698985680,3.52,3.521
8850186,8849861,1698985740,3.521,3.538
8878484,8901718,1698985800,3.539,3.554
8904569,8927853,1698985860,3.554,3.56
8928816,8920421,1698985920,3.559,3.554
8890653,8940138,1698985980,3.554,3.579
8950023,8934551,1698986040,3.58,3.601
8950039,8945163,1698986100,3.602,3.616
9024389,9006585,1698986160,3.615,3.617
8996457,9010053,1698986220,3.617,3.624
9022144,9039692,1698986280,3.624,3.618
9039991,9073880,1698986340,3.619,3.631
9058432,9088562,1698986400,3.63,3.609
9106362,9104584,1698986460,3.609,3.619
9121803,9113533,1698986520,3.619,3.611
9129775,9121262,1698986580,3.612,3.603
9148442,9148442,1698986640,3.603,3.588
9157285,9182461,1698986700,3.588,3.579
9174349,9203106,1698986760,3.578,3.574
9224432,9257824,1698986820,3.575,3.589
9288147,9307328,1698986880,3.589,3.588
9321873,9321092,1698986940,3.588,3.593
9363779,9380010,1698987000,3.592,3.592
9429155,9432542,1698987060,3.591,3.586
9439303,9426448,1698987120,3.586,3.566
9410964,9384415,1698987180,3.566,3.552
9386896,9363702,1698987240,3.552,3.535
9339622,9345346,1698987300,3.534,3.534
9325309,9324246,1698987360,3.533,3.548
9301753,9317216,1698987420,3.547,3.541
9318847,9309504,1698987480,3.541,3.572
9313626,9283977,1698987540,3.571,3.586
9320701,9320701,1698987600,3.586,3.575
