"OI_open","OI_close","timestamp","price_open","price_close"
833826.167,833949.291,1698894120,1864.54,1865.36
833993.464,833820.348,1698894180,1865.36,1862.51
833642.131,834464.778,1698894240,1862.5,1863.03
834254.433,834277.526,1698894300,1863.03,1864.36
834552.304,835068.98,1698894360,1864.37,1864.29
835129.765,835211.825,1698894420,1864.28,1862.59
835343.417,835655.998,1698894480,1862.57,1864.13
835801.51,835726.961,1698894540,1864.13,1864.84
835759.41,835913.11,1698894600,1864.84,1863.8
836139.695,836089.642,1698894660,1863.79,1867.88
836907.403,836554.767,1698894720,1867.89,1874.04
835013.683,835227.42,1698894780,1874.03,1871.86
835224.821,835113.956,1698894840,1871.87,1871.51
834950.525,835176.874,1698894900,1871.51,1874
834309.684,833841.451,1698894960,1874,1871.51
833446.177,833138.291,1698895020,1871.52,1870.4
833561.682,833561.682,1698895080,1870.39,1874.45
834503.017,834350.5,1698895140,1874.45,1874.06
834595.144,835007.323,1698895200,1874.04,1873.83
835404.643,835457.524,1698895260,1873.83,1874.66
835695.762,836495.64,1698895320,1874.65,1874.35
836322.01,835715.61,1698895380,1874.34,1869.86
835196.029,834990.713,1698895440,1869.86,1868.05
835115.917,835249.719,1698895500,1868.06,1868.35
835042.882,834942.109,1698895560,1868.35,1868.43
834869.776,834951.936,1698895620,1868.4,1867.77
834846.82,834738.846,1698895680,1867.77,1865.81
834903.588,834483.58,1698895740,1865.8,1865.18
834485.588,833467.823,1698895800,1865.18,1863.34
832101.926,831691.214,1698895860,1863.4,1863.74
831783.2,831838.742,1698895920,1863.73,1864.48
831985.307,832128.301,1698895980,1864.48,1864.27
832121.067,831968.596,1698896040,1864.27,1863.61
831788.978,832304.636,1698896100,1863.61,1865.73
832396.517,832552.005,1698896160,1865.73,1865.81
832679.553,833478.641,1698896220,1865.81,1865.47
833133.225,833182.583,1698896280,1865.46,1862.96
833042.952,833105.712,1698896340,1862.95,1863.69
833044.843,832969.89,1698896400,1863.69,1864.08
832957.818,832873.596,1698896460,1864.08,1863.59
833050.303,833050.303,1698896520,1863.56,1862.91
832994.876,832481.607,1698896580,1862.96,1862
832460.047,832384.52,1698896640,1862.01,1862.17
832442.109,832837.42,1698896700,1862.13,1863.03
832841.685,832912.115,1698896760,1863.03,1861.74
833076.338,832797.724,1698896820,1861.74,1858.61
832098.754,832261.057,1698896880,1858.66,1862.19
832259.278,832174.182,1698896940,1862.19,1861.02
832329.508,832483.084,1698897000,1861.02,1859.85
832463.818,832476.515,1698897060,1859.85,1860.88
832557.307,832625.78,1698897120,1860.89,1860.45
832697.615,832830.801,1698897180,1860.44,1860.05
832923.829,832953.94,1698897240,1860.1,1861.91
832966.543,832922.71,1698897300,1861.91,1861.09
832953.502,833012.868,1698897360,1861.1,1861.25
833090.341,833226.803,1698897420,1861.26,1860.4
833155.317,833181.719,1698897480,1860.4,1859.17
833115.994,832906.378,1698897540,1859.18,1859.71
832613.208,832592.837,1698897600,1859.72,1860.93
832558.588,832623.846,1698897660,1860.92,1860.53
832678.117,832632.442,1698897720,1860.53,1860.44
832660.485,832766.997,1698897780,1860.43,1860.6
832445.211,832445.211,1698897840,1860.61,1859.35
832347.544,832225.701,1698897900,1859.34,1859.08
832097.729,832056.374,1698897960,1859.08,1858.66
831933.685,831763.664,1698898020,1858.67,1857.9
831686.443,831589.013,1698898080,1857.89,1860.31
832497.428,832534.775,1698898140,1860.31,1860.48
832549.983,832563.822,1698898200,1860.48,1860.88
832627.477,832815.552,1698898260,1860.87,1861.05
832856.398,832621.722,1698898320,1861.05,1860.64
832621.946,832679.998,1698898380,1860.64,1860.95
832596.234,832602.689,1698898440,1860.9,1860.56
832563.784,832647.875,1698898500,1860.57,1860.59
832702.501,832719.932,1698898560,1860.58,1860.92
832756.838,833215.684,1698898620,1860.93,1859.73
833179.766,833122.04,1698898680,1859.72,1857.64
833145.391,832980.069,1698898740,1857.64,1859.22
833024.596,833055.157,1698898800,1859.22,1858.86
833132.253,833004.314,1698898860,1858.85,1857.14
832958.86,832982.821,1698898920,1857.14,1857.62
832829.981,832803.476,1698898980,1857.6,1858.82
832880.157,832915.943,1698899040,1858.82,1857.61
832799.437,832719.834,1698899100,1857.61,1856.62
832788.485,832675.222,1698899160,1856.62,1858
832682.043,832692.644,1698899220,1858,1857.22
832669.428,832669.428,1698899280,1857.22,1856.75
832663.101,832542.51,1698899340,1856.75,1856.93
832506.688,832509.392,1698899400,1856.93,1857.07
832507.491,832640.056,1698899460,1857.07,1857.67
832710.588,832681.374,1698899520,1857.67,1856.79
832714.859,832690.968,1698899580,1856.79,1857.48
832737.49,832553.399,1698899640,1857.47,1856.86
832589.345,832595.762,1698899700,1856.85,1856.5
832559.921,832568.972,1698899760,1856.49,1856.54
832583.878,832496.677,1698899820,1856.54,1856.65
832357.1,831978.625,1698899880,1856.65,1857.34
832024.175,832089.755,1698899940,1857.34,1857.12
832129.139,832148.028,1698900000,1857.12,1857.66
832199.927,832137.186,1698900060,1857.65,1856.78
831961.572,828765.118,1698900120,1856.79,1855.73
829046.771,829163.22,1698900180,1855.72,1855.77
829087.256,829137.228,1698900240,1855.76,1855.42
829384.056,829390.339,1698900300,1855.41,1855.65
829469.391,831120.139,1698900360,1855.65,1855.3
830732.809,830797.152,1698900420,1855.29,1855.95
830873.02,830827.983,1698900480,1855.95,1856.48
830888.933,830901.449,1698900540,1856.48,1856.32
830855.845,830852.787,1698900600,1856.32,1856.32
830838.703,830787.949,1698900660,1856.32,1857.05
830755.066,830755.066,1698900720,1857.04,1854.1
830727.525,830773.792,1698900780,1854.1,1854.47
830699.658,830761.605,1698900840,1854.47,1853.84
830345.229,828739.004,1698900900,1853.85,1853.01
828683.258,828578.074,1698900960,1853.02,1851.6
828660.74,828566.777,1698901020,1851.6,1852.01
828584.694,828562.35,1698901080,1852.01,1852.62
828619.87,828650.148,1698901140,1852.62,1852
828542.378,828430.368,1698901200,1852.01,1852.77
828370.938,828222.128,1698901260,1852.76,1852.26
828257.279,827905.914,1698901320,1852.26,1853.11
827225.193,827323.857,1698901380,1853.1,1853.15
827316.084,827283.221,1698901440,1853.14,1852.57
827254.843,827648.831,1698901500,1852.56,1850.43
826080.238,826002.798,1698901560,1850.43,1850.24
825927.388,825592.888,1698901620,1850.23,1849.27
824077.086,823912.741,1698901680,1849.27,1850.97
823897.449,823026.748,1698901740,1850.96,1849.86
822856.375,822602.113,1698901800,1849.86,1848.9
822739.879,822349.533,1698901860,1848.9,1847.6
822337.629,822363.39,1698901920,1847.59,1848.01
822698.793,822109.872,1698901980,1848.01,1847.86
821992.179,821933.785,1698902040,1847.87,1846.06
821553.2,821215.92,1698902100,1846.07,1843.3
821226.861,821226.861,1698902160,1843.21,1845.18
820559.687,821238.51,1698902220,1845.17,1847
821290.211,820710.036,1698902280,1847.01,1847.92
820669.228,820461.064,1698902340,1847.92,1846.5
820063.831,819728.995,1698902400,1846.49,1846.23
819449.567,818580.78,1698902460,1846.23,1845.22
817878.367,817765.267,1698902520,1845.22,1844.78
817490.207,818152.293,1698902580,1844.78,1843.67
815969.921,816239.471,1698902640,1843.66,1843.25
816229.792,816007.804,1698902700,1843.25,1843.2
815872.138,815204.14,1698902760,1843.19,1839.48
814503.998,813311.261,1698902820,1839.49,1840.31
813240.687,812579.075,1698902880,1840.35,1840.52
812521.823,812739.212,1698902940,1840.53,1841.45
812598.26,812291.357,1698903000,1841.45,1840.23
812327.207,812153.921,1698903060,1840.22,1841.22
812103.805,812190.369,1698903120,1841.21,1841.49
812012.446,811904.09,1698903180,1841.49,1842.56
811784.041,811960.581,1698903240,1842.56,1842.94
811989.485,811924.937,1698903300,1842.94,1841.6
811938.666,811799.89,1698903360,1841.61,1840.37
811800.291,811800.291,1698903420,1840.36,1840.65
811532.409,811437.198,1698903480,1840.65,1841.58
811420.452,811158.81,1698903540,1841.57,1841.27
811008.09,810790.524,1698903600,1841.26,1841.49
810442.109,810226.34,1698903660,1841.5,1840.11
809430.449,809082.52,1698903720,1840.1,1841.21
809154.805,809140.577,1698903780,1841.21,1841.23
808953.083,808436.639,1698903840,1841.23,1840.48
808441.009,808242.399,1698903900,1840.41,1839.26
808049.096,807832.687,1698903960,1839.25,1840
807757.866,807680.145,1698904020,1840,1840.68
807632.17,807288.171,1698904080,1840.68,1840.09
807255.192,807145.848,1698904140,1840.09,1839.81
807568.818,807605.287,1698904200,1839.8,1839.72
807636.886,807624.934,1698904260,1839.72,1840.29
807621.483,807640.266,1698904320,1840.3,1840.4
807625.673,807435.01,1698904380,1840.41,1839.93
807134.433,807007.293,1698904440,1839.92,1839.42
806924.627,806859.481,1698904500,1839.37,1837.67
807106.125,807154.882,1698904560,1837.66,1840
806767.922,806595.012,1698904620,1840,1838.67
806286.505,806124.378,1698904680,1838.67,1837.88
805473.586,805152.242,1698904740,1837.87,1835.94
804148.192,804148.192,1698904800,1835.95,1835.53
803752.972,803719.555,1698904860,1835.53,1838.51
803500.733,803509.894,1698904920,1838.52,1837.95
803389.068,803188.378,1698904980,1837.92,1837.72
803248.429,803319.835,1698905040,1837.71,1837.67
802950.937,802856.227,1698905100,1837.67,1838.7
803126.569,803223.217,1698905160,1838.7,1839.17
803311.32,803403.908,1698905220,1839.17,1839.49
803335.022,803471.612,1698905280,1839.48,1839.36
803352.152,803290.339,1698905340,1839.37,1838.81
803439.338,803587.924,1698905400,1838.8,1838.26
803768.665,803961.12,1698905460,1838.26,1839.77
804137.431,804168.975,1698905520,1839.76,1839.87
804101.306,803951.343,1698905580,1839.86,1839.33
803861.661,804212.381,1698905640,1839.32,1838.86
801763.296,802252.764,1698905700,1838.85,1839.51
802685.308,802660.647,1698905760,1839.51,1840
802003.806,801410.811,1698905820,1840,1841.01
801795.699,801280.115,1698905880,1841.01,1840.38
801338.99,801437.033,1698905940,1840.38,1839.47
801244.613,800944.386,1698906000,1839.48,1838.33
800788.416,796714.407,1698906060,1838.32,1835.86
795927.984,795927.984,1698906120,1835.85,1838.34
795734.284,795630.382,1698906180,1838.35,1839.61
795741.718,795741.718,1698906240,1839.62,1839.61
796294.435,796168.232,1698906300,1839.61,1839.2
795846.98,795839.52,1698906360,1839.21,1839.41
795792.659,795765.3,1698906420,1839.41,1839.59
795561.283,795507.496,1698906480,1839.6,1839.85
795386.068,795182.476,1698906540,1839.86,1839.88
795058.649,795394.766,1698906600,1839.87,1839.41
795330.502,795038.265,1698906660,1839.41,1840.04
794916.252,794453.252,1698906720,1840.04,1839.95
794440.876,794351.439,1698906780,1839.95,1840.26
794275.728,794348.512,1698906840,1840.25,1839.71
794260.682,794042.734,1698906900,1839.7,1838.17
794054.463,794133.53,1698906960,1838.18,1839.14
793982.176,793777.528,1698907020,1839.15,1839.52
793672.983,793817.359,1698907080,1839.51,1839.37
793705.629,793771.95,1698907140,1839.38,1837.53
793731.874,793676.871,1698907200,1837.53,1837.61
791327.35,789940.284,1698907260,1837.6,1834.97
789195.944,789162.051,1698907320,1834.97,1835.24
789004.489,788806.355,1698907380,1835.24,1834.47
788497.424,788196.949,1698907440,1834.47,1834.66
788028.312,787499.99,1698907500,1834.66,1836.33
787301.325,787354.628,1698907560,1836.32,1835.77
786807.077,786807.077,1698907620,1835.77,1834.38
785988.688,785905.336,1698907680,1834.37,1833.73
785516.962,785366.807,1698907740,1833.73,1833.64
785139.005,784372.477,1698907800,1833.65,1833.88
784333.74,784073.602,1698907860,1833.88,1835.09
783885.88,783716.632,1698907920,1835.09,1835.18
783639.413,783439.15,1698907980,1835.17,1836.99
783348.253,783168.967,1698908040,1836.99,1837.3
783275.501,783288.789,1698908100,1837.3,1836.93
783457.1,783403.499,1698908160,1836.93,1836.5
783221.397,783321.561,1698908220,1836.51,1836.89
783168.293,783147.588,1698908280,1836.89,1836.36
783153.983,783079.083,1698908340,1836.36,1836.01
783077.826,783148.323,1698908400,1836,1837.38
782941.305,782920.48,1698908460,1837.37,1837.41
782873.675,782860.741,1698908520,1837.4,1837.65
782785.205,782838.695,1698908580,1837.65,1837.62
783154.522,783036.609,1698908640,1837.62,1838.45
783125.726,783242.141,1698908700,1838.45,1837.62
783301.662,783332.621,1698908760,1837.63,1837.72
783420.373,783511.461,1698908820,1837.72,1837.71
783504.058,783652.466,1698908880,1837.71,1838.17
783757.79,783757.79,1698908940,1838.18,1838.69
783966.361,783977.757,1698909000,1838.7,1838.51
783971.725,783997.371,1698909060,1838.52,1838
784098.589,784181.502,1698909120,1838,1838.09
784439.414,784598.874,1698909180,1838.1,1838.73
784625.582,784558.003,1698909240,1838.73,1839.07
784642.466,784787.587,1698909300,1839.07,1838.12
784580.131,784568.276,1698909360,1838.12,1837.94
784555.221,784477.875,1698909420,1837.93,1837.27
784466.615,784471.201,1698909480,1837.27,1836.47
784430.056,784113.223,1698909540,1836.47,1835.5
783860.114,784054.225,1698909600,1835.49,1835.33
784325.266,784638.014,1698909660,1835.34,1835.55
784789.535,784859.849,1698909720,1835.55,1836.67
785355.271,785489.276,1698909780,1836.67,1836.62
785972.23,785964.424,1698909840,1836.62,1837.26
785929.535,785956.857,1698909900,1837.26,1836.52
785979.327,786304.932,1698909960,1836.53,1835.67
786228.566,786201.106,1698910020,1835.66,1836.49
786204.267,786302.818,1698910080,1836.48,1836.48
786285.06,786283.924,1698910140,1836.49,1836.56
786301.835,786164.4,1698910200,1836.56,1835.87
786185.453,786185.453,1698910260,1835.87,1836.99
786285.805,786388.704,1698910320,1836.99,1837.11
786402.159,786422.397,1698910380,1837.11,1837.44
786411.028,786426.486,1698910440,1837.44,1837.51
786373.611,785637.268,1698910500,1837.52,1837.84
785984.947,785926.407,1698910560,1837.83,1838.94
785644.193,785710.959,1698910620,1838.94,1839.42
785581.83,785770.946,1698910680,1839.43,1837.81
786012.794,786092.971,1698910740,1837.8,1838.43
786127.692,786072.576,1698910800,1838.42,1837
786077.748,786029.588,1698910860,1837,1835.7
785900.03,785791.582,1698910920,1835.69,1835.44
785423.341,785490.226,1698910980,1835.44,1834.05
785316.982,785319.192,1698911040,1834.05,1834.53
785204.305,785168.018,1698911100,1834.53,1833.67
785027.732,784748.193,1698911160,1833.67,1830.93
781769.672,781859.391,1698911220,1830.9,1833.55
782122.579,782142.584,1698911280,1833.55,1833.51
782414.756,782428.796,1698911340,1833.52,1833.89
783063.575,783200.127,1698911400,1833.89,1833.28
783291.998,783300.96,1698911460,1833.29,1833.31
783341.619,783421.778,1698911520,1833.31,1834.43
783459.224,783592.973,1698911580,1834.42,1834.3
783857.535,783857.535,1698911640,1834.31,1834.36
783794.707,783859.383,1698911700,1834.36,1834.08
783786.154,783864.248,1698911760,1834.09,1834.36
783820.42,783860.864,1698911820,1834.36,1834.33
783995.214,784200.314,1698911880,1834.34,1835.17
784165.097,784454.955,1698911940,1835.17,1836.13
784367.656,784605.257,1698912000,1836.12,1834.31
784519.652,784832.247,1698912060,1834.31,1833.12
784846.757,784898.263,1698912120,1833.12,1833.69
784964.586,784888.064,1698912180,1833.68,1832.29
784424.499,783500.016,1698912240,1832.29,1829.58
781597.214,781314.528,1698912300,1829.58,1830.64
781779.487,781529.648,1698912360,1830.65,1830.59
781467.671,781031.461,1698912420,1830.58,1828.72
780757.823,780489.114,1698912480,1828.71,1826.9
778939.773,777904.492,1698912540,1826.9,1825.51
774424.848,772957.936,1698912600,1825.51,1823.36
771090.728,769688.319,1698912660,1823.37,1821.66
769473.562,769298.915,1698912720,1821.67,1826.23
769208.117,769362.251,1698912780,1826.24,1827.34
769581.505,769473.878,1698912840,1827.35,1827.37
769283.771,768976.922,1698912900,1827.36,1828.64
769209.003,768962.977,1698912960,1828.63,1829.29
768816.838,768816.838,1698913020,1829.29,1830.02
768796.561,768819.47,1698913080,1830.02,1830.55
768929.867,768111.239,1698913140,1830.55,1829.47
768240.159,768275.868,1698913200,1829.47,1830.35
768344.312,768387.875,1698913260,1830.35,1829
768419.903,768640.372,1698913320,1829,1830.96
768657.027,768719.326,1698913380,1830.96,1831.37
768899.927,768915.669,1698913440,1831.37,1831.63
768992.873,769840.313,1698913500,1831.62,1832.23
769881.445,769768.529,1698913560,1832.23,1830.92
769730.602,769502.706,1698913620,1830.92,1829.77
769371.784,769282.327,1698913680,1829.77,1829.09
769372.951,769471.659,1698913740,1829.09,1829.62
769468.096,769516.944,1698913800,1829.63,1830.98
771406.921,771468.248,1698913860,1830.99,1830.19
771476.026,771535.826,1698913920,1830.2,1830.45
771549.164,771665.554,1698913980,1830.45,1831.23
771903.795,771993.225,1698914040,1831.23,1831.41
771866.477,771871.177,1698914100,1831.42,1830.58
771955.261,772090.035,1698914160,1830.58,1832.49
772158.466,772170.866,1698914220,1832.5,1832.18
772138.239,772294.465,1698914280,1832.18,1832.06
772287.635,772361.178,1698914340,1832.07,1831.4
772385.148,772455.231,1698914400,1831.41,1831.05
772262.327,772211.85,1698914460,1831.06,1830.38
772257.326,772257.326,1698914520,1830.37,1831.38
772298.327,772353.412,1698914580,1831.38,1830.37
772348.008,772424.069,1698914640,1830.37,1831.04
772332.73,772309.582,1698914700,1831.04,1831.56
772482.896,772491.206,1698914760,1831.56,1830.65
772365.966,772340.539,1698914820,1830.65,1830.68
772273.595,772298.86,1698914880,1830.68,1830.49
772335.068,772318.374,1698914940,1830.5,1829.95
772263.942,772137.657,1698915000,1829.94,1830.99
772133.378,772076.968,1698915060,1830.99,1832.05
771937.516,772054.129,1698915120,1832.05,1832.45
772117.646,772201.992,1698915180,1832.44,1832.12
772235.088,772191.809,1698915240,1832.12,1832.52
772272.37,772284.773,1698915300,1832.52,1832.7
772282.907,772291.433,1698915360,1832.7,1833.33
772190.643,772202.875,1698915420,1833.32,1833.61
772358.903,772372.805,1698915480,1833.6,1833.88
772301.347,772053.481,1698915540,1833.88,1833.33
771952.827,771667.926,1698915600,1833.34,1832.59
771738.738,771779.255,1698915660,1832.59,1832.49
771638.954,771687.503,1698915720,1832.49,1832.6
771721.518,771721.518,1698915780,1832.6,1831.95
771648.974,771609.946,1698915840,1831.96,1831.18
771662.079,771622.249,1698915900,1831.19,1831.31
771536.739,771557.178,1698915960,1831.31,1831.64
771564.89,771566.899,1698916020,1831.63,1831.67
771620.309,771600.819,1698916080,1831.68,1831.11
771630.174,771553.92,1698916140,1831.11,1832.96
771686.246,771609.34,1698916200,1832.95,1832.21
771619.708,771652.397,1698916260,1832.2,1832.76
771687.193,771695.386,1698916320,1832.76,1832.63
771707.243,771583.328,1698916380,1832.64,1832.18
771628.28,771738.081,1698916440,1832.18,1833.25
771495.323,771507.24,1698916500,1833.25,1832.89
771467.481,771423.777,1698916560,1832.89,1833.64
771322.969,771637.385,1698916620,1833.64,1834.63
771651.382,771651.993,1698916680,1834.63,1833.9
771758.923,771702.206,1698916740,1833.9,1831.01
771669.66,771836.731,1698916800,1831.02,1830.5
771514.474,771412.633,1698916860,1830.5,1829.57
770571.573,770585.308,1698916920,1829.56,1830.39
770650.447,770550.007,1698916980,1830.4,1831.07
770382.371,770309.706,1698917040,1831.06,1831.64
770224.178,770198.942,1698917100,1831.64,1832.38
770272.632,770272.632,1698917160,1832.38,1832.52
770262.017,770215.947,1698917220,1832.52,1833.04
770214.224,770203.556,1698917280,1833.03,1832.98
769901.094,769954.075,1698917340,1832.99,1832.94
769898.743,769911.342,1698917400,1832.93,1832.72
769914.295,770033.921,1698917460,1832.73,1833.09
770044.595,770160.375,1698917520,1833.09,1834.01
770116.515,770184.839,1698917580,1834.02,1833.89
770116.182,770188.61,1698917640,1833.89,1834.24
770279.652,770279.345,1698917700,1834.25,1832.85
770262.778,770369.164,1698917760,1832.86,1833.77
770842.291,770853.927,1698917820,1833.76,1832.02
770829.168,770873.196,1698917880,1832.01,1833.67
770889.354,771038.874,1698917940,1833.69,1833.76
771119.14,771148.162,1698918000,1833.75,1834.32
771279.755,771450.156,1698918060,1834.32,1834.3
771630.981,771575.591,1698918120,1834.3,1834.16
771615.173,771813.583,1698918180,1834.16,1835.21
771655.034,771830.7,1698918240,1835.21,1835.2
771636.871,771546.193,1698918300,1835.19,1835.31
771474.033,771057.768,1698918360,1835.3,1834.52
771035.518,771010.221,1698918420,1834.52,1834.72
771338.638,771338.638,1698918480,1834.71,1834.51
771291.503,771395.936,1698918540,1834.55,1835.02
771382.241,771339.572,1698918600,1835.02,1834.84
771399.168,771519.215,1698918660,1834.85,1834.7
771443.215,771511.089,1698918720,1834.7,1834.78
771410.093,771397.563,1698918780,1834.77,1834.74
771403.56,771412.388,1698918840,1834.74,1835.49
771450.821,771457.809,1698918900,1835.48,1835.28
771379.953,771334.322,1698918960,1835.27,1835.75
771342.006,771380.326,1698919020,1835.75,1835.07
771285.013,771346.516,1698919080,1835.05,1835.3
771384.068,771368.674,1698919140,1835.3,1834.78
771162.913,771190.243,1698919200,1834.77,1834.04
771757.493,772068.896,1698919260,1834.03,1833
772044.109,772062.568,1698919320,1833.01,1833.56
772065.075,772065.075,1698919380,1833.57,1832.89
772182.793,772217.632,1698919440,1832.89,1834.55
772306.936,772308.52,1698919500,1834.55,1835.3
772395.058,772415.555,1698919560,1835.3,1834.25
772265.927,772340.275,1698919620,1834.26,1834.96
772352.395,772348.971,1698919680,1834.95,1834.74
772344.751,772260.588,1698919740,1834.75,1835.92
772534.992,772534.926,1698919800,1835.92,1836
772341.879,772294.769,1698919860,1835.99,1836.62
772315.573,772772.706,1698919920,1836.63,1836.99
772687.778,772776.578,1698919980,1836.98,1835.9
772665.073,772706.156,1698920040,1835.91,1835.81
772430.258,772598.371,1698920100,1835.82,1836.55
772690.878,772575.698,1698920160,1836.56,1836.54
772650.389,772684.434,1698920220,1836.54,1836.28
772867.17,773032.536,1698920280,1836.27,1836.84
772604.457,772333.516,1698920340,1836.84,1838.18
772585.512,772221.109,1698920400,1838.19,1836.68
772417.856,772341.539,1698920460,1836.68,1837.71
772568.76,772583.463,1698920520,1837.72,1838.34
772587.262,772599.45,1698920580,1838.34,1837.62
772743.02,772824.191,1698920640,1837.62,1838.39
772675.089,770832.951,1698920700,1838.4,1837.77
770892.424,770630.5,1698920760,1837.76,1838.35
770521.655,770589.016,1698920820,1838.35,1837.92
770639.761,770728.552,1698920880,1837.93,1838.47
770708.785,770739.958,1698920940,1838.47,1838.37
770669.143,770669.143,1698921000,1838.38,1836.5
770538.888,770457.072,1698921060,1836.5,1837.75
770332.779,770367.8,1698921120,1837.75,1837
770368.509,770424.983,1698921180,1837,1837.02
770696.225,770877.022,1698921240,1837.02,1835.9
771219.224,771302.523,1698921300,1835.89,1835.64
771382.005,771302.462,1698921360,1835.59,1835.76
771290.527,771356.89,1698921420,1835.75,1835.2
771348.688,772043.511,1698921480,1835.2,1834.79
771955.239,771892.573,1698921540,1834.79,1834.61
772037.061,771834.059,1698921600,1834.61,1833.85
771765.872,771615.162,1698921660,1833.86,1835.09
771509.355,771527.004,1698921720,1835.1,1835.41
771474.339,771413.53,1698921780,1835.41,1835.45
771892.511,771949.595,1698921840,1835.46,1837.65
771805.677,771925.968,1698921900,1837.64,1836.31
772012.948,771888.587,1698921960,1836.31,1834.72
771769.192,771829.331,1698922020,1834.72,1834.86
771858.662,771749.655,1698922080,1834.86,1833.99
771834.026,771784.692,1698922140,1834,1834.92
771207.953,771268.997,1698922200,1834.92,1834.7
771335.095,771373.911,1698922260,1834.7,1835.41
771440.609,771524.206,1698922320,1835.42,1834.73
771506.07,771506.07,1698922380,1834.73,1834.6
771496.065,771465.059,1698922440,1834.6,1834.08
771449.271,771421.831,1698922500,1834.08,1834.99
771416.801,771463.088,1698922560,1835,1835.2
771413.829,771445.028,1698922620,1835.2,1836.12
771513.143,771465.138,1698922680,1836.13,1837.08
771167.416,771136.713,1698922740,1837.08,1835.15
771047.323,771097.117,1698922800,1835.14,1834.52
771217.064,771129,1698922860,1834.52,1834.82
770993.215,771059.688,1698922920,1834.83,1834.91
771074.496,771027.966,1698922980,1834.91,1834
771047.844,771090.267,1698923040,1834,1835.29
771152.762,771211.404,1698923100,1835.29,1834.94
771242.298,771214.273,1698923160,1834.93,1835.78
771223.158,771189.921,1698923220,1835.77,1834.7
771224.607,771330.701,1698923280,1834.69,1834.25
771466.542,771311.818,1698923340,1834.25,1834.06
771377.368,771414.639,1698923400,1834.07,1834.99
771456.476,771532.271,1698923460,1834.99,1834.51
771539.008,771607.496,1698923520,1834.51,1834.73
771578.499,771549.296,1698923580,1834.73,1835.24
771411.702,771489.557,1698923640,1835.24,1833.8
771458.452,771458.452,1698923700,1833.8,1834.43
771463.611,771446.648,1698923760,1834.43,1834.49
771549.641,770698.93,1698923820,1834.48,1834.43
770850.94,770940.807,1698923880,1834.43,1835.64
771021.559,771263.964,1698923940,1835.64,1835.68
771381.955,771546.754,1698924000,1835.68,1837.95
771559.522,771713.119,1698924060,1837.96,1837.95
771757.836,772158.381,1698924120,1837.94,1838.11
772563.644,772846.035,1698924180,1838.11,1838.55
773104.422,773185.799,1698924240,1838.55,1837.64
773074.767,773096.333,1698924300,1837.65,1836.91
773262.913,773296.024,1698924360,1836.92,1836.84
773304.138,773273.142,1698924420,1836.84,1835.49
773383.635,773378.25,1698924480,1835.49,1835.99
773414.851,773436.568,1698924540,1835.94,1836.22
773559.504,773598.904,1698924600,1836.21,1835
773602.554,773712.16,1698924660,1835.01,1835.96
773806.675,773849.52,1698924720,1836,1837.54
774011.604,774148.124,1698924780,1837.53,1838.34
774294.355,774382.637,1698924840,1838.34,1838.63
774694.661,776328.834,1698924900,1838.64,1840.01
777787.836,777673.851,1698924960,1840.01,1840.42
777803.673,777803.673,1698925020,1840.42,1840.42
777806.768,778039.158,1698925080,1840.41,1840.55
778069.096,778069.096,1698925140,1840.54,1839.56
778062.284,778154.585,1698925200,1839.56,1839.18
778240.358,778331.176,1698925260,1839.18,1839.73
778430.568,778567.472,1698925320,1839.73,1839.15
778670.672,778672.999,1698925380,1839.16,1839.35
778702.52,778693.077,1698925440,1839.35,1839.79
778716.951,778716.908,1698925500,1839.8,1838.36
778631.993,778668.909,1698925560,1838.36,1837.59
778684.897,778659.971,1698925620,1837.59,1837.96
778644.555,778613.578,1698925680,1837.96,1837.05
778607.086,778552.324,1698925740,1837.05,1836.48
778494.094,778542.782,1698925800,1836.47,1836.99
778572.793,778542.191,1698925860,1837,1835.51
778495.214,778508.684,1698925920,1835.5,1837
778539.646,778719.745,1698925980,1837,1837.5
778694.402,778743.353,1698926040,1837.51,1837.49
778754.913,778783.893,1698926100,1837.5,1837.28
778037.011,777976.384,1698926160,1837.28,1836.6
777873.322,777895.225,1698926220,1836.6,1836.73
777928.857,777934.674,1698926280,1836.72,1837
777933.365,777904.405,1698926340,1837.01,1837.14
777852.716,778062.111,1698926400,1837.14,1836.24
777995.247,777995.247,1698926460,1836.24,1836.3
777990.272,778060.819,1698926520,1836.29,1835.97
778178.875,778567.334,1698926580,1835.98,1834.94
778968.084,778363.771,1698926640,1834.93,1834.65
778411.927,778422.853,1698926700,1834.65,1834.62
778365.558,778346.82,1698926760,1834.62,1834.99
778274.209,778209.023,1698926820,1835,1835.1
778148.988,778150.643,1698926880,1835.09,1834.63
777753.473,777279.998,1698926940,1834.62,1834.56
777215.438,777162.707,1698927000,1834.57,1837.02
776840.101,776820.407,1698927060,1837.02,1836.49
776693.822,776682.191,1698927120,1836.48,1838.04
776425.158,776666.567,1698927180,1838.04,1837.71
776652.707,776696.778,1698927240,1837.71,1838.14
776653.011,776656.465,1698927300,1838.13,1838.01
776499.753,776458.055,1698927360,1838,1837.99
776498.398,776371.258,1698927420,1837.99,1838.76
776362.262,776443,1698927480,1838.76,1839.12
776186.654,776067.233,1698927540,1839.11,1839.22
775869.786,775983.297,1698927600,1839.22,1838.87
775979.925,776252.671,1698927660,1838.88,1838.05
776265.658,776278.256,1698927720,1838.04,1837.81
776309.394,776309.394,1698927780,1837.81,1838.07
776317.896,776190.314,1698927840,1838.07,1838.08
776157.355,776119.255,1698927900,1838.07,1837.63
776132.092,776152.471,1698927960,1837.63,1838.09
776284.151,776116.019,1698928020,1838.09,1835.28
775932.437,775745.333,1698928080,1835.28,1833.71
775608.755,775578.2,1698928140,1833.71,1832.46
774726.955,774686.017,1698928200,1832.45,1835
774764.089,774690.467,1698928260,1835,1833.65
774647.87,774641.788,1698928320,1833.65,1834.14
774651.11,774681.085,1698928380,1834.13,1835.3
774017.015,773558.976,1698928440,1835.3,1837.25
773463.647,773603.041,1698928500,1837.3,1837.26
774503.56,774461.978,1698928560,1837.25,1837.24
774452.591,774398.909,1698928620,1837.25,1838.16
774346.545,774228.24,1698928680,1838.16,1839.6
773623.542,773819.18,1698928740,1839.59,1839.7
773907.312,774047.694,1698928800,1839.7,1839.54
774059.991,774063.474,1698928860,1839.54,1838.88
773972.021,773895.973,1698928920,1838.88,1838.87
773776.105,774018.077,1698928980,1838.87,1840.1
774165.791,774165.791,1698929040,1840.09,1839.64
774237.832,774298.529,1698929100,1839.65,1839.13
774279.026,774248.529,1698929160,1839.14,1842.48
773817.814,773926.502,1698929220,1842.49,1841.65
774012.172,773978.61,1698929280,1841.56,1841.98
774042.191,774542.954,1698929340,1841.98,1842.46
774547.559,774535.719,1698929400,1842.46,1842.03
774490.373,774362.859,1698929460,1842.03,1842.08
774041.592,773764.692,1698929520,1842.07,1843.35
773072.293,772978.919,1698929580,1843.35,1840.74
772705.362,772658.446,1698929640,1840.84,1842.28
772666.46,772169.661,1698929700,1842.28,1839.43
772496.426,772644.801,1698929760,1839.42,1838.21
772664.883,772628.633,1698929820,1838.2,1837.8
772625.92,773101.588,1698929880,1837.8,1836.49
773225.251,773425.352,1698929940,1836.49,1836.4
773766.024,773431.241,1698930000,1836.4,1835.36
773461.163,773477.538,1698930060,1835.36,1836.42
773440.33,773543.327,1698930120,1836.41,1837.64
773606.937,773800.739,1698930180,1837.63,1838.1
773827.681,773815.965,1698930240,1838.11,1836.62
773851.001,773836.178,1698930300,1836.55,1835.77
773705.717,773608.675,1698930360,1835.77,1833.37
773524.393,773524.393,1698930420,1833.36,1832.26
773678.448,772703.791,1698930480,1832.25,1829.93
771340.782,772254.442,1698930540,1829.93,1831.5
772031.615,772136.244,1698930600,1831.5,1830.87
772391.499,772459.214,1698930660,1830.89,1832.63
772664.741,772737.235,1698930720,1832.63,1831.04
772719.807,772674.677,1698930780,1830.99,1828.52
772568.687,772564.302,1698930840,1828.53,1830.36
772771.143,772586.564,1698930900,1830.36,1830.77
771855.902,771674.165,1698930960,1830.76,1832.16
771477.102,771367.506,1698931020,1832.16,1833.35
771726.898,771844.887,1698931080,1833.36,1831.89
771726.603,771641.971,1698931140,1831.9,1832.38
771510.526,771490.79,1698931200,1832.38,1833.36
771415.007,771176.771,1698931260,1833.37,1834.64
771196.221,771198.72,1698931320,1834.64,1832.92
771180.815,771280.195,1698931380,1832.92,1833
771540.753,771475.141,1698931440,1833.01,1830.36
771289.448,771769.247,1698931500,1830.36,1831.94
771669.278,771777.319,1698931560,1831.94,1832.8
771698.409,771762.876,1698931620,1832.78,1830.96
771854.941,771957.323,1698931680,1830.95,1830.54
771981.139,771981.139,1698931740,1830.54,1829.4
771963.534,771977.349,1698931800,1829.4,1827.79
770354.26,771143.69,1698931860,1827.79,1830.32
770803.396,770055.455,1698931920,1830.32,1830.67
768504.566,768609.031,1698931980,1830.67,1831.38
768550.528,768393.491,1698932040,1831.4,1831.65
768287.832,768285.505,1698932100,1831.65,1832.66
768360.635,769213.799,1698932160,1832.67,1832.51
769442.055,769498.694,1698932220,1832.5,1833.83
769551.965,769610.932,1698932280,1833.83,1834.09
769598.264,769511.162,1698932340,1834.08,1832.85
769701.096,769885.672,1698932400,1832.84,1830.98
769797.869,769793.559,1698932460,1830.99,1828.88
769784.803,770018.126,1698932520,1828.88,1827.27
770056.988,769735.654,1698932580,1827.31,1826.15
768325.825,766388.13,1698932640,1826.16,1825.01
767443.041,767399.837,1698932700,1825,1823.77
767373.493,767221.628,1698932760,1823.78,1827.24
767120.852,766426.842,1698932820,1827.25,1826.29
764941.367,764671.435,1698932880,1826.3,1826.79
764478.418,764633.051,1698932940,1826.8,1828
764271.04,764104.937,1698933000,1828.01,1828.52
763944.795,764109.38,1698933060,1828.52,1828.02
764009.092,763994.067,1698933120,1828.02,1828.43
764148.201,764148.201,1698933180,1828.43,1827.66
764299.937,764300.169,1698933240,1827.65,1825.76
764592.009,764651.444,1698933300,1825.77,1825.63
764717.534,764595.451,1698933360,1825.63,1826.83
764817.905,764772.399,1698933420,1826.84,1825.6
764607.19,764571.029,1698933480,1825.73,1824.66
764932.745,764948.911,1698933540,1824.68,1824.51
764838.514,764665.144,1698933600,1824.51,1826.02
764892.892,764953.812,1698933660,1826.02,1826.93
764850.5,765242.426,1698933720,1826.93,1826.78
765303.054,765404.811,1698933780,1826.75,1826.07
765107.86,765650.752,1698933840,1826.07,1825.23
765663.614,765736.359,1698933900,1825.22,1824.98
765738.981,765332.396,1698933960,1824.97,1822.12
764870.54,764871.177,1698934020,1822.12,1820.5
764749.761,765149.504,1698934080,1820.49,1823.05
766080.11,766127.472,1698934140,1823.04,1820.89
766654.463,766713.104,1698934200,1820.9,1820.8
766887.261,766469.851,1698934260,1820.7,1822.3
766481.708,766913.335,1698934320,1822.3,1819.76
766310.72,765695.443,1698934380,1819.81,1819.32
765233.212,764986.542,1698934440,1819.33,1818.6
764637.55,764637.55,1698934500,1818.6,1818.06
764360.518,764064.439,1698934560,1818.05,1821.63
764112.559,764268.656,1698934620,1821.64,1822.76
764577.923,764649.702,1698934680,1822.77,1821.78
764613.884,765472.186,1698934740,1821.79,1821.41
765342.105,765342.659,1698934800,1821.42,1821.49
765111.005,765019.548,1698934860,1821.49,1822.05
764984.391,764860.485,1698934920,1822.01,1819.95
764820.275,764475.946,1698934980,1819.96,1817.82
764167.853,763804.359,1698935040,1817.81,1819.43
763949.622,763796.818,1698935100,1819.44,1818.14
763819.396,763632.508,1698935160,1818.15,1817.74
763558.032,763622.362,1698935220,1817.74,1816.94
763393.107,763343.696,1698935280,1816.95,1819.72
763255.501,763153.337,1698935340,1819.73,1819.17
763103.625,763269.235,1698935400,1819.17,1820.37
763154.637,762973.695,1698935460,1820.36,1819.65
763070.857,762751.437,1698935520,1819.65,1817.33
762737.257,763130.289,1698935580,1817.34,1820.11
763156.761,763157.012,1698935640,1820.08,1817.86
763040.776,762532.694,1698935700,1817.87,1816.28
762327.085,762071.359,1698935760,1816.3,1816.15
756205.869,756205.869,1698935820,1816.13,1814.12
755235.324,755644.315,1698935880,1814.11,1814.16
755608.405,755913.609,1698935940,1814.17,1816.76
755742.899,755633.052,1698936000,1816.75,1818.05
755883.259,755883.259,1698936060,1818.04,1817.32
756914.157,756395.513,1698936120,1817.33,1814.35
756215.714,755403.664,1698936180,1814.34,1815.37
755000.376,754710.64,1698936240,1815.36,1814.79
754560.776,754447.369,1698936300,1814.79,1813.16
754452.924,754522.81,1698936360,1813.15,1815.49
753775.017,754197.203,1698936420,1815.49,1816.31
754172.702,754297.704,1698936480,1816.32,1817.51
754014.718,753717.266,1698936540,1817.5,1817.17
753774.953,753860.737,1698936600,1817.17,1816.09
753854.08,753967.981,1698936660,1816.1,1817.16
754115.826,754157.767,1698936720,1817.15,1816.41
754187.492,754274.186,1698936780,1816.4,1817.22
754322.351,754473.634,1698936840,1817.2,1816.52
754340.978,754410.348,1698936900,1816.52,1815.7
754413.098,754682.726,1698936960,1815.69,1815.38
754744.417,754809.421,1698937020,1815.37,1816.7
754856.088,754820.963,1698937080,1816.7,1816.31
755240.568,755240.568,1698937140,1816.3,1816.05
754979.143,754932.97,1698937200,1816.04,1815.67
755044.677,754978.097,1698937260,1815.67,1814.36
754751.873,754849.516,1698937320,1814.35,1812.82
754635.453,754343.239,1698937380,1812.82,1813.06
754458.305,754394.07,1698937440,1813.05,1812.48
753890.405,753737.931,1698937500,1812.47,1811.03
753967.775,754479.119,1698937560,1811.02,1807.82
753489.882,753646.978,1698937620,1807.83,1809
753941.766,754139.927,1698937680,1809,1809.63
754340.794,754257.892,1698937740,1809.62,1809.73
755891.304,755929.688,1698937800,1809.72,1809.24
756016.939,755904.028,1698937860,1809.24,1808.62
756144.775,756037.784,1698937920,1808.62,1810.54
755766.83,755737.308,1698937980,1810.56,1809.81
755771.949,755827.89,1698938040,1809.81,1807.92
756442.467,756147.469,1698938100,1807.9,1807.39
756564.675,756784.276,1698938160,1807.4,1809.23
756688.3,756789.603,1698938220,1809.23,1810.32
756814.896,756749.919,1698938280,1810.31,1810.06
756490.145,756490.145,1698938340,1810.06,1808
756507.178,756944.452,1698938400,1808.01,1806.4
756895.51,755342.494,1698938460,1806.41,1806.55
755438.247,755101.351,1698938520,1806.54,1806.54
755265.416,755213.239,1698938580,1806.55,1807.79
755008.433,755170.579,1698938640,1807.8,1806.34
755066.849,755665.898,1698938700,1806.35,1807.96
755710.595,755524.716,1698938760,1808,1808.87
755505.531,755553.925,1698938820,1808.9,1808.9
755362.656,754954.088,1698938880,1808.91,1806.62
754971.523,754797.378,1698938940,1806.61,1805.66
753344.13,753325.91,1698939000,1805.65,1804.77
753105.676,753217.29,1698939060,1804.8,1801.33
751912.129,751829.513,1698939120,1801.32,1804.05
751808.233,751748.29,1698939180,1804.06,1805.43
751928.439,751767.917,1698939240,1805.42,1805.71
751530.78,751752.126,1698939300,1805.71,1808.03
751806.877,751908.686,1698939360,1808.04,1808.83
751731.287,751857.982,1698939420,1808.83,1809.72
751802.539,751755.567,1698939480,1809.71,1809.04
751762.872,751928.339,1698939540,1809.04,1809.04
751962.892,751971.605,1698939600,1809.05,1807.99
752007.171,752007.171,1698939660,1807.99,1809.69
752139.38,752278.007,1698939720,1809.7,1809.9
752304.408,752401.454,1698939780,1809.9,1809.05
752503.791,752488.695,1698939840,1809.04,1809.48
752249.185,752335.65,1698939900,1809.49,1809.09
752301.107,752257.046,1698939960,1809.08,1809.85
752294.197,752300.431,1698940020,1809.86,1808.01
752067.906,751941.849,1698940080,1808.02,1807.77
751968.179,751851.616,1698940140,1807.77,1807.77
751902.772,751987.786,1698940200,1807.77,1807.16
752818.329,752607.514,1698940260,1807.16,1807.08
752646.586,752494.303,1698940320,1807.1,1806.98
752617.055,752665.639,1698940380,1806.98,1805.64
752593.154,752586.879,1698940440,1805.63,1806.93
752678.733,752748.298,1698940500,1806.93,1806.2
752791.058,752776.638,1698940560,1806.19,1806.08
752865.401,752931.738,1698940620,1806.09,1806.06
753332.213,753478.571,1698940680,1806.06,1804.12
753010.433,752324.864,1698940740,1804.12,1803.51
752835.391,752718.625,1698940800,1803.51,1805.47
752496.395,751736.331,1698940860,1805.47,1802.54
751751.973,753505.013,1698940920,1802.53,1801
753513.151,752725.004,1698940980,1801,1801.05
752596.246,752596.246,1698941040,1801.06,1803.84
752655.611,752232.266,1698941100,1803.84,1805.88
752198.471,752162.004,1698941160,1805.88,1804.58
752236.211,752170.866,1698941220,1804.57,1805.45
752427.3,752727.632,1698941280,1805.44,1806.96
752699.495,752756.428,1698941340,1806.97,1807.35
753158.873,753058.412,1698941400,1807.36,1806.43
752998.857,753067.088,1698941460,1806.43,1806.44
753131.951,753181.554,1698941520,1806.45,1805.2
753100.449,753092.927,1698941580,1805.19,1806.32
753202.275,753199.335,1698941640,1806.32,1806.84
752966.199,753277.81,1698941700,1806.84,1808.2
753801.401,753775.046,1698941760,1808.19,1805.54
753752.938,753662.177,1698941820,1805.56,1804.12
753445.707,753877.279,1698941880,1804.12,1800.89
754019.299,752667.805,1698941940,1800.88,1798.22
749854.151,749724.604,1698942000,1798.18,1798.51
749444.096,748149.718,1698942060,1798.5,1797.86
748223.462,748328.409,1698942120,1797.86,1795.08
748096.145,747954.659,1698942180,1795.08,1795.7
747837.683,748106.599,1698942240,1795.66,1797.03
748169.426,748169.426,1698942300,1797.03,1792.99
747676.38,746558.395,1698942360,1793,1793.08
747218.169,747695.301,1698942420,1793.07,1793.48
747541.986,747541.986,1698942480,1793.48,1794.74
747522.682,747390.782,1698942540,1794.74,1792.38
747077.961,747181.914,1698942600,1792.37,1789.23
746103.719,743751.254,1698942660,1789.22,1790.89
743431.3,743241.579,1698942720,1790.89,1793.73
743787.847,744528.491,1698942780,1793.72,1796.07
744677.747,744995.354,1698942840,1796.07,1796.89
744771.956,746819.065,1698942900,1796.9,1797.33
746668.704,747023.733,1698942960,1797.32,1798.83
747328.171,746640.788,1698943020,1798.84,1798.1
746628.391,746966.679,1698943080,1798.1,1800
747195.548,747180.882,1698943140,1800,1800.37
747384.319,747182.539,1698943200,1800.36,1798.39
747022.105,747298.685,1698943260,1798.4,1797.07
747146.692,746914.005,1698943320,1797.06,1796.23
746847.841,747097.059,1698943380,1796.22,1797.94
747378.79,747376.685,1698943440,1797.94,1797.86
747456.937,747629.025,1698943500,1797.87,1798.67
747693.979,747924.668,1698943560,1798.68,1799.56
747916.509,747999.782,1698943620,1799.56,1798.8
747800.604,747868.897,1698943680,1798.8,1798.7
747679.882,747326.718,1698943740,1798.71,1798.03
747445.568,747445.568,1698943800,1798.03,1797.31
746643.371,746884.935,1698943860,1797.31,1799.88
747047.524,746917.005,1698943920,1799.89,1800.73
747040.694,746774.399,1698943980,1800.72,1801.63
746946.807,746878.431,1698944040,1801.62,1800.01
746943.1,747141.197,1698944100,1800.01,1800.4
747115.565,747188.779,1698944160,1800.41,1800.15
747142.921,747406.493,1698944220,1800.16,1801.1
747407.608,747533.229,1698944280,1801.1,1800.29
747491.163,747534.155,1698944340,1800.28,1801
747611.023,747633.016,1698944400,1801,1798.18
747646.885,747465.794,1698944460,1798.19,1798.66
747454.725,747624.715,1698944520,1798.67,1800.59
747339.335,747330.672,1698944580,1800.59,1798.07
747214.141,747115.778,1698944640,1798.07,1797.71
747104.929,747141.903,1698944700,1797.72,1797.87
747191.125,747170.608,1698944760,1797.88,1797.71
747056.821,747040.079,1698944820,1797.72,1798.41
747048.521,747218.743,1698944880,1798.4,1798.87
747186.143,746960.717,1698944940,1798.88,1798.58
747002.706,747022.277,1698945000,1798.57,1797.4
747133.989,747637.163,1698945060,1797.39,1798.05
747709.258,747709.258,1698945120,1798.05,1798.38
747704.907,747595.885,1698945180,1798.38,1797.91
747613.398,747703.895,1698945240,1797.9,1796.78
747328.451,747116.248,1698945300,1796.79,1795.47
746407.139,746288.92,1698945360,1795.47,1794.33
746242.639,746000.097,1698945420,1794.33,1794.96
745695.031,745686.904,1698945480,1794.97,1795.94
746078.166,746151.478,1698945540,1795.94,1798.01
746100.103,746048.837,1698945600,1798.01,1798.8
745968.397,745692.11,1698945660,1798.8,1798.64
745664.358,745674.748,1698945720,1798.65,1798.92
745732.829,745932.609,1698945780,1798.93,1797.87
745880.77,745760.116,1698945840,1797.86,1796.68
745772.229,745570.836,1698945900,1796.68,1795.38
745525.592,745477.324,1698945960,1795.38,1795.59
745476.634,745676.152,1698946020,1795.59,1796.72
745706.671,745611.441,1698946080,1796.72,1797.19
745571.137,745598.943,1698946140,1797.19,1797.28
745757.679,745763.898,1698946200,1797.27,1799.58
745804.631,745907.858,1698946260,1799.58,1799.98
745696.868,745813.75,1698946320,1799.98,1799.13
745857.214,746008.367,1698946380,1799.13,1800.41
746177.57,746177.57,1698946440,1800.41,1799.94
746245.748,746369.521,1698946500,1799.94,1800.78
746348.602,746685.492,1698946560,1800.78,1800.13
746749.055,746793.59,1698946620,1800.13,1800.09
747130.708,747105.175,1698946680,1800.09,1800.99
747133.803,746939.549,1698946740,1800.99,1800.39
747154.986,747157.867,1698946800,1800.37,1800.19
747280.239,747329.544,1698946860,1800.18,1800.54
747405.293,747420.368,1698946920,1800.53,1801.28
747831.578,748101.444,1698946980,1801.28,1800.78
748183.54,748268.613,1698947040,1800.79,1801.44
748151.873,748904.105,1698947100,1801.45,1801.64
748903.35,748943.588,1698947160,1801.63,1801.11
749092.899,749330.091,1698947220,1801.11,1802.62
749403.427,748282.153,1698947280,1802.62,1803.38
748222.59,748306.963,1698947340,1803.38,1804.22
748335.296,748456.383,1698947400,1804.23,1804.11
748559.764,748743.807,1698947460,1804.1,1803.91
748831.591,748871.349,1698947520,1803.9,1803.63
748902.029,749155.461,1698947580,1803.64,1803.83
749237.894,749321.122,1698947640,1803.84,1803.39
749316.837,749434.38,1698947700,1803.38,1804.16
749457.968,749457.968,1698947760,1804.16,1804.78
749481.912,749307.95,1698947820,1804.79,1804.22
749286.699,749296.064,1698947880,1804.22,1805.45
749399.063,749392.114,1698947940,1805.45,1805.09
749368.198,749095.259,1698948000,1805.1,1803.48
749273.321,749329.819,1698948060,1803.47,1803.7
749224.539,748899.95,1698948120,1803.71,1803.99
748954.687,749037.162,1698948180,1803.99,1802.77
749067.186,748794.077,1698948240,1802.77,1802.21
748888.36,748644.674,1698948300,1802.21,1801.47
748437.284,747947.739,1698948360,1801.47,1801.28
747893.094,747728.43,1698948420,1801.28,1800.97
747611.483,747406.506,1698948480,1800.97,1800.01
747321.924,747927.791,1698948540,1800,1801.29
748068.008,748162.684,1698948600,1801.3,1800.59
748188.212,748162.778,1698948660,1800.59,1800.88
748102.168,748079.338,1698948720,1800.87,1803.09
748181.269,748292.481,1698948780,1803.09,1804.01
748434.386,748491.955,1698948840,1804.02,1804.64
748591.686,748600.229,1698948900,1804.63,1805.31
748638.564,748747.444,1698948960,1805.32,1804.8
748774.115,748774.115,1698949020,1804.8,1804.6
748666.768,748498.536,1698949080,1804.61,1802.88
748481.671,748529.647,1698949140,1802.88,1803.23
748720.575,748774.036,1698949200,1803.23,1803.5
748762.079,749104.074,1698949260,1803.5,1804.92
749128.475,750480.574,1698949320,1804.92,1805.96
750922.626,750972.595,1698949380,1805.95,1805.47
750972.391,750799.744,1698949440,1805.48,1806.21
750812.045,750871.958,1698949500,1806.23,1806.66
751229.965,750954.038,1698949560,1806.66,1806.81
750908.594,750971.539,1698949620,1806.81,1806.38
750953.346,750987.721,1698949680,1806.39,1806.33
750975.775,750948.362,1698949740,1806.33,1806.4
750979.648,750978.94,1698949800,1806.4,1806.21
751035.846,751013.083,1698949860,1806.2,1805.84
751015.822,751047.65,1698949920,1805.84,1806.34
751007.136,750960.468,1698949980,1806.33,1806.4
750972.941,751070.365,1698950040,1806.4,1807.03
751080.69,750115.898,1698950100,1807.03,1807.86
750491.382,750742.379,1698950160,1807.85,1807.71
750740.958,750672.655,1698950220,1807.71,1806.66
750731.878,750240.404,1698950280,1806.66,1805.39
750228.538,750263.927,1698950340,1805.39,1806.54
750286.166,750286.166,1698950400,1806.55,1805.69
750208.248,750184.848,1698950460,1805.69,1807.18
750191.598,750128.754,1698950520,1807.17,1806.14
750066.88,750033.305,1698950580,1806.14,1807.09
750049.607,750087.066,1698950640,1807.09,1807.41
750137.126,750209.556,1698950700,1807.4,1806.97
750300.115,750299.679,1698950760,1806.97,1807.58
750306.318,750271.471,1698950820,1807.59,1805.65
750156.1,750000.579,1698950880,1805.64,1804.12
750010.378,749975.733,1698950940,1804.13,1805.35
749923.18,749884.864,1698951000,1805.35,1805.35
749923.519,749852.09,1698951060,1805.35,1806.31
749797.674,749913.5,1698951120,1806.32,1806.64
749953.731,749965.104,1698951180,1806.64,1807.53
749965.766,750004.74,1698951240,1807.54,1807.42
750034.402,749943.213,1698951300,1807.42,1807.76
750014.427,749996.565,1698951360,1807.76,1807.82
749878.881,749797.438,1698951420,1807.8,1807.18
749842.084,749785.84,1698951480,1807.18,1806.53
749743.211,749732.184,1698951540,1806.54,1806.88
749786.699,749356.284,1698951600,1806.87,1805.09
749402.852,749402.852,1698951660,1805.1,1806.4
749688.523,749689.747,1698951720,1806.4,1806.9
749787.631,749907.83,1698951780,1806.87,1807.08
749847.964,749798.562,1698951840,1807.06,1807.59
749745.357,749777.333,1698951900,1807.59,1807.96
749705.326,749837.283,1698951960,1807.96,1807.21
749771.432,749740.559,1698952020,1807.22,1807.42
749751.852,749725.831,1698952080,1807.42,1807.61
749717.881,749707.42,1698952140,1807.61,1806.87
749714.665,750039.316,1698952200,1806.86,1806.43
750030.681,750041.231,1698952260,1806.44,1806.04
749953.844,749993.965,1698952320,1806.04,1806.14
749971.854,750010.993,1698952380,1806.14,1806.82
750048.843,750066.292,1698952440,1806.82,1807.69
750024.536,750004.092,1698952500,1807.69,1807.75
749844.641,749914.991,1698952560,1807.75,1807.69
749881.82,749914.588,1698952620,1807.69,1807.89
749910.405,749904.327,1698952680,1807.89,1807.81
749920.363,750118.955,1698952740,1807.82,1806.89
750048.683,750009.54,1698952800,1806.9,1806.29
749983.306,749971.673,1698952860,1806.3,1807.93
749973.914,749883.244,1698952920,1807.92,1808.39
749879.428,749879.428,1698952980,1808.4,1808.1
749936.064,749977.672,1698953040,1808.09,1808.2
749998.674,749978.175,1698953100,1808.19,1808.2
749972.603,750111.452,1698953160,1808.2,1809.72
750150.709,749557.417,1698953220,1809.71,1809.77
749472.058,749546.293,1698953280,1809.76,1809.15
749616.835,749612.042,1698953340,1809.16,1809.45
749676.543,749808.218,1698953400,1809.45,1809.14
749833.928,749827.502,1698953460,1809.12,1809.36
749714.997,749697.71,1698953520,1809.37,1808.56
749722.729,749775.502,1698953580,1808.56,1808.68
749752.933,749742.787,1698953640,1808.69,1809.69
749789.459,749737.928,1698953700,1809.7,1809.76
749719.948,749736.203,1698953760,1809.75,1810.35
749922.875,749760.476,1698953820,1810.34,1809.37
749809.394,749801.276,1698953880,1809.37,1808.82
749770.977,749678.338,1698953940,1808.82,1809.75
749699.429,749679.364,1698954000,1809.76,1811
749699.399,749593.857,1698954060,1811,1810.3
749397.788,749344.874,1698954120,1810.3,1809.22
749147.689,749189.938,1698954180,1809.22,1809.99
749130.765,749127.33,1698954240,1810,1809.81
749212.896,749212.896,1698954300,1809.81,1810.15
749087.445,749053.649,1698954360,1810.16,1809.94
749050.196,749078.093,1698954420,1809.93,1810.08
749084.684,749048.681,1698954480,1810.09,1810.19
749057.151,749043.094,1698954540,1810.17,1809.64
749021.779,748903.367,1698954600,1809.63,1809.45
748890.734,748823.978,1698954660,1809.45,1810.72
748823.479,748618.54,1698954720,1810.71,1810.76
748650.691,748678.492,1698954780,1810.76,1811.17
748576.451,748618.372,1698954840,1811.17,1811.69
748487.16,748541.942,1698954900,1811.7,1811.03
748729.632,748675.56,1698954960,1811.03,1811.42
748607.027,748519.205,1698955020,1811.41,1812.12
748919.422,748874.74,1698955080,1812.13,1812.39
748684.399,748546.201,1698955140,1812.39,1812.49
748351.381,748306.436,1698955200,1812.49,1812.72
748505.04,748603.679,1698955260,1812.71,1812.51
748454.645,748425.349,1698955320,1812.51,1810.79
748180.992,748211.319,1698955380,1810.78,1809.76
748249.411,748467.223,1698955440,1809.77,1810.86
748650.375,748621.462,1698955500,1810.85,1811.32
748559.84,748497.922,1698955560,1811.33,1810.61
748605.687,748605.687,1698955620,1810.61,1811.2
748658.091,748855.784,1698955680,1811.21,1812.1
748777.92,748657.708,1698955740,1812.11,1812.23
748612.828,748630.023,1698955800,1812.23,1812.07
748673.465,748673.361,1698955860,1812.07,1811.04
748609.403,748790.354,1698955920,1811.04,1810.41
748714.396,748694.291,1698955980,1810.41,1811.42
748908.88,748915.377,1698956040,1811.42,1811.25
748963.031,748892.491,1698956100,1811.26,1811.91
748982.064,749063.148,1698956160,1811.91,1811.74
749048.362,749041.283,1698956220,1811.75,1811.36
749159.57,749134.931,1698956280,1811.37,1811.1
749193.089,749143.085,1698956340,1811.1,1809.01
749074.213,748912.445,1698956400,1809.01,1808.76
748813.242,748774.601,1698956460,1808.76,1809.35
748589.365,748311.618,1698956520,1809.36,1806.94
747992.661,747399.781,1698956580,1806.93,1804.28
747359.21,747237.587,1698956640,1804.28,1806.92
747243.762,747200.65,1698956700,1806.92,1806.35
747294.974,747238.386,1698956760,1806.35,1806.31
747287.479,747259.227,1698956820,1806.31,1805.04
747385.421,747471.738,1698956880,1805.04,1805.3
747421.437,747421.437,1698956940,1805.29,1805.58
747421.758,747444.885,1698957000,1805.57,1802.89
746926.89,747138.929,1698957060,1802.9,1802.7
746523.706,746404.645,1698957120,1802.7,1802.91
746262.259,746042.091,1698957180,1802.9,1802
745947.148,745694.798,1698957240,1802,1801.69
745720.521,745596.594,1698957300,1801.69,1802.48
745255.765,745294.824,1698957360,1802.48,1803.38
745446.746,745343.776,1698957420,1803.38,1802.61
745267.36,745351.888,1698957480,1802.61,1804
745438.38,745480.069,1698957540,1803.99,1802.86
745484.563,745360.751,1698957600,1802.86,1802.54
745551.572,745571.618,1698957660,1802.54,1802.23
745602.369,745695.945,1698957720,1802.22,1802.04
745720.008,745771.526,1698957780,1802.05,1802.34
745759.902,745694.293,1698957840,1802.35,1801.16
745794.497,745712.156,1698957900,1801.16,1802.19
745711.47,745707.359,1698957960,1802.19,1802.35
745685.49,745683.931,1698958020,1802.34,1802.23
745624.561,745625.142,1698958080,1802.22,1802.7
745525.89,745462.452,1698958140,1802.69,1800.58
744622.065,744622.065,1698958200,1800.58,1799.1
744200.81,744263.27,1698958260,1799.1,1799.78
744364.364,744375.507,1698958320,1799.78,1800.83
744397.717,744457.373,1698958380,1800.83,1803.72
744440.573,744344.08,1698958440,1803.72,1804.94
744423.793,744416.34,1698958500,1804.95,1805.6
744463.189,743884.479,1698958560,1805.6,1805.49
743751.934,743714.243,1698958620,1805.49,1804.88
743660.556,743665.432,1698958680,1804.89,1805.04
743664.959,743575.262,1698958740,1805.04,1804.44
743388.263,743358.456,1698958800,1804.45,1804.01
743420.355,743267.858,1698958860,1804,1804.21
743252.009,743198.326,1698958920,1804.24,1804.08
743251.292,743090.526,1698958980,1804.08,1802.65
743104.605,743085.42,1698959040,1802.65,1801.91
742982.334,743368.042,1698959100,1801.91,1802.57
743293.385,743265.825,1698959160,1802.57,1803.85
742983.908,742979.843,1698959220,1803.85,1803.95
742918.515,742906.126,1698959280,1803.95,1801.26
742827.591,742015.293,1698959340,1801.26,1801.23
741850.653,741836.484,1698959400,1801.3,1801.66
741771.343,741713.267,1698959460,1801.66,1802.16
741689.432,741678.572,1698959520,1802.17,1802.27
741714.542,741689.125,1698959580,1802.26,1803.75
741560.01,741560.01,1698959640,1803.75,1803.67
741446.873,741425.569,1698959700,1803.68,1803.76
741280.368,741284.066,1698959760,1803.77,1803.46
741218.642,741097.117,1698959820,1803.46,1804.25
741081.586,741008.455,1698959880,1804.26,1803.97
740993.627,740823.693,1698959940,1803.97,1803.83
740824.651,740799.993,1698960000,1803.82,1804.64
740777.889,740749.93,1698960060,1804.64,1804.88
740717.123,740684.628,1698960120,1804.88,1805.73
740755.796,740734.955,1698960180,1805.74,1805.02
740676.406,740542.782,1698960240,1805.02,1803.62
740360.405,740187.428,1698960300,1803.61,1801.58
740176.141,740060.073,1698960360,1801.58,1801.76
740054.84,740059.584,1698960420,1801.77,1802.38
740052.609,740063.739,1698960480,1802.39,1802
740015.894,739961.97,1698960540,1802,1802.76
739921.564,739888.154,1698960600,1802.77,1802.17
739871.869,739810.125,1698960660,1802.17,1801.57
739768.146,739842.51,1698960720,1801.56,1802.25
739837.945,739826.76,1698960780,1802.25,1802.24
739795.538,739561.871,1698960840,1802.24,1802.61
739579.225,739586.993,1698960900,1802.62,1802.7
739611.429,739611.429,1698960960,1802.7,1802.99
739585.28,739571.506,1698961020,1802.99,1801.91
739724.393,739715.094,1698961080,1801.9,1802.13
739754.868,739749.111,1698961140,1802.13,1802.27
739753.568,739825.184,1698961200,1802.26,1801.82
739748.932,739690.893,1698961260,1801.82,1800.81
739718.786,739823.386,1698961320,1800.82,1801
739830.986,739726.947,1698961380,1801,1801
739735.479,739779.296,1698961440,1801,1800.99
739810.4,740006.862,1698961500,1800.99,1801.2
740103.386,740108.898,1698961560,1801.2,1801.54
740037.34,739929.633,1698961620,1801.53,1802.05
739957.382,739961.422,1698961680,1802.06,1802.06
739976.459,739973.994,1698961740,1802.05,1802.5
739978.022,740014.179,1698961800,1802.5,1802.3
740020.94,739998.61,1698961860,1802.31,1802.04
739986.427,739975.329,1698961920,1802.04,1801.83
739985.58,739974.453,1698961980,1801.83,1801.62
739943.117,739936.53,1698962040,1801.63,1801.55
739869.614,739866.721,1698962100,1801.56,1800.84
739837.058,739842.243,1698962160,1800.84,1801.36
739853.161,739833.202,1698962220,1801.36,1802.2
739846.19,739846.19,1698962280,1802.2,1802.71
739776.661,739744.837,1698962340,1802.7,1803.39
739848.346,739878.877,1698962400,1803.38,1802.65
739940.495,739949.718,1698962460,1802.65,1800.85
740032.584,740062.872,1698962520,1800.85,1801.63
740209.197,740572.193,1698962580,1801.64,1802.31
740703.106,740941.67,1698962640,1802.31,1802.04
740957.002,740993.577,1698962700,1802.05,1802.13
741089.668,741142.287,1698962760,1802.13,1802.34
741188.424,741208.243,1698962820,1802.33,1801.29
741478.165,741462.037,1698962880,1801.28,1800.44
741558.952,741507.932,1698962940,1800.45,1799.61
741515.257,741557.046,1698963000,1799.6,1799.7
741597.361,741622.567,1698963060,1799.71,1799.04
741713.507,741764.868,1698963120,1799.05,1798.11
741745.557,741505.181,1698963180,1798.11,1797.35
741684.794,741837.979,1698963240,1797.36,1798.18
741780.83,741913.453,1698963300,1798.18,1797.69
742057.617,742159.39,1698963360,1797.69,1798.73
742188.304,742285.736,1698963420,1798.72,1799.39
742314.724,742318.738,1698963480,1799.4,1799.32
742400.985,742403.798,1698963540,1799.33,1799.9
742572.997,742694.926,1698963600,1799.9,1800.61
742768.592,742703.531,1698963660,1800.62,1800.29
742898.893,742898.893,1698963720,1800.3,1798.24
742924.207,743019.948,1698963780,1798.24,1799.32
743079.134,743205.599,1698963840,1799.32,1798.41
743175.255,743191.371,1698963900,1798.42,1798.68
743201.261,743235.898,1698963960,1798.68,1798.98
743242.142,743239.435,1698964020,1798.98,1799.56
743259.456,743263.253,1698964080,1799.53,1798.93
743248.128,743269.099,1698964140,1798.93,1798.95
743205.964,743193.358,1698964200,1798.94,1799.2
743175.225,743178.366,1698964260,1799.19,1799.89
743131.72,743191.729,1698964320,1799.88,1801.23
743210.144,743220.334,1698964380,1801.24,1800.73
743278.983,743284.87,1698964440,1800.72,1799.38
743497.432,743449.924,1698964500,1799.38,1800.15
743509.198,743512.796,1698964560,1800.14,1799.64
743551.728,743736.339,1698964620,1799.64,1797.8
743735.341,743767.397,1698964680,1797.81,1798.2
743755.161,743772.865,1698964740,1798.2,1797.68
743746.072,743818.541,1698964800,1797.69,1796.93
743818.448,743841.54,1698964860,1796.94,1796.1
744196.275,744151.438,1698964920,1796.1,1795.36
744081.09,744169.319,1698964980,1795.35,1794.89
744154.099,744765.999,1698965040,1794.88,1795.73
744615.153,744615.153,1698965100,1795.72,1796.69
743975.852,744101.583,1698965160,1796.7,1796.16
744047.073,744186.805,1698965220,1796.16,1796.53
744085.282,743994.093,1698965280,1796.53,1796.39
743985.817,743895.119,1698965340,1796.39,1796.07
744035.197,744057.837,1698965400,1796.06,1797.22
744156.607,744245.688,1698965460,1797.23,1795.89
744067.293,744101.856,1698965520,1795.89,1796.29
744070.426,744012.643,1698965580,1796.3,1795.79
744042.06,744058.633,1698965640,1795.79,1795.62
743968.601,743991.707,1698965700,1795.62,1796.2
743999.225,743925.963,1698965760,1796.2,1797.8
743961.719,744157.231,1698965820,1797.8,1796.69
744123.032,744102.078,1698965880,1796.68,1796.71
744090.611,744069.785,1698965940,1796.71,1795.94
743991.226,744046.17,1698966000,1795.93,1795.86
744062.25,744102.821,1698966060,1795.86,1794.35
744542.456,744440.214,1698966120,1794.36,1795.54
744412.262,744437.31,1698966180,1795.54,1794.58
744440.768,744438.896,1698966240,1794.58,1794.59
744605.233,744463.988,1698966300,1794.59,1794.45
744838.255,744833.254,1698966360,1794.46,1795.88
744846.397,744846.397,1698966420,1795.9,1794.33
744840.901,744808.131,1698966480,1794.32,1794.24
744893.896,744892.523,1698966540,1794.23,1795.24
744857.863,744825.617,1698966600,1795.24,1795.2
744785.606,744740.537,1698966660,1795.21,1793.41
744721.534,744845,1698966720,1793.41,1794.28
745015.66,744741.074,1698966780,1794.29,1795.54
744739.001,744837.333,1698966840,1795.54,1795.26
744897.844,744917.269,1698966900,1795.26,1795.88
744968.263,745399.204,1698966960,1795.89,1797.68
745291.403,745289.346,1698967020,1797.67,1798.57
745170.108,745152.902,1698967080,1798.56,1798.07
745027.299,744961.872,1698967140,1798.1,1798.9
745155.248,745440.508,1698967200,1798.89,1799.25
745481.497,745015.229,1698967260,1799.25,1798.97
744965.032,744903.276,1698967320,1798.98,1799.38
744915.534,744827.041,1698967380,1799.38,1799.73
744827.567,744944.892,1698967440,1799.74,1799.01
744933.397,745018.622,1698967500,1799.02,1799.36
745078.421,745093.062,1698967560,1799.36,1799.22
745160.676,745079.463,1698967620,1799.23,1799.02
744983.612,745010.945,1698967680,1799.04,1798.45
745010.246,745010.246,1698967740,1798.45,1798.78
745081.855,745083.627,1698967800,1798.79,1799.7
745123.621,745219.706,1698967860,1799.7,1799.83
745205.546,745128.108,1698967920,1799.83,1797.92
745105.325,745171.744,1698967980,1797.93,1797.32
745170.433,745183.189,1698968040,1797.32,1797.3
745184.257,745142.79,1698968100,1797.3,1795.48
745035.206,744853.608,1698968160,1795.47,1796.51
744976.415,745035.648,1698968220,1796.52,1797.35
745079.066,745097.588,1698968280,1797.34,1797.96
745153.998,745084.138,1698968340,1797.96,1797.71
745106.397,745066.83,1698968400,1797.72,1797.6
745066.046,745114.115,1698968460,1797.6,1798.15
745190.042,745185.717,1698968520,1798.16,1798.67
745235.91,745243.774,1698968580,1798.67,1798.63
745309.635,745365.497,1698968640,1798.64,1799.06
745415.637,745415.691,1698968700,1799.06,1798.85
745363.346,745405.19,1698968760,1798.86,1798.61
745438.63,745447.235,1698968820,1798.62,1800
745585.547,745302.803,1698968880,1800,1801.35
745408.199,745777.492,1698968940,1801.35,1800.92
745772.399,745833.805,1698969000,1800.92,1800.94
745829.834,745826.179,1698969060,1800.93,1799.9
745853.513,745853.513,1698969120,1799.91,1799.99
745870.821,745879.99,1698969180,1800,1799.83
745890.633,745878.498,1698969240,1799.83,1799.77
745886.685,746097.637,1698969300,1799.77,1799.86
746036.141,746068.455,1698969360,1799.86,1800.65
746032.663,746040.049,1698969420,1800.65,1800
746035.04,746064.524,1698969480,1800.01,1800.18
746140.456,746129.513,1698969540,1800.18,1800.68
746233.078,746269.977,1698969600,1800.68,1801.2
746186.586,745896.876,1698969660,1801.2,1799.94
745821.724,745893.894,1698969720,1799.93,1800.41
745878.117,745751.665,1698969780,1800.41,1799.48
745743.18,745779.298,1698969840,1799.49,1798.76
746088.64,745873.504,1698969900,1798.76,1799.05
745761.152,745928.568,1698969960,1799.06,1797.9
746157.13,746306.269,1698970020,1797.91,1800.57
746381.026,746315.766,1698970080,1800.58,1798.96
746413.181,746419.049,1698970140,1798.96,1798.76
746364.746,746323.294,1698970200,1798.77,1800.91
746349.617,746259.909,1698970260,1800.91,1802.48
745955.308,745909.686,1698970320,1802.48,1802.06
745708.077,746003.365,1698970380,1802.07,1801.71
745859.606,745623.562,1698970440,1801.71,1800.31
745625.368,745625.368,1698970500,1800.32,1798.4
745515.65,745525.613,1698970560,1798.41,1799.61
745594.024,745578.699,1698970620,1799.53,1797.01
745591.57,745461.866,1698970680,1797.02,1797.55
745481.165,745586.185,1698970740,1797.55,1799
745556.659,745485.289,1698970800,1798.99,1798.87
745624.357,745695.838,1698970860,1798.86,1797.85
745710.765,745741.005,1698970920,1797.85,1796.96
745900.295,745952.515,1698970980,1796.96,1797.27
746091.77,746068.177,1698971040,1797.27,1796.84
746077.854,746122.561,1698971100,1796.83,1796.2
746141.951,746131.804,1698971160,1796.22,1793.89
746066.77,745855.708,1698971220,1793.89,1793.68
745819.592,745904.234,1698971280,1793.69,1793.36
745939.153,745936.909,1698971340,1793.36,1791.96
745874.425,745920.899,1698971400,1791.95,1792.82
745866.984,746109.113,1698971460,1792.82,1792.23
746160.937,746122.885,1698971520,1792.22,1792.93
746183.911,746244.856,1698971580,1792.93,1791.78
746190.782,746033.303,1698971640,1791.79,1789.89
746139.419,746294.324,1698971700,1789.89,1790.37
746214.075,746490.127,1698971760,1790.36,1790.7
746576.587,746720.24,1698971820,1790.63,1791.31
746593.417,746593.417,1698971880,1791.31,1791.64
746594.057,746779.445,1698971940,1791.64,1793.98
747003.987,747409.604,1698972000,1793.97,1795.57
746836.746,746515.963,1698972060,1795.57,1794.69
746571.266,746363.98,1698972120,1794.64,1793.45
746364.226,746451.982,1698972180,1793.46,1794.45
746564.389,746618.178,1698972240,1794.45,1795.03
746613.06,746892.107,1698972300,1795.03,1796.88
746821.15,746683.568,1698972360,1796.88,1794.95
746637.363,746692.215,1698972420,1794.91,1793.82
746557.52,746461.176,1698972480,1793.81,1791.09
746272.218,746259.848,1698972540,1791.1,1790.64
746163,746097.454,1698972600,1790.68,1790.7
746054.342,746010.001,1698972660,1790.71,1788.37
744817.679,745339.593,1698972720,1788.36,1786.5
745601.811,745053.386,1698972780,1786.5,1785.42
746284.865,746821.681,1698972840,1785.42,1786
747138.209,747302.822,1698972900,1785.99,1784.61
748094.02,748449.307,1698972960,1784.61,1783.32
748543.918,747932.091,1698973020,1783.31,1785.69
748953.101,748967.031,1698973080,1785.67,1786.71
749361.93,749457.128,1698973140,1786.71,1786.62
749901.514,749981.584,1698973200,1786.62,1787.02
750208.038,750321.984,1698973260,1787.03,1785.27
750577.463,750577.463,1698973320,1785.28,1785.47
750799.7,750731.887,1698973380,1785.47,1787.62
751091.99,751060.67,1698973440,1787.61,1785.05
751086.918,751783.442,1698973500,1785.06,1786.96
752125.941,752471.066,1698973560,1786.96,1787.43
752478.232,751790.855,1698973620,1787.43,1789.6
751902.025,752036.935,1698973680,1789.59,1788.56
752500.742,752746.171,1698973740,1788.55,1786.73
752676.383,752808.496,1698973800,1786.73,1788.67
752978.55,753060.78,1698973860,1788.67,1786.06
753347.282,753336.069,1698973920,1786.05,1786.72
753409.793,753508.963,1698973980,1786.72,1786.98
753560.804,753530.486,1698974040,1786.98,1783.88
753588.087,753738.063,1698974100,1783.88,1781.25
753702.204,753778.866,1698974160,1781.25,1780.44
753847.173,753661,1698974220,1780.44,1781.57
753666.876,751559.87,1698974280,1781.57,1778.02
751828.184,751734.236,1698974340,1778.01,1780.7
751604.25,751594.386,1698974400,1780.69,1784.05
751573.8,751701.859,1698974460,1784.06,1782.12
752127.164,752212.993,1698974520,1782.12,1782.84
752409.922,752409.922,1698974580,1782.83,1784.67
752569.727,752761.431,1698974640,1784.66,1786.8
752803.911,752885.995,1698974700,1786.8,1786.47
752691.198,752683.731,1698974760,1786.47,1788.11
752367.419,752383.68,1698974820,1788.1,1788.76
752480.911,752510.109,1698974880,1788.8,1788.85
752504.302,752597.021,1698974940,1788.84,1789.36
752440.581,752875.712,1698975000,1789.36,1791.22
752858.57,752723.643,1698975060,1791.23,1791.49
752595.247,752664.176,1698975120,1791.5,1791.35
752684.377,752564.893,1698975180,1791.35,1792
752833.456,752666.648,1698975240,1792,1791.33
752716.629,752839.944,1698975300,1791.31,1789.47
752780.456,752645.268,1698975360,1789.48,1787.82
752493.261,752545.348,1698975420,1787.81,1788.15
752555.798,752538.717,1698975480,1788.14,1789.26
752526.864,752393.769,1698975540,1789.25,1788.16
752378.006,752392.119,1698975600,1788.17,1787.69
752540.768,752669.968,1698975660,1787.7,1788.23
752681.012,752675.145,1698975720,1788.24,1788.62
752688.652,752660.947,1698975780,1788.63,1789.13
752672.922,752768.651,1698975840,1789.19,1788.71
752899.989,752916.863,1698975900,1788.71,1788.14
753213.837,753112.004,1698975960,1788.13,1786.88
753238.916,753238.916,1698976020,1786.87,1788.01
753428.773,753269.972,1698976080,1788,1786.51
753221.976,753209.932,1698976140,1786.51,1786.55
753210.946,753189.742,1698976200,1786.55,1786.48
753154.095,753147.462,1698976260,1786.44,1784.92
753078.366,753029.156,1698976320,1784.92,1784.46
753143.944,753183.235,1698976380,1784.46,1787.07
753200.066,753290.744,1698976440,1787.07,1788.15
753236.868,753315.587,1698976500,1788.15,1787.92
753371.422,753453.57,1698976560,1787.91,1788.75
753438.841,753489.599,1698976620,1788.74,1789.56
753597.481,753707.743,1698976680,1789.55,1789.74
753547.974,753711.181,1698976740,1789.75,1789.07
753674.273,753710.035,1698976800,1789.06,1787.93
753689.113,753754.075,1698976860,1787.93,1788.48
753828.128,753822.252,1698976920,1788.48,1790.29
754118.835,754141.019,1698976980,1790.28,1792.58
753904.172,753921.795,1698977040,1792.57,1794.13
753725.136,753230.786,1698977100,1794.13,1792.69
753232.709,753593.233,1698977160,1792.68,1791.36
753507.129,753449.16,1698977220,1791.35,1791.64
753544.953,753631.486,1698977280,1791.64,1791.56
753718.629,753718.629,1698977340,1791.57,1793.54
753954.226,754018.115,1698977400,1793.54,1793.08
754098.445,754180.453,1698977460,1793.08,1793.39
754292.262,754292.785,1698977520,1793.4,1792.91
754373.709,754426.687,1698977580,1792.9,1793.52
754478.739,754517.968,1698977640,1793.53,1793.83
754494.868,754468.131,1698977700,1793.83,1792.98
754564.017,754411.08,1698977760,1792.98,1794.65
754526.586,754637.549,1698977820,1794.66,1793.15
754683.996,754601.54,1698977880,1793.16,1794.3
754577.56,754574.379,1698977940,1794.3,1794.78
754644.821,754502.695,1698978000,1794.79,1794.91
754519.277,754490.779,1698978060,1794.91,1793.89
754513.81,754470.678,1698978120,1793.89,1794.46
754527.007,754531.117,1698978180,1794.47,1794.62
754470.273,754473.551,1698978240,1794.61,1794.43
754387.237,754935.346,1698978300,1794.43,1795.57
754893.059,754821.449,1698978360,1795.56,1795.05
754795.07,754789.161,1698978420,1795.04,1795.67
754713.667,754697.554,1698978480,1795.66,1795.83
754684.08,754620.686,1698978540,1795.83,1795.94
754471.475,754414.487,1698978600,1795.95,1794.72
754348.277,754117.463,1698978660,1794.72,1796.04
754171.476,754171.476,1698978720,1796.02,1794.98
754111.526,754240.728,1698978780,1794.99,1794.83
754258.938,754274.631,1698978840,1794.82,1794.7
754171.994,754226.586,1698978900,1794.71,1793.65
754082.304,753985.057,1698978960,1793.64,1793.12
754035.694,753910.712,1698979020,1793.12,1793.21
753878.088,753759.843,1698979080,1793.21,1793.28
753854.124,753790.837,1698979140,1793.3,1795.44
753867.443,753737.325,1698979200,1795.44,1793.34
753684.104,753653.335,1698979260,1793.34,1793.76
753658.958,753695.369,1698979320,1793.77,1794.48
753641.399,753731.56,1698979380,1794.48,1794.97
753602.354,753590.026,1698979440,1794.97,1794.92
753479.982,753464.122,1698979500,1794.92,1794.41
753447.99,753278.52,1698979560,1794.4,1794.89
752728.397,752772.084,1698979620,1794.88,1794.79
752826.215,752947.422,1698979680,1794.78,1794.49
753180.767,753281.249,1698979740,1794.5,1795.99
753230.392,753117.994,1698979800,1795.99,1795.77
753059.875,752976.643,1698979860,1795.78,1795.06
752873.774,752855.39,1698979920,1795.07,1795.78
752802.629,752819.515,1698979980,1795.78,1796.38
752851.173,752851.173,1698980040,1796.38,1796.4
752846.672,753044.597,1698980100,1796.4,1797.3
753123.266,752876.306,1698980160,1797.28,1795.72
752635.851,751806.876,1698980220,1795.71,1797.31
751733.874,751878.96,1698980280,1797.31,1797.05
751907.282,751868.177,1698980340,1797.05,1797.21
751911.967,751896.943,1698980400,1797.21,1797.48
751910.378,751894.503,1698980460,1797.49,1797.08
751885.892,751749.39,1698980520,1797.08,1797
751804.182,751809.843,1698980580,1796.99,1796.89
751798.647,751615.103,1698980640,1796.9,1795.74
751486.377,751347.108,1698980700,1795.74,1795.14
751299.329,751346.568,1698980760,1795.14,1796.63
751415.571,751373.192,1698980820,1796.7,1797.35
751456.595,751465.917,1698980880,1797.34,1797.49
751402.99,751390.468,1698980940,1797.49,1796.65
751351.025,751277.707,1698981000,1796.65,1796.7
751242.277,751245.651,1698981060,1796.71,1796.64
751467.861,751399.611,1698981120,1796.65,1795.74
751418.947,751426.01,1698981180,1795.73,1795.96
751464.249,751630.216,1698981240,1795.96,1796.09
751792.354,751741.457,1698981300,1796.1,1796.98
751706.334,751716.149,1698981360,1796.99,1796.8
751662.167,751662.167,1698981420,1796.8,1796.96
751681.389,751572.917,1698981480,1796.95,1797.26
751556.343,751646.441,1698981540,1797.26,1797.84
751600.677,751532.841,1698981600,1797.84,1797.99
751259.839,751221.932,1698981660,1798,1798.86
751031.023,751648.481,1698981720,1798.85,1798.15
751425.243,751545.75,1698981780,1798.16,1797.1
751874.311,751842.698,1698981840,1797.1,1796.56
751834.389,751917.623,1698981900,1796.56,1798.96
751665.803,751466.568,1698981960,1798.96,1797.72
751908.071,751847.173,1698982020,1797.7,1797.54
751851.386,751829.233,1698982080,1797.53,1796.58
751556.276,751528.193,1698982140,1796.59,1797.51
751745.433,751833.539,1698982200,1797.5,1797.38
751739.105,751800.144,1698982260,1797.37,1797.82
751787.368,751792.774,1698982320,1797.83,1798.04
751985.552,752000.319,1698982380,1798.03,1797.71
751941.571,751970.443,1698982440,1797.75,1798.11
751964.47,752106.523,1698982500,1798.11,1799.18
752153.205,752238.897,1698982560,1799.18,1798.12
752119.72,752097.139,1698982620,1798.12,1798.13
752081.755,752003.393,1698982680,1798.13,1797.61
752105.42,752124.594,1698982740,1797.61,1799.01
752032.175,752032.175,1698982800,1799.02,1799.42
752068.934,752091.333,1698982860,1799.41,1798.87
751972.605,751944.593,1698982920,1798.86,1799.18
751960.226,751995.272,1698982980,1799.19,1799.11
752509.175,752441.141,1698983040,1799.11,1799.45
752607.811,752826.294,1698983100,1799.45,1799
752670.185,752668.728,1698983160,1799.01,1799.03
752693.147,752670.836,1698983220,1799.02,1798.62
752716.724,752778.039,1698983280,1798.62,1798.74
752774.916,752831.002,1698983340,1798.75,1798.69
752755.105,752747.555,1698983400,1798.69,1799.89
752857.589,752846.656,1698983460,1799.89,1800.04
752880.893,752795.213,1698983520,1800.04,1799.75
752712.743,752738.509,1698983580,1799.75,1799.9
752780.977,752767.772,1698983640,1799.9,1799.7
752782.977,752740.928,1698983700,1799.69,1799.71
752768.936,752746.294,1698983760,1799.7,1799.79
752705.008,752635.011,1698983820,1799.8,1799.18
752626.462,752600.165,1698983880,1799.19,1799.24
752592.531,752438.234,1698983940,1799.24,1798.29
752472.503,752391.605,1698984000,1798.28,1799.17
752576.872,752576.872,1698984060,1799.16,1799.23
752717.054,752655.127,1698984120,1799.24,1799.55
752615.18,752663.136,1698984180,1799.54,1799.59
752542.716,752488.133,1698984240,1799.5,1798.83
752482.539,752418.353,1698984300,1798.81,1797.88
752407.924,752352.277,1698984360,1797.88,1797.48
752292.677,752085.233,1698984420,1797.47,1797.15
752069.337,751934.024,1698984480,1797.15,1797.03
751774.412,751811.541,1698984540,1797.02,1797.7
751724.084,751661.394,1698984600,1797.7,1796.9
751591.571,751552.538,1698984660,1796.89,1797.24
751562.255,751649.499,1698984720,1797.24,1797.9
751628.529,751599.615,1698984780,1797.89,1797.02
751687.092,751659.591,1698984840,1797.08,1796.67
751757.113,751682.072,1698984900,1796.67,1797.43
751581.1,751560.209,1698984960,1797.41,1797.28
751528.145,751492.343,1698985020,1797.27,1797.07
751425.093,751564.775,1698985080,1797.06,1796.25
751724.673,751835.808,1698985140,1796.25,1796.33
751418.437,751187.956,1698985200,1796.32,1795.95
751238.475,751169.292,1698985260,1795.95,1796.77
751199.731,751295.021,1698985320,1796.76,1797.32
751347.124,751302.629,1698985380,1797.33,1797.01
751329.614,751329.614,1698985440,1797.02,1796.91
751398.161,751243.155,1698985500,1796.91,1796.1
751256.196,751329.245,1698985560,1796.11,1796.89
751355.965,751383.736,1698985620,1796.88,1797.36
751376.786,751383.005,1698985680,1797.36,1798.12
751562.732,751639.422,1698985740,1798.11,1797.65
751846.173,751746.21,1698985800,1797.65,1797.17
751777.21,751743.053,1698985860,1797.16,1797.6
751733.952,751923.957,1698985920,1797.6,1796.83
751848.633,751843.728,1698985980,1796.83,1796.54
751624.134,751462.953,1698986040,1796.53,1795.95
751442.641,751302.627,1698986100,1795.95,1795.66
751354.077,751347.563,1698986160,1795.66,1796
751433.331,751256.954,1698986220,1796,1796.89
751263.496,751313.315,1698986280,1796.88,1796.83
751265.633,751147.33,1698986340,1796.87,1795.68
751070.649,750852.712,1698986400,1795.68,1794.97
750790.134,750797.933,1698986460,1794.96,1794.59
750774.488,750604.165,1698986520,1794.6,1794.31
749977.999,749976.172,1698986580,1794.31,1793.97
749902.881,749772.561,1698986640,1793.96,1793.26
750066.978,750066.978,1698986700,1793.26,1792.31
749672.263,748694.352,1698986760,1792.31,1790.23
748219.943,748114.55,1698986820,1790.23,1790.73
748326.839,748361.702,1698986880,1790.73,1787.64
748372.918,748080.738,1698986940,1787.63,1788.76
747822.143,747945.997,1698987000,1788.75,1790.51
748162.956,748864.681,1698987060,1790.52,1791.19
749074.299,749637.618,1698987120,1791.19,1794.29
749686.372,749700.5,1698987180,1794.28,1791.43
749504.578,749698.827,1698987240,1791.43,1790.37
749664.651,749879.231,1698987300,1790.38,1789.41
749854.977,749871.916,1698987360,1789.4,1788.97
749553.942,749433.6,1698987420,1788.81,1789.7
749464.56,749404.406,1698987480,1789.69,1790.71
749452.724,749481.382,1698987540,1790.71,1791.74
749593.79,749681.958,1698987600,1791.73,1792.54
749645.371,749657.963,1698987660,1792.53,1792.92
749752.261,749752.261,1698987720,1792.93,1793.58
