"timestamp","OI_open","OI_close","price_close"
1697823660,9224500,9222530,1.621
1697823720,9222524,9226986,1.622
1697823780,9228707,9232930,1.621
1697823840,9232966,9232064,1.622
1697823900,9231883,9231658,1.622
1697823960,9227016,9226843,1.621
1697824020,9226843,9226725,1.621
1697824080,9225179,9223227,1.623
1697824140,9221540,9223729,1.625
1697824200,9220648,9219922,1.627
1697824260,9219723,9224939,1.626
1697824320,9227437,9229170,1.626
1697824380,9228011,9228011,1.625
1697824440,9228011,9229314,1.626
1697824500,9229298,9236186,1.624
1697824560,9235177,9235527,1.624
1697824620,9238367,9238584,1.625
1697824680,9238150,9237077,1.625
1697824740,9236927,9233688,1.625
1697824800,9231142,9236701,1.626
1697824860,9240044,9237508,1.626
1697824920,9237869,9233588,1.627
1697824980,9233330,9234052,1.627
1697825040,9233843,9235849,1.627
1697825100,9236525,9239107,1.626
1697825160,9236262,9236476,1.624
1697825220,9237175,9240241,1.625
1697825280,9238346,9238053,1.623
1697825340,9237853,9238673,1.622
1697825400,9238665,9238017,1.622
1697825460,9237985,9235376,1.621
1697825520,9234474,9234809,1.621
1697825580,9230087,9222382,1.622
1697825640,9222826,9223213,1.622
1697825700,9223407,9223407,1.623
1697825760,9225439,9221871,1.622
1697825820,9226279,9225930,1.622
1697825880,9214256,9214536,1.622
1697825940,9216985,9217664,1.623
1697826000,9217664,9217556,1.624
1697826060,9216833,9218410,1.624
1697826120,9253838,9288975,1.62
1697826180,9291318,9287127,1.619
1697826240,9286694,9294198,1.619
1697826300,9335204,9335509,1.615
1697826360,9326209,9314029,1.614
1697826420,9315413,9312535,1.616
1697826480,9309841,9313144,1.614
1697826540,9306620,9303461,1.616
1697826600,9301020,9296620,1.617
1697826660,9297394,9292175,1.617
1697826720,9293520,9290589,1.616
1697826780,9279249,9225141,1.621
1697826840,9220509,9226162,1.62
1697826900,9226709,9226829,1.621
1697826960,9240295,9240440,1.618
1697827020,9241135,9244450,1.616
1697827080,9244293,9244507,1.616
1697827140,9243814,9243814,1.614
1697827200,9245774,9245720,1.615
1697827260,9247065,9247262,1.616
1697827320,9246721,9246807,1.616
1697827380,9246287,9248101,1.616
1697827440,9243928,9244910,1.614
1697827500,9247152,9246342,1.615
1697827560,9246800,9246410,1.613
1697827620,9243940,9239723,1.614
1697827680,9239572,9243837,1.613
1697827740,9242429,9241305,1.614
1697827800,9241271,9238613,1.615
1697827860,9238613,9238663,1.615
1697827920,9236103,9236733,1.617
1697827980,9236943,9243220,1.614
1697828040,9246637,9246637,1.614
1697828100,9249693,9249019,1.612
1697828160,9249155,9251972,1.613
1697828220,9252307,9252970,1.612
1697828280,9248528,9250401,1.61
1697828340,9249300,9242016,1.612
1697828400,9242131,9244135,1.611
1697828460,9246141,9237574,1.611
1697828520,9236427,9238125,1.612
1697828580,9238070,9239837,1.612
1697828640,9241938,9239269,1.612
1697828700,9232854,9230504,1.614
1697828760,9230256,9240052,1.612
1697828820,9240018,9238054,1.612
1697828880,9238188,9233732,1.613
1697828940,9233637,9233922,1.614
1697829000,9234020,9238715,1.615
1697829060,9238623,9239991,1.614
1697829120,9248587,9249757,1.612
1697829180,9251204,9251343,1.612
1697829240,9253899,9253176,1.612
1697829300,9253622,9253673,1.612
1697829360,9253935,9258619,1.611
1697829420,9259167,9262831,1.61
1697829480,9263186,9263186,1.61
1697829540,9263182,9251435,1.611
1697829600,9279269,9286833,1.61
1697829660,9287196,9286080,1.61
1697829720,9277788,9278179,1.61
1697829780,9277700,9278025,1.61
1697829840,9277801,9278042,1.61
1697829900,9275682,9287467,1.608
1697829960,9285374,9283407,1.608
1697830020,9283043,9278658,1.609
1697830080,9278658,9274531,1.61
1697830140,9280701,9278698,1.608
1697830200,9277765,9274954,1.609
1697830260,9274928,9268260,1.61
1697830320,9270023,9270059,1.609
1697830380,9270003,9279804,1.61
1697830440,9280323,9279948,1.61
1697830500,9283457,9281833,1.61
1697830560,9278565,9270714,1.611
1697830620,9269481,9269481,1.612
1697830680,9269460,9269956,1.612
1697830740,9268074,9271511,1.611
1697830800,9275235,9275235,1.609
1697830860,9273722,9273438,1.608
1697830920,9272649,9272545,1.609
1697830980,9267695,9268735,1.608
1697831040,9267423,9267423,1.608
1697831100,9267095,9266584,1.607
1697831160,9267474,9268102,1.608
1697831220,9264924,9262498,1.611
1697831280,9260960,9264510,1.61
1697831340,9263985,9263242,1.61
1697831400,9263242,9263545,1.61
1697831460,9262525,9259630,1.611
1697831520,9260276,9260033,1.613
1697831580,9259451,9262056,1.614
1697831640,9250069,9249116,1.615
1697831700,9247976,9244813,1.614
1697831760,9244833,9244707,1.615
1697831820,9227195,9227717,1.614
1697831880,9226811,9224000,1.617
1697831940,9224568,9223905,1.615
1697832000,9223632,9228359,1.616
1697832060,9229953,9237097,1.614
1697832120,9237529,9236807,1.614
1697832180,9236479,9236489,1.616
1697832240,9233955,9236492,1.617
1697832300,9223919,9213463,1.616
1697832360,9213463,9215170,1.616
1697832420,9214859,9213643,1.617
1697832480,9213637,9213689,1.616
1697832540,9211423,9211877,1.616
1697832600,9212518,9212575,1.617
1697832660,9212555,9212466,1.617
1697832720,9216548,9215077,1.617
1697832780,9214596,9215348,1.617
1697832840,9214929,9216190,1.616
1697832900,9216156,9215849,1.616
1697832960,9215928,9215486,1.618
1697833020,9215411,9211713,1.616
1697833080,9211616,9211611,1.616
1697833140,9211479,9211474,1.616
1697833200,9210869,9211894,1.615
1697833260,9211844,9209039,1.617
1697833320,9209173,9205405,1.618
1697833380,9203367,9207192,1.617
1697833440,9206992,9206694,1.617
1697833500,9205277,9205255,1.617
1697833560,9205100,9213943,1.616
1697833620,9214040,9214999,1.615
1697833680,9218558,9215738,1.615
1697833740,9216150,9214240,1.616
1697833800,9214181,9214523,1.616
1697833860,9214752,9214409,1.615
1697833920,9214662,9214662,1.615
1697833980,9214562,9214436,1.615
1697834040,9216040,9212379,1.617
1697834100,9213054,9218351,1.614
1697834160,9214168,9214115,1.615
1697834220,9214087,9213461,1.616
1697834280,9213552,9212830,1.615
1697834340,9212830,9210377,1.617
1697834400,9210377,9209135,1.619
1697834460,9204729,9202439,1.618
1697834520,9203445,9204234,1.618
1697834580,9206157,9205011,1.619
1697834640,9205027,9206955,1.619
1697834700,9210092,9207909,1.617
1697834760,9207786,9205459,1.617
1697834820,9205459,9206464,1.616
1697834880,9208455,9203902,1.617
1697834940,9203923,9204601,1.617
1697835000,9204358,9204767,1.617
1697835060,9203249,9200690,1.615
1697835120,9165782,9166288,1.615
1697835180,9166184,9166066,1.614
1697835240,9166020,9164305,1.615
1697835300,9164369,9164363,1.614
1697835360,9164430,9164430,1.613
1697835420,9164943,9156403,1.614
1697835480,9156515,9152492,1.612
1697835540,9149674,9148521,1.614
1697835600,9148102,9150019,1.617
1697835660,9148052,9149834,1.617
1697835720,9149904,9149287,1.616
1697835780,9149273,9150113,1.615
1697835840,9148721,9141341,1.614
1697835900,9132167,9125719,1.615
1697835960,9125372,9125372,1.615
1697836020,9125372,9118216,1.616
1697836080,9118216,9117691,1.616
1697836140,9118709,9118594,1.618
1697836200,9114835,9116060,1.617
1697836260,9114010,9113682,1.618
1697836320,9112698,9112996,1.618
1697836380,9115440,9114467,1.618
1697836440,9112283,9112195,1.617
1697836500,9107787,9107787,1.618
1697836560,9113165,9106755,1.617
1697836620,9106534,9106414,1.618
1697836680,9106254,9107582,1.616
1697836740,9104653,9104554,1.617
1697836800,9104538,9099575,1.618
1697836860,9099843,9101339,1.618
1697836920,9101332,9101585,1.618
1697836980,9097108,9097108,1.618
1697837040,9095680,9095658,1.617
1697837100,9095486,9095371,1.617
1697837160,9095333,9091067,1.619
1697837220,9091612,9091641,1.618
1697837280,9091752,9096550,1.617
1697837340,9096920,9096920,1.617
1697837400,9096068,9095744,1.618
1697837460,9094037,9094037,1.617
1697837520,9097918,9097675,1.618
1697837580,9097706,9099284,1.617
1697837640,9099191,9100685,1.617
1697837700,9100586,9098881,1.619
1697837760,9098670,9098468,1.619
1697837820,9098773,9099007,1.619
1697837880,9099049,9099818,1.619
1697837940,9099855,9099861,1.619
1697838000,9098335,9094411,1.62
1697838060,9094540,9094571,1.619
1697838120,9096175,9096087,1.619
1697838180,9096017,9096808,1.619
1697838240,9097315,9083044,1.622
1697838300,9083169,9082897,1.622
1697838360,9082853,9083844,1.622
1697838420,9084526,9083276,1.621
1697838480,9083267,9083267,1.621
1697838540,9084718,9083831,1.622
1697838600,9082749,9082456,1.622
1697838660,9082454,9082300,1.621
1697838720,9081613,9082003,1.622
1697838780,9082172,9080021,1.621
1697838840,9089559,9090175,1.62
1697838900,9092248,9094994,1.618
1697838960,9094922,9094260,1.618
1697839020,9094146,9089731,1.619
1697839080,9087785,9087785,1.621
1697839140,9087753,9087778,1.62
1697839200,9086086,9084999,1.622
1697839260,9085003,9083030,1.622
1697839320,9077546,9077396,1.622
1697839380,9075230,9069411,1.622
1697839440,9066823,9066823,1.622
1697839500,9066823,9067570,1.623
1697839560,9069958,9068958,1.622
1697839620,9069203,9069201,1.623
1697839680,9065301,9065186,1.624
1697839740,9067097,9069130,1.625
1697839800,9068793,9070556,1.624
1697839860,9070151,9067362,1.624
1697839920,9066903,9070489,1.624
1697839980,9070489,9064762,1.624
1697840040,9067437,9067437,1.625
1697840100,9067425,9075493,1.623
1697840160,9074460,9073466,1.621
1697840220,9074979,9074876,1.622
1697840280,9075356,9076522,1.623
1697840340,9076358,9076358,1.623
1697840400,9076571,9076552,1.622
1697840460,9075711,9075711,1.621
1697840520,9075916,9072596,1.621
1697840580,9072596,9072622,1.622
1697840640,9072771,9073246,1.622
1697840700,9073385,9073755,1.623
1697840760,9073876,9073700,1.623
1697840820,9072051,9071806,1.623
1697840880,9072545,9071836,1.622
1697840940,9071836,9071836,1.624
1697841000,9064250,9063891,1.624
1697841060,9069278,9073898,1.624
1697841120,9073871,9072263,1.623
1697841180,9072427,9072427,1.624
1697841240,9072706,9069858,1.624
1697841300,9068906,9067719,1.623
1697841360,9067702,9069037,1.623
1697841420,9068960,9067829,1.624
1697841480,9066890,9065199,1.624
1697841540,9065199,9065075,1.623
1697841600,9063849,9080021,1.629
1697841660,9083835,9086226,1.636
1697841720,9086094,9097525,1.634
1697841780,9098323,9102796,1.636
1697841840,9108645,9099968,1.635
1697841900,9098636,9103631,1.639
1697841960,9101796,9100891,1.64
1697842020,9124675,9113875,1.638
1697842080,9111145,9113127,1.636
1697842140,9113192,9106145,1.636
1697842200,9105112,9103692,1.637
1697842260,9103894,9104442,1.637
1697842320,9108069,9107709,1.638
1697842380,9101510,9096742,1.637
1697842440,9096146,9094186,1.635
1697842500,9097124,9095122,1.636
1697842560,9094208,9090713,1.637
1697842620,9090467,9091065,1.636
1697842680,9091008,9087233,1.635
1697842740,9086206,9088999,1.635
1697842800,9086425,9079987,1.636
1697842860,9082579,9077412,1.636
1697842920,9080016,9073181,1.636
1697842980,9072455,9076390,1.638
1697843040,9076664,9076664,1.634
1697843100,9075383,9073335,1.634
1697843160,9065041,9056815,1.637
1697843220,9055421,9054527,1.635
1697843280,9057534,9057602,1.636
1697843340,9057236,9063657,1.636
1697843400,9059402,9060169,1.636
1697843460,9060125,9059474,1.638
1697843520,9063357,9065148,1.637
1697843580,9062221,9064199,1.638
1697843640,9065419,9065327,1.638
1697843700,9065108,9064946,1.638
1697843760,9058361,9057830,1.638
1697843820,9054933,9059680,1.635
1697843880,9059824,9061697,1.634
1697843940,9059932,9059003,1.634
1697844000,9058563,9058284,1.633
1697844060,9058418,9057751,1.634
1697844120,9055152,9055152,1.634
1697844180,9049315,9051863,1.636
1697844240,9054128,9055390,1.637
1697844300,9054052,9054048,1.638
1697844360,9053759,9051357,1.637
1697844420,9047980,9042206,1.638
1697844480,9044181,9044532,1.639
1697844540,9044821,9045276,1.638
1697844600,9044548,9044487,1.638
1697844660,9046150,9045322,1.636
1697844720,9047340,9050060,1.634
1697844780,9050937,9052121,1.634
1697844840,9050205,9066659,1.635
1697844900,9082745,9086665,1.636
1697844960,9097078,9095540,1.635
1697845020,9094486,9096075,1.634
1697845080,9096137,9096387,1.634
1697845140,9096685,9095839,1.633
1697845200,9090423,9086270,1.634
1697845260,9086046,9085051,1.634
1697845320,9083983,9082991,1.634
1697845380,9082613,9081662,1.634
1697845440,9080672,9083772,1.633
1697845500,9078171,9077114,1.633
1697845560,9076770,9076928,1.632
1697845620,9068501,9064889,1.634
1697845680,9064286,9063554,1.635
1697845740,9062920,9067214,1.639
1697845800,9071854,9071288,1.639
1697845860,9073451,9073368,1.639
1697845920,9067983,9067342,1.637
1697845980,9068119,9066676,1.637
1697846040,9062480,9062406,1.637
1697846100,9059873,9055230,1.635
1697846160,9050406,9045854,1.634
1697846220,9046685,9046498,1.635
1697846280,9046605,9048237,1.635
1697846340,9047101,9045511,1.635
1697846400,9043245,9033459,1.635
1697846460,9034324,9034264,1.635
1697846520,9038770,9035063,1.635
1697846580,9028768,9029265,1.638
1697846640,9027188,9015462,1.639
1697846700,9023306,9022998,1.639
1697846760,9019700,9019765,1.636
1697846820,9018654,9018547,1.637
1697846880,9017624,9017624,1.636
1697846940,9024012,9023994,1.636
1697847000,9025779,9024422,1.634
1697847060,9023301,9022165,1.634
1697847120,9016624,9016201,1.634
1697847180,9014390,9011518,1.634
1697847240,9003147,9001373,1.635
1697847300,9001251,8998863,1.637
1697847360,8999310,8995242,1.639
1697847420,8995349,8995947,1.638
1697847480,8994282,8992598,1.638
1697847540,8992292,8992236,1.637
1697847600,8993793,8993793,1.638
1697847660,8994176,8986467,1.639
1697847720,8986437,8988142,1.639
1697847780,8988195,8988054,1.639
1697847840,8988054,8989593,1.638
1697847900,8985330,8984430,1.638
1697847960,8984232,8985639,1.638
1697848020,8982709,8987864,1.64
1697848080,8987808,8988092,1.639
1697848140,8988083,8990040,1.64
1697848200,8988906,8989712,1.639
1697848260,8987849,8987372,1.641
1697848320,8986656,8992018,1.64
1697848380,8987645,8994210,1.639
1697848440,8992175,8991919,1.638
1697848500,8991742,8985119,1.638
1697848560,8985025,8985311,1.637
1697848620,8986402,8986676,1.637
1697848680,8980568,8980799,1.635
1697848740,8984633,8985998,1.635
1697848800,8982035,8975740,1.634
1697848860,8975688,8980554,1.634
1697848920,8978480,8978460,1.634
1697848980,8962557,8962557,1.635
1697849040,8962557,8962378,1.633
1697849100,8960437,8960339,1.636
1697849160,8960570,8960585,1.636
1697849220,8960405,8960358,1.634
1697849280,8960369,8958599,1.634
1697849340,8962299,8961981,1.635
1697849400,8959616,8959605,1.635
1697849460,8960539,8960075,1.635
1697849520,8958217,8958169,1.635
1697849580,8959687,8959687,1.635
1697849640,8956029,8946331,1.635
1697849700,8946136,8948020,1.634
1697849760,8947835,8947858,1.633
1697849820,8948874,8945831,1.636
1697849880,8944355,8942804,1.637
1697849940,8947197,8946535,1.638
1697850000,8944951,8943562,1.638
1697850060,8944468,8945004,1.638
1697850120,8944991,8943759,1.637
1697850180,8941729,8944542,1.638
1697850240,8944285,8944357,1.636
1697850300,8942658,8945476,1.634
1697850360,8938154,8940306,1.635
1697850420,8939485,8940002,1.635
1697850480,8939115,8939733,1.636
1697850540,8940517,8940517,1.637
1697850600,8939790,8938723,1.635
1697850660,8938821,8936155,1.635
1697850720,8936187,8936187,1.635
1697850780,8934630,8939063,1.637
1697850840,8938180,8938551,1.637
1697850900,8941247,8940243,1.638
1697850960,8939904,8939699,1.637
1697851020,8939467,8941930,1.637
1697851080,8941679,8939586,1.637
1697851140,8938304,8938427,1.638
1697851200,8938427,8938876,1.637
1697851260,8939535,8939663,1.638
1697851320,8940567,8945531,1.637
1697851380,8945513,8945956,1.638
1697851440,8946847,8947322,1.637
1697851500,8940873,8940865,1.634
1697851560,8938342,8938443,1.634
1697851620,8937517,8937517,1.635
1697851680,8938091,8938039,1.635
1697851740,8937585,8935433,1.636
1697851800,8936646,8936755,1.635
1697851860,8938027,8940075,1.634
1697851920,8939565,8939015,1.633
1697851980,8933494,8931621,1.633
1697852040,8931443,8931591,1.633
1697852100,8931430,8931122,1.634
1697852160,8930704,8931588,1.632
1697852220,8923692,8923693,1.632
1697852280,8923879,8924267,1.633
1697852340,8923537,8925325,1.631
1697852400,8925598,8921915,1.633
1697852460,8921967,8921377,1.632
1697852520,8921314,8921305,1.632
1697852580,8921533,8921881,1.632
1697852640,8920637,8920790,1.633
1697852700,8921477,8921257,1.634
1697852760,8920539,8923853,1.634
1697852820,8923326,8927232,1.636
1697852880,8927333,8929665,1.636
1697852940,8931205,8929835,1.637
1697853000,8928663,8929497,1.634
1697853060,8929371,8929677,1.633
1697853120,8929045,8929718,1.633
1697853180,8930342,8932406,1.632
1697853240,8925503,8929455,1.634
1697853300,8931980,8932015,1.632
1697853360,8932424,8932906,1.632
1697853420,8932730,8933127,1.632
1697853480,8932485,8935213,1.631
1697853540,8936095,8935619,1.634
1697853600,8935324,8943668,1.63
1697853660,8941403,8939118,1.631
1697853720,8937455,8942118,1.63
1697853780,8938943,8938228,1.629
1697853840,8949061,8952657,1.629
1697853900,8961064,8968097,1.628
1697853960,8968098,8968086,1.629
1697854020,8957821,8962674,1.63
1697854080,8962702,8962911,1.631
1697854140,8965996,8982934,1.629
1697854200,8984452,8985910,1.63
1697854260,8989302,8989467,1.629
1697854320,8988446,8991403,1.629
1697854380,8988901,8989722,1.629
1697854440,8989643,8988645,1.63
1697854500,8988422,8985951,1.629
1697854560,8985951,8987904,1.63
1697854620,8979803,8971225,1.631
1697854680,8968695,8969904,1.629
1697854740,8969676,8970637,1.629
1697854800,8972738,8974931,1.63
1697854860,8975113,8979658,1.631
1697854920,8979993,8983810,1.629
1697854980,8983807,8983764,1.629
1697855040,8983781,8985226,1.628
1697855100,8985107,8989176,1.629
1697855160,8989756,8989723,1.63
1697855220,8990311,8995150,1.628
1697855280,8995380,8992378,1.629
1697855340,8993334,8993334,1.63
1697855400,8996013,8996013,1.632
1697855460,8989744,8989744,1.631
1697855520,8989742,8986060,1.629
1697855580,8986488,8982349,1.629
1697855640,8981680,8981114,1.629
1697855700,8980536,8977307,1.629
1697855760,8979391,8982636,1.629
1697855820,8982954,8983913,1.628
1697855880,8980930,8980814,1.629
1697855940,8981857,8983197,1.629
1697856000,8984617,8984324,1.629
1697856060,8984324,8984141,1.63
1697856120,8984210,8984751,1.63
1697856180,8983482,8983301,1.631
1697856240,8983297,8986160,1.631
1697856300,8976503,8970960,1.631
1697856360,8977033,8982796,1.632
1697856420,8978103,8975089,1.632
1697856480,8977426,8978875,1.633
1697856540,8979365,8979786,1.633
1697856600,8980110,9000012,1.631
1697856660,9006237,9006309,1.63
1697856720,8997590,8997290,1.631
1697856780,8993495,8993962,1.632
1697856840,8995395,8996825,1.632
1697856900,8997893,8999417,1.632
1697856960,8996856,8996493,1.632
1697857020,8996292,9005958,1.632
1697857080,9004249,9008264,1.632
1697857140,9008115,9006865,1.632
1697857200,9006133,9015015,1.63
1697857260,9007628,9007628,1.63
1697857320,9008993,9009669,1.63
1697857380,9009771,9004850,1.631
1697857440,9005147,9005842,1.631
1697857500,9006910,9006959,1.631
1697857560,9006527,9006588,1.631
1697857620,9006944,9004848,1.632
1697857680,9004848,9010269,1.631
1697857740,9009780,9009760,1.631
1697857800,9025268,9025275,1.63
1697857860,9042703,9041833,1.629
1697857920,9032766,9033431,1.628
1697857980,9034629,9035869,1.629
1697858040,9034666,9035037,1.63
1697858100,9033123,9033135,1.631
1697858160,9033286,9035618,1.632
1697858220,9032078,9032195,1.633
1697858280,9027038,9032002,1.633
1697858340,9031994,9035294,1.634
1697858400,9035290,9027654,1.635
1697858460,9028453,9028403,1.634
1697858520,9029194,9029214,1.633
1697858580,9032308,9041311,1.633
1697858640,9041295,9040730,1.633
1697858700,9030443,9030717,1.633
1697858760,9023862,9023862,1.633
1697858820,9034837,9034058,1.632
1697858880,9034058,9035283,1.632
1697858940,9028957,9028957,1.633
1697859000,9023667,9021492,1.633
1697859060,9012974,9011359,1.634
1697859120,9011832,9011974,1.634
1697859180,9011974,9011244,1.634
1697859240,9011163,9011127,1.634
1697859300,9013721,9014310,1.635
1697859360,9013576,9014748,1.634
1697859420,9014659,9014659,1.634
1697859480,9011094,9014041,1.634
1697859540,9007052,9008370,1.634
1697859600,9008036,9008650,1.634
1697859660,9009046,9008215,1.633
1697859720,9008215,9008622,1.633
1697859780,9008622,9010344,1.634
1697859840,9010209,9012721,1.636
1697859900,9013820,9013820,1.637
1697859960,9013975,9017038,1.637
1697860020,9023300,9023481,1.638
1697860080,9024071,9032480,1.637
1697860140,9032628,9033985,1.638
1697860200,9034454,9042087,1.637
1697860260,9042325,9056376,1.638
1697860320,9057391,9070944,1.639
1697860380,9071216,9071260,1.639
1697860440,9071285,9073729,1.64
1697860500,9071600,9072548,1.639
1697860560,9073903,9076391,1.638
1697860620,9076738,9067964,1.637
1697860680,9068242,9069492,1.639
1697860740,9067214,9065216,1.639
1697860800,9067099,9083163,1.639
1697860860,9083293,9085739,1.639
1697860920,9089937,9088679,1.638
1697860980,9089171,9092908,1.637
1697861040,9058346,9056722,1.637
1697861100,9057411,9050305,1.638
1697861160,9048807,9048807,1.638
1697861220,9053172,9053153,1.639
1697861280,9055618,9057488,1.638
1697861340,9057634,9057947,1.637
1697861400,9057249,9061612,1.638
1697861460,9061612,9060820,1.637
1697861520,9060206,9060206,1.639
1697861580,9060398,9065114,1.638
1697861640,9065114,9065419,1.639
1697861700,9065503,9065646,1.638
1697861760,9065646,9071610,1.637
1697861820,9070121,9066377,1.638
1697861880,9066377,9066712,1.638
1697861940,9066712,9067196,1.639
1697862000,9068259,9068230,1.639
1697862060,9068384,9069220,1.639
1697862120,9072787,9073040,1.639
1697862180,9072861,9083267,1.637
1697862240,9083224,9080864,1.637
1697862300,9081679,9079504,1.639
1697862360,9078446,9079339,1.638
1697862420,9079442,9104422,1.639
1697862480,9109017,9109031,1.639
1697862540,9108694,9102345,1.638
1697862600,9101158,9099892,1.637
1697862660,9100385,9100541,1.638
1697862720,9100549,9099587,1.639
1697862780,9099398,9101680,1.639
1697862840,9105916,9107133,1.639
1697862900,9107454,9102628,1.638
1697862960,9102409,9137225,1.641
1697863020,9142082,9143781,1.641
1697863080,9146479,9145487,1.639
1697863140,9147412,9154580,1.638
1697863200,9153727,9152225,1.637
1697863260,9153020,9140851,1.636
1697863320,9139764,9139082,1.636
1697863380,9140663,9140288,1.638
1697863440,9139346,9139649,1.638
1697863500,9139638,9139638,1.639
1697863560,9130699,9136176,1.641
1697863620,9150370,9151404,1.643
1697863680,9152318,9153095,1.643
1697863740,9159009,9170558,1.644
1697863800,9170123,9171504,1.643
1697863860,9179845,9180754,1.642
1697863920,9196700,9193374,1.642
1697863980,9192733,9197457,1.644
1697864040,9197450,9198849,1.645
1697864100,9200352,9194307,1.643
1697864160,9194307,9192725,1.643
1697864220,9184256,9180351,1.644
1697864280,9180718,9181728,1.643
1697864340,9186545,9186545,1.644
1697864400,9181694,9185599,1.643
1697864460,9185689,9189059,1.641
1697864520,9190620,9182003,1.64
1697864580,9181242,9173471,1.639
1697864640,9172255,9168898,1.641
1697864700,9166000,9169758,1.641
1697864760,9169536,9173790,1.643
1697864820,9171606,9172329,1.644
1697864880,9175431,9175491,1.645
1697864940,9180641,9213032,1.646
1697865000,9216908,9216729,1.645
1697865060,9225536,9230148,1.646
1697865120,9230276,9228883,1.646
1697865180,9230720,9232587,1.646
1697865240,9232835,9232631,1.647
1697865300,9234527,9222363,1.647
1697865360,9229341,9229341,1.645
1697865420,9230670,9231261,1.646
1697865480,9231161,9238020,1.648
1697865540,9238050,9238792,1.646
1697865600,9239098,9241018,1.645
1697865660,9241745,9240641,1.648
1697865720,9228679,9219424,1.648
1697865780,9228901,9228434,1.647
1697865840,9228814,9233342,1.646
1697865900,9234237,9238300,1.648
1697865960,9239013,9238837,1.647
1697866020,9239433,9234876,1.647
1697866080,9234786,9234677,1.648
1697866140,9236637,9236519,1.648
1697866200,9235983,9239930,1.648
1697866260,9236368,9238980,1.648
1697866320,9235953,9232904,1.648
1697866380,9232967,9226028,1.648
1697866440,9226436,9227171,1.647
1697866500,9219588,9221666,1.646
1697866560,9221670,9225153,1.649
1697866620,9227521,9224187,1.648
1697866680,9225798,9225789,1.648
1697866740,9224437,9243036,1.649
1697866800,9252710,9255770,1.65
1697866860,9258049,9259321,1.651
1697866920,9268499,9271100,1.652
1697866980,9272934,9276122,1.651
1697867040,9280006,9287152,1.65
1697867100,9286401,9280428,1.649
1697867160,9279772,9273851,1.65
1697867220,9274426,9276531,1.651
1697867280,9279995,9280239,1.649
1697867340,9280399,9280915,1.649
1697867400,9285632,9279213,1.647
1697867460,9269058,9264196,1.65
1697867520,9243305,9243309,1.648
1697867580,9252031,9250970,1.65
1697867640,9254534,9254350,1.649
1697867700,9250636,9250636,1.647
1697867760,9252014,9247612,1.647
1697867820,9247141,9245071,1.646
1697867880,9245663,9245756,1.646
1697867940,9239729,9234796,1.646
1697868000,9232917,9228954,1.647
1697868060,9229596,9232156,1.646
1697868120,9231055,9232623,1.646
1697868180,9228238,9233115,1.645
1697868240,9240159,9238618,1.645
1697868300,9238410,9240888,1.646
1697868360,9241197,9238966,1.647
1697868420,9242673,9239558,1.645
1697868480,9234565,9233796,1.645
1697868540,9234976,9231457,1.645
1697868600,9231836,9231814,1.646
1697868660,9235627,9236174,1.646
1697868720,9235557,9230568,1.646
1697868780,9230535,9230162,1.646
1697868840,9226071,9226344,1.646
1697868900,9223520,9223733,1.647
1697868960,9223733,9224744,1.648
1697869020,9224908,9224867,1.65
1697869080,9228053,9228053,1.649
1697869140,9222046,9223828,1.649
1697869200,9224022,9221524,1.648
1697869260,9211524,9211508,1.648
1697869320,9201173,9198198,1.646
1697869380,9197115,9193242,1.647
1697869440,9181822,9177117,1.646
1697869500,9178808,9171626,1.645
1697869560,9173390,9177214,1.648
1697869620,9182664,9185113,1.65
1697869680,9191093,9188983,1.651
1697869740,9184255,9185604,1.652
1697869800,9179553,9159170,1.655
1697869860,9170898,9173739,1.654
1697869920,9168441,9168245,1.654
1697869980,9171650,9165601,1.658
1697870040,9179927,9180101,1.656
1697870100,9182015,9180520,1.655
1697870160,9181911,9187639,1.657
1697870220,9187855,9185639,1.657
1697870280,9196395,9193397,1.654
1697870340,9197759,9198292,1.657
1697870400,9199190,9203030,1.656
1697870460,9199289,9204102,1.657
1697870520,9206526,9233784,1.66
1697870580,9255605,9276171,1.659
1697870640,9271318,9271318,1.662
1697870700,9270546,9278424,1.662
1697870760,9279084,9279084,1.664
1697870820,9278923,9280602,1.664
1697870880,9282596,9291144,1.666
1697870940,9290158,9296518,1.666
1697871000,9295864,9303167,1.664
1697871060,9307468,9308028,1.665
1697871120,9305199,9312576,1.667
1697871180,9312532,9315285,1.666
1697871240,9313352,9312985,1.665
1697871300,9308925,9308950,1.665
1697871360,9319779,9319606,1.663
1697871420,9349222,9331913,1.665
1697871480,9334015,9366778,1.667
1697871540,9359620,9372321,1.667
1697871600,9374674,9375878,1.668
1697871660,9372054,9370901,1.665
1697871720,9361423,9359283,1.664
1697871780,9356465,9355534,1.664
1697871840,9335413,9347399,1.665
1697871900,9345691,9352133,1.666
1697871960,9365714,9367950,1.665
1697872020,9367189,9362902,1.666
1697872080,9359248,9361086,1.666
1697872140,9363260,9368108,1.666
1697872200,9360676,9359757,1.666
1697872260,9362084,9362084,1.668
1697872320,9362476,9360696,1.668
1697872380,9356081,9354144,1.666
1697872440,9356540,9313796,1.666
1697872500,9313841,9316856,1.667
1697872560,9306412,9306412,1.665
1697872620,9293470,9290903,1.666
1697872680,9287843,9289853,1.666
1697872740,9286196,9285424,1.665
1697872800,9286939,9280238,1.664
1697872860,9254669,9259835,1.666
1697872920,9255208,9254834,1.665
1697872980,9253547,9249058,1.664
1697873040,9250508,9246724,1.665
1697873100,9239639,9240078,1.666
1697873160,9243996,9244720,1.666
1697873220,9255565,9256074,1.668
1697873280,9257410,9257416,1.668
1697873340,9255278,9230760,1.667
1697873400,9230116,9230639,1.67
1697873460,9230824,9232162,1.67
1697873520,9232849,9232182,1.669
1697873580,9210192,9206782,1.67
1697873640,9201914,9200869,1.67
1697873700,9198856,9202503,1.672
1697873760,9202488,9202739,1.671
1697873820,9200100,9208737,1.673
1697873880,9209626,9209626,1.671
1697873940,9212909,9216638,1.672
1697874000,9214725,9219525,1.672
1697874060,9224359,9225422,1.671
1697874120,9224589,9226281,1.67
1697874180,9228513,9228917,1.671
1697874240,9229401,9229839,1.672
1697874300,9230697,9233866,1.673
1697874360,9233878,9234431,1.678
1697874420,9246650,9245127,1.678
1697874480,9259210,9272658,1.676
1697874540,9272685,9273394,1.676
1697874600,9276044,9274386,1.677
1697874660,9267261,9264241,1.676
1697874720,9262852,9260158,1.674
1697874780,9268480,9270550,1.675
1697874840,9272681,9272994,1.676
1697874900,9272106,9279436,1.674
1697874960,9274720,9281870,1.675
1697875020,9279138,9264961,1.673
1697875080,9263808,9263531,1.673
1697875140,9262382,9258729,1.676
1697875200,9258661,9256622,1.676
1697875260,9266590,9267353,1.678
1697875320,9278075,9292422,1.677
1697875380,9288510,9287115,1.676
1697875440,9282485,9282485,1.676
1697875500,9283060,9280416,1.675
1697875560,9285350,9280362,1.674
1697875620,9280149,9280149,1.674
1697875680,9279500,9275746,1.674
1697875740,9274871,9274871,1.673
1697875800,9271691,9269979,1.672
1697875860,9271718,9273132,1.676
1697875920,9279801,9277073,1.675
1697875980,9278259,9278117,1.676
1697876040,9278850,9278631,1.676
1697876100,9282275,9281959,1.676
1697876160,9282179,9282974,1.675
1697876220,9284574,9283908,1.675
1697876280,9282123,9283053,1.677
1697876340,9283042,9275075,1.677
1697876400,9268335,9269552,1.683
1697876460,9291487,9291174,1.68
1697876520,9306506,9305537,1.683
1697876580,9313924,9318183,1.682
1697876640,9304669,9312213,1.683
1697876700,9313585,9311615,1.68
1697876760,9310094,9306900,1.68
1697876820,9346432,9346671,1.687
1697876880,9338193,9347190,1.686
1697876940,9347187,9346771,1.684
1697877000,9350347,9350347,1.685
1697877060,9349750,9340860,1.683
1697877120,9340130,9325255,1.686
1697877180,9328427,9317524,1.685
1697877240,9319482,9318860,1.686
1697877300,9318282,9323030,1.686
1697877360,9323426,9323071,1.685
1697877420,9321758,9319991,1.687
1697877480,9320293,9316428,1.686
1697877540,9308378,9307998,1.685
1697877600,9307585,9305269,1.687
1697877660,9304925,9301434,1.686
1697877720,9298099,9295270,1.687
1697877780,9298518,9297895,1.688
1697877840,9298793,9297767,1.686
1697877900,9300013,9298489,1.686
1697877960,9299603,9299740,1.687
1697878020,9304017,9307520,1.689
1697878080,9312123,9307548,1.688
1697878140,9310020,9309814,1.689
1697878200,9302033,9316269,1.688
1697878260,9327724,9329194,1.687
1697878320,9336906,9329675,1.685
1697878380,9337215,9342591,1.683
1697878440,9341102,9341999,1.684
1697878500,9343435,9351985,1.683
1697878560,9349980,9346166,1.683
1697878620,9345086,9344433,1.684
1697878680,9344500,9344952,1.685
1697878740,9341789,9341042,1.686
1697878800,9338732,9336742,1.684
1697878860,9336741,9335054,1.684
1697878920,9334348,9334348,1.683
1697878980,9334672,9335480,1.683
1697879040,9335885,9330194,1.683
1697879100,9323563,9323563,1.683
1697879160,9319845,9320130,1.683
1697879220,9320403,9320403,1.683
1697879280,9319951,9323675,1.684
1697879340,9324474,9324981,1.684
1697879400,9324067,9324067,1.683
1697879460,9327699,9327190,1.682
1697879520,9327386,9337550,1.683
1697879580,9343670,9344047,1.681
1697879640,9348349,9359538,1.681
1697879700,9356633,9336846,1.678
1697879760,9336239,9336709,1.678
1697879820,9331115,9327530,1.678
1697879880,9315635,9311830,1.679
1697879940,9315511,9314482,1.678
1697880000,9315220,9311584,1.678
1697880060,9312269,9307087,1.677
1697880120,9304833,9296559,1.679
1697880180,9296277,9294543,1.677
1697880240,9294128,9287711,1.678
1697880300,9289931,9291473,1.679
1697880360,9289149,9286144,1.682
1697880420,9292545,9300309,1.684
1697880480,9300531,9301731,1.684
1697880540,9313932,9312730,1.681
1697880600,9312737,9303491,1.682
1697880660,9304598,9306569,1.682
1697880720,9303534,9305203,1.682
1697880780,9304375,9304375,1.681
1697880840,9303892,9302826,1.682
1697880900,9303032,9304425,1.681
1697880960,9300307,9300417,1.684
1697881020,9301237,9303184,1.683
1697881080,9302996,9303132,1.682
1697881140,9301382,9303897,1.681
1697881200,9300446,9307692,1.684
1697881260,9309735,9310113,1.686
1697881320,9310506,9310044,1.687
1697881380,9308162,9308168,1.687
1697881440,9310276,9315557,1.688
1697881500,9315575,9315293,1.689
1697881560,9304057,9300653,1.69
1697881620,9303411,9301686,1.688
1697881680,9303340,9291933,1.69
1697881740,9296555,9295038,1.689
1697881800,9296097,9295417,1.687
1697881860,9293444,9286677,1.687
1697881920,9281818,9284099,1.687
1697881980,9283790,9280786,1.688
1697882040,9283458,9283360,1.687
1697882100,9281230,9292532,1.689
1697882160,9290385,9303749,1.693
1697882220,9317488,9325593,1.692
1697882280,9319282,9319282,1.694
1697882340,9324320,9327137,1.695
1697882400,9301863,9307026,1.693
1697882460,9300483,9301834,1.694
1697882520,9302250,9301966,1.692
1697882580,9296124,9298604,1.689
1697882640,9285034,9286306,1.691
1697882700,9290112,9288787,1.691
1697882760,9288886,9292497,1.693
1697882820,9300879,9300507,1.692
1697882880,9300761,9300696,1.692
1697882940,9302117,9301656,1.692
1697883000,9299477,9311629,1.696
1697883060,9317535,9311323,1.7
1697883120,9292302,9316746,1.698
1697883180,9320028,9321421,1.7
1697883240,9324899,9339798,1.701
1697883300,9344307,9346892,1.699
1697883360,9349846,9355003,1.698
1697883420,9355336,9351520,1.697
1697883480,9348897,9349652,1.696
1697883540,9349273,9349273,1.698
1697883600,9343329,9339431,1.698
1697883660,9342188,9353756,1.7
1697883720,9358472,9356467,1.699
1697883780,9357450,9357082,1.699
1697883840,9357080,9358391,1.699
1697883900,9350456,9352441,1.7
1697883960,9351774,9352141,1.698
1697884020,9353453,9359379,1.697
1697884080,9358994,9360739,1.697
1697884140,9363699,9363110,1.697
1697884200,9362430,9362092,1.7
1697884260,9378236,9376742,1.7
1697884320,9374317,9374410,1.699
1697884380,9380414,9375734,1.698
1697884440,9375615,9374714,1.697
1697884500,9375074,9375247,1.697
1697884560,9374119,9373357,1.697
1697884620,9373944,9369152,1.696
1697884680,9354873,9354688,1.695
1697884740,9356083,9355937,1.694
1697884800,9354888,9354481,1.695
1697884860,9353258,9350497,1.694
1697884920,9349868,9352582,1.694
1697884980,9353629,9349215,1.696
1697885040,9350897,9353336,1.696
1697885100,9349836,9354409,1.698
1697885160,9351843,9351191,1.698
1697885220,9357649,9357649,1.699
1697885280,9359157,9356149,1.7
1697885340,9356540,9355889,1.698
1697885400,9346503,9348585,1.7
1697885460,9352143,9352441,1.702
1697885520,9357695,9370010,1.702
1697885580,9362891,9366852,1.701
1697885640,9364434,9369926,1.7
1697885700,9365810,9364495,1.7
1697885760,9365156,9360203,1.705
1697885820,9356028,9357477,1.704
1697885880,9357977,9356827,1.704
1697885940,9356575,9379538,1.706
1697886000,9386200,9380967,1.707
1697886060,9382117,9375907,1.706
1697886120,9377911,9372186,1.706
1697886180,9371484,9374340,1.705
1697886240,9358707,9357239,1.705
1697886300,9358637,9353693,1.704
1697886360,9352709,9374352,1.705
1697886420,9376942,9376942,1.703
1697886480,9381980,9389872,1.702
1697886540,9406614,9406614,1.701
1697886600,9405800,9402959,1.703
1697886660,9406502,9399124,1.703
1697886720,9400377,9398499,1.703
1697886780,9398714,9392884,1.701
1697886840,9394066,9394066,1.703
1697886900,9398376,9398630,1.703
1697886960,9402959,9403163,1.704
1697887020,9403563,9405148,1.704
1697887080,9405271,9405209,1.704
1697887140,9407177,9407615,1.704
1697887200,9410022,9409749,1.705
1697887260,9409537,9412757,1.704
1697887320,9413131,9398727,1.703
1697887380,9386340,9387345,1.701
1697887440,9382123,9382698,1.703
1697887500,9382416,9385982,1.704
1697887560,9383707,9383926,1.705
1697887620,9385383,9387778,1.707
1697887680,9389387,9389404,1.708
1697887740,9383452,9385088,1.707
1697887800,9396883,9392548,1.706
1697887860,9400385,9400385,1.707
1697887920,9392541,9398292,1.708
1697887980,9398942,9397892,1.711
1697888040,9405830,9400079,1.71
1697888100,9403655,9409263,1.713
1697888160,9420414,9429439,1.712
1697888220,9432254,9433090,1.71
1697888280,9433195,9387977,1.708
1697888340,9385406,9393551,1.709
1697888400,9384358,9383286,1.709
1697888460,9388551,9389224,1.71
1697888520,9389231,9388550,1.708
1697888580,9388061,9388310,1.707
1697888640,9387587,9388864,1.709
1697888700,9394637,9396521,1.709
1697888760,9384814,9387301,1.709
1697888820,9387331,9391527,1.709
1697888880,9393604,9392679,1.71
1697888940,9392554,9396573,1.711
1697889000,9395314,9407175,1.712
1697889060,9407176,9407792,1.712
1697889120,9415727,9427083,1.712
1697889180,9421412,9411287,1.712
1697889240,9395485,9393410,1.714
1697889300,9402826,9398550,1.713
1697889360,9407812,9405791,1.712
1697889420,9406445,9403805,1.709
1697889480,9407740,9404874,1.711
1697889540,9417851,9433610,1.718
1697889600,9433872,9441603,1.716
1697889660,9475009,9480109,1.716
1697889720,9471257,9471257,1.714
1697889780,9471714,9466909,1.715
1697889840,9458186,9462565,1.714
1697889900,9459326,9454184,1.719
1697889960,9457677,9460546,1.718
1697890020,9460323,9461052,1.718
1697890080,9465186,9480094,1.719
1697890140,9472283,9470872,1.719
1697890200,9477227,9470955,1.719
1697890260,9469630,9470092,1.721
1697890320,9471060,9478305,1.72
1697890380,9476998,9477163,1.72
1697890440,9474775,9475398,1.721
1697890500,9474172,9478629,1.721
1697890560,9480077,9482366,1.722
1697890620,9481941,9478774,1.72
1697890680,9480037,9480322,1.722
1697890740,9466828,9469349,1.722
1697890800,9467697,9467880,1.722
1697890860,9477878,9477124,1.723
1697890920,9476713,9472784,1.723
1697890980,9467395,9470340,1.723
1697891040,9473769,9467968,1.722
1697891100,9464841,9439667,1.722
1697891160,9439403,9419731,1.721
1697891220,9422487,9420362,1.72
1697891280,9422264,9416813,1.72
1697891340,9416347,9410922,1.718
1697891400,9414537,9414537,1.718
1697891460,9414145,9416279,1.719
1697891520,9410419,9410419,1.721
1697891580,9409275,9410420,1.723
1697891640,9408607,9409611,1.723
1697891700,9409560,9411216,1.723
1697891760,9417310,9419081,1.722
1697891820,9419502,9429489,1.72
1697891880,9430009,9433845,1.719
1697891940,9438375,9437732,1.719
1697892000,9452001,9452567,1.723
1697892060,9461474,9458642,1.725
1697892120,9443635,9440115,1.724
1697892180,9440672,9443241,1.725
1697892240,9442753,9443244,1.723
1697892300,9451653,9452596,1.725
1697892360,9459538,9461378,1.722
1697892420,9469064,9469164,1.725
1697892480,9467573,9468264,1.724
1697892540,9456228,9457223,1.725
1697892600,9466862,9471542,1.724
1697892660,9473458,9479955,1.723
1697892720,9486840,9487440,1.72
1697892780,9482614,9477700,1.719
1697892840,9474009,9474009,1.717
1697892900,9465981,9466710,1.72
1697892960,9461969,9461969,1.718
1697893020,9463815,9465147,1.717
1697893080,9456178,9455352,1.717
1697893140,9442447,9433957,1.716
1697893200,9423538,9422547,1.718
1697893260,9423909,9422650,1.719
1697893320,9419212,9429440,1.719
1697893380,9425357,9423059,1.717
1697893440,9422866,9428214,1.716
1697893500,9414030,9413698,1.717
1697893560,9410540,9410300,1.716
1697893620,9401289,9396350,1.715
1697893680,9397176,9398138,1.718
1697893740,9397268,9392679,1.715
1697893800,9390542,9394098,1.718
1697893860,9394841,9391202,1.718
1697893920,9388635,9381996,1.719
1697893980,9381113,9381113,1.718
1697894040,9388664,9385682,1.717
1697894100,9383235,9383235,1.719
1697894160,9381933,9383981,1.719
1697894220,9383274,9383530,1.718
1697894280,9384486,9384822,1.72
1697894340,9385344,9388310,1.718
1697894400,9388737,9387106,1.717
1697894460,9382376,9372495,1.719
1697894520,9370898,9373697,1.72
1697894580,9373666,9373893,1.72
1697894640,9378680,9380816,1.719
1697894700,9380670,9381839,1.721
1697894760,9388897,9389139,1.721
1697894820,9389798,9390107,1.72
1697894880,9382440,9391427,1.721
1697894940,9402594,9400883,1.721
1697895000,9407583,9407654,1.723
1697895060,9400563,9400559,1.723
1697895120,9398453,9394684,1.724
1697895180,9405646,9404388,1.727
1697895240,9412916,9412985,1.727
1697895300,9418283,9416784,1.726
1697895360,9441521,9440518,1.728
1697895420,9444354,9449473,1.726
1697895480,9451924,9451960,1.727
1697895540,9447968,9449003,1.726
1697895600,9450264,9450264,1.723
1697895660,9451843,9448167,1.726
1697895720,9449432,9448087,1.729
1697895780,9451097,9458239,1.729
1697895840,9449755,9448479,1.73
1697895900,9446378,9442739,1.732
1697895960,9443112,9443264,1.73
1697896020,9450165,9451887,1.727
1697896080,9451026,9447346,1.731
1697896140,9452388,9450260,1.732
1697896200,9465397,9468363,1.731
1697896260,9465242,9463826,1.731
1697896320,9473457,9472635,1.733
1697896380,9465630,9463445,1.733
1697896440,9468600,9470913,1.731
1697896500,9483374,9491672,1.729
1697896560,9493451,9493980,1.733
1697896620,9492844,9493752,1.732
1697896680,9496847,9495299,1.735
1697896740,9495668,9487541,1.734
1697896800,9487480,9491773,1.734
1697896860,9490433,9490701,1.733
1697896920,9495357,9486801,1.731
1697896980,9478384,9477772,1.729
1697897040,9480666,9476318,1.729
1697897100,9473536,9473536,1.729
1697897160,9474736,9477866,1.727
1697897220,9469757,9469757,1.731
1697897280,9471215,9475082,1.728
1697897340,9471233,9466679,1.73
1697897400,9468441,9474570,1.733
1697897460,9498771,9506482,1.733
1697897520,9505057,9505899,1.733
1697897580,9507755,9507847,1.732
1697897640,9507819,9507876,1.733
1697897700,9510081,9509475,1.731
1697897760,9511611,9511389,1.734
1697897820,9518539,9523920,1.734
1697897880,9522529,9519437,1.732
1697897940,9527796,9526783,1.73
1697898000,9529781,9522685,1.732
1697898060,9479306,9487064,1.737
1697898120,9478939,9480630,1.735
1697898180,9494610,9487874,1.736
1697898240,9474154,9470222,1.735
1697898300,9473063,9470943,1.734
1697898360,9474653,9474653,1.735
1697899320,9502096,9508476,1.735
1697899380,9505030,9505536,1.736
1697899440,9514559,9506631,1.737
1697899500,9512547,9509477,1.738
1697899560,9510251,9525425,1.738
1697899620,9527580,9534820,1.741
1697899680,9543387,9539164,1.739
1697899740,9553207,9550112,1.74
1697899800,9546962,9546962,1.74
1697899860,9546535,9542201,1.74
1697899920,9540882,9536542,1.74
1697899980,9531118,9525956,1.74
1697900040,9517240,9521047,1.741
1697900100,9519253,9521671,1.74
1697900160,9517966,9520635,1.74
1697900220,9519222,9519222,1.74
1697900280,9519517,9523816,1.739
1697900340,9534893,9525376,1.738
1697900400,9528799,9534559,1.74
1697900460,9535173,9540211,1.741
1697900520,9549533,9544339,1.744
1697900580,9537596,9552483,1.744
1697900640,9559599,9562439,1.741
1697900700,9560489,9574828,1.742
1697900760,9584577,9586942,1.741
1697900820,9581660,9581383,1.74
1697900880,9580425,9577395,1.744
1697900940,9591446,9590600,1.741
1697901000,9587346,9593014,1.741
1697901060,9588374,9611173,1.74
1697901120,9615834,9636367,1.736
1697901180,9625227,9627550,1.736
1697901240,9629697,9638161,1.736
1697901300,9633882,9629767,1.733
1697901360,9635120,9629790,1.732
1697901420,9648370,9650663,1.733
1697901480,9651025,9657680,1.733
1697901540,9650075,9644771,1.736
1697901600,9644412,9646195,1.738
1697901660,9649971,9652997,1.737
1697901720,9650580,9651039,1.738
1697901780,9656217,9655606,1.737
1697901840,9656089,9655531,1.738
1697901900,9656517,9656517,1.741
1697901960,9662189,9670904,1.741
1697902020,9675442,9681189,1.742
1697902080,9705367,9720222,1.742
1697902140,9745527,9781059,1.744
1697902200,9783684,9794889,1.746
1697902260,9798240,9799953,1.747
1697902320,9813982,9839446,1.748
1697902380,9842027,9849870,1.752
1697902440,9825644,9833526,1.75
1697902500,9836479,9845262,1.75
1697902560,9849399,9851459,1.749
1697902620,9854959,9839231,1.748
1697902680,9838267,9828413,1.751
1697902740,9821989,9819765,1.752
1697902800,9829248,9828904,1.753
1697902860,9813862,9832428,1.753
1697902920,9830328,9827082,1.752
1697902980,9827414,9834241,1.757
1697903040,9836590,9837269,1.754
1697903100,9849952,9862525,1.754
1697903160,9871354,9869779,1.752
1697903220,9867800,9864093,1.754
1697903280,9875490,9880099,1.752
1697903340,9871539,9880601,1.754
1697903400,9882554,9885143,1.754
1697903460,9887906,9886649,1.753
1697903520,9887079,9887079,1.752
1697903580,9887869,9890446,1.753
1697903640,9895225,9896404,1.757
1697903700,9899784,9902054,1.757
1697903760,9906429,9903612,1.758
1697903820,9892300,9891056,1.758
1697903880,9894237,9907545,1.759
1697903940,9911429,9915482,1.757
1697904000,9912071,9921415,1.758
1697904060,9930497,9939409,1.757
1697904120,9936248,9945818,1.759
1697904180,9937904,9934231,1.757
1697904240,9934122,9930461,1.759
1697904300,9931931,9943085,1.759
1697904360,9930732,9921623,1.756
1697904420,9929262,9930112,1.758
1697904480,9928076,9917404,1.757
1697904540,9910897,9925566,1.758
1697904600,9926851,9927133,1.758
1697904660,9930415,9928595,1.758
1697904720,9927308,9929592,1.757
1697904780,9931634,9929102,1.759
1697904840,9929931,9925561,1.761
1697904900,9924823,9915090,1.758
1697904960,9915118,9914717,1.758
1697905020,9903956,9915035,1.757
1697905080,9904910,9889855,1.756
1697905140,9892283,9890824,1.756
1697905200,9886028,9888720,1.759
1697905260,9910507,9910363,1.758
1697905320,9908127,9905621,1.757
1697905380,9910268,9910268,1.757
1697905440,9914293,9907586,1.758
1697905500,9910379,9893179,1.76
1697905560,9894177,9894177,1.759
1697905620,9891801,9883321,1.761
1697905680,9880001,9879239,1.76
1697905740,9877160,9877160,1.758
1697905800,9876496,9880321,1.756
1697905860,9878292,9875075,1.755
1697905920,9874055,9874307,1.756
1697905980,9878472,9869591,1.755
1697906040,9872415,9870402,1.755
1697906100,9870775,9873532,1.758
1697906160,9886826,9877730,1.759
1697906220,9878278,9875299,1.758
1697906280,9874197,9874188,1.757
1697906340,9875249,9874762,1.759
1697906400,9875324,9863232,1.756
1697906460,9864143,9858901,1.758
1697906520,9856229,9856069,1.759
1697906580,9859020,9852576,1.758
1697906640,9845459,9846542,1.759
1697906700,9845716,9846762,1.758
1697906760,9849843,9852981,1.757
1697906820,9851360,9850846,1.757
1697906880,9856452,9856004,1.756
1697906940,9859227,9859227,1.757
1697907000,9859285,9858708,1.756
1697907060,9858931,9861741,1.755
1697907120,9857201,9850137,1.754
1697907180,9849222,9854094,1.755
1697907240,9852853,9851805,1.752
1697907300,9846034,9838500,1.751
1697907360,9846223,9835089,1.749
1697907420,9825872,9822969,1.746
1697907480,9796186,9792498,1.746
1697907540,9784616,9795142,1.746
1697907600,9794075,9790508,1.745
1697907660,9796617,9784603,1.747
1697907720,9780781,9772568,1.745
1697907780,9765424,9764583,1.745
1697907840,9767586,9766515,1.745
1697907900,9764743,9767811,1.745
1697907960,9765580,9761769,1.745
1697908020,9772188,9771730,1.747
1697908080,9775928,9778711,1.748
1697908140,9776877,9770151,1.75
1697908200,9742716,9740868,1.747
1697908260,9741428,9741428,1.746
1697908320,9723726,9718324,1.745
1697908380,9721237,9723007,1.744
1697908440,9716959,9716959,1.742
1697908500,9713659,9652782,1.739
1697908560,9666971,9656069,1.736
1697908620,9644889,9622642,1.735
1697908680,9620938,9623967,1.735
1697908740,9614121,9607754,1.736
1697908800,9608628,9606684,1.738
1697908860,9608391,9606489,1.736
1697908920,9606451,9600376,1.736
1697908980,9602903,9601276,1.736
1697909040,9607291,9595876,1.736
1697909100,9586970,9589902,1.739
1697909160,9591801,9590029,1.739
1697909220,9599774,9602405,1.741
1697909280,9635591,9631746,1.746
1697909340,9636915,9651945,1.744
1697909400,9637635,9634721,1.747
1697909460,9632621,9634219,1.746
1697909520,9643622,9652814,1.746
1697909580,9651869,9670384,1.748
1697909640,9671404,9671912,1.747
1697909700,9670545,9678844,1.746
1697909760,9681746,9677841,1.748
1697909820,9681087,9682696,1.747
1697909880,9685799,9681631,1.745
1697909940,9677550,9677353,1.746
1697910000,9676617,9682306,1.749
1697910060,9688467,9684446,1.751
1697910120,9682327,9682408,1.749
1697910180,9664806,9664806,1.749
1697910240,9673634,9675819,1.752
1697910300,9679281,9673010,1.755
1697910360,9674562,9672744,1.752
1697910420,9677412,9673852,1.751
1697910480,9677659,9670788,1.749
1697910540,9665510,9664693,1.753
1697910600,9664905,9662983,1.753
1697910660,9661066,9662363,1.752
1697910720,9657155,9658870,1.749
1697910780,9665260,9667406,1.75
1697910840,9670751,9655191,1.75
1697910900,9653850,9656269,1.752
1697910960,9652298,9655270,1.752
1697911020,9654015,9655412,1.752
1697911080,9649709,9649284,1.751
1697911140,9655665,9657834,1.751
1697911200,9660044,9663880,1.755
1697911260,9654849,9656805,1.756
1697911320,9651278,9641557,1.752
1697911380,9643516,9641327,1.753
1697911440,9645184,9634739,1.749
1697911500,9634629,9611150,1.745
1697911560,9606931,9595152,1.746
1697911620,9595656,9568998,1.741
1697911680,9573313,9571143,1.743
1697911740,9585285,9580558,1.741
1697911800,9563108,9566546,1.742
1697911860,9572005,9582022,1.739
1697911920,9579825,9574329,1.739
1697911980,9582724,9580947,1.736
1697912040,9584383,9584383,1.738
1697912100,9581040,9574308,1.737
1697912160,9569381,9573652,1.741
1697912220,9574102,9566382,1.744
1697912280,9569534,9570461,1.744
1697912340,9570146,9571514,1.745
1697912400,9570251,9575876,1.749
1697912460,9560853,9557768,1.749
1697912520,9556740,9555110,1.749
1697912580,9563615,9560089,1.748
1697912640,9566150,9566150,1.747
1697912700,9570908,9567485,1.746
1697912760,9568266,9564500,1.747
1697912820,9564509,9564250,1.745
1697912880,9563213,9555916,1.747
1697912940,9548544,9547763,1.746
1697913000,9547759,9558980,1.744
1697913060,9555691,9562675,1.742
1697913120,9561307,9562144,1.742
1697913180,9561171,9559494,1.739
1697913240,9550615,9548295,1.741
1697913300,9548212,9539567,1.742
1697913360,9537354,9537992,1.745
1697913420,9538281,9534499,1.747
1697913480,9535723,9540922,1.749
1697913540,9536602,9536602,1.75
1697913600,9547196,9549767,1.748
1697913660,9554033,9554033,1.749
1697913720,9554068,9554234,1.749
1697913780,9554426,9556815,1.748
1697913840,9570588,9570588,1.747
1697913900,9580490,9580263,1.748
1697913960,9580599,9574301,1.749
1697914020,9574079,9574373,1.745
1697914080,9588790,9590151,1.746
1697914140,9590675,9591853,1.745
1697914200,9592299,9589393,1.749
1697914260,9592020,9589148,1.749
1697914320,9584906,9599684,1.749
1697914380,9603193,9603539,1.75
1697914440,9602932,9604797,1.749
1697914500,9606060,9610084,1.75
1697914560,9603070,9600877,1.75
1697914620,9597905,9597541,1.749
1697914680,9600017,9600000,1.751
1697914740,9617712,9618339,1.75
1697914800,9627440,9635759,1.754
1697914860,9633488,9632659,1.755
1697914920,9635434,9644170,1.753
1697914980,9646172,9645618,1.752
1697915040,9651530,9650764,1.752
1697915100,9642830,9650496,1.749
1697915160,9653116,9654338,1.747
1697915220,9654969,9658389,1.748
1697915280,9658150,9649466,1.746
1697915340,9650692,9651536,1.744
1697915400,9651306,9651306,1.743
1697915460,9652971,9649968,1.743
1697915520,9646242,9646242,1.742
1697915580,9642010,9630559,1.743
1697915640,9629220,9631488,1.743
1697915700,9628372,9629393,1.744
1697915760,9627604,9631021,1.744
1697915820,9630037,9629762,1.744
1697915880,9628549,9628549,1.743
1697915940,9630212,9629791,1.741
1697916000,9631436,9630601,1.74
1697916060,9630502,9629795,1.741
1697916120,9629248,9628693,1.74
1697916180,9630992,9634764,1.74
1697916240,9636317,9628876,1.738
1697916300,9629423,9627281,1.739
1697916360,9618438,9616564,1.738
1697916420,9610555,9609506,1.737
1697916480,9609365,9609433,1.738
1697916540,9609433,9611663,1.737
1697916600,9610387,9611032,1.739
1697916660,9607937,9605787,1.74
1697916720,9608599,9608575,1.74
1697916780,9610749,9618866,1.742
1697916840,9620280,9622835,1.742
1697916900,9625929,9625475,1.743
1697916960,9626963,9628087,1.745
1697917020,9628796,9628796,1.746
1697917080,9623738,9625485,1.747
1697917140,9622752,9625753,1.749
1697917200,9626766,9626764,1.746
1697917260,9628022,9633616,1.748
1697917320,9636121,9634058,1.748
1697917380,9634043,9634043,1.748
1697917440,9631347,9631611,1.747
1697917500,9635604,9642548,1.75
1697917560,9646191,9646844,1.751
1697917620,9652100,9653124,1.751
1697917680,9653486,9658912,1.751
1697917740,9662526,9656038,1.751
1697917800,9652679,9648228,1.753
1697917860,9649828,9652609,1.753
1697917920,9651730,9659213,1.753
1697917980,9659112,9683307,1.753
1697918040,9689322,9687500,1.756
1697918100,9676688,9676688,1.754
1697918160,9682725,9682473,1.756
1697918220,9663590,9667218,1.755
1697918280,9668081,9692465,1.754
1697918340,9692823,9692823,1.752
1697918400,9692387,9695147,1.754
1697918460,9697646,9698751,1.755
1697918520,9703840,9725878,1.758
1697918580,9725508,9790806,1.759
1697918640,9790318,9789615,1.767
1697918700,9823251,9899456,1.763
1697918760,9941082,9927321,1.762
1697918820,9933120,9933275,1.759
1697918880,9939786,9940451,1.762
1697918940,9936440,9936231,1.759
1697919000,9935670,9940014,1.758
1697919060,9942564,9938518,1.76
1697919120,9947108,9948308,1.757
1697919180,9947972,9946538,1.756
1697919240,9941434,9949993,1.757
1697919300,9962227,9961249,1.756
1697919360,9974151,9971554,1.759
1697919420,9975738,9974636,1.755
1697919480,9970503,9969760,1.756
1697919540,9964932,9967279,1.759
1697919600,9976572,9998097,1.758
1697919660,9996528,9997387,1.758
1697919720,9996120,9996088,1.759
1697919780,10000927,10002366,1.754
1697919840,10007934,10021715,1.752
1697919900,10020396,10018538,1.755
1697919960,10023436,10059085,1.762
1697920020,10209712,10209712,1.767
1697920080,10233620,10242742,1.767
1697920140,10243158,10243158,1.771
1697920200,10240151,10267175,1.77
1697920260,10267182,10298794,1.778
1697920320,10288462,10294903,1.776
1697920380,10327057,10369749,1.778
1697920440,10373174,10370781,1.777
1697920500,10381131,10388549,1.778
1697920560,10393243,10388535,1.778
1697920620,10381792,10383658,1.782
1697920680,10378711,10379535,1.784
1697920740,10383326,10391547,1.784
1697920800,10391971,10390140,1.78
1697920860,10383793,10416262,1.783
1697920920,10424648,10414448,1.783
1697920980,10416757,10418526,1.783
1697921040,10420844,10427272,1.785
1697921100,10435851,10429406,1.785
1697921160,10429308,10432773,1.781
1697921220,10436680,10438410,1.784
1697921280,10441978,10439822,1.784
1697921340,10435283,10410457,1.791
1697921400,10427894,10430900,1.793
1697921460,10431192,10419738,1.79
1697921520,10440067,10438530,1.789
1697921580,10441484,10441484,1.792
1697921640,10444048,10450751,1.795
1697921700,10461615,10461615,1.796
1697921760,10471694,10476943,1.795
1697921820,10474774,10475229,1.797
1697921880,10475182,10474969,1.798
1697921940,10465141,10477901,1.796
1697922000,10491658,10506664,1.794
1697922060,10503498,10467080,1.803
1697922120,10490789,10515246,1.804
1697922180,10509769,10513976,1.809
1697922240,10527931,10505108,1.808
1697922300,10509120,10522227,1.805
1697922360,10539555,10527372,1.799
1697922420,10519476,10516153,1.804
1697922480,10503976,10526186,1.802
1697922540,10522003,10521003,1.799
1697922600,10530947,10530889,1.8
1697922660,10529417,10527142,1.798
1697922720,10528064,10536363,1.801
1697922780,10545038,10557382,1.806
1697922840,10550582,10565803,1.804
1697922900,10573019,10565289,1.808
1697922960,10558837,10549236,1.806
1697923020,10539774,10536314,1.805
1697923080,10531897,10530968,1.803
1697923140,10530303,10516051,1.799
1697923200,10510958,10510958,1.8
1697923260,10494819,10489768,1.802
1697923320,10487568,10488022,1.804
1697923380,10484828,10489262,1.801
1697923440,10489952,10477621,1.797
1697923500,10467666,10458652,1.799
1697923560,10457846,10449179,1.799
1697923620,10461271,10454242,1.804
1697923680,10460380,10458160,1.804
1697923740,10457900,10460342,1.805
1697923800,10458715,10463236,1.804
1697923860,10457290,10450193,1.804
1697923920,10443642,10442948,1.804
1697923980,10435331,10425404,1.802
1697924040,10418388,10417050,1.804
1697924100,10405959,10414323,1.801
1697924160,10416581,10415183,1.803
1697924220,10415231,10416798,1.802
1697924280,10410146,10402676,1.802
1697924340,10393066,10390564,1.804
1697924400,10391994,10377253,1.802
1697924460,10377253,10377253,1.802
