"OI_open","OI_close","timestamp","price_open","price_close"
689889.01,690148.61,1698017460,217.5,217.6
690373.22,690400.61,1698017520,217.6,217.41
690356.36,690310.23,1698017580,217.42,217.53
690304.89,690276.55,1698017640,217.53,217.65
690333.35,690211.98,1698017700,217.65,217.62
690205.92,690259.76,1698017760,217.61,217.68
690293.01,689387.59,1698017820,217.68,218.02
689456.4,689477.71,1698017880,218.02,217.98
689512.13,689524.24,1698017940,217.98,217.87
689568.29,689584.83,1698018000,217.86,217.97
689360.29,689349.19,1698018060,217.97,217.95
689327.47,689350.75,1698018120,217.95,217.74
689356.65,689330.17,1698018180,217.74,217.75
689324.52,689295.98,1698018240,217.76,217.96
689251.82,689255.52,1698018300,217.96,217.78
689298.1,689304.81,1698018360,217.79,217.83
689362.34,689329.53,1698018420,217.84,217.67
689293,689330.66,1698018480,217.66,217.79
689273.4,689283.3,1698018540,217.79,217.83
689215.02,689172.8,1698018600,217.83,217.98
689177.5,689171.08,1698018660,217.98,217.99
689230.32,689232.59,1698018720,217.98,217.95
689233.57,689806.9,1698018780,217.96,217.84
689821.52,689739.51,1698018840,217.85,217.73
689760.74,689714.38,1698018900,217.73,217.7
689664.07,689664.07,1698018960,217.71,217.74
689604.71,689564.99,1698019020,217.75,217.8
689122.69,689139.26,1698019080,217.8,217.89
689151.13,689132.66,1698019140,217.88,217.95
689118.94,688870.96,1698019200,217.95,217.87
688913.22,689019.49,1698019260,217.88,217.94
688994.24,689090.5,1698019320,217.94,218.14
689266.41,689284.02,1698019380,218.14,218.11
689139.22,688635.79,1698019440,218.11,218.05
688782.4,688756.65,1698019500,218.05,217.91
688641.15,688676.28,1698019560,217.91,217.91
688781.81,688882.74,1698019620,217.91,217.68
689282.42,689315.29,1698019680,217.68,217.69
689353.58,688369.17,1698019740,217.69,217.67
687594.58,687549.25,1698019800,217.66,218
687686.13,687718.87,1698019860,218,218.04
687752.03,687669.36,1698019920,218.03,217.84
687771.79,687732.31,1698019980,217.85,217.73
687727.27,687579.42,1698020040,217.73,217.94
687490.78,687490.96,1698020100,217.94,217.69
687512.29,687552.11,1698020160,217.7,217.69
687586.98,687581.57,1698020220,217.7,217.54
687618.59,687691.51,1698020280,217.55,217.67
687714.65,687734.57,1698020340,217.68,217.84
687855.7,687855.63,1698020400,217.85,217.67
687858.78,687849.43,1698020460,217.67,217.52
687762.1,687867.05,1698020520,217.51,217.34
687762.92,687607.16,1698020580,217.35,217.2
687577.02,687482.36,1698020640,217.2,217.16
687332.91,687330.98,1698020700,217.15,217.23
687231.94,687197.14,1698020760,217.22,217.21
687220.16,687210.04,1698020820,217.2,217.35
687205.84,687274.16,1698020880,217.35,217.33
687313.06,687304.16,1698020940,217.33,217.47
687440.11,687423.25,1698021000,217.47,217.54
687388.12,687412.31,1698021060,217.54,217.47
687401.16,687438.66,1698021120,217.46,217.55
687492.77,687492.77,1698021180,217.54,217.63
687483.74,687587.35,1698021240,217.64,217.65
687609.61,687631.22,1698021300,217.65,217.68
687642.09,687694.72,1698021360,217.68,217.59
687593.31,687620.67,1698021420,217.59,217.68
687575.25,687574.88,1698021480,217.67,217.64
687557.85,687580.42,1698021540,217.63,217.73
687815.82,687922.95,1698021600,217.73,217.76
687914.74,687927.96,1698021660,217.75,217.7
687893.28,687905.78,1698021720,217.7,217.76
687903.63,687849.03,1698021780,217.76,217.79
687663.51,687586.01,1698021840,217.81,217.87
687401.16,687404.06,1698021900,217.87,217.76
687390.67,687446.96,1698021960,217.77,217.98
687388.76,687491.13,1698022020,217.98,218.1
687482.83,688120.72,1698022080,218.1,218.4
688861.83,688974.56,1698022140,218.4,218.42
689014.19,688979.41,1698022200,218.42,218.5
689034.36,688986.11,1698022260,218.49,218.35
689203.16,688879.71,1698022320,218.35,218.2
688765.8,688678.34,1698022380,218.21,218.27
688449.01,688375.05,1698022440,218.27,218.36
688419.34,688281.63,1698022500,218.37,218.44
688241.49,688068.25,1698022560,218.45,218.68
688097.78,688601.62,1698022620,218.68,218.71
688554.6,688664.73,1698022680,218.7,218.49
688786.58,688788.14,1698022740,218.5,218.44
688771.21,688635.26,1698022800,218.44,218.58
688596.76,688711.96,1698022860,218.58,218.59
688628.94,688585.46,1698022920,218.6,218.39
688610.18,687867.59,1698022980,218.38,218.4
687993.65,687993.65,1698023040,218.41,218.43
688009.74,688089.86,1698023100,218.42,218.67
688039.51,688039.85,1698023160,218.67,218.64
688002.68,688025.33,1698023220,218.67,218.89
688193.54,687953.14,1698023280,218.88,218.99
688474.03,688414.06,1698023340,218.99,218.96
687729.2,687417.86,1698023400,218.98,218.78
687563.66,687439.19,1698023460,218.78,218.67
687502.08,687447.68,1698023520,218.67,218.64
687381.99,687392.89,1698023580,218.64,218.74
687354.34,687297.01,1698023640,218.74,218.85
687244.14,687311.39,1698023700,218.86,218.94
687681.6,687709.23,1698023760,218.96,218.98
687795.1,687867.32,1698023820,218.99,218.82
687766.97,687868.7,1698023880,218.82,219
688096.15,688169.43,1698023940,219,219.07
688192.27,688198.5,1698024000,219.06,219.09
688091.01,688059.2,1698024060,219.09,218.99
688047.78,688079.36,1698024120,219.01,219.07
688118.95,688111.93,1698024180,219.08,219.26
688653.67,688749.02,1698024240,219.27,219.24
688869.74,689450.28,1698024300,219.24,219.3
689009.91,687989.97,1698024360,219.31,219.57
687594.1,687645.5,1698024420,219.57,219.64
687878.02,687590.48,1698024480,219.65,219.62
687559.96,687534.99,1698024540,219.62,219.52
687999.14,687703.25,1698024600,219.52,219.76
687494.54,687346.06,1698024660,219.75,220
686870.33,687077,1698024720,220.01,219.76
687192.73,686836.44,1698024780,219.75,219.28
686737.38,686116.28,1698024840,219.28,219.1
685913,686088.68,1698024900,219.11,219.18
686127.38,686036.4,1698024960,219.18,219.16
685964.16,685994.8,1698025020,219.16,219.39
686133.07,686192.16,1698025080,219.39,219.14
686251.88,686251.88,1698025140,219.15,219.21
686337.48,686308.8,1698025200,219.2,219.2
686361.49,686376.72,1698025260,219.2,218.95
686623.44,686724.41,1698025320,218.95,219.1
686705.23,686654.54,1698025380,219.1,219.23
686623.56,686808,1698025440,219.23,219.07
686743.58,686761.17,1698025500,219.07,219.07
686834.1,686864.41,1698025560,219.06,218.95
686784.43,687238.09,1698025620,218.94,218.87
687144.32,686749.21,1698025680,218.86,218.62
686549.51,686600.14,1698025740,218.63,218.67
686440.42,686431.25,1698025800,218.67,218.73
686421.05,686389.13,1698025860,218.73,218.64
686398.44,686403.54,1698025920,218.65,218.67
686420.17,686493.26,1698025980,218.68,218.86
686509.79,686609.55,1698026040,218.87,219
686652.67,686739.79,1698026100,219.01,219.1
686813.01,686777.64,1698026160,219.09,218.98
686821.38,686789.65,1698026220,218.97,218.94
686831.92,686802.6,1698026280,218.94,218.92
686824.21,686764.95,1698026340,218.93,219.1
686971.4,687107.27,1698026400,219.1,219.18
687108.48,687153.4,1698026460,219.18,219.36
687120.03,687010.17,1698026520,219.36,219.33
686911.55,686830.08,1698026580,219.32,219.31
686976.61,687145.52,1698026640,219.31,219.64
687177.23,687119.71,1698026700,219.64,219.69
687212.98,687243,1698026760,219.69,219.55
687140.26,687034.01,1698026820,219.54,219.57
687036.54,686801.87,1698026880,219.57,219.67
686866.59,687791.66,1698026940,219.68,219.84
687813.48,687864.43,1698027000,219.85,219.76
688139.89,688139.89,1698027060,219.76,219.65
688089.79,688101.47,1698027120,219.64,219.75
688102.57,688005.55,1698027180,219.75,219.76
687983.08,687983.08,1698027240,219.75,219.74
687986.16,688131.29,1698027300,219.75,219.85
688147.93,688181.92,1698027360,219.85,219.92
688497.21,689047.56,1698027420,219.92,219.95
689357.36,689350.14,1698027480,219.94,220.23
689857.66,689763.59,1698027540,220.23,220.17
689798.65,690053.73,1698027600,220.17,220.06
690186.97,690368.74,1698027660,220.07,220.14
690404.66,690458.03,1698027720,220.14,220.07
690202.36,690114.79,1698027780,220.07,220.06
690261.18,690298.76,1698027840,220.06,220.03
690245.93,690319.37,1698027900,220.03,220.06
690421,690464.34,1698027960,220.05,220.04
690466.22,690451.17,1698028020,220.03,219.97
690304.64,690226.86,1698028080,219.98,220.04
690245.97,690304.83,1698028140,220.03,219.98
690172.27,689908.72,1698028200,219.98,219.85
689701.58,689696.52,1698028260,219.85,220.12
689961.88,689994.69,1698028320,220.12,220.12
689869.1,690265.16,1698028380,220.12,220.18
690455.2,690674.07,1698028440,220.17,220.45
691401.75,692116.47,1698028500,220.46,220.71
692488.11,692566.81,1698028560,220.72,220.77
692588.6,692602.31,1698028620,220.77,220.51
692619.41,692783.92,1698028680,220.51,220.55
692801.01,692718.8,1698028740,220.55,220.35
692450.4,692455.49,1698028800,220.36,220.3
692449.82,692334.84,1698028860,220.3,220.19
692415.84,692147.44,1698028920,220.2,220.24
692039.97,691952.02,1698028980,220.25,220.23
691874.26,691714.41,1698029040,220.23,220.12
691740.11,691740.11,1698029100,220.11,220.07
691443.41,691440.04,1698029160,220.07,220.12
691059.17,690893.75,1698029220,220.12,220.34
690714.39,690638.9,1698029280,220.34,220.08
690534.63,690318.29,1698029340,220.07,220.18
690259.61,690123.14,1698029400,220.18,220.1
690135.01,690157.37,1698029460,220.1,220.03
690064.55,690221.87,1698029520,220.03,220
689918.05,689838.02,1698029580,220.01,219.96
689810.48,690633.23,1698029640,219.96,220.15
690543.42,690486.05,1698029700,220.15,219.94
690313.39,690273.13,1698029760,219.93,220.13
690184.44,690267.14,1698029820,220.12,220.17
690318.03,690921.33,1698029880,220.17,220.3
690963.52,692785.75,1698029940,220.3,220.36
692774.94,692803.66,1698030000,220.36,220.33
692800.64,692827.14,1698030060,220.33,220.34
693020,693026.56,1698030120,220.34,220.26
692851.69,692718.79,1698030180,220.26,220.12
692810.07,692808.25,1698030240,220.13,220
692704.44,692684.6,1698030300,220,220.16
692636.52,692704.81,1698030360,220.17,220.16
692661.67,693682.58,1698030420,220.16,220.19
693723.06,693697.45,1698030480,220.19,220.17
693696.61,693703.19,1698030540,220.17,220.29
695423.61,695453.07,1698030600,220.29,220.25
695406.04,695420.26,1698030660,220.25,220.3
695375.18,697151.03,1698030720,220.29,220.19
697089.88,697089.24,1698030780,220.2,220.05
697176.73,697255.22,1698030840,220.05,220.07
697195.6,697148.56,1698030900,220.07,219.98
697333.74,696497.1,1698030960,219.97,219.87
696519.15,696482.07,1698031020,219.87,220.05
696423.76,696345.47,1698031080,220.05,220.9
703610.49,701052.7,1698031140,220.8,221.67
699618.67,700679.35,1698031200,221.66,221.86
703635.07,703635.07,1698031260,221.87,222.53
706289.73,706608.73,1698031320,222.54,221.88
706839.76,707123.64,1698031380,221.89,222.01
707464.92,708065.94,1698031440,222,222.15
708159.3,708350.43,1698031500,222.14,222.16
708242.93,707897.18,1698031560,222.16,221.78
707308.98,707435.99,1698031620,221.78,221.98
707515.27,707495.03,1698031680,221.98,222.24
708175.73,708545.28,1698031740,222.24,222.37
708423.8,708379.83,1698031800,222.37,221.97
708465.78,708458.37,1698031860,221.98,222.03
708261.65,708382.17,1698031920,222.04,221.79
708331.6,708365.55,1698031980,221.79,221.7
708311.05,708112.26,1698032040,221.7,221.6
707850.03,707931.24,1698032100,221.61,221.62
707881.64,707953.48,1698032160,221.62,221.57
707878.48,707792.76,1698032220,221.57,221.7
707777.2,707579.01,1698032280,221.7,221.65
707549.74,707336.22,1698032340,221.65,221.84
707271.4,707259.2,1698032400,221.84,221.69
707238.71,707177.78,1698032460,221.69,221.79
707195.51,707089.31,1698032520,221.79,221.78
707017.08,707004.21,1698032580,221.8,221.89
707015.48,707300.91,1698032640,221.9,221.98
707155.48,707235.08,1698032700,221.98,222.07
707242.28,707051.24,1698032760,222.07,222.16
707063.68,706894.25,1698032820,222.17,221.69
706779.37,706763.39,1698032880,221.69,221.84
706198.02,706299.7,1698032940,221.84,222.52
706017.99,705367.37,1698033000,222.51,222.11
705233.52,705092.93,1698033060,222.1,222.43
705248.47,705229.06,1698033120,222.44,222.46
705001.71,705012.32,1698033180,222.47,222.13
705046.3,704733.1,1698033240,222.13,222.29
704782.04,704699.9,1698033300,222.3,222.26
704542.52,704910.47,1698033360,222.25,222.05
704571.71,704853.48,1698033420,222.05,222.36
704970.91,704932.94,1698033480,222.37,222.29
704869.74,704553.24,1698033540,222.3,222.28
704676.66,704764.65,1698033600,222.28,222.58
704732.4,704732.4,1698033660,222.57,222.12
704930.69,704874.65,1698033720,222.12,222.32
704494.62,704420.4,1698033780,222.35,222.75
704401.41,704621.15,1698033840,222.75,222.65
704468.19,704459.24,1698033900,222.65,222.57
704511.54,704695.92,1698033960,222.58,222.28
704761.13,704698.74,1698034020,222.26,222.3
704757.33,704644.17,1698034080,222.29,222.26
704469.36,704599.28,1698034140,222.25,222.24
704532.09,704559.25,1698034200,222.24,222.23
704585.42,704585.01,1698034260,222.23,222.42
704538.75,704529.84,1698034320,222.42,222.35
704507.74,704424.48,1698034380,222.35,222.33
704296.59,704457.1,1698034440,222.33,222.13
705419.16,705458.32,1698034500,222.14,222.02
705246.35,704798.22,1698034560,222.04,222.15
704552.33,704422.13,1698034620,222.16,221.83
703968.78,704249.65,1698034680,221.83,221.8
704132.44,703925.97,1698034740,221.8,221.84
703930.58,703970.33,1698034800,221.83,221.81
703889.57,703861.86,1698034860,221.81,221.84
704109,704152.07,1698034920,221.84,221.69
704060.34,703995.65,1698034980,221.69,221.67
704015.39,704036.9,1698035040,221.67,221.69
703990.78,704053.82,1698035100,221.68,221.66
704054.88,704055.42,1698035160,221.66,221.68
703961.51,704037,1698035220,221.68,221.61
704047.4,703922.82,1698035280,221.61,221.7
703848.09,703832.76,1698035340,221.7,221.67
703877.89,703902.1,1698035400,221.68,221.68
703686.83,703761.96,1698035460,221.69,221.73
703866.38,703832.24,1698035520,221.73,221.58
703829.14,703712.37,1698035580,221.59,221.64
703741.37,703912.62,1698035640,221.65,221.46
703933.55,702501.87,1698035700,221.46,221.63
702447.79,702486.65,1698035760,221.63,221.71
702468.67,702251.55,1698035820,221.7,221.63
702134.01,703041.62,1698035880,221.63,221.79
703112.71,703146.36,1698035940,221.79,221.62
703140.21,703140.15,1698036000,221.62,221.71
703128.61,703159.04,1698036060,221.71,221.79
703100.32,702908.1,1698036120,221.8,221.7
702851.98,702924.09,1698036180,221.7,221.49
702881.43,702899.64,1698036240,221.49,221.61
702893.14,702893.14,1698036300,221.6,221.7
702858.83,702880.31,1698036360,221.7,221.74
702908.42,702979.87,1698036420,221.73,221.73
702990.58,703185.27,1698036480,221.73,221.74
703176.9,703196.5,1698036540,221.74,221.66
703199.57,703189.17,1698036600,221.67,221.71
703348.07,703391.58,1698036660,221.71,221.82
703415.44,703377.68,1698036720,221.83,221.79
703378.44,703405.39,1698036780,221.79,221.8
703408.51,703002.6,1698036840,221.8,221.84
703009.99,703031.74,1698036900,221.83,221.94
703038.88,702998.92,1698036960,221.95,222.08
702889.35,702891.08,1698037020,222.07,222.11
703020.6,702893.45,1698037080,222.11,221.9
702994.86,703090.45,1698037140,221.91,221.9
703362.95,703322.73,1698037200,221.91,221.81
703376.81,703514.66,1698037260,221.8,221.43
703575.61,703528.59,1698037320,221.42,221.32
703402.03,703330.37,1698037380,221.32,221.21
703074.35,703088.14,1698037440,221.21,221.33
703008.03,702964,1698037500,221.33,221.41
702972.53,702590.04,1698037560,221.4,221.36
702841.82,703323.17,1698037620,221.36,221.69
703264.26,703294.35,1698037680,221.69,221.84
703376.19,703355.07,1698037740,221.85,222.07
703355.26,703373.07,1698037800,222.07,222.11
703553.19,703410.05,1698037860,222.12,222.33
703510.3,703557.91,1698037920,222.32,222.29
703556.52,703657.8,1698037980,222.29,222.33
703644.87,703677.27,1698038040,222.35,222.39
703782.87,703785.36,1698038100,222.4,222.39
703738.35,703705.76,1698038160,222.39,222.49
703830,703871.34,1698038220,222.51,222.48
704413.64,704999.6,1698038280,222.49,222.72
705670.47,705670.47,1698038340,222.72,222.72
705723.65,705799.65,1698038400,222.72,222.56
705765.13,705693.14,1698038460,222.56,222.26
705825.13,705746.71,1698038520,222.26,222.27
705063.66,705044.84,1698038580,222.27,222.42
704418.72,704297.82,1698038640,222.42,222.33
704442.55,705176.04,1698038700,222.33,222.34
705285.79,705235.53,1698038760,222.34,222.16
705271.03,705286.81,1698038820,222.14,222.18
705313.21,705349.62,1698038880,222.19,222.46
705116.79,705178.72,1698038940,222.47,222.52
705046.68,705053.34,1698039000,222.52,222.57
705070.15,705303.5,1698039060,222.57,222.52
705328.36,705437.49,1698039120,222.52,222.69
705410,705489.01,1698039180,222.7,222.83
704927.64,704737.39,1698039240,222.83,222.76
704589.76,704673.26,1698039300,222.79,222.93
704556.65,704884.48,1698039360,222.94,222.74
704839.64,704854.92,1698039420,222.74,222.58
705101.47,705165.81,1698039480,222.58,222.64
705151.49,705224.64,1698039540,222.65,222.5
705077,705038.75,1698039600,222.51,222.63
705103.16,705103.94,1698039660,222.62,222.68
705153.24,705163.38,1698039720,222.68,222.63
705234.85,705266.06,1698039780,222.63,222.63
705091.15,705102.71,1698039840,222.62,222.51
705225.26,705243.89,1698039900,222.52,222.54
705146.32,705174.64,1698039960,222.54,222.77
705214.79,705331.32,1698040020,222.76,222.72
705320.4,705318.03,1698040080,222.72,222.76
705448.66,705383.91,1698040140,222.76,222.7
705309.15,705309.15,1698040200,222.7,222.75
705374.97,705431.69,1698040260,222.76,222.56
705428.23,705464.59,1698040320,222.56,222.46
705513.79,705612.49,1698040380,222.46,222.45
705566.78,705563.98,1698040440,222.45,222.33
705502.73,705420.85,1698040500,222.33,222.05
705631.78,705633.08,1698040560,222.05,222
705719.62,705741.79,1698040620,222,222
705586.59,705507.32,1698040680,222.01,222
705480.73,705482.54,1698040740,222.01,221.97
705552.41,705431.46,1698040800,221.96,222.1
705496.2,705348.35,1698040860,222.09,222.04
705354.57,705321.37,1698040920,222.04,222.03
705278.89,705221.08,1698040980,222.04,222.23
705229.13,705305.62,1698041040,222.23,222.24
705288.1,705425.78,1698041100,222.24,222.32
705398.69,705549.4,1698041160,222.32,222.52
705470.24,705429.63,1698041220,222.53,222.44
705560.79,705641.07,1698041280,222.44,222.56
705623.15,705430.83,1698041340,222.56,222.65
705335.11,705286.92,1698041400,222.64,222.61
705098.28,705156.25,1698041460,222.6,222.67
705246.89,705243.04,1698041520,222.67,222.58
705481.59,705555.53,1698041580,222.58,222.5
705586.73,705580.89,1698041640,222.51,222.33
705744.27,705708.91,1698041700,222.34,222.43
705677.78,705654.39,1698041760,222.42,222.2
705790.03,705791.02,1698041820,222.21,222.08
705869.33,706247.14,1698041880,222.07,221.94
706258.88,706030.99,1698041940,221.93,221.8
706273.7,706273.7,1698042000,221.8,221.74
706342.97,706030.31,1698042060,221.74,221.61
706005.54,706022.78,1698042120,221.61,221.44
706180.99,706181.06,1698042180,221.43,221.62
706340.22,706340.22,1698042240,221.62,221.55
706374.54,706391.64,1698042300,221.56,221.61
706384.52,706384.52,1698042360,221.61,221.45
706399.93,706377.48,1698042420,221.45,221.44
706180.19,705830.9,1698042480,221.42,221.42
705956.33,705856.26,1698042540,221.43,221.51
705857.95,705917.1,1698042600,221.52,221.47
706068.88,706049.57,1698042660,221.47,221.43
705915.07,705916.78,1698042720,221.44,221.48
705925.25,706577.12,1698042780,221.47,221.35
706617.01,706625.6,1698042840,221.35,221.35
706556.02,706328.69,1698042900,221.35,221.4
706316.59,706359.07,1698042960,221.39,221.54
706380.66,706531.69,1698043020,221.53,221.49
706513.72,706447.56,1698043080,221.5,221.49
706547.85,706538.58,1698043140,221.49,221.41
706540.13,706661.51,1698043200,221.41,221.32
706696.79,706685.39,1698043260,221.32,221.24
706751.82,706722.44,1698043320,221.23,221.27
706711.67,706650.81,1698043380,221.26,221.34
706369.39,706355.95,1698043440,221.34,221.3
706404.39,706411.29,1698043500,221.31,221.38
706523.77,706414.16,1698043560,221.38,221.35
706440.66,706603.43,1698043620,221.35,221.23
706608.13,706495.47,1698043680,221.22,221.21
706645.07,706722.07,1698043740,221.2,221.22
706681.8,706626.5,1698043800,221.22,221.17
706640.22,706761.37,1698043860,221.17,221.09
706741.52,706729.54,1698043920,221.09,220.85
706726.48,706709.46,1698043980,220.85,220.78
706321.47,706279.51,1698044040,220.79,220.88
706067.71,706043.14,1698044100,220.87,220.83
706082.32,706197.76,1698044160,220.82,220.73
706069.72,706040.81,1698044220,220.73,220.67
706015.81,706015.81,1698044280,220.67,220.53
706027.02,705425.24,1698044340,220.53,220.29
705547.97,705547.97,1698044400,220.28,220.5
705535.77,705384.05,1698044460,220.51,220.6
705253.35,705352.5,1698044520,220.6,220.69
706299.46,706184.77,1698044580,220.69,220.49
706284.89,706281.08,1698044640,220.5,220.48
706265.64,706240.24,1698044700,220.48,220.43
706081.99,706065.46,1698044760,220.42,220.33
705985.42,704772.66,1698044820,220.32,220.23
704744.66,704718.74,1698044880,220.23,220.18
704605.59,704795.93,1698044940,220.18,220.25
704912.63,704989,1698045000,220.26,220.11
704973.28,704988.33,1698045060,220.11,220.24
705007.69,704447.2,1698045120,220.21,220.1
704203.83,704198.13,1698045180,220.1,220.2
704143.49,704185.39,1698045240,220.21,220.16
704365.66,704226.27,1698045300,220.17,220.32
704409.21,704529.33,1698045360,220.32,220.4
704359.86,704339.77,1698045420,220.4,220.5
704342.12,704361.52,1698045480,220.51,220.55
704334.79,704240.63,1698045540,220.56,220.41
704153.25,704180.93,1698045600,220.41,220.47
704260.3,704554.03,1698045660,220.48,220.24
704185.95,704165.8,1698045720,220.25,220.34
704230.45,704255.05,1698045780,220.34,220.38
704238.9,704228.58,1698045840,220.39,220.35
704149.25,704160.2,1698045900,220.36,220.39
704388.18,704297.32,1698045960,220.39,220.31
704388.91,704468.14,1698046020,220.31,220.33
704518.76,704532.45,1698046080,220.31,220.28
704522.87,704626.25,1698046140,220.27,220.36
704752.75,704816.42,1698046200,220.36,220.53
704839.05,704809.46,1698046260,220.54,220.59
704697.57,704769.01,1698046320,220.58,220.51
704750.47,704767.86,1698046380,220.51,220.65
704750.6,704778.09,1698046440,220.65,220.65
704747.99,704703.08,1698046500,220.65,220.61
704586.91,704584.88,1698046560,220.62,220.67
704694.63,704694.63,1698046620,220.69,220.71
704702.54,704822.39,1698046680,220.72,220.74
704804.17,704841.73,1698046740,220.74,220.71
704715.38,705276.71,1698046800,220.71,220.7
705136.3,705313.56,1698046860,220.71,220.51
705306.5,704732.47,1698046920,220.5,220.37
704921.41,704665.12,1698046980,220.35,220.62
704568.93,704623.87,1698047040,220.61,220.63
704567.28,704561.81,1698047100,220.64,220.74
704545.86,704565.91,1698047160,220.74,220.7
704571,704554.72,1698047220,220.7,220.55
704554.33,704554.33,1698047280,220.55,220.49
704572.56,704585.11,1698047340,220.48,220.51
704589.85,704621.8,1698047400,220.52,220.32
704669.3,704698.36,1698047460,220.32,220.15
704547.34,704409.7,1698047520,220.15,219.86
704111.98,704079.56,1698047580,219.84,219.76
703853.82,702876.69,1698047640,219.75,219.18
701982.41,701424.5,1698047700,219.18,219.56
701491.52,701420.97,1698047760,219.4,219.61
701377.21,701368.57,1698047820,219.62,219.56
701237.9,701113.21,1698047880,219.56,219.54
701139.27,701147.17,1698047940,219.55,219.6
701361.8,701569.09,1698048000,219.6,219.8
701755.87,701748.16,1698048060,219.8,219.64
702196.31,702193.24,1698048120,219.63,219.52
702200.35,701977.49,1698048180,219.51,219.22
701616.97,701431.8,1698048240,219.21,219.6
701405.86,701273.88,1698048300,219.59,219.65
701321.62,701519.8,1698048360,219.65,219.56
701570.82,701563.85,1698048420,219.55,219.55
701596.96,701595.81,1698048480,219.55,219.61
701587.89,701614.1,1698048540,219.61,219.67
701585.99,701676.57,1698048600,219.67,219.75
701698.24,701715.17,1698048660,219.76,219.68
701717.19,701730.7,1698048720,219.67,219.71
701680.11,701681.55,1698048780,219.72,219.74
701625.31,701625.31,1698048840,219.74,219.59
701664.07,701601.42,1698048900,219.6,219.57
701612.22,701625.2,1698048960,219.58,219.62
701661.67,701671.58,1698049020,219.62,219.64
701699.09,701740.44,1698049080,219.64,219.56
701808.26,701809.48,1698049140,219.57,219.45
701496.88,701510.1,1698049200,219.45,219.48
701462.77,701509.42,1698049260,219.49,219.38
701541.46,701560.26,1698049320,219.37,219.22
701768.25,701634.97,1698049380,219.23,219.39
701555.69,701573.31,1698049440,219.38,219.48
701500.91,701128.25,1698049500,219.47,219.55
701131.78,701148.79,1698049560,219.55,219.78
700965.96,700931.11,1698049620,219.79,219.96
700832.66,700758.91,1698049680,219.96,220.03
700762.78,700660.67,1698049740,220.04,219.97
700621.49,700685.11,1698049800,219.96,220.12
700656.24,700704.3,1698049860,220.13,220.19
700731.27,700781.85,1698049920,220.19,220.07
700787.36,700820.27,1698049980,220.08,219.97
700851.88,700828.64,1698050040,219.97,220
700818.14,700861.88,1698050100,220,219.93
700880.58,700867.16,1698050160,219.94,219.96
700922.17,700806.87,1698050220,219.96,220.07
700804,700777.76,1698050280,220.07,220.06
700698.95,700646.19,1698050340,220.06,220.18
700626.49,700536.03,1698050400,220.18,220.21
700553.16,700576.25,1698050460,220.22,220.22
700519.26,700587.57,1698050520,220.22,220.24
700580.79,700561.06,1698050580,220.23,220.19
700637.05,700871.12,1698050640,220.18,220.29
700850.54,700699.62,1698050700,220.3,220.42
700775.53,700781.5,1698050760,220.43,220.55
701017.95,700975.81,1698050820,220.54,220.53
700952.54,700956.58,1698050880,220.54,220.58
701011.05,700827.37,1698050940,220.59,220.61
700795.48,700763.55,1698051000,220.61,220.74
700780.66,700724.83,1698051060,220.74,220.75
700850.27,700782.37,1698051120,220.75,220.9
701079.71,700992.32,1698051180,220.9,220.91
701011.26,700979.86,1698051240,220.92,220.95
701012.05,701067.52,1698051300,220.94,220.95
701254.26,701254.26,1698051360,220.95,220.91
701371.55,701370.15,1698051420,220.9,221.01
701735.71,701756.27,1698051480,221.01,220.95
702067.59,702126.89,1698051540,220.94,220.81
702046.97,702206.28,1698051600,220.81,220.7
702177.94,702051.65,1698051660,220.7,220.63
702032.61,702015.27,1698051720,220.62,220.68
702271.57,702288.65,1698051780,220.68,220.6
702255.21,702255.21,1698051840,220.6,220.7
702351.9,702406.88,1698051900,220.69,220.63
702473.12,702493.14,1698051960,220.62,220.48
702498.15,702480.48,1698052020,220.47,220.6
702464.86,702474.71,1698052080,220.6,220.65
702493.06,702477.29,1698052140,220.64,220.72
702448.22,702495.33,1698052200,220.72,220.65
702525.64,702449.33,1698052260,220.66,220.52
702525.09,702301.66,1698052320,220.52,220.55
702373.07,702391.29,1698052380,220.55,220.46
702501.01,702547.31,1698052440,220.46,220.39
702511.56,702578.22,1698052500,220.39,220.38
702610.75,701959.21,1698052560,220.38,220.49
701996.48,702017.02,1698052620,220.49,220.47
702047.83,701965.21,1698052680,220.46,220.43
702144.73,702355.14,1698052740,220.44,220.27
702473.74,702461.28,1698052800,220.27,220.14
702519.4,702609.99,1698052860,220.15,219.85
701934.75,702000.28,1698052920,219.85,219.83
701992.53,702048.93,1698052980,219.84,219.98
702020.64,702014.37,1698053040,219.98,219.99
702052.61,702067.44,1698053100,219.99,220.09
702195.23,702303.81,1698053160,220.08,219.87
702403.05,702446.77,1698053220,219.87,219.79
702426.85,702466.41,1698053280,219.78,219.62
702602.42,702726.21,1698053340,219.62,219.6
702789.69,702853.36,1698053400,219.6,219.54
702919.34,702737.09,1698053460,219.54,219.42
702582.21,702582.21,1698053520,219.42,219.28
702367.98,702239.08,1698053580,219.27,219.09
702331.47,702256.69,1698053640,219.08,219.17
702165.13,701867.98,1698053700,219.18,219.36
701957.93,702046.97,1698053760,219.36,219.27
702077.06,702330.03,1698053820,219.25,219.46
702151.14,702189.03,1698053880,219.47,219.43
702128.65,702188.92,1698053940,219.44,219.29
702191.47,701688.38,1698054000,219.28,219.22
701686.81,701829.16,1698054060,219.23,219.21
701872.15,701832.94,1698054120,219.2,219.41
701878.18,702044.72,1698054180,219.4,219.28
702052.88,702065.84,1698054240,219.27,219.35
702083.15,702199.13,1698054300,219.34,219.12
702340.97,702068.02,1698054360,219.11,218.61
700708.81,699988.71,1698054420,218.6,218.47
699595.2,699573.34,1698054480,218.47,218.66
699520.1,699528.46,1698054540,218.66,218.85
699420.94,699391.26,1698054600,218.86,219.06
699027.56,698993.03,1698054660,219.06,219.22
699115.63,699161.29,1698054720,219.21,219.06
699213.14,699238.68,1698054780,219.05,219.22
699357.24,699343.05,1698054840,219.22,219.24
699322.62,699362.55,1698054900,219.24,219.43
699417.03,699402.47,1698054960,219.43,219.49
699398.29,699368,1698055020,219.48,219.32
699374.45,699420.53,1698055080,219.32,219.48
699403.09,699366.41,1698055140,219.48,219.48
699359.96,699381.04,1698055200,219.49,219.4
699310.27,698999.46,1698055260,219.41,219.37
698949.36,698907.52,1698055320,219.36,219.41
698870.89,698829.67,1698055380,219.41,219.42
698750.83,698657.36,1698055440,219.41,219.41
698614.89,698656.31,1698055500,219.41,219.46
698686.46,698521.1,1698055560,219.46,219.54
698510.54,698739.77,1698055620,219.53,219.55
698705.87,698689.63,1698055680,219.55,219.62
698693.88,698693.88,1698055740,219.61,219.7
698805.16,698791.72,1698055800,219.69,219.58
698719.81,698719.81,1698055860,219.59,219.66
698796.92,698823.37,1698055920,219.66,219.73
698778.46,698785.66,1698055980,219.73,219.66
698722.36,698723.25,1698056040,219.65,219.66
698679.73,698679.73,1698056100,219.67,219.75
698487.8,698469.19,1698056160,219.74,219.73
698445.59,698381.79,1698056220,219.73,219.79
698398.56,698333.79,1698056280,219.79,219.77
698288.15,698254.96,1698056340,219.78,219.93
698097.14,698138.78,1698056400,219.93,219.94
698210.86,698260.05,1698056460,219.94,219.95
698238.96,698228.21,1698056520,219.94,219.92
698242.48,698227.73,1698056580,219.92,220
698619.84,698570.78,1698056640,220,220.08
698557.6,698566.09,1698056700,220.08,220.09
698607.63,698602.77,1698056760,220.09,220.09
698615.71,698614.87,1698056820,220.1,220.1
698617.76,698616.88,1698056880,220.11,220.09
698679.06,698671.29,1698056940,220.08,220.08
698629.41,698678.96,1698057000,220.09,220.11
698609.53,698723.77,1698057060,220.11,220.27
698596.47,698673.46,1698057120,220.27,220.14
698655.97,698499.16,1698057180,220.13,220.08
698848.47,698865.28,1698057240,220.08,219.91
698780.24,698820.33,1698057300,219.91,219.83
698841.46,698794.98,1698057360,219.83,219.72
698713.85,698727.05,1698057420,219.72,219.75
698716.07,698689.04,1698057480,219.76,219.7
698585.21,698485.44,1698057540,219.7,219.82
698671.13,698647.39,1698057600,219.82,219.91
698635.44,698633.58,1698057660,219.92,220
698627.88,698572.04,1698057720,220,219.98
698606.39,698609.14,1698057780,219.98,220.02
698785.46,698760.95,1698057840,220.02,220.05
698705.78,698751.43,1698057900,220.05,220.03
698714.89,698699.47,1698057960,220.03,220.04
698659.77,698638.86,1698058020,220.05,220.06
698595.04,698560.05,1698058080,220.05,220.09
698551.52,698551.52,1698058140,220.09,220.02
698540.42,698531.03,1698058200,220.01,219.98
698533.16,698533.16,1698058260,219.99,219.9
698593.6,698420.03,1698058320,219.91,219.79
698432.3,698395.14,1698058380,219.79,219.91
698432.54,698310.34,1698058440,219.92,219.96
698303.41,698298.64,1698058500,219.95,219.88
698325.19,698322.8,1698058560,219.89,219.97
698317.16,697585.12,1698058620,219.97,219.7
697352.89,697167.69,1698058680,219.7,219.7
697124.13,697155.79,1698058740,219.7,219.66
697118.29,697183.41,1698058800,219.67,219.66
697144.46,697171.72,1698058860,219.66,219.83
697229.58,697242.5,1698058920,219.85,219.92
697254.31,697302.49,1698058980,219.92,219.84
697283.37,697333.14,1698059040,219.83,219.93
697441.89,697492.35,1698059100,219.94,220.09
697716.72,698018.57,1698059160,220.09,220.06
698123.58,698118.42,1698059220,220.07,220.11
698104.97,698061.26,1698059280,220.11,220.07
698432.02,698437.07,1698059340,220.06,219.98
698764.86,698753.1,1698059400,219.98,219.94
698774.99,698823.46,1698059460,219.93,219.91
698800.43,698813.63,1698059520,219.91,219.89
699098.88,699101.26,1698059580,219.88,219.87
699046.65,699034.95,1698059640,219.87,219.8
699016.83,698947.54,1698059700,219.81,219.95
698894.71,698895.22,1698059760,219.94,219.95
698921.83,698883.61,1698059820,219.96,219.96
698889.03,698856.78,1698059880,219.97,220.01
698918.4,698946.13,1698059940,220.02,220.09
698922.31,698917.46,1698060000,220.09,220.09
698906.68,698999.43,1698060060,220.09,220.13
698942.76,698910.48,1698060120,220.13,220.2
699097.22,699134.05,1698060180,220.19,220.18
699140.56,699306.06,1698060240,220.18,220.16
699309.23,699329.79,1698060300,220.15,220.22
699351.04,699303.59,1698060360,220.22,220.3
699307.26,699351.36,1698060420,220.31,220.3
699322.1,699319.96,1698060480,220.3,220.3
699310.8,699310.8,1698060540,220.29,220.26
699345.27,699375.34,1698060600,220.26,220.17
699381.28,699419.87,1698060660,220.16,220.06
699421.65,699387.75,1698060720,220.06,220.14
699446.73,699446.73,1698060780,220.13,220.19
699377.07,699369.61,1698060840,220.19,220.31
699201.1,699140.76,1698060900,220.32,220.22
699167.64,698890.22,1698060960,220.23,220.3
698856.65,698847.87,1698061020,220.29,220.35
698801.79,698848.19,1698061080,220.35,220.48
698721.11,698764.21,1698061140,220.48,220.46
698869.26,698810.28,1698061200,220.47,220.49
698792.42,698871.71,1698061260,220.49,220.56
698799.28,698828.09,1698061320,220.55,220.55
698892.57,699090.92,1698061380,220.55,220.52
699035.36,699063.23,1698061440,220.52,220.55
698826.75,698821.8,1698061500,220.55,220.4
698951.8,699065.93,1698061560,220.41,220.4
699085.4,699407.42,1698061620,220.39,220.36
699369.17,699285.1,1698061680,220.36,220.51
699296.7,699310.06,1698061740,220.51,220.52
699239.39,699610.55,1698061800,220.52,220.58
699554.46,699699.69,1698061860,220.57,220.65
699681.16,699671.93,1698061920,220.64,220.53
699713.79,699652.05,1698061980,220.53,220.46
699704.33,699960.46,1698062040,220.45,220.25
699947.77,699909.08,1698062100,220.26,220.23
699853.32,699896.5,1698062160,220.23,220.25
699797.35,699882.83,1698062220,220.25,220.23
699868.96,699868.96,1698062280,220.23,220.31
699927.92,699961.72,1698062340,220.31,220.31
700059.92,700082.84,1698062400,220.31,220.31
700121.2,700121.2,1698062460,220.31,220.31
700001.72,700001.72,1698062520,220.31,220.31
699960.89,699855.59,1698062580,220.31,220.19
699875.09,699881.84,1698062640,220.18,220.25
699858.72,699895.11,1698062700,220.24,220.31
699875.88,699874.44,1698062760,220.3,220.27
699893.78,700060.73,1698062820,220.28,220.15
699969.72,699803.19,1698062880,220.15,220.05
699644.86,699785.29,1698062940,220.04,220.19
699808.44,699806.58,1698063000,220.18,220.24
699844.32,699873.36,1698063060,220.24,220.24
700029.75,700049.62,1698063120,220.25,220.2
700048.12,699960.26,1698063180,220.21,220.05
699934.52,699948.49,1698063240,220.06,220.17
699978.5,699989.37,1698063300,220.15,220.12
699994.03,699994.03,1698063360,220.11,220.26
699940.48,699942.27,1698063420,220.26,220.42
699931.23,699864.01,1698063480,220.42,220.59
700238.99,700277.46,1698063540,220.58,220.55
700437.87,700540.36,1698063600,220.55,220.5
700607.85,700645.6,1698063660,220.5,220.56
700532.54,700562.41,1698063720,220.56,220.53
700611.32,700712.68,1698063780,220.54,220.66
700764.21,700882.59,1698063840,220.65,220.59
701646.95,702041.15,1698063900,220.6,220.55
702061.12,702127.96,1698063960,220.56,220.58
702147.55,702119.24,1698064020,220.58,220.44
702075.34,702069.89,1698064080,220.44,220.44
702061.4,702070.81,1698064140,220.43,220.41
702078.09,702124.17,1698064200,220.41,220.59
702125,702201.07,1698064260,220.59,220.55
702199.41,702543.9,1698064320,220.55,220.37
702532.55,702564.31,1698064380,220.37,220.25
702595.23,702503.11,1698064440,220.26,220.31
702467.42,702467.03,1698064500,220.31,220.25
702444.77,702252.28,1698064560,220.26,220.21
702254.59,702194.8,1698064620,220.2,220.14
702215.05,702080.53,1698064680,220.14,220.12
702100.87,702229.24,1698064740,220.11,220.16
702140.58,702282.56,1698064800,220.17,220.2
702229.1,702298.76,1698064860,220.15,220.13
702297.81,702247.19,1698064920,220.13,220.09
702265.47,702199.85,1698064980,220.09,220.04
702180.14,702143.42,1698065040,220.04,220.05
702145.37,702020.94,1698065100,220.04,220.12
701964.03,702229.85,1698065160,220.12,219.93
702218.55,702198.53,1698065220,219.92,219.88
702259.98,702095.52,1698065280,219.87,220
702063.43,702047.22,1698065340,220,220.06
702126.4,702127.02,1698065400,220.06,220.16
702127.85,702156.93,1698065460,220.16,220.13
702186.68,702235.8,1698065520,220.13,220.12
702201.27,702202.34,1698065580,220.11,220
702348.21,702311.02,1698065640,220.01,219.96
702293.75,702283.16,1698065700,219.96,219.98
702303.6,702371.39,1698065760,219.97,219.98
702362.88,702392.16,1698065820,219.98,219.97
702402.47,702408.38,1698065880,219.98,220
702413.15,702413.15,1698065940,220,220.1
702433.12,702408.34,1698066000,220.1,220.08
702380.16,702398.47,1698066060,220.07,219.92
702441.68,702425.07,1698066120,219.91,219.89
702447.12,702474.76,1698066180,219.89,219.88
702495.09,702487.27,1698066240,219.88,219.83
702505.59,702491.17,1698066300,219.82,219.6
701663.31,701498.36,1698066360,219.6,219.7
701384.88,701374.46,1698066420,219.7,219.91
701335.47,701307.94,1698066480,219.9,220
701337.63,701297.93,1698066540,219.99,219.96
701330.88,701347.51,1698066600,219.95,220.04
701387.18,701381.55,1698066660,220.03,220.13
701358.49,701356.39,1698066720,220.13,220.17
701376.93,701391.02,1698066780,220.17,220.15
701395.65,701450.73,1698066840,220.15,220.13
701479.94,701628.16,1698066900,220.13,220.03
701572.54,701520.21,1698066960,220.04,220.05
701500.41,701489.99,1698067020,220.05,219.88
701512.22,701517.2,1698067080,219.89,219.75
701586.39,701600.31,1698067140,219.76,219.57
701591.28,701570.76,1698067200,219.56,219.55
701445.63,701428.78,1698067260,219.56,219.57
701429.35,701414.31,1698067320,219.58,219.49
701387.48,701419.37,1698067380,219.5,219.41
701331.06,701254.44,1698067440,219.41,219.44
701185.4,701185.4,1698067500,219.44,219.25
701124.72,700938.59,1698067560,219.26,219.35
700874.04,700970.35,1698067620,219.36,219.41
700839.97,700797.26,1698067680,219.42,219.32
700784.28,699724.88,1698067740,219.31,218.72
691978.93,690453.87,1698067800,218.72,218.45
690717.19,690692.36,1698067860,218.45,218.47
690852.76,690750.52,1698067920,218.47,218.35
690264.25,689867.55,1698067980,218.35,218.64
689796.83,689805.01,1698068040,218.64,218.42
689673.52,689686.97,1698068100,218.41,218.51
690599.47,690581.73,1698068160,218.5,218.3
689500.53,689479.01,1698068220,218.31,218.39
689453.54,689657.17,1698068280,218.39,218.6
689749.26,689749.26,1698068340,218.6,218.73
689670.54,689547.59,1698068400,218.73,218.78
689542.42,689508.65,1698068460,218.78,218.93
689470.62,689602.62,1698068520,218.94,218.8
689616.64,689616.64,1698068580,218.8,218.95
689561.71,688420.02,1698068640,218.94,218.71
688565.73,688546.15,1698068700,218.71,218.94
688512.54,688488.76,1698068760,218.95,218.8
688474.34,688432.96,1698068820,218.8,218.83
688376.7,688355.27,1698068880,218.83,218.99
688478.49,688478.71,1698068940,219,218.96
689019.45,689092.03,1698069000,218.96,218.81
689017.76,689342.77,1698069060,218.8,218.69
689279.61,689160.49,1698069120,218.69,218.78
689205.48,689306.93,1698069180,218.78,218.77
689203.89,689127.23,1698069240,218.76,218.63
690126.69,690088.27,1698069300,218.62,218.69
690097.67,690189.26,1698069360,218.7,218.82
690264.19,690271.94,1698069420,218.82,218.84
690204.4,690059.01,1698069480,218.84,218.8
690082.95,690033.22,1698069540,218.8,218.77
689927.7,689872.67,1698069600,218.77,218.76
689826.98,690003.98,1698069660,218.75,218.9
689878.73,689878.07,1698069720,218.9,218.78
689924.57,689866.18,1698069780,218.78,218.77
689873.56,690113.08,1698069840,218.76,218.99
690199.34,690034.15,1698069900,218.99,219.16
690031.57,689937.75,1698069960,219.15,219.13
689945.77,689968.97,1698070020,219.13,219.31
689892.25,689876.02,1698070080,219.32,219.36
689686.57,689505.59,1698070140,219.35,219.29
689511.1,689414.34,1698070200,219.3,219.24
689380.6,689363.66,1698070260,219.25,219.16
689273.87,689251.77,1698070320,219.17,219.24
689281.69,689281.69,1698070380,219.25,219.27
689288.45,689292.93,1698070440,219.26,219.39
689743.45,690122.81,1698070500,219.39,219.32
690118.83,690179.57,1698070560,219.33,219.28
690174.7,690158.19,1698070620,219.28,219.34
690148.18,690115.9,1698070680,219.33,219.39
690090.66,690192.98,1698070740,219.4,219.47
690245.93,689854.43,1698070800,219.46,219.33
689868.35,689888.54,1698070860,219.32,218.96
690605.54,690771.46,1698070920,218.96,219.07
690660.96,690562.49,1698070980,219.07,219.17
690502.43,690458.19,1698071040,219.16,219.11
690463.2,690464.9,1698071100,219.1,219.29
690484.6,690484.24,1698071160,219.29,219.45
690426.22,690381.43,1698071220,219.46,219.31
690254.45,690272.98,1698071280,219.31,219.3
690263.52,690230.11,1698071340,219.3,219.39
690174.42,690234.26,1698071400,219.38,219.38
690156.1,690125.16,1698071460,219.37,219.42
690178.06,690156.49,1698071520,219.41,219.41
690220.89,690195.37,1698071580,219.41,219.29
690176.16,690122.78,1698071640,219.29,219.29
690144.25,690144.25,1698071700,219.28,219.28
690149.91,690099.43,1698071760,219.29,219.31
690085.07,690072.14,1698071820,219.3,219.19
689999.2,689921.91,1698071880,219.18,219.3
689958.82,690017.2,1698071940,219.3,219.39
690117.01,690167.92,1698072000,219.38,219.61
690258.94,690168.94,1698072060,219.61,219.72
690187.52,690145.69,1698072120,219.72,219.62
690218.04,690173.55,1698072180,219.62,219.51
690139.43,690125.7,1698072240,219.51,219.52
690116.58,689886.6,1698072300,219.52,219.43
689868.29,690033.21,1698072360,219.44,219.46
690104.78,689613.73,1698072420,219.47,219.57
689803.22,689781.84,1698072480,219.56,219.24
689854.38,689801.91,1698072540,219.23,219.05
689857,690043.74,1698072600,219.06,219.31
690077.4,690050.35,1698072660,219.32,219.48
690065.02,690048.11,1698072720,219.49,219.47
690054.49,690029.21,1698072780,219.48,219.46
690186.64,690347.99,1698072840,219.46,219.37
690529.73,690469.15,1698072900,219.36,219.6
690473.77,690397.14,1698072960,219.59,219.5
690282.85,690277.16,1698073020,219.48,219.42
690304.52,690310.72,1698073080,219.43,219.46
690334.69,690334.69,1698073140,219.46,219.41
690352.16,690335.19,1698073200,219.42,219.28
690251.51,690242.99,1698073260,219.28,219.27
690314.78,690480.21,1698073320,219.26,219.49
690600.22,690464.96,1698073380,219.49,219.51
690675.46,690586.41,1698073440,219.51,219.45
690556.18,690515.53,1698073500,219.46,219.53
690700.4,690700.8,1698073560,219.53,219.3
690644.14,690679.44,1698073620,219.31,219.47
690677.76,690703.17,1698073680,219.47,219.48
690674.27,690346.69,1698073740,219.47,219.28
690326.08,690427.16,1698073800,219.28,219.48
690451.2,690613.26,1698073860,219.47,219.7
690643.85,690621.49,1698073920,219.7,219.67
690490.64,690329.08,1698073980,219.66,219.69
690294.11,690309.25,1698074040,219.68,219.64
690115.69,690052.35,1698074100,219.64,219.75
690008.81,690049.92,1698074160,219.76,219.41
690173.29,690079.61,1698074220,219.41,219.46
689901.13,689944.93,1698074280,219.46,219.37
690066.64,689881.45,1698074340,219.37,219.42
689879.01,689789.28,1698074400,219.42,219.33
689802.5,689854.91,1698074460,219.34,219.43
689707.83,689656.54,1698074520,219.43,219.53
689725.23,689818.68,1698074580,219.53,219.64
689809.28,689899.35,1698074640,219.63,219.65
690241.56,690978.1,1698074700,219.64,219.73
690938.82,690706.82,1698074760,219.74,219.7
690652.64,690165.82,1698074820,219.7,219.64
690144.77,690012.24,1698074880,219.64,219.63
690014.71,689991.78,1698074940,219.63,219.64
689781.13,689754.52,1698075000,219.64,219.52
689768.02,689737.89,1698075060,219.53,219.55
689637.63,689674.88,1698075120,219.55,219.54
689636.36,689684.57,1698075180,219.54,219.68
689637.34,689715.61,1698075240,219.68,219.89
689755.38,689717.02,1698075300,219.9,219.96
688610.08,688466.28,1698075360,219.97,219.68
688453.65,688486.08,1698075420,219.67,219.58
688520.49,688522.53,1698075480,219.58,219.69
688488.36,688506.78,1698075540,219.69,219.6
688443.04,688499.4,1698075600,219.6,219.69
688373.61,688446.53,1698075660,219.69,219.71
688422.02,688503.14,1698075720,219.7,219.6
688508.3,688497.45,1698075780,219.59,219.58
688488.13,688996.07,1698075840,219.59,219.53
688928.47,688830.62,1698075900,219.51,219.54
688819.09,688819.09,1698075960,219.55,219.57
688813.19,688957.59,1698076020,219.58,219.62
688900.64,688970.55,1698076080,219.61,219.7
689371.09,689295.43,1698076140,219.7,219.83
689275.74,689183.23,1698076200,219.82,219.78
689104.6,689121.05,1698076260,219.78,219.82
689025.46,689027.14,1698076320,219.83,220.03
689806.34,689825.8,1698076380,220.04,220.09
689851.01,688803.33,1698076440,220.09,219.72
688877.08,688826.5,1698076500,219.72,219.45
688768.8,689042.85,1698076560,219.44,219.6
689048.32,689057.08,1698076620,219.6,219.59
689070.49,689261.02,1698076680,219.59,219.39
689267.3,689268.52,1698076740,219.4,219.38
689097.31,689133.8,1698076800,219.38,219.4
689354.82,689468.77,1698076860,219.4,219.75
689378.21,689263.8,1698076920,219.75,219.45
689116.61,689259.11,1698076980,219.46,219.26
689331.36,689392.79,1698077040,219.27,219.4
689314.91,689214.45,1698077100,219.39,219.51
689197.09,689192.78,1698077160,219.51,219.65
689148.75,689079.12,1698077220,219.65,219.73
689043.63,688944.54,1698077280,219.73,219.67
688931.58,688907.53,1698077340,219.68,219.7
688902.5,688927.4,1698077400,219.72,219.75
688917.41,688798.99,1698077460,219.75,219.69
688798.27,688680.96,1698077520,219.69,219.77
688576.16,688594.05,1698077580,219.77,219.57
688587.58,688365.65,1698077640,219.56,219.52
688275.56,688463.16,1698077700,219.52,219.69
688492.91,688521.12,1698077760,219.69,219.74
688586.75,688559.47,1698077820,219.74,219.75
688596.99,688612.16,1698077880,219.75,219.83
688620.95,688549.9,1698077940,219.83,219.84
688542,688532.26,1698078000,219.85,219.88
688563.36,688489.56,1698078060,219.88,219.76
689209.97,689209.97,1698078120,219.75,219.65
689121.08,689014.3,1698078180,219.64,219.65
689071.04,689132.45,1698078240,219.65,219.81
689260,689169.04,1698078300,219.8,219.62
688455.41,688457.52,1698078360,219.62,219.39
688692.75,688618.33,1698078420,219.36,219.54
688644.07,688329.15,1698078480,219.54,219.31
688202.56,687936.55,1698078540,219.31,219.16
687770.51,687679.19,1698078600,219.16,219.27
687586.07,687471.82,1698078660,219.28,219.18
687420.23,687478.4,1698078720,219.17,219.28
687537.14,687518.65,1698078780,219.27,219.42
687504.48,687479.53,1698078840,219.43,219.45
687404.59,687392.36,1698078900,219.46,219.41
687353.1,687525.94,1698078960,219.41,219.54
687538,687528.37,1698079020,219.54,219.75
687519.24,687386.67,1698079080,219.75,219.91
687329.7,687379.46,1698079140,219.93,219.98
687249.57,687252.62,1698079200,219.98,219.78
687474.76,687491.89,1698079260,219.77,219.8
687515.03,687554.9,1698079320,219.79,219.98
687580.32,688163.37,1698079380,219.98,220.16
688170.28,687992.3,1698079440,220.17,220.39
687450.24,687299.64,1698079500,220.38,220.08
687834.68,687827.56,1698079560,220.08,220.36
687732.43,687533.16,1698079620,220.35,220.29
687480.25,687688.8,1698079680,220.3,220.58
687780.37,688190.79,1698079740,220.59,220.79
687494.76,687175.28,1698079800,220.79,220.73
687310.22,687311.93,1698079860,220.73,220.81
686771.28,686722.36,1698079920,220.82,220.94
686722.12,686915.07,1698079980,220.94,220.98
686633.07,686563.02,1698080040,220.98,220.99
686545.73,686616.83,1698080100,220.99,221.18
686388.19,686389.44,1698080160,221.17,221.11
686377.86,686503.83,1698080220,221.12,221.19
686124.38,686139,1698080280,221.23,221.14
686230.66,685991.72,1698080340,221.15,221.07
685385.1,685385.1,1698080400,221.07,220.84
685057.77,684812.42,1698080460,220.84,220.7
684762.47,684797.81,1698080580,220.59,220.55
684621.21,684621.21,1698080640,220.54,220.73
684694.28,684741.45,1698080700,220.74,221
684672.96,684726.53,1698080760,221.01,220.9
684677.34,684728.46,1698080820,220.9,221.21
685067.98,685063.32,1698080880,221.22,221.03
685292.45,685427.06,1698080940,221.02,221.24
685354.19,685431.81,1698081000,221.24,221.24
685417.93,685310.57,1698081060,221.24,221
685183.6,685275.23,1698081120,221.01,221.05
685259.74,685305.12,1698081180,221.06,221.1
685394.74,685357.78,1698081240,221.09,221.08
685181.24,685026.78,1698081300,221.08,220.56
684688.88,684448.51,1698081360,220.57,220.31
684397.16,684401.02,1698081420,220.3,220.47
684348.13,684381.8,1698081480,220.47,220.58
684601.46,684482.8,1698081540,220.58,220.42
684238.6,684354.07,1698081600,220.41,220.53
684264.19,684201.72,1698081660,220.53,220.54
684281.4,684241.88,1698081720,220.55,220.56
684138.27,684077.15,1698081780,220.56,220.4
683952.26,683979.4,1698081840,220.39,220.39
683908.87,683764.42,1698081900,220.4,220.17
683653.3,683654.77,1698081960,220.17,220.09
683747.01,683735.74,1698082020,220.08,220.12
683792.21,682857.76,1698082080,220.11,219.83
682779.58,682626.68,1698082140,219.82,219.85
682535.43,682409.13,1698082200,219.85,219.73
682212.23,682120.67,1698082260,219.72,220
682072.67,682085.43,1698082320,220,220.14
682148.38,682119.51,1698082380,220.14,220.07
682104.36,682093.7,1698082440,220.07,219.98
682275.83,682319.89,1698082500,219.98,220.32
682430.52,682296.61,1698082560,220.33,220.41
682337.28,682255.65,1698082620,220.41,220.41
682224.47,682162.63,1698082680,220.41,220.53
682210.25,682154.98,1698082740,220.52,220.5
682107.38,682249.5,1698082800,220.49,220.66
682144.5,682146.85,1698082860,220.65,220.65
682177.13,682177.13,1698082920,220.66,220.64
682140.13,682154.59,1698082980,220.64,220.63
682060.44,682076.93,1698083040,220.63,220.55
682181.76,682181.76,1698083100,220.55,220.67
682175.59,681928.73,1698083160,220.67,220.5
681943.07,682016.35,1698083220,220.5,220.59
682129.25,682259.35,1698083280,220.59,220.76
682208.81,682215.67,1698083340,220.75,220.97
682935.96,683687.12,1698083400,220.97,220.88
683411.74,683422.31,1698083460,220.89,220.87
683550.77,683551.04,1698083520,220.87,220.81
683677.63,683716.8,1698083580,220.79,220.83
683671.58,683693.02,1698083640,220.83,220.88
683730.32,683748,1698083700,220.89,220.98
683700.32,683701.45,1698083760,220.98,220.91
682898.05,682871.18,1698083820,220.92,220.78
682832.55,682650.5,1698083880,220.79,220.69
682680.98,682701.07,1698083940,220.68,220.65
682674.56,682780.12,1698084000,220.66,220.79
682692.11,682691.08,1698084060,220.8,220.87
682685.8,682687.42,1698084120,220.87,220.81
682762.21,682738.57,1698084180,220.8,220.95
682797.14,682835.43,1698084240,220.95,221
682811.66,682951.54,1698084300,220.99,221.07
682911.98,682690.87,1698084360,221.07,220.99
682489.74,682489.74,1698084420,220.99,220.88
682535.47,682538.75,1698084480,220.87,220.94
682412.15,682576.49,1698084540,220.94,220.94
682605.58,682720.53,1698084600,220.93,221.08
682745.75,683094.02,1698084660,221.09,221.21
683108.69,683098.66,1698084720,221.22,221.28
683080.64,683205.69,1698084780,221.28,221.28
683220.62,683199.69,1698084840,221.28,221.31
683115.26,683016.73,1698084900,221.32,221.22
683299.99,683155.02,1698084960,221.21,221.04
683113.23,683060.22,1698085020,221.04,221.01
682911.03,682962.57,1698085080,221.01,220.8
682948.27,682948.27,1698085140,220.8,220.8
682942.11,683015.45,1698085200,220.8,220.65
683076.03,683111.2,1698085260,220.66,220.79
683140.2,683140.2,1698085320,220.78,220.73
683095.51,683136.32,1698085380,220.73,220.67
683080.46,683047.52,1698085440,220.68,220.85
683151.76,683041.97,1698085500,220.85,220.85
683055.85,683066.05,1698085560,220.86,220.78
682989.19,682976.24,1698085620,220.78,220.86
683001.33,682888.94,1698085680,220.86,220.76
682934.68,682939.87,1698085740,220.76,220.84
682990.76,682990.07,1698085800,220.85,220.82
683018.01,682895.12,1698085860,220.83,220.73
682924.63,682942.7,1698085920,220.74,220.76
683021.5,683212.59,1698085980,220.76,220.66
683186.06,683180.78,1698086040,220.66,220.58
683128.31,682930.98,1698086100,220.58,220.66
682956.1,683044.46,1698086160,220.67,220.69
683032.58,682951.71,1698086220,220.69,220.61
682914.93,682925.82,1698086280,220.61,220.69
682966.26,683011.74,1698086340,220.7,220.75
682998.7,682784.69,1698086400,220.75,220.58
682618.23,682764.57,1698086460,220.59,220.64
682720,682547.8,1698086520,220.63,220.51
682772.14,682717.63,1698086580,220.52,220.5
682725.95,682855.67,1698086640,220.51,220.26
683065.49,682123.45,1698086700,220.25,220.13
681963.76,681957.54,1698086760,220.15,220.49
681702.67,681687.85,1698086820,220.5,220.55
681725.38,681785.32,1698086880,220.56,220.49
681708.56,681573.08,1698086940,220.49,220.47
681579.73,681745.72,1698087000,220.48,220.9
681831.7,681765,1698087060,220.89,220.74
681703.76,681660.05,1698087120,220.74,220.79
681766.28,681659.94,1698087180,220.79,221.03
681667.11,681647.4,1698087240,221.02,221.04
681729.33,681665.31,1698087300,221.04,221.19
681859.71,681742.09,1698087360,221.19,221.03
681655.38,681541.38,1698087420,221.02,221.19
681530.66,681748.11,1698087480,221.2,221.27
681597.37,681222.62,1698087540,221.26,221.36
681346.78,682135.72,1698087600,221.37,221.5
682095.53,682207.43,1698087660,221.5,221.76
682286.81,682241.42,1698087720,221.76,221.88
682390.53,682316.75,1698087780,221.9,221.8
682312.01,682460.02,1698087840,221.8,221.93
682391.27,681393.18,1698087900,221.94,221.67
681267.34,681026.22,1698087960,221.67,221.52
680960.25,680915.9,1698088020,221.51,221.53
680996.7,680996.7,1698088080,221.54,221.33
680816.89,680940.65,1698088140,221.32,221.37
680884.13,680959.62,1698088200,221.43,221.55
680989.81,681000.9,1698088260,221.56,221.78
680980.25,681002.29,1698088320,221.78,221.9
681285.93,681523.17,1698088380,221.9,221.88
681588.43,681784.94,1698088440,221.88,221.95
682040.45,681937.15,1698088500,221.95,221.73
681970.4,682020.04,1698088560,221.74,221.8
682051.43,681812.61,1698088620,221.8,221.63
681801.25,681890.59,1698088680,221.64,221.58
681934.7,681807.91,1698088740,221.59,221.3
681801.72,681620.89,1698088800,221.3,221.44
681568.58,681548.47,1698088860,221.43,221.47
681485.87,681525.36,1698088920,221.46,221.46
681539.35,681519.32,1698088980,221.46,221.22
681309.05,681310.19,1698089040,221.23,221
681333.15,681464.72,1698089100,221,221.19
681223.9,681212.56,1698089160,221.18,221.12
681136.41,681140.33,1698089220,221.12,221.21
681282.74,681254.13,1698089280,221.21,221.29
680976.69,680939.17,1698089340,221.29,221.21
681045.49,681062.05,1698089400,221.22,221.03
681003.59,681060.96,1698089460,221.04,221.12
681127.15,681105.59,1698089520,221.12,221.11
681086.73,681069.2,1698089580,221.1,221.05
680948.48,681027.52,1698089640,221.05,221.05
681058.93,681048.01,1698089700,221.06,221.2
681056,681048.46,1698089760,221.2,221.09
681106.95,681304.47,1698089820,221.08,221.12
681257.71,681250.92,1698089880,221.12,221.23
681293.58,681247.2,1698089940,221.22,221.38
681476.97,681669.56,1698090000,221.38,221.49
681738.59,681637.3,1698090060,221.49,221.63
681630.94,681273.6,1698090120,221.63,221.55
681325.7,681372.41,1698090180,221.56,221.64
681400.98,681478.57,1698090240,221.64,221.6
681494.46,681531.22,1698090300,221.59,221.65
681495.71,681507.04,1698090360,221.64,221.59
681428.77,681722.3,1698090420,221.59,221.64
681685.15,681689.4,1698090480,221.66,221.74
681777.23,681798.45,1698090540,221.74,221.76
681794.47,681638.9,1698090600,221.76,221.5
681668.97,681669.41,1698090660,221.5,221.7
681603.83,681623.27,1698090720,221.71,221.87
681566.49,681570.27,1698090780,221.87,221.85
681441.57,681391.56,1698090840,221.86,221.78
682070.98,682003.41,1698090900,221.79,222.15
682502.5,682502.5,1698090960,222.15,222.21
682202.86,682011.75,1698091020,222.21,222.37
681920.62,681920.62,1698091080,222.36,222.32
681798.42,681475.47,1698091140,222.32,222.33
681161.98,681137.13,1698091200,222.33,222.11
680999.54,680999.54,1698091260,222.1,222.01
680958.18,681141,1698091320,222.02,222.35
681012.36,680930.16,1698091380,222.35,222.32
680772.72,680636.92,1698091440,222.32,222.09
680540.69,680680.4,1698091500,222.08,222.08
680654.49,680597.2,1698091560,222.07,222.29
681251.22,681270.4,1698091620,222.28,222.05
681067.88,680958.68,1698091680,222.04,222.13
680938.48,680876.06,1698091740,222.17,222.05
680735.92,680640.77,1698091800,222.06,222.12
680383.39,680429.04,1698091860,222.12,222.11
680443.53,680473.71,1698091920,222.1,222.06
680451.68,680391.36,1698091980,222.05,222.01
680348.46,680546.76,1698092040,222.01,222.12
680483.22,680519.33,1698092100,222.11,222.08
680621.69,680465.04,1698092160,222.1,222.33
680474.73,680802.83,1698092220,222.34,222.43
679914.32,679949.78,1698092280,222.43,222.37
679858.5,679638.93,1698092340,222.4,222.5
679575.86,679573.96,1698092400,222.5,222.5
679652.17,679712.75,1698092460,222.5,222.36
679721.94,679661.8,1698092520,222.37,222.61
680512.53,680495.66,1698092580,222.61,222.6
680577.41,680165.75,1698092640,222.6,222.63
680232.17,680246.06,1698092700,222.63,222.61
680239.07,680305.48,1698092760,222.61,222.51
680337.65,680354.32,1698092820,222.52,222.33
680347.32,680334.13,1698092880,222.33,222.46
680369.05,680340.25,1698092940,222.46,222.28
680186.54,680118.54,1698093000,222.29,222.42
680144.14,680140.83,1698093060,222.41,222.4
680167.12,680125.52,1698093120,222.41,222.33
680089.98,680043.58,1698093180,222.33,222.68
679908.03,679908.03,1698093240,222.68,222.54
679379.35,678444.97,1698093300,222.54,222.57
678365.2,678300.59,1698093360,222.56,222.74
678318.1,678318.1,1698093420,222.74,222.95
678465.62,677983.88,1698093480,222.96,222.87
678206.8,678186.12,1698093540,222.88,222.8
678019.01,678082.17,1698093600,222.81,222.94
678447.21,678583.52,1698093660,222.95,223.15
678051.13,678172.8,1698093720,223.15,222.96
678226.76,678297.38,1698093780,222.95,222.68
678237.33,678281.95,1698093840,222.68,222.81
678287.02,678292.3,1698093900,222.81,222.68
678384.03,678179.57,1698093960,222.67,222.57
678182.07,678144.97,1698094020,222.59,222.73
678154.95,678130.61,1698094080,222.74,222.6
678056.36,678022.26,1698094140,222.6,222.37
677977.74,678129.28,1698094200,222.37,222.41
678040.11,677677.56,1698094260,222.42,222.28
677689.53,677625.38,1698094320,222.28,222.19
677556.98,677271.38,1698094380,222.18,221.94
677091.1,677263.59,1698094440,221.94,221.95
677137.56,677093.29,1698094500,221.96,222.11
677127.38,677125.73,1698094560,222.06,222.11
677102.45,677048.86,1698094620,222.12,222.01
677006.86,677033.21,1698094680,222,221.88
677076.81,677043.77,1698094740,221.88,221.98
677073.35,677138.87,1698094800,221.98,221.97
676812.17,676977.26,1698094860,221.98,222.22
677088.67,677807.94,1698094920,222.22,222.49
678019.38,678926.41,1698094980,222.5,222.6
678907.11,678850.63,1698095040,222.59,222.59
678700.48,678581.48,1698095100,222.59,222.48
678580.76,678597.37,1698095160,222.48,222.41
678619.2,678667.79,1698095220,222.41,222.33
678621.36,678673.08,1698095280,222.33,222.19
678650.28,678625.13,1698095340,222.2,222.18
678414.88,678386.36,1698095400,222.18,222.19
677572.96,677443.18,1698095460,222.18,222.15
677428.81,677417.15,1698095520,222.14,222.06
677425.52,677461.34,1698095580,222.07,221.98
677412.47,677466.23,1698095640,221.98,222.1
677488.26,677483.26,1698095700,222.1,221.91
677740.35,677740.35,1698095760,221.91,221.9
678092.74,677838.29,1698095820,221.89,222.06
677811.91,677744.51,1698095880,222.06,222.29
677639.09,677596.35,1698095940,222.29,222.28
677609.15,677572.1,1698096000,222.28,222.51
677655.97,677830.92,1698096060,222.51,222.59
677702.85,677696.79,1698096120,222.58,222.58
677726.42,677940.21,1698096180,222.58,222.63
677981.35,677963.89,1698096240,222.64,222.75
678115.52,678076.51,1698096300,222.74,222.83
677918.94,677925.74,1698096360,222.83,222.83
678269.11,678313.16,1698096420,222.84,222.68
678133.96,678164.64,1698096480,222.67,222.78
678214.74,678240.07,1698096540,222.77,222.8
678432.14,678747.38,1698096600,222.8,223.03
678710.4,678735.69,1698096660,223.03,223.12
678942.71,679067.57,1698096720,223.13,223.08
679180.05,679197.28,1698096780,223.07,223.24
679356.32,679583.23,1698096840,223.24,223.69
679829.4,680222.13,1698096900,223.69,223.95
680569.8,680484.57,1698096960,223.96,223.99
680513.13,681313.6,1698097020,223.98,224.42
681196.73,681369.73,1698097080,224.43,224.15
681312.23,681303.65,1698097140,224.16,224.58
681438.89,681394.85,1698097200,224.58,224.24
681525.34,681630.48,1698097260,224.24,224.21
681727.17,681876.22,1698097320,224.21,224.16
682060.69,682042.34,1698097380,224.17,224.14
682036.78,682046.67,1698097440,224.15,224.17
681991.61,681921.86,1698097500,224.18,224.24
681948.26,682009.56,1698097560,224.24,224.33
682142.8,682168.3,1698097620,224.33,224.3
682279.83,682509.09,1698097680,224.3,224.45
682534.83,682534.63,1698097740,224.45,224.29
682473.25,682511.74,1698097800,224.29,224.43
682736.73,682984.25,1698097860,224.43,224.6
683155.13,683273.69,1698097920,224.59,224.62
683246.61,683306.78,1698097980,224.62,224.46
683376.53,683358.96,1698098040,224.46,224.54
683416.44,683532.5,1698098100,224.55,224.78
683681.37,683736.65,1698098160,224.78,224.53
683854.25,684268.88,1698098220,224.53,224.47
684270.38,684273.84,1698098280,224.48,224.31
684195.09,683625.69,1698098340,224.31,224.26
683767.01,683767.01,1698098400,224.26,224.16
683690.41,683485.54,1698098460,224.16,224.11
683474.03,683242.25,1698098520,224.1,223.97
683416.16,682903.22,1698098580,223.98,224
682887.26,682827.29,1698098640,224,223.85
682331.4,682315.22,1698098700,223.85,223.75
682077.12,681792.56,1698098760,223.75,223.79
681823.45,681879.33,1698098820,223.79,223.96
681891.83,681901.19,1698098880,223.96,223.93
681961.67,681893.18,1698098940,223.94,224.03
681939.56,681756.74,1698099000,224.04,224.11
681775.03,681756.56,1698099060,224.11,224.2
681690.72,681637.95,1698099120,224.2,224.5
681610.49,681487.6,1698099180,224.49,224.26
681530.68,681619.53,1698099240,224.26,224.47
681501.45,681454.03,1698099300,224.47,224.32
681511.67,681592.58,1698099360,224.32,224.43
681508.74,681335.36,1698099420,224.44,224.48
681281.51,681073.97,1698099480,224.47,224.46
681122.75,681110.66,1698099540,224.47,224.56
681236.52,681216.2,1698099600,224.56,224.5
681167.03,680974.18,1698099660,224.49,224.29
680802.95,680703.2,1698099720,224.3,224.76
680686.34,680770.1,1698099780,224.75,224.79
681392.62,681300.84,1698099840,224.79,224.91
681468.54,681315.06,1698099900,224.9,224.88
681327.72,681353.19,1698099960,224.88,224.99
680630.17,680460.66,1698100020,224.99,224.99
680595.84,680580.12,1698100080,224.97,225.25
680593.25,680562.48,1698100140,225.24,225.46
680317.37,680027.63,1698100200,225.47,225.24
679913.79,679823.74,1698100260,225.22,225.42
679823.44,679768.23,1698100320,225.42,225.29
679832.19,679790.36,1698100380,225.27,225.19
678542.14,678578.68,1698100440,225.19,225.01
678722.02,678821.17,1698100500,225.01,225.27
678722.86,678722.86,1698100560,225.26,225.36
678960.54,678956.16,1698100620,225.36,225.33
678928.96,678928.96,1698100680,225.35,225.6
678906.46,679867.54,1698100740,225.59,225.9
679973.69,679149.05,1698100800,225.89,226.22
679244.17,678601.87,1698100860,226.18,229.5
676024.25,673516.75,1698100920,229.5,228.72
670738.14,671126.2,1698100980,228.73,228.81
671956.58,672011.05,1698101040,228.71,227.78
672277.19,672259.4,1698101100,227.84,227.19
672356.94,672166.46,1698101160,227.18,227.26
672320.03,672079.5,1698101220,227.23,226.81
672221.33,672274.68,1698101280,226.78,227.82
672370.28,672397.1,1698101340,227.8,228.32
672579.74,673115.56,1698101400,228.32,227.68
673793.97,674102.38,1698101460,227.67,228.58
674669.18,674910.44,1698101520,228.59,228.46
674957.4,675164.2,1698101580,228.47,228.48
675718.12,676845.07,1698101640,228.48,228.3
677090.79,677533.01,1698101700,228.29,229.04
677813.81,678407.34,1698101760,229.05,229.41
678572.54,678800.32,1698101820,229.42,229.42
679161.83,678452.09,1698101880,229.41,230.11
678740.78,678248.58,1698101940,230.12,230.34
678468.42,678589.99,1698102000,230.35,231.46
680173.33,679691.17,1698102060,231.48,230.57
679310.66,678815.22,1698102120,230.57,229.8
678991.94,678750.36,1698102180,229.81,229.3
678074.58,677828.35,1698102240,229.29,229.5
678109.57,677918.85,1698102300,229.5,229.22
677826.03,677831.66,1698102360,229.24,229.31
677748.45,677940.15,1698102420,229.32,229.06
677857.89,677763.61,1698102480,229.07,228.89
677736.96,677960.4,1698102540,228.9,228.75
677964.72,677293.31,1698102600,228.75,227.49
675904.54,675661.43,1698102660,227.5,227.15
675880.74,675927.68,1698102720,227.19,227.4
676089,675796.54,1698102780,227.41,227.75
675812.87,676213.66,1698102840,227.78,227.89
676156.07,676040.54,1698102900,227.89,227.98
676657.27,676703.51,1698102960,227.97,228.4
676513.82,676444.3,1698103020,228.41,228.33
676274.66,676215.85,1698103080,228.33,228.54
676082.21,676141.19,1698103140,228.55,228.56
676068.72,676068.72,1698103200,228.56,228.37
676067.15,676321.39,1698103260,228.37,228.24
676316.62,676316.62,1698103320,228.23,228.17
676203.73,676095.3,1698103380,228.17,228.59
676175,676120.4,1698103440,228.59,228.1
676221.5,675922.94,1698103500,228.1,227.91
676096.98,675998.68,1698103560,227.91,227.87
676042.16,676429.87,1698103620,227.87,227.61
676519.45,676698.12,1698103680,227.6,227.87
676978.96,677194.99,1698103740,227.87,228.65
677314.22,677356.15,1698103800,228.64,228.7
677385.77,676327.13,1698103860,228.69,228.67
676261.82,676271.86,1698103920,228.67,228.3
676147.25,675332.22,1698103980,228.3,228.36
675311.58,675233.08,1698104040,228.35,228.01
675100.43,675475.14,1698104100,228.02,227.64
675220.98,675254.09,1698104160,227.61,228.07
675374.99,675327.05,1698104220,228.08,227.57
675218.95,675375.01,1698104280,227.57,227.62
675369.73,675177.3,1698104340,227.62,227.32
675109.31,675055.56,1698104400,227.31,227.33
674990.43,675968.8,1698104460,227.33,227.67
675852.62,675764.78,1698104520,227.66,227.75
675594.51,675601.25,1698104580,227.78,227.58
675632.43,675101.78,1698104640,227.55,227.43
675113.87,674781.33,1698104700,227.43,227.42
674619.52,674588.67,1698104760,227.41,227.38
674598.05,674585.09,1698104820,227.39,228.09
674568.76,674568.31,1698104880,228.09,228.16
674636.56,674499.67,1698104940,228.17,228.16
674369.74,674335.6,1698105000,228.16,227.9
674308.2,674135.53,1698105060,227.91,228.13
674108.39,674052.17,1698105120,228.13,228.19
674103.81,674052.03,1698105180,228.19,228.32
674076.02,674237.47,1698105240,228.33,228.3
674117.56,674128.75,1698105300,228.3,228.34
674428.42,674238.51,1698105360,228.35,228.27
674260.1,674260.1,1698105420,228.27,228.46
674247.63,674247.28,1698105480,228.46,228.48
674307.86,674746,1698105540,228.47,228.8
675201.07,675216.56,1698105600,228.81,229.17
675308.1,675396.84,1698105660,229.16,229.23
675396.11,675693.33,1698105720,229.24,229.05
675845.78,675803.98,1698105780,229.05,229.52
675697.91,675803.32,1698105840,229.53,229.2
675959.04,676072.22,1698105900,229.15,228.79
675844.79,675901.04,1698105960,228.79,228.56
675769.67,675886.53,1698106020,228.57,228.72
675878.77,675908.93,1698106080,228.72,228.34
675617.29,675617.01,1698106140,228.34,228.28
675548.92,675524.85,1698106200,228.26,228.24
675398.38,675374.9,1698106260,228.23,228.46
675429.81,675297.17,1698106320,228.45,228.65
674878.34,674878.85,1698106380,228.65,228.68
674584.51,674596.13,1698106440,228.69,228.51
675091.88,675037.19,1698106500,228.49,228.84
675370.47,675348.8,1698106560,228.84,228.76
675607.7,676323.83,1698106620,228.76,228.93
676427.79,676510.41,1698106680,228.93,228.69
676503.55,676525.41,1698106740,228.69,229.33
676422.75,676479.93,1698106800,229.32,229.55
676383.26,677024,1698106860,229.55,229.93
676983.34,676489.18,1698106920,229.93,230.03
676557.98,676657.22,1698106980,230.01,230.43
676747.5,676883.58,1698107040,230.43,230.2
677104.24,677477.2,1698107100,230.21,230.08
677443.78,677296.24,1698107160,230.08,230.26
677621.6,677877.03,1698107220,230.27,230.38
677486.92,677539.28,1698107280,230.37,230.41
677334.41,677196.13,1698107340,230.41,230.6
677194.19,677351.05,1698107400,230.59,230.33
677363.26,677543.7,1698107460,230.34,230.63
677713.14,677871.71,1698107520,230.64,230.86
678177.12,678177.12,1698107580,230.86,231.18
678337.52,678581.34,1698107640,231.18,231.39
678476.63,678274.36,1698107700,231.38,231.21
678079.77,678110,1698107760,231.22,231.02
677861.96,677737.71,1698107820,231.02,230.75
677825.74,677703.62,1698107880,230.75,230.88
677549.93,677537.32,1698107940,230.89,230.79
677665.91,677608.99,1698108000,230.8,231.03
677618.9,677570.84,1698108060,231.04,231.57
677471.35,677808.71,1698108120,231.58,231.27
677762.06,677795.42,1698108180,231.26,231.18
677886.35,677858.82,1698108240,231.19,231.45
677854.54,677931.95,1698108300,231.45,231.28
677988.16,678141.56,1698108360,231.28,231.37
678038.7,678137.57,1698108420,231.38,231.84
678127.19,677182.2,1698108480,231.85,232.39
675942.12,676215.49,1698108540,232.4,232.39
676092.2,676194.6,1698108600,232.36,232.21
676227.19,676823.01,1698108660,232.22,232.77
677019.37,677003.82,1698108720,232.76,232.78
676942.6,676997.96,1698108780,232.78,232.88
676934.55,676543.06,1698108840,232.89,233.01
676647.19,676601.98,1698108900,233.02,232.91
676440.8,676619.28,1698108960,232.91,233.11
676614.48,675690.32,1698109020,233.12,232.31
675681.7,675480.79,1698109080,232.32,232.61
674350.03,674327.63,1698109140,232.62,232.23
673921.26,673279.32,1698109200,232.23,232.04
671540,671207.03,1698109260,232.04,231.53
671111.16,671111.16,1698109320,231.53,231.5
671064.67,670771.01,1698109380,231.51,231.85
670695.72,671448.24,1698109440,231.85,232.11
671138.66,671138.66,1698109500,232.11,231.85
671163.64,670611.45,1698109560,231.85,231.79
670480.31,670396.04,1698109620,231.8,232.11
670442.44,670267.42,1698109680,232.1,232.2
670145.94,670394.68,1698109740,232.19,232
670466.42,670539.13,1698109800,231.99,232.18
670645.71,670859.7,1698109860,232.19,231.97
671185.91,671157.36,1698109920,231.97,231.51
670871.9,670937.14,1698109980,231.5,231.27
670386.38,670859.29,1698110040,231.26,231.15
670999.36,671079.67,1698110100,231.15,230.96
671277.47,671283.44,1698110160,230.97,231.08
671614.61,671640.28,1698110220,231.09,231.31
671856.02,671788.16,1698110280,231.31,231.29
671882.54,671729.68,1698110340,231.3,231.21
671829.02,672190.39,1698110400,231.21,231.31
672295.11,671993.19,1698110460,231.32,230.99
672045.71,671855.27,1698110520,230.99,231.13
671896.4,671901.74,1698110580,231.14,231.21
671801.91,672034.21,1698110640,231.23,231
672081.94,672149.28,1698110700,231,231.13
672324.58,672273.54,1698110760,231.14,230.92
672289.03,672341.21,1698110820,230.93,230.47
672527.29,672427.72,1698110880,230.47,230.32
672564.62,672666.09,1698110940,230.31,230.67
672151.49,672163.42,1698111000,230.67,230.32
671919.05,672001.26,1698111060,230.31,230.47
671506.6,671522.36,1698111120,230.49,230.3
671568.88,671662.34,1698111180,230.31,230.24
671672.57,671672.57,1698111240,230.24,230.22
671748.33,671576.23,1698111300,230.21,230.07
671711.19,671703.83,1698111360,230.08,229.85
671807.77,671807.77,1698111420,229.86,229.83
671099.83,670885.29,1698111480,229.86,230.15
670572.76,670624.1,1698111540,230.15,230.22
670656.4,670609.43,1698111600,230.21,230.1
670362.12,670381.35,1698111660,230.1,230.18
670055.71,670087.13,1698111720,230.21,230.24
670132.69,670164.58,1698111780,230.24,230.36
670142.11,670359.58,1698111840,230.36,230.21
670310.14,670334.32,1698111900,230.21,230.34
670165.25,670118.05,1698111960,230.33,230.34
670127.14,670112.41,1698112020,230.3,230.55
670205.18,669961.26,1698112080,230.55,230.4
669954.74,669934.97,1698112140,230.39,230.45
669714.01,669743.27,1698112200,230.5,230.2
670123,670030.85,1698112260,230.19,230.42
670082.03,670043.7,1698112320,230.42,230.62
669986.79,669949.98,1698112380,230.62,230.36
669834.75,669880.1,1698112440,230.37,230.46
669964.81,669932.39,1698112500,230.45,230.24
669729.81,669673.74,1698112560,230.23,230.09
669589.7,669504.76,1698112620,230.09,230.34
669518.53,669343.9,1698112680,230.33,230.85
669464.89,669633.18,1698112740,230.86,230.86
669138.13,669111.04,1698112800,230.86,230.87
668918.01,669002.68,1698112860,230.89,231.12
668535.12,668578.07,1698112920,231.07,231.24
668385.84,668275.7,1698112980,231.24,231.66
667802.14,667704.02,1698113040,231.65,232.01
667711.14,667692.19,1698113100,232.04,231.42
667105.6,667025.02,1698113160,231.43,231.3
666757.72,666749.79,1698113220,231.3,231.67
666545.32,666508.69,1698113280,231.67,231.7
666670.05,666705.97,1698113340,231.72,231.69
666771.55,666972.86,1698113400,231.69,231.53
666853.71,666853.71,1698113460,231.52,231.8
666843.72,666697.1,1698113520,231.8,231.98
666701.8,666468.81,1698113580,231.98,232.25
668223.74,668963.32,1698113640,232.25,232.24
669028.74,668839.06,1698113700,232.22,232.41
668798.44,668626.73,1698113760,232.41,232.42
668607.39,668655.56,1698113820,232.42,233.03
668561.27,668335.22,1698113880,233.03,232.88
668272.25,669508.92,1698113940,232.9,233.64
669473.85,669416.17,1698114000,233.63,233.38
669449.11,669159.45,1698114060,233.39,234
668772.83,668169.48,1698114120,233.96,233.88
668221.22,668168.38,1698114180,233.86,233.91
667788.47,667582.28,1698114240,233.91,234.19
667633.59,667808.98,1698114300,234.17,234.72
667377.76,666225.19,1698114360,234.72,235.37
665852.71,664375.96,1698114420,235.36,235.09
664350.96,663779.4,1698114480,235.09,234.76
663479.36,662935.84,1698114540,234.74,234.17
662737.17,662517.27,1698114600,234.17,234.12
662293.62,662100.21,1698114660,234.11,234.54
661925.97,662065.1,1698114720,234.54,234.4
662368.78,662585.42,1698114780,234.4,234.41
662464.55,662574.56,1698114840,234.41,234.44
662742.96,662907.76,1698114900,234.44,234.62
662820.51,662629.93,1698114960,234.62,233.71
662042.17,661946.25,1698115020,233.71,233.82
662018.94,662097.78,1698115080,233.83,234.12
662062.08,661961.29,1698115140,234.13,234.53
661915.18,661835.21,1698115200,234.54,234.35
661814.59,661814.59,1698115260,234.36,234.83
662005.68,661509.8,1698115320,234.83,235.01
661723.24,661723.24,1698115380,235,235.29
662004.73,662327.93,1698115440,235.29,235.8
662695.09,662792.17,1698115500,235.79,236.1
661880.06,661933.75,1698115560,236.09,236.97
661413.86,660528.13,1698115620,236.98,237.13
660262.11,660109.76,1698115680,237.13,237.08
660240.93,660138.34,1698115740,237.07,237.3
659661.23,659717.41,1698115800,237.3,237.05
659789.61,660039.44,1698115860,237.06,236.87
660147.12,659881.21,1698115920,236.87,236.75
659877.52,659820.64,1698115980,236.75,236.26
659809.64,659239.35,1698116040,236.25,236.05
659176.56,659310.6,1698116100,236.05,236.54
659236.57,659260.14,1698116160,236.53,236.44
659309.29,659164.04,1698116220,236.42,236.37
660112.5,659848.93,1698116280,236.37,236.02
659972.52,659505.56,1698116340,236.03,235.69
658703.23,658778.44,1698116400,235.68,235.6
658338.61,657876.73,1698116460,235.6,234.94
657969.17,657760.79,1698116520,234.93,235.59
657283.82,657348.32,1698116580,235.6,235.34
657377.6,657092.13,1698116640,235.34,235.25
656951.65,656651.44,1698116700,235.26,235.21
656738.92,656655.21,1698116760,235.21,235
657121.28,657058.65,1698116820,235.01,234.79
657001.01,656512.02,1698116880,234.81,234.84
656156.96,656146.06,1698116940,234.83,234.71
656086.39,655826.3,1698117000,234.71,234.4
655542.16,655351.73,1698117060,234.4,234.66
655064.73,655144.77,1698117120,234.66,234.78
655119.39,654759.16,1698117180,234.78,234.79
654868.8,654885.71,1698117240,234.79,234.85
654884.69,654579.79,1698117300,234.85,234.32
654272.93,654279.16,1698117360,234.32,234.41
654311.99,654311.99,1698117420,234.41,234.15
654344.24,653729.02,1698117480,234.13,233.98
653689.13,653689.13,1698117540,233.99,233.7
653606,653360.57,1698117600,233.7,233.46
654137.05,653938.32,1698117660,233.46,233.99
653851.36,653667.63,1698117720,233.97,233.97
653639.11,652480.19,1698117780,233.96,233.64
652486.4,652466.7,1698117840,233.62,233.6
652548.49,653049.77,1698117900,233.59,233.62
652801.3,652900.12,1698117960,233.62,233.45
652974.03,652978.79,1698118020,233.46,233.39
652970.88,652969.03,1698118080,233.4,233.62
652965.19,652770.6,1698118140,233.62,233.6
652638.76,652586.75,1698118200,233.6,233.78
652474.08,652460,1698118260,233.77,233.57
652425.35,652110.41,1698118320,233.55,233.31
651986.23,652016.4,1698118380,233.33,233.35
651886.86,651850.68,1698118440,233.35,233.22
651571.93,651729.94,1698118500,233.22,233.13
651418.14,651441.45,1698118560,233.12,233.37
651349.64,651044.88,1698118620,233.38,233.36
650922.92,650899.3,1698118680,233.36,233.15
650784.11,650683.73,1698118740,233.15,233.5
650651.68,650818.45,1698118800,233.5,233.31
650828.32,650742.17,1698118860,233.3,233.09
650718.51,650618,1698118920,233.09,233.22
650553.97,650502.24,1698118980,233.23,233.06
650520.1,651569.22,1698119040,233.05,232.84
652400.66,652676.03,1698119100,232.84,232.66
652672.5,652683.7,1698119160,232.66,232.91
654471.29,652338.04,1698119220,232.9,231.6
649840.44,647480.32,1698119280,231.62,232.13
646532.89,646862.2,1698119340,232.14,232.29
646833.59,646691.38,1698119400,232.27,232.38
646906.17,646659.31,1698119460,232.38,232.09
646598.66,646494.5,1698119520,232.07,231.69
646531.66,646641.63,1698119580,231.73,232.14
646714.27,646714.27,1698119640,232.14,231.6
646388.22,646252.93,1698119700,231.61,232.09
646319.76,646832.06,1698119760,232.07,231.38
647143.69,647315.64,1698119820,231.38,231.22
647326.56,647378.79,1698119880,231.21,231.19
647509.45,647034.01,1698119940,231.19,230.6
646731.17,646645.86,1698120000,230.61,230.89
646645.86,646645.86,1698017280,217.28,217.28
646645.86,646645.86,1698017340,217.28,217.37
646645.86,646645.86,1698017400,217.37,217.5
646645.86,646645.86,1698080520,220.7,220.59
646645.86,646645.86,1698120060,230.9,230.82
