"OI_open","OI_close","timestamp","price_open","price_close"
169176677,169260032,1698881580,0.3073,0.307
169260517,169309039,1698881640,0.3071,0.3072
169314352,169317763,1698881700,0.3072,0.3071
169296828,169539356,1698881760,0.3072,0.3066
169389248,169453058,1698881820,0.3066,0.3066
169473138,169446602,1698881880,0.3066,0.3067
169449359,169464682,1698881940,0.3067,0.307
169433720,169457243,1698882000,0.307,0.3069
169436815,169460431,1698882060,0.3069,0.3069
169492428,169497072,1698882120,0.3069,0.3068
169523152,169569779,1698882180,0.3068,0.3072
169573705,169553922,1698882240,0.3072,0.3072
169510629,169596273,1698882300,0.3072,0.3078
169622204,169625769,1698882360,0.3078,0.3078
169646535,169646535,1698882420,0.3077,0.3076
170009496,169985657,1698882480,0.3076,0.3077
170022122,170109053,1698882540,0.3077,0.3078
170090548,170090548,1698882600,0.3078,0.3076
170147742,170162508,1698882660,0.3076,0.3078
170216495,170208339,1698882720,0.3078,0.3078
170274232,170314584,1698882780,0.3078,0.3077
170309925,170373325,1698882840,0.3077,0.3078
170385656,170408006,1698882900,0.3077,0.3075
170322021,170337101,1698882960,0.3075,0.3077
170329344,170340312,1698883020,0.3077,0.3078
170350478,170365880,1698883080,0.3078,0.3076
170353796,170356717,1698883140,0.3075,0.3075
170411760,170454145,1698883200,0.3075,0.3081
170440614,170469771,1698883260,0.3081,0.3082
170454753,170487285,1698883320,0.3082,0.3087
170562337,170587922,1698883380,0.3087,0.3088
170670830,170869902,1698883440,0.3089,0.3089
170906368,170853879,1698883500,0.309,0.3089
170696224,170732465,1698883560,0.3089,0.3091
170759219,171014516,1698883620,0.3091,0.3089
170999017,171352015,1698883680,0.3089,0.3088
171311254,171252747,1698883740,0.3087,0.308
171291713,171291713,1698883800,0.308,0.3093
171285198,171386075,1698883860,0.3094,0.3093
171388500,171484697,1698883920,0.3093,0.3093
171685955,171737417,1698883980,0.3093,0.3095
171668943,171643123,1698884040,0.3096,0.3097
171630619,171580085,1698884100,0.3097,0.3095
171628094,171658565,1698884160,0.3096,0.3094
171630791,171620701,1698884220,0.3094,0.3094
171613418,171617064,1698884280,0.3094,0.3088
171500950,171567735,1698884340,0.3088,0.3096
171552929,171565044,1698884400,0.3096,0.3094
171552553,171557988,1698884460,0.3094,0.3095
171581689,171534558,1698884520,0.3095,0.3095
171508700,171501123,1698884580,0.3094,0.3098
171485954,171529569,1698884640,0.3098,0.3099
171539146,171507509,1698884700,0.3098,0.3095
171435385,171404703,1698884760,0.3095,0.3093
171405024,171542778,1698884820,0.3093,0.3096
171600610,171591540,1698884880,0.3096,0.3096
171721347,171767764,1698884940,0.3096,0.3088
171601504,171490598,1698885000,0.3088,0.3086
171551231,171584606,1698885060,0.3086,0.3084
171560494,171588497,1698885120,0.3084,0.3079
171465977,171465977,1698885180,0.308,0.3078
171563829,171553995,1698885240,0.3077,0.3078
171534085,171587936,1698885300,0.3078,0.3076
171560022,171540897,1698885360,0.3077,0.3075
171543906,171480369,1698885420,0.3075,0.3072
171501895,171304347,1698885480,0.3071,0.3067
171315468,171291192,1698885540,0.3067,0.3068
171333225,171366282,1698885600,0.3068,0.3069
171140609,171188588,1698885660,0.307,0.3069
171100621,171042333,1698885720,0.3069,0.3065
170981271,171016346,1698885780,0.3065,0.3062
171018604,170982538,1698885840,0.3061,0.3062
171599887,171674694,1698885900,0.3062,0.3068
171662411,171687571,1698885960,0.3069,0.3076
171735799,171777228,1698886020,0.3077,0.3077
172003612,172031354,1698886080,0.3078,0.3082
172135776,172144072,1698886140,0.3082,0.3088
172252236,172311915,1698886200,0.3088,0.3093
172368561,172578300,1698886260,0.3093,0.3101
172979285,173254847,1698886320,0.3101,0.3103
173272079,173212307,1698886380,0.3103,0.3105
173102874,173175563,1698886440,0.3106,0.3105
173179759,173232960,1698886500,0.3105,0.3105
173294952,173294952,1698886560,0.3106,0.3102
173270163,173348951,1698886620,0.3102,0.3106
173384974,173432776,1698886680,0.3105,0.3105
173384406,173332250,1698886740,0.3106,0.3108
173535117,173391739,1698886800,0.3108,0.3101
173270550,173167024,1698886860,0.3101,0.3101
173140599,173131105,1698886920,0.3102,0.3103
173111419,173080998,1698886980,0.3104,0.3102
173021741,173036374,1698887040,0.3103,0.3102
173047333,173053738,1698887100,0.3102,0.3104
173052601,172752242,1698887160,0.3103,0.3097
172724596,172665916,1698887220,0.3097,0.3095
172646519,172401083,1698887280,0.3096,0.3093
172333989,172340276,1698887340,0.3093,0.3096
172339220,172323870,1698887400,0.3096,0.3094
172339174,172307743,1698887460,0.3095,0.3102
172320664,172438660,1698887520,0.3102,0.3097
172412336,172403382,1698887580,0.3098,0.3098
172399606,172483811,1698887640,0.3099,0.3103
172637182,172600359,1698887700,0.3103,0.3108
172677496,172724413,1698887760,0.3108,0.3111
172642158,172642158,1698887820,0.3112,0.3112
172669352,172633814,1698887880,0.3113,0.3112
172572228,172573088,1698887940,0.3112,0.3111
172570817,172468837,1698888000,0.3112,0.3112
172439074,172348658,1698888060,0.3112,0.3113
172579617,172523654,1698888120,0.3113,0.3107
172432423,172327075,1698888180,0.3108,0.3113
172313570,172276246,1698888240,0.3112,0.3115
172607947,172617949,1698888300,0.3114,0.311
172314382,172062266,1698888360,0.311,0.3106
171978305,171918752,1698888420,0.3106,0.3104
171837074,171806670,1698888480,0.3104,0.3112
172004829,171970343,1698888540,0.3112,0.3114
172153880,172035766,1698888600,0.3114,0.311
172104027,172129124,1698888660,0.311,0.3113
172176931,172077907,1698888720,0.3114,0.3109
172016505,172014869,1698888780,0.3109,0.3105
171983519,171933871,1698888840,0.3105,0.3107
171913671,171894292,1698888900,0.3107,0.3102
171934045,171989805,1698888960,0.3103,0.3107
172060415,172297914,1698889020,0.3107,0.3113
172306976,172333043,1698889080,0.3112,0.3114
172375665,172375665,1698889140,0.3113,0.3113
172364335,172431423,1698889200,0.3113,0.3115
172476544,172380648,1698889260,0.3116,0.3115
172304847,172329454,1698889320,0.3114,0.3115
172278666,172033865,1698889380,0.3115,0.3116
172061092,171985416,1698889440,0.3116,0.3117
172134786,172125976,1698889500,0.3118,0.3119
172229070,172260323,1698889560,0.3118,0.3119
172237407,172193851,1698889620,0.3118,0.3115
172110505,172000421,1698889680,0.3114,0.3111
171998776,172057420,1698889740,0.3111,0.3113
172109707,172170672,1698889800,0.3113,0.3113
172167177,172418949,1698889860,0.3113,0.3112
172452314,172404069,1698889920,0.3112,0.311
172383645,172312453,1698889980,0.311,0.3105
172353412,172366454,1698890040,0.3105,0.3105
172387978,172355688,1698890100,0.3106,0.3108
172445827,172834730,1698890160,0.3108,0.3109
172780026,172769661,1698890220,0.311,0.3109
172800078,172795659,1698890280,0.3108,0.3108
172809488,172809488,1698890340,0.3109,0.3111
172851709,172874184,1698890400,0.3111,0.3112
172832024,172832024,1698890460,0.3111,0.3114
172846355,172943902,1698890520,0.3114,0.3112
172941595,172886046,1698890580,0.3111,0.3105
172825496,172785068,1698890640,0.3105,0.3103
172809260,172751918,1698890700,0.3103,0.3108
172769513,172727805,1698890760,0.3109,0.3105
172737600,172731707,1698890820,0.3105,0.3108
172764384,172717999,1698890880,0.3109,0.3105
172700865,172683663,1698890940,0.3104,0.3106
172732264,172750484,1698891000,0.3105,0.3111
172864284,172911411,1698891060,0.3111,0.3111
172905684,172963899,1698891120,0.3111,0.3111
172930348,172944884,1698891180,0.3112,0.3111
172912806,172906659,1698891240,0.3111,0.3112
172954284,172974709,1698891300,0.3113,0.3113
172972522,172975753,1698891360,0.3112,0.3112
172980171,172937433,1698891420,0.3112,0.311
172893822,172883925,1698891480,0.3111,0.3111
172911743,172866412,1698891540,0.3111,0.3111
172866020,172855421,1698891600,0.3112,0.3108
172847870,172812131,1698891660,0.3109,0.3106
172803020,172803020,1698891720,0.3105,0.3103
172747026,172775229,1698891780,0.3104,0.3103
172769931,172769931,1698891840,0.3102,0.3104
172795170,172704543,1698891900,0.3103,0.3101
172701907,172666768,1698891960,0.3101,0.3102
172694348,172646437,1698892020,0.3101,0.31
172597625,172593461,1698892080,0.31,0.3102
172594519,172594912,1698892140,0.3102,0.3098
172504067,172573682,1698892200,0.3098,0.3099
172615780,172647349,1698892260,0.3098,0.3102
172608229,172545757,1698892320,0.3102,0.3098
172606066,172592797,1698892380,0.3099,0.3098
172520966,172535982,1698892440,0.3098,0.3098
172531257,172524675,1698892500,0.3099,0.3095
172557875,172591618,1698892560,0.3095,0.3096
172604743,172626684,1698892620,0.3096,0.3096
172654419,172653698,1698892680,0.3095,0.3098
172659007,172567356,1698892740,0.3097,0.3106
172548323,172641968,1698892800,0.3106,0.3107
172633922,172430017,1698892860,0.3107,0.3113
172462994,172373596,1698892920,0.3113,0.3105
172391775,172338367,1698892980,0.3105,0.3109
172390610,172374384,1698893040,0.3108,0.3111
172322603,172322603,1698893100,0.3111,0.3115
172348170,172489349,1698893160,0.3115,0.3118
172445037,172426572,1698893220,0.3119,0.3122
172447217,172374345,1698893280,0.3121,0.3122
172354266,172331067,1698893340,0.3121,0.3124
172401417,172524573,1698893400,0.3124,0.312
172649430,172636458,1698893460,0.312,0.3121
172621694,172602258,1698893520,0.3121,0.3123
172756361,172699638,1698893580,0.3122,0.3116
172881780,172881475,1698893640,0.3117,0.3122
172892568,172944338,1698893700,0.3121,0.3122
172925364,172922487,1698893760,0.3122,0.312
172894683,172900721,1698893820,0.312,0.3121
172947124,173023323,1698893880,0.3121,0.3117
173056095,173023825,1698893940,0.3116,0.3118
173049194,172903530,1698894000,0.3118,0.3116
172882438,172875149,1698894060,0.3115,0.312
172919689,173096238,1698894120,0.3121,0.3121
173117955,173134813,1698894180,0.3122,0.3116
173122319,173106685,1698894240,0.3117,0.3121
173100552,173077584,1698894300,0.3121,0.3122
173072703,173060353,1698894360,0.3122,0.3124
173059054,173059054,1698894420,0.3123,0.312
173061391,173077794,1698894480,0.312,0.3124
173066646,173128320,1698894540,0.3123,0.3123
173216953,173174308,1698894600,0.3122,0.3119
172982616,173012942,1698894660,0.3119,0.3123
173046430,173221593,1698894720,0.3123,0.3127
173204609,173241951,1698894780,0.3127,0.3127
173199736,173224236,1698894840,0.3127,0.3126
173273010,173294517,1698894900,0.3127,0.3127
173316593,173317502,1698894960,0.3126,0.3126
173322849,173329065,1698895020,0.3126,0.3118
173295104,173254137,1698895080,0.3118,0.3123
173256903,173285809,1698895140,0.3122,0.3119
173281592,173178863,1698895200,0.3119,0.312
173153860,173190609,1698895260,0.3119,0.3123
173222053,173199388,1698895320,0.3123,0.3119
173122847,173011836,1698895380,0.3118,0.3113
172911099,172854387,1698895440,0.3113,0.3112
172995150,172862989,1698895500,0.3112,0.3112
172820048,172732092,1698895560,0.3111,0.3112
172661269,172646244,1698895620,0.3113,0.3112
172702538,172981988,1698895680,0.3112,0.3108
172970074,172970074,1698895740,0.3108,0.3106
172937797,172932682,1698895800,0.3106,0.3106
172912801,172984206,1698895860,0.3107,0.3104
172993404,172962817,1698895920,0.3104,0.3106
172978563,172931567,1698895980,0.3107,0.3109
172837411,172855451,1698896040,0.3108,0.3107
172862976,172852514,1698896100,0.3107,0.3111
172728638,172588194,1698896160,0.3112,0.3115
172592453,172557635,1698896220,0.3115,0.3113
172601267,172610884,1698896280,0.3113,0.311
172622832,172641311,1698896340,0.3109,0.311
172679643,172692302,1698896400,0.311,0.3109
172671504,172678163,1698896460,0.311,0.3109
172671823,172720298,1698896520,0.3109,0.3106
172757184,172738829,1698896580,0.3106,0.3104
172700853,172694578,1698896640,0.3104,0.3104
172691204,172659994,1698896700,0.3104,0.3107
172674556,172706311,1698896760,0.3107,0.3104
172820394,172770645,1698896820,0.3104,0.31
172690294,172723803,1698896880,0.3101,0.3104
172739600,172603498,1698896940,0.3105,0.31
172464097,172425550,1698897000,0.3101,0.3101
172435807,172434448,1698897060,0.31,0.3101
172414937,172414937,1698897120,0.3102,0.31
172411913,172393740,1698897180,0.31,0.3099
172374099,172374099,1698897240,0.31,0.3101
172370822,172395506,1698897300,0.3102,0.3104
172581138,173045834,1698897360,0.3103,0.3106
173249009,172901229,1698897420,0.3106,0.3102
172481376,172468949,1698897480,0.3102,0.3101
172431744,172417842,1698897540,0.3101,0.31
172484652,172653911,1698897600,0.3101,0.3107
172546807,172634326,1698897660,0.3106,0.3106
172660045,172706867,1698897720,0.3105,0.3103
172720857,172759135,1698897780,0.3103,0.3104
172757867,172785871,1698897840,0.3104,0.3103
172838132,172840963,1698897900,0.3103,0.3102
172872102,172882926,1698897960,0.3102,0.3099
172871596,172797572,1698898020,0.3098,0.3092
172857360,172907419,1698898080,0.3092,0.3098
172905584,172672731,1698898140,0.3097,0.3096
172676143,172757331,1698898200,0.3097,0.3101
172768924,172756668,1698898260,0.3102,0.3105
172778757,172817321,1698898320,0.3105,0.3103
172903572,172947161,1698898380,0.3102,0.3101
172958915,172978256,1698898440,0.3102,0.3099
173039713,173039713,1698898500,0.31,0.3098
173050285,173026736,1698898560,0.3098,0.31
173037959,173037959,1698898620,0.3099,0.3101
173021272,173066471,1698898680,0.3101,0.3094
172996962,172946908,1698898740,0.3094,0.3099
172974180,173015106,1698898800,0.3098,0.3096
173029933,173042315,1698898860,0.3096,0.3094
172982326,172941277,1698898920,0.3095,0.3093
172969729,172948990,1698898980,0.3094,0.3097
172979811,172971024,1698899040,0.3097,0.3094
172992838,172977379,1698899100,0.3093,0.3095
173017747,173028567,1698899160,0.3094,0.3096
173002309,172893226,1698899220,0.3096,0.3094
172942485,172900248,1698899280,0.3093,0.309
172956998,172993514,1698899340,0.3089,0.3092
173032962,173013324,1698899400,0.3092,0.3091
172951832,172946326,1698899460,0.309,0.3091
172697810,172590603,1698899520,0.3092,0.309
172640079,172657327,1698899580,0.3091,0.3092
172715127,172833309,1698899640,0.3092,0.3089
172825445,172857884,1698899700,0.309,0.3089
172859919,172868078,1698899760,0.3089,0.3088
172926702,172935874,1698899820,0.3088,0.3088
172942102,172988676,1698899880,0.3088,0.309
172967184,172967184,1698899940,0.3089,0.3088
172945720,172932478,1698900000,0.3088,0.309
172888582,172900417,1698900060,0.309,0.3088
172948243,172766879,1698900120,0.3089,0.3085
172832375,172825015,1698900180,0.3085,0.3085
173152924,173248407,1698900240,0.3084,0.3082
173318235,173315786,1698900300,0.3083,0.3084
173272480,173445735,1698900360,0.3083,0.3082
172721162,172830449,1698900420,0.3081,0.308
172839986,172920068,1698900480,0.308,0.3083
172994848,172955033,1698900540,0.3083,0.3082
172949990,173004608,1698900600,0.3083,0.3083
173144561,173191198,1698900660,0.3084,0.3087
173226000,173240472,1698900720,0.3086,0.3082
173252604,173297782,1698900780,0.3083,0.3083
173502262,173509777,1698900840,0.3083,0.3079
173457270,173424113,1698900900,0.308,0.3079
173437812,173380842,1698900960,0.3079,0.3074
173342648,173141987,1698901020,0.3074,0.3075
173250366,173244630,1698901080,0.3075,0.3083
173283871,173333156,1698901140,0.3083,0.308
173433736,173405180,1698901200,0.3081,0.3079
173428335,173428335,1698901260,0.3079,0.3079
173418172,173447711,1698901320,0.3078,0.3081
173439216,173444452,1698901380,0.3081,0.3079
173429027,173425503,1698901440,0.3079,0.3077
173415906,173433201,1698901500,0.3076,0.3071
173323390,173269005,1698901560,0.3071,0.3072
173361692,173356876,1698901620,0.3072,0.307
173577242,173628395,1698901680,0.307,0.3071
173662841,173646800,1698901740,0.3071,0.3068
173629510,173579657,1698901800,0.3068,0.3064
173588023,173492226,1698901860,0.3064,0.3058
173578011,173711457,1698901920,0.3059,0.3059
173857973,173854295,1698901980,0.3059,0.3057
173826126,173730505,1698902040,0.3057,0.305
173567931,173841515,1698902100,0.3049,0.3044
173849509,173797950,1698902160,0.3044,0.3046
173885990,174044725,1698902220,0.3045,0.3055
174082484,174053978,1698902280,0.3055,0.3058
174032489,174068341,1698902340,0.3058,0.3055
174138183,174131247,1698902400,0.3056,0.3055
174181461,174147266,1698902460,0.3055,0.3056
174128414,174120445,1698902520,0.3056,0.3055
174101939,174070634,1698902580,0.3054,0.3049
174080526,174108779,1698902640,0.3049,0.3049
174060284,174054915,1698902700,0.3049,0.3048
174146051,174405624,1698902760,0.3048,0.3042
174704535,174385630,1698902820,0.3042,0.3042
174436438,174482830,1698902880,0.3042,0.3043
174500627,174500627,1698902940,0.3042,0.3045
174426642,174571231,1698903000,0.3045,0.3041
174368305,174260101,1698903060,0.304,0.3045
173845912,173551233,1698903120,0.3045,0.3042
173303472,173034541,1698903180,0.3042,0.3047
173022430,173055024,1698903240,0.3047,0.3049
173194487,173135507,1698903300,0.3049,0.3044
173106673,172995207,1698903360,0.3043,0.3039
172882019,172953156,1698903420,0.3039,0.304
172829380,172823922,1698903480,0.304,0.3044
172746665,172729196,1698903540,0.3045,0.3047
172710060,172720195,1698903600,0.3048,0.3048
172754529,172794855,1698903660,0.3048,0.3049
172744891,172763068,1698903720,0.3048,0.3053
172833816,172794316,1698903780,0.3052,0.3051
172785351,172762161,1698903840,0.3051,0.3049
172780882,172833981,1698903900,0.3049,0.3047
172822272,172958868,1698903960,0.3047,0.3048
173019485,173007718,1698904020,0.3049,0.3049
172983892,172966443,1698904080,0.3049,0.3046
172939878,172944120,1698904140,0.3047,0.3046
172919679,172904401,1698904200,0.3046,0.3046
172871392,172858737,1698904260,0.3045,0.3045
172866170,172797087,1698904320,0.3045,0.3045
172808733,172789091,1698904380,0.3046,0.3044
172856492,172756692,1698904440,0.3045,0.3041
172741136,172700013,1698904500,0.3042,0.3039
172742507,172683697,1698904560,0.3039,0.3043
172738182,172738182,1698904620,0.3044,0.3041
172796563,172785342,1698904680,0.304,0.3043
172784133,172786933,1698904740,0.3042,0.3038
172794975,172830167,1698904800,0.3037,0.3035
172821369,172846514,1698904860,0.3035,0.3042
172885078,172940439,1698904920,0.3041,0.3042
172944543,172921869,1698904980,0.3042,0.304
172907916,172880223,1698905040,0.3039,0.3038
172913069,172966523,1698905100,0.3039,0.3039
172992697,172994117,1698905160,0.3038,0.3035
173040969,173025540,1698905220,0.3035,0.3039
173009132,172984291,1698905280,0.304,0.3038
173005397,173017177,1698905340,0.3038,0.3037
173014931,173002804,1698905400,0.3038,0.3033
172963208,173000078,1698905460,0.3033,0.3039
172988606,173137260,1698905520,0.3039,0.304
173137783,173170993,1698905580,0.3041,0.3042
173189386,173158255,1698905640,0.3041,0.3038
173140876,173158172,1698905700,0.3039,0.3042
173258260,173201438,1698905760,0.3042,0.304
173181483,173174647,1698905820,0.304,0.3043
173340921,173361830,1698905880,0.3043,0.3043
173393536,173379914,1698905940,0.3043,0.3043
173440589,173413459,1698906000,0.3043,0.3041
173363089,173363089,1698906060,0.3042,0.3034
173212699,173205735,1698906120,0.3033,0.3041
173276488,173259315,1698906180,0.3041,0.3043
173298917,173455212,1698906240,0.3043,0.3043
173479059,173472620,1698906300,0.3043,0.3044
173664970,173634921,1698906360,0.3044,0.3045
173453087,173058818,1698906420,0.3045,0.3046
173073919,172988124,1698906480,0.3046,0.3049
173017416,173095169,1698906540,0.305,0.3052
173113569,173084629,1698906600,0.3052,0.3051
173099318,173041818,1698906660,0.3052,0.3056
173007679,172921876,1698906720,0.3056,0.3055
172858700,172860095,1698906780,0.3055,0.306
172870009,172871462,1698906840,0.3059,0.3057
173333384,173267903,1698906900,0.3057,0.3057
173208805,173418983,1698906960,0.3058,0.3061
173483861,173497169,1698907020,0.306,0.3063
173438878,173438521,1698907080,0.3063,0.3062
173386981,173295930,1698907140,0.3061,0.3056
173280998,173270290,1698907200,0.3056,0.3056
173195459,173123276,1698907260,0.3056,0.3054
173166153,173228577,1698907320,0.3055,0.3053
173216622,173198219,1698907380,0.3053,0.305
173183556,173160369,1698907440,0.305,0.3052
173116615,173087392,1698907500,0.3052,0.3057
173098299,173107902,1698907560,0.3057,0.3057
173008528,173008528,1698907620,0.3056,0.3055
173011304,173160530,1698907680,0.3055,0.3053
173141133,173183260,1698907740,0.3054,0.3052
173092208,173061533,1698907800,0.3053,0.3054
173037692,173027807,1698907860,0.3053,0.3053
172997653,173022627,1698907920,0.3052,0.3055
173011280,172985272,1698907980,0.3056,0.3061
172982605,173009008,1698908040,0.3061,0.3064
172992953,173060542,1698908100,0.3064,0.3065
173077835,173025410,1698908160,0.3066,0.306
173007818,173014354,1698908220,0.3061,0.3062
172980971,172953071,1698908280,0.3062,0.3063
172968049,173062044,1698908340,0.3063,0.3064
173045468,173091206,1698908400,0.3065,0.3069
173050028,172991525,1698908460,0.3069,0.3069
172943223,173100557,1698908520,0.307,0.3073
173057491,173058252,1698908580,0.3072,0.3073
173091764,173076066,1698908640,0.3073,0.3075
173058495,173057408,1698908700,0.3074,0.3069
173032029,173027518,1698908760,0.3069,0.3069
173020667,173028723,1698908820,0.307,0.307
172978611,172935206,1698908880,0.307,0.3071
172944398,172944398,1698908940,0.3072,0.3073
172698646,172666409,1698909000,0.3073,0.3075
172655939,172712506,1698909060,0.3075,0.3074
172714253,172652557,1698909120,0.3074,0.3075
172439500,172271104,1698909180,0.3075,0.3076
172271892,172267499,1698909240,0.3076,0.3074
172225458,172198264,1698909300,0.3074,0.3074
172103991,172093248,1698909360,0.3074,0.3073
172095768,172067578,1698909420,0.3073,0.3069
172081465,172046303,1698909480,0.3069,0.3067
171961736,171923242,1698909540,0.3067,0.3067
171937686,171939279,1698909600,0.3066,0.3066
171940705,171944967,1698909660,0.3067,0.3067
171908718,171924241,1698909720,0.3067,0.3073
172025153,171982884,1698909780,0.3073,0.3071
171978655,171952164,1698909840,0.3071,0.3071
171956844,171954907,1698909900,0.3071,0.3069
171920688,171900648,1698909960,0.3069,0.3066
171890627,171908929,1698910020,0.3067,0.307
171895987,171931310,1698910080,0.307,0.3072
171921530,171918289,1698910140,0.3071,0.3071
171920206,171951297,1698910200,0.307,0.3069
171954938,171954938,1698910260,0.307,0.3073
171928221,171927434,1698910320,0.3073,0.3073
171939567,171785006,1698910380,0.3073,0.3076
171807321,171921183,1698910440,0.3077,0.3078
171925978,171907735,1698910500,0.3079,0.3078
171870225,171846946,1698910560,0.3079,0.3079
171801319,171850180,1698910620,0.308,0.308
171870539,171910668,1698910680,0.308,0.3078
171902831,171885089,1698910740,0.3077,0.3079
171798449,171710120,1698910800,0.3078,0.308
171708635,171752042,1698910860,0.308,0.3073
171749346,171647368,1698910920,0.3074,0.3072
171698379,171764310,1698910980,0.3072,0.3071
171796707,171880107,1698911040,0.3071,0.3072
171898828,171829197,1698911100,0.3071,0.3075
171826169,171821217,1698911160,0.3074,0.3069
171801453,171722316,1698911220,0.3069,0.3071
171678151,171638200,1698911280,0.307,0.3067
171703097,171701210,1698911340,0.3067,0.3069
171678200,171544983,1698911400,0.307,0.3067
171516286,171557085,1698911460,0.3067,0.3064
171521502,171426358,1698911520,0.3064,0.3064
171401879,171540157,1698911580,0.3064,0.3065
171510006,171510006,1698911640,0.3066,0.3063
171492079,171425859,1698911700,0.3063,0.3064
171117305,171117305,1698911760,0.3064,0.3064
171122121,171132222,1698911820,0.3065,0.3067
171149816,171131075,1698911880,0.3067,0.307
171130935,171107848,1698911940,0.3071,0.3071
171055700,170877173,1698912000,0.3071,0.3073
170913100,170919496,1698912060,0.3074,0.3068
170890703,171218615,1698912120,0.3068,0.3062
171187627,171292298,1698912180,0.3062,0.3059
171352677,171289172,1698912240,0.3059,0.3055
171371169,171426435,1698912300,0.3055,0.3056
171424435,171353384,1698912360,0.3056,0.3055
171447732,171458434,1698912420,0.3056,0.3055
171545007,171495237,1698912480,0.3055,0.3049
171604793,171560941,1698912540,0.3049,0.3048
171626944,171802429,1698912600,0.3048,0.3042
171931437,171882370,1698912660,0.3041,0.304
171843934,171777526,1698912720,0.304,0.3049
171881200,172102447,1698912780,0.3048,0.3051
172133698,172147678,1698912840,0.3052,0.3051
172235654,172277367,1698912900,0.3051,0.3053
172470785,172475950,1698912960,0.3054,0.3056
172455518,172455518,1698913020,0.3055,0.3057
172422827,172434690,1698913080,0.3056,0.3056
172455922,172386005,1698913140,0.3057,0.3057
172360734,172433388,1698913200,0.3057,0.3056
172384250,172427094,1698913260,0.3056,0.3055
172407332,172447884,1698913320,0.3054,0.3057
172454003,172400450,1698913380,0.3057,0.3057
172414646,172417734,1698913440,0.3057,0.3057
172406949,172452426,1698913500,0.3056,0.3059
172441506,172435384,1698913560,0.3058,0.3057
172433816,172453519,1698913620,0.3057,0.3056
172464390,172509113,1698913680,0.3055,0.3054
172490334,172486993,1698913740,0.3054,0.3054
172524198,172520818,1698913800,0.3053,0.3056
172505986,172462271,1698913860,0.3056,0.3058
172432780,172417962,1698913920,0.3058,0.3058
172406945,172387151,1698913980,0.3058,0.3057
172346382,172314355,1698914040,0.3058,0.3059
172279042,172361375,1698914100,0.3059,0.306
172423429,172389021,1698914160,0.3059,0.3066
172370731,172375099,1698914220,0.3065,0.3067
172460552,172435673,1698914280,0.3066,0.3068
172467462,172480332,1698914340,0.3069,0.3066
172526903,172526903,1698914400,0.3066,0.3064
172542046,172504996,1698914460,0.3065,0.3063
172515905,172483626,1698914520,0.3063,0.3068
172536095,172594798,1698914580,0.3068,0.3066
172618442,172618159,1698914640,0.3065,0.3068
172638023,172669739,1698914700,0.3067,0.307
172693713,172662611,1698914760,0.307,0.307
172656714,172677472,1698914820,0.3069,0.3069
172689797,172707851,1698914880,0.3069,0.3071
172738702,172763133,1698914940,0.3071,0.3072
172756531,172757510,1698915000,0.3073,0.3074
172765109,172767991,1698915060,0.3074,0.3076
172835430,172786971,1698915120,0.3077,0.3078
172777030,172630307,1698915180,0.3077,0.3079
172592292,172615458,1698915240,0.3078,0.3084
172518538,172864252,1698915300,0.3084,0.3084
172749397,172608812,1698915360,0.3085,0.3089
172581805,172577091,1698915420,0.3088,0.3089
172617617,172739581,1698915480,0.3089,0.3091
172692458,172656623,1698915540,0.309,0.3085
173046707,173046707,1698915600,0.3085,0.3088
172994127,173101996,1698915660,0.3088,0.3088
173118415,173126695,1698915720,0.3088,0.3088
173184055,173217027,1698915780,0.3087,0.3083
173148053,173141069,1698915840,0.3084,0.308
173139748,173182293,1698915900,0.3079,0.308
173216649,173213745,1698915960,0.308,0.3081
173198778,173217661,1698916020,0.308,0.3084
173251557,173200849,1698916080,0.3083,0.3081
173186732,173190998,1698916140,0.3082,0.308
173168331,173571604,1698916200,0.3081,0.308
173555634,173625682,1698916260,0.3079,0.308
173661585,173647774,1698916320,0.308,0.3076
173608578,173614272,1698916380,0.3075,0.3073
173579230,173597500,1698916440,0.3073,0.3079
173530617,173496000,1698916500,0.3079,0.3078
173550273,173543111,1698916560,0.3078,0.3079
173542765,173518080,1698916620,0.3078,0.3082
173645582,173596706,1698916680,0.3081,0.3083
173652036,173562425,1698916740,0.3083,0.3077
173478685,173496499,1698916800,0.3076,0.3073
173485183,173484276,1698916860,0.3073,0.3073
173494704,173326033,1698916920,0.3072,0.3076
173284831,173292719,1698916980,0.3077,0.3077
173292385,173357105,1698917040,0.3076,0.3079
173367646,173368355,1698917100,0.3079,0.3081
173370196,173370196,1698917160,0.308,0.3081
173367435,173318589,1698917220,0.3081,0.3083
173315730,173339939,1698917280,0.3084,0.3087
173361965,173339222,1698917340,0.3087,0.3088
173202203,173151807,1698917400,0.3087,0.3086
173172639,173201947,1698917460,0.3087,0.3088
173194960,173176869,1698917520,0.3089,0.309
173128676,173108857,1698917580,0.3089,0.3089
173081269,173069803,1698917640,0.3089,0.3089
173040148,173015109,1698917700,0.309,0.3087
172904068,172851116,1698917760,0.3087,0.3087
172948481,172970905,1698917820,0.3088,0.3087
172947281,172945988,1698917880,0.3087,0.3089
172979748,172971588,1698917940,0.309,0.3089
172935568,172923154,1698918000,0.3088,0.3092
172831670,172823549,1698918060,0.3092,0.3089
172777747,172790215,1698918120,0.3089,0.309
172769406,172733220,1698918180,0.3089,0.3092
172730286,172713719,1698918240,0.3092,0.3091
172532981,172564537,1698918300,0.3092,0.3094
172485567,172429813,1698918360,0.3094,0.3093
172427367,172471729,1698918420,0.3093,0.3093
172457287,172457287,1698918480,0.3094,0.3092
172450510,172415806,1698918540,0.3092,0.3093
172357565,172373664,1698918600,0.3093,0.3096
172370607,172393060,1698918660,0.3096,0.3095
172386775,172433689,1698918720,0.3095,0.3099
172436809,172374860,1698918780,0.3098,0.3101
172279707,172225197,1698918840,0.3101,0.3101
172228197,172473200,1698918900,0.3101,0.3105
172487460,172523977,1698918960,0.3106,0.3111
172388563,172291822,1698919020,0.311,0.3102
172321657,172342069,1698919080,0.3101,0.3104
172347185,172281169,1698919140,0.3104,0.3099
171856447,171884199,1698919200,0.3099,0.3096
171856409,171793547,1698919260,0.3096,0.3092
171701696,171667055,1698919320,0.3091,0.3095
171888121,172157975,1698919380,0.3095,0.3096
172133998,172101883,1698919440,0.3095,0.31
172115445,172193801,1698919500,0.31,0.3101
172224568,172196907,1698919560,0.3101,0.3104
172233696,172222090,1698919620,0.3104,0.3104
172217610,172036499,1698919680,0.3104,0.3107
172123491,172365447,1698919740,0.3107,0.3117
172088056,172088056,1698919800,0.3116,0.3113
171998541,171995923,1698919860,0.3112,0.3116
171912256,171926471,1698919920,0.3115,0.3116
171906152,171856488,1698919980,0.3117,0.3114
171872036,171973131,1698920040,0.3114,0.311
171783411,171859094,1698920100,0.311,0.3111
171867578,171826254,1698920160,0.3111,0.3112
171883762,171880145,1698920220,0.3111,0.311
171859214,171862019,1698920280,0.311,0.3111
171746146,171720592,1698920340,0.3111,0.3112
171689888,171723683,1698920400,0.3113,0.311
171694036,171696302,1698920460,0.3109,0.311
171662721,171579287,1698920520,0.3111,0.3113
171525219,171525480,1698920580,0.3113,0.3109
171223298,171209470,1698920640,0.3109,0.3106
171193617,171201113,1698920700,0.3106,0.3107
171203746,171148331,1698920760,0.3107,0.3108
171212083,171147476,1698920820,0.3108,0.3107
171120588,171103644,1698920880,0.3108,0.3107
171079193,171063204,1698920940,0.3108,0.3106
171074894,171082128,1698921000,0.3106,0.3103
171057639,170978804,1698921060,0.3102,0.3106
170968525,170968525,1698921120,0.3106,0.3102
170988321,170981829,1698921180,0.3103,0.3102
170949530,170892580,1698921240,0.3102,0.31
170799556,170798081,1698921300,0.31,0.3099
170797046,170792741,1698921360,0.3099,0.3098
170830467,170815303,1698921420,0.3098,0.3095
170687882,170684811,1698921480,0.3095,0.3094
170672606,170678463,1698921540,0.3095,0.3094
170582116,170615343,1698921600,0.3094,0.3094
170654020,170641293,1698921660,0.3095,0.3102
170737998,170748154,1698921720,0.3102,0.3101
170812826,170775015,1698921780,0.3101,0.31
170923166,170953340,1698921840,0.31,0.3102
170857144,170814160,1698921900,0.3102,0.3099
170747269,170820272,1698921960,0.3099,0.3091
170836688,170881293,1698922020,0.3091,0.3092
170902731,170849853,1698922080,0.3093,0.3089
170962786,171077680,1698922140,0.3089,0.309
171053547,171119871,1698922200,0.309,0.3091
171081141,171063609,1698922260,0.3091,0.3094
171108407,171091071,1698922320,0.3094,0.3091
171092235,171078949,1698922380,0.3092,0.3092
171059545,171059545,1698922440,0.3091,0.3091
171042779,171054044,1698922500,0.309,0.3092
171075323,171082244,1698922560,0.3092,0.3091
171061407,171029461,1698922620,0.3091,0.3095
171115232,171059242,1698922680,0.3095,0.3095
171096088,171086698,1698922740,0.3095,0.309
171012780,171025790,1698922800,0.309,0.309
171061718,171010419,1698922860,0.3089,0.3093
171020299,171017743,1698922920,0.3093,0.3097
171039632,171012876,1698922980,0.3097,0.3091
170627547,170586796,1698923040,0.3092,0.3093
170587859,170549305,1698923100,0.3094,0.309
170497526,170517290,1698923160,0.309,0.3094
170536165,170528606,1698923220,0.3094,0.309
170616308,170714893,1698923280,0.309,0.3085
170738594,170708717,1698923340,0.3085,0.3083
170647143,170630612,1698923400,0.3084,0.3086
170621361,170606207,1698923460,0.3085,0.3084
170609520,170524143,1698923520,0.3084,0.3083
170506435,170499009,1698923580,0.3083,0.3084
170598616,170582337,1698923640,0.3084,0.3082
170545352,170546917,1698923700,0.3083,0.3082
170497214,170397133,1698923760,0.3083,0.3083
170310632,170310632,1698923820,0.3083,0.3087
170270267,170320213,1698923880,0.3087,0.3091
170325395,170342127,1698923940,0.3091,0.3093
170299707,170283883,1698924000,0.3092,0.3095
170308311,170290800,1698924060,0.3095,0.3092
170264004,170261292,1698924120,0.3092,0.3091
170203057,170227997,1698924180,0.3092,0.3092
170245149,170254067,1698924240,0.3093,0.3092
170252062,170237615,1698924300,0.3092,0.3093
170371240,170385341,1698924360,0.3093,0.3092
170363296,170352957,1698924420,0.3092,0.3092
170382111,170407266,1698924480,0.3092,0.3093
170410240,170404871,1698924540,0.3094,0.3093
170325235,170315279,1698924600,0.3094,0.3091
170304162,170303660,1698924660,0.3091,0.3092
170280021,170269473,1698924720,0.3092,0.3095
170356530,170341110,1698924780,0.3095,0.3097
170387580,170374025,1698924840,0.3098,0.3097
170351329,170301103,1698924900,0.3097,0.3101
170446644,170320768,1698924960,0.3101,0.3102
170365949,170422022,1698925020,0.3102,0.3106
170456214,170453195,1698925080,0.3105,0.3104
170455500,170455500,1698925140,0.3105,0.3106
170476124,170490494,1698925200,0.3105,0.3105
170506064,170478798,1698925260,0.3104,0.3105
170459707,170307815,1698925320,0.3105,0.3102
170257083,170241309,1698925380,0.3102,0.3108
170227669,170230514,1698925440,0.3108,0.3108
170214157,170235184,1698925500,0.3109,0.3105
170261982,170357886,1698925560,0.3104,0.3104
170252371,170239470,1698925620,0.3103,0.3102
170175971,170099884,1698925680,0.3102,0.3098
170095737,169982546,1698925740,0.3097,0.3098
170062136,170056384,1698925800,0.3098,0.31
170020853,170014126,1698925860,0.31,0.3096
169969793,169973781,1698925920,0.3096,0.3102
169954156,169937433,1698925980,0.3102,0.3102
169922562,169923188,1698926040,0.3103,0.3102
169920639,169888910,1698926100,0.3102,0.3101
169906920,169949261,1698926160,0.3101,0.3099
169955844,169973284,1698926220,0.31,0.3104
170019083,170033545,1698926280,0.3104,0.3101
170348531,170506817,1698926340,0.3102,0.3106
170504702,170515247,1698926400,0.3105,0.3102
170517193,170403973,1698926460,0.3103,0.3103
170428320,170428320,1698926520,0.3103,0.3101
170395672,170430347,1698926580,0.3101,0.3098
170372671,170356767,1698926640,0.3098,0.3097
170347866,170351099,1698926700,0.3098,0.3097
170354955,170335334,1698926760,0.3098,0.3099
170353938,170343616,1698926820,0.3098,0.3101
170376483,170360574,1698926880,0.3101,0.3101
170464067,170431765,1698926940,0.31,0.3101
170474256,170478737,1698927000,0.3101,0.3107
170620019,170652942,1698927060,0.3106,0.3107
170768961,170719675,1698927120,0.3107,0.311
170763960,170773661,1698927180,0.311,0.3112
170809539,170850065,1698927240,0.3112,0.3112
170852244,170884228,1698927300,0.3112,0.3111
170868503,170801757,1698927360,0.3111,0.3108
170764325,170783988,1698927420,0.3108,0.3111
170759404,170699994,1698927480,0.311,0.3112
170642524,170629926,1698927540,0.3112,0.311
170706015,170714953,1698927600,0.3111,0.3109
170863270,170864217,1698927660,0.3109,0.3108
170787372,170821676,1698927720,0.3109,0.3108
170818235,170818235,1698927780,0.3107,0.3107
170776648,170693758,1698927840,0.3106,0.3106
170674685,170632363,1698927900,0.3105,0.3104
170659920,170614910,1698927960,0.3103,0.3106
170605100,170535047,1698928020,0.3106,0.3102
170468677,170476850,1698928080,0.3101,0.3098
170511532,170479832,1698928140,0.3098,0.3095
170431878,170431878,1698928200,0.3095,0.3105
170419758,170408286,1698928260,0.3105,0.3101
170307076,170273179,1698928320,0.3102,0.3101
170331015,170316262,1698928380,0.31,0.3101
170325053,170308913,1698928440,0.3101,0.3106
170308142,170355101,1698928500,0.3106,0.3102
170439577,170432398,1698928560,0.3103,0.3101
170416075,170443974,1698928620,0.3101,0.3103
170456589,170482446,1698928680,0.3102,0.3107
170595226,170608044,1698928740,0.3107,0.311
170549212,170551362,1698928800,0.311,0.3108
170581705,170568072,1698928860,0.3107,0.3107
170558858,170574399,1698928920,0.3106,0.3107
170617937,170617937,1698928980,0.3108,0.3111
170617409,170630334,1698929040,0.3111,0.3109
170607800,170607800,1698929100,0.311,0.3107
170643217,170683590,1698929160,0.3107,0.3114
170491818,170705991,1698929220,0.3114,0.3111
170691960,170722569,1698929280,0.3112,0.3118
170571603,170544443,1698929340,0.3118,0.3121
170593877,170538930,1698929400,0.3121,0.3121
170572502,170644389,1698929460,0.312,0.3119
170726640,170743639,1698929520,0.3119,0.312
170655622,170668664,1698929580,0.312,0.3118
170622956,170668297,1698929640,0.3118,0.3125
170929294,170908073,1698929700,0.3125,0.3118
170903669,170913140,1698929760,0.3119,0.3119
170854605,170779259,1698929820,0.312,0.3114
170791703,170775266,1698929880,0.3113,0.3112
170782868,170648914,1698929940,0.3111,0.3112
170690704,170668152,1698930000,0.3112,0.3112
170657184,170624949,1698930060,0.3112,0.3118
170659117,170659865,1698930120,0.3118,0.3121
170674905,170786356,1698930180,0.3122,0.3125
170802468,170793663,1698930240,0.3126,0.312
170842149,170804343,1698930300,0.312,0.3116
170702573,170684454,1698930360,0.3115,0.3102
170501695,170501695,1698930420,0.3103,0.3096
170311569,170058931,1698930480,0.3095,0.3091
170019186,169997131,1698930540,0.3091,0.3096
169994525,170003481,1698930600,0.3096,0.3092
170006485,169961794,1698930660,0.3092,0.3099
169989040,169979209,1698930720,0.3098,0.3091
170000554,169949801,1698930780,0.3092,0.3073
169683304,169274903,1698930840,0.3072,0.3085
168992521,168934521,1698930900,0.3085,0.3087
169004639,169058731,1698930960,0.3086,0.3092
169073667,169127544,1698931020,0.3092,0.3096
169077836,169134789,1698931080,0.3096,0.3096
169266708,169215144,1698931140,0.3097,0.3091
169297567,169337452,1698931200,0.3092,0.3089
169353261,169434008,1698931260,0.3088,0.3098
169489527,169526987,1698931320,0.3098,0.3094
169637663,169579139,1698931380,0.3094,0.3096
169549264,169537390,1698931440,0.3096,0.3082
169641172,169691650,1698931500,0.3082,0.3089
169694105,169564367,1698931560,0.3088,0.3091
169527354,169529007,1698931620,0.309,0.3086
169542790,169468168,1698931680,0.3085,0.3086
169442610,169414062,1698931740,0.3087,0.3084
169485539,169485539,1698931800,0.3085,0.3082
169352774,169219147,1698931860,0.3082,0.3088
169009017,169009017,1698931920,0.3088,0.3095
169004960,169136515,1698931980,0.3095,0.3098
169134293,169057993,1698932040,0.3098,0.31
169092152,169129516,1698932100,0.31,0.3103
169124133,169103155,1698932160,0.3103,0.3103
169103956,169211006,1698932220,0.3103,0.3109
169175713,169243386,1698932280,0.3109,0.3113
169457918,169628448,1698932340,0.3113,0.3111
169462205,169415750,1698932400,0.311,0.3104
169291666,169319645,1698932460,0.3105,0.31
169245148,169272091,1698932520,0.3101,0.3096
169307500,169406118,1698932580,0.3096,0.3098
170144904,169681331,1698932640,0.3098,0.3085
168843118,168509799,1698932700,0.3085,0.3076
168318215,168318725,1698932760,0.3077,0.3084
168535714,168451808,1698932820,0.3084,0.3086
168431613,168444932,1698932880,0.3086,0.3087
168419474,168492074,1698932940,0.3086,0.3091
168511221,168928233,1698933000,0.3092,0.3098
168920462,169030968,1698933060,0.3099,0.3101
169072679,169354601,1698933120,0.31,0.3103
169363423,169363423,1698933180,0.3104,0.31
169414129,169404606,1698933240,0.3101,0.3098
169354230,169540320,1698933300,0.3098,0.31
169549778,169547906,1698933360,0.3099,0.3102
169565046,169536628,1698933420,0.3102,0.3098
169660536,169712116,1698933480,0.3098,0.3096
169719966,169757707,1698933540,0.3096,0.3094
169687588,169700202,1698933600,0.3095,0.3103
170056260,170263225,1698933660,0.3103,0.3107
170405045,170443558,1698933720,0.3107,0.3105
170393006,170358977,1698933780,0.3104,0.3102
170310676,170301435,1698933840,0.3102,0.3102
170311488,170316437,1698933900,0.3101,0.3097
170407536,170340735,1698933960,0.3097,0.3093
170100071,170004005,1698934020,0.3094,0.3085
169961846,169684343,1698934080,0.3084,0.3085
169704471,169625023,1698934140,0.3085,0.3082
169485560,169587373,1698934200,0.3082,0.3081
169636787,169584735,1698934260,0.3081,0.3083
169569158,169522593,1698934320,0.3083,0.3075
169556806,169590240,1698934380,0.3075,0.3078
169649988,169684667,1698934440,0.3077,0.3077
169645024,169645024,1698934500,0.3078,0.3082
169420511,169483838,1698934560,0.3081,0.3086
169498726,169618127,1698934620,0.3087,0.309
169699415,169738666,1698934680,0.3089,0.3089
169867252,169936573,1698934740,0.3088,0.3086
169934544,169921678,1698934800,0.3085,0.3087
169972390,169919760,1698934860,0.3087,0.3089
170062346,170081490,1698934920,0.3088,0.3081
170037562,170002700,1698934980,0.3081,0.3072
169813449,169549471,1698935040,0.3072,0.3073
169600373,169576386,1698935100,0.3073,0.3068
169734829,169771418,1698935160,0.3068,0.3068
169755991,169779864,1698935220,0.3067,0.307
169776006,169740867,1698935280,0.3069,0.3078
169792096,169791709,1698935340,0.3078,0.3075
169803404,169766280,1698935400,0.3076,0.3073
169872332,169925508,1698935460,0.3072,0.3074
169977429,170055877,1698935520,0.3075,0.3068
169931602,169928555,1698935580,0.3068,0.3077
170123053,170131157,1698935640,0.3077,0.3067
170201063,170416908,1698935700,0.3067,0.3057
169840976,169587339,1698935760,0.3056,0.3057
169347331,169347331,1698935820,0.3057,0.3056
169207967,169203435,1698935880,0.3056,0.3056
169248501,169376581,1698935940,0.3056,0.3065
169262327,169299361,1698936000,0.3065,0.3069
169280428,169280428,1698936060,0.3069,0.3074
169039889,168991447,1698936120,0.3074,0.3073
169032423,168995001,1698936180,0.3073,0.3079
169036632,169239860,1698936240,0.3079,0.3077
169393841,169394585,1698936300,0.3076,0.3071
169425295,169442049,1698936360,0.307,0.3077
169704819,169613955,1698936420,0.3076,0.3081
169817784,169828264,1698936480,0.308,0.3081
169927621,170101459,1698936540,0.3081,0.3081
170130793,170158695,1698936600,0.3081,0.3079
170341947,170401090,1698936660,0.3079,0.308
170465966,170492348,1698936720,0.308,0.3079
170558358,170487540,1698936780,0.3078,0.308
170499653,170653178,1698936840,0.308,0.3078
170636891,170648317,1698936900,0.3079,0.3078
170601764,170573439,1698936960,0.3077,0.3074
170631939,170650525,1698937020,0.3075,0.3081
171093793,171093793,1698937080,0.308,0.3081
171090121,171250071,1698937140,0.308,0.3083
171327668,171369004,1698937200,0.3083,0.3085
171427247,171447880,1698937260,0.3085,0.3085
171431226,171465926,1698937320,0.3085,0.3081
171168101,171195077,1698937380,0.308,0.3074
171147255,171126553,1698937440,0.3074,0.3074
171142246,171129213,1698937500,0.3074,0.3069
170829701,170531019,1698937560,0.3069,0.3053
170230449,170185999,1698937620,0.3053,0.3058
170347533,170620369,1698937680,0.3058,0.3064
170598231,170630636,1698937740,0.3063,0.3066
170628678,170627506,1698937800,0.3066,0.3063
170215245,170063545,1698937860,0.3063,0.3059
169992889,169972262,1698937920,0.306,0.3067
169956455,169923649,1698937980,0.3068,0.3061
169914886,169920824,1698938040,0.3061,0.305
169708542,169554209,1698938100,0.3051,0.3055
169532379,169583103,1698938160,0.3054,0.3062
169492597,169672909,1698938220,0.3062,0.3068
169835801,169922562,1698938280,0.3068,0.3073
169782321,169782321,1698938340,0.3072,0.3069
169877307,169799625,1698938400,0.3069,0.3054
169714533,169241512,1698938460,0.3055,0.305
168619867,169037526,1698938520,0.305,0.3061
169012373,168885548,1698938580,0.3061,0.3063
168961332,168924581,1698938640,0.3062,0.3061
168950772,168903996,1698938700,0.306,0.3065
168944946,168978518,1698938760,0.3065,0.3068
168886433,168654438,1698938820,0.3069,0.3068
168685219,168947804,1698938880,0.3068,0.3064
168938097,168972220,1698938940,0.3064,0.306
168905214,168873389,1698939000,0.3059,0.306
168853399,168912993,1698939060,0.306,0.3043
169013244,168886766,1698939120,0.3044,0.3051
168926069,168917501,1698939180,0.3052,0.3056
168882249,168868723,1698939240,0.3056,0.3058
168888564,168810619,1698939300,0.3057,0.3064
168849207,168888534,1698939360,0.3065,0.3069
169010320,168804505,1698939420,0.3069,0.3071
168830422,168901584,1698939480,0.3071,0.3067
168868229,168923756,1698939540,0.3068,0.3067
168920632,168945522,1698939600,0.3067,0.3062
169022852,169050595,1698939660,0.3062,0.3066
169018750,169018750,1698939720,0.3067,0.3071
169100141,169030181,1698939780,0.307,0.3067
169100450,169033813,1698939840,0.3066,0.3068
168934863,168907622,1698939900,0.3068,0.3066
168891889,169018360,1698939960,0.3067,0.3069
169165452,169095724,1698940020,0.3069,0.3065
169127892,169185393,1698940080,0.3065,0.3062
169523752,169559847,1698940140,0.3062,0.3058
169575414,169092067,1698940200,0.3057,0.3057
169113093,168808242,1698940260,0.3056,0.3053
168541615,167968897,1698940320,0.3052,0.3048
167494522,167401273,1698940380,0.3047,0.3044
166639410,166887992,1698940440,0.3044,0.3043
167011024,167176699,1698940500,0.3043,0.3036
167319769,166859787,1698940560,0.3036,0.3025
166868103,166926710,1698940620,0.3025,0.3025
166969121,166950072,1698940680,0.3025,0.3023
166764216,167170436,1698940740,0.3022,0.3002
167238054,167011447,1698940800,0.3002,0.3022
166607416,166546851,1698940860,0.3021,0.3015
166571278,166518698,1698940920,0.3014,0.3009
166525288,166583641,1698940980,0.301,0.3012
166527405,166527405,1698941040,0.3013,0.3026
166564131,166375498,1698941100,0.3026,0.3028
166339060,166462862,1698941160,0.3028,0.3024
166445680,166508726,1698941220,0.3025,0.3031
166464002,166461575,1698941280,0.3031,0.3035
166550235,166476076,1698941340,0.3034,0.3036
166445179,166486347,1698941400,0.3035,0.3034
166379924,166380027,1698941460,0.3035,0.3037
166344119,166319292,1698941520,0.3037,0.3035
166290598,166289342,1698941580,0.3034,0.3039
166334022,166223435,1698941640,0.304,0.3038
166250890,166209162,1698941700,0.3039,0.3044
166432310,166397798,1698941760,0.3045,0.3038
166473857,166426750,1698941820,0.3039,0.3035
166442392,166420578,1698941880,0.3036,0.3025
166380035,166191979,1698941940,0.3026,0.3021
166278203,166370527,1698942000,0.302,0.3014
166652855,166591588,1698942060,0.3013,0.3017
166592249,166262807,1698942120,0.3016,0.3013
166278148,166164752,1698942180,0.3013,0.3017
166117101,166134927,1698942240,0.3016,0.3019
166167819,166167819,1698942300,0.3019,0.3014
166261183,166240192,1698942360,0.3014,0.3016
166084025,166108495,1698942420,0.3017,0.3022
166165813,166165813,1698942480,0.3022,0.3027
166403871,166423027,1698942540,0.3027,0.3017
166319199,166421590,1698942600,0.3017,0.3002
166592867,165377881,1698942660,0.3002,0.3005
165043902,164830128,1698942720,0.3005,0.3017
164438862,164516786,1698942780,0.3016,0.3022
164552207,164589800,1698942840,0.3022,0.3024
164494381,164505672,1698942900,0.3024,0.3028
164561518,164571925,1698942960,0.3028,0.3028
164565301,164807411,1698943020,0.3028,0.3028
164723755,164702443,1698943080,0.3028,0.3032
164731578,164776519,1698943140,0.3032,0.3032
164756393,164700450,1698943200,0.3031,0.3027
164558106,164317834,1698943260,0.3026,0.302
164460544,164446692,1698943320,0.3021,0.3022
164485055,164487953,1698943380,0.3022,0.303
164515242,164392655,1698943440,0.3029,0.3028
164501561,164569515,1698943500,0.3027,0.3031
164669084,164786133,1698943560,0.3031,0.3033
164754001,164745918,1698943620,0.3033,0.3031
164717346,164793786,1698943680,0.303,0.3028
164860714,164874743,1698943740,0.3027,0.3026
164872613,164750254,1698943800,0.3026,0.3025
164821180,164821180,1698943860,0.3024,0.3032
164796770,164836864,1698943920,0.3031,0.3036
164794772,164779767,1698943980,0.3035,0.3039
164815325,164931918,1698944040,0.304,0.3031
164698715,164725429,1698944100,0.3032,0.3032
164807990,164757688,1698944160,0.3031,0.3034
164748791,164762142,1698944220,0.3034,0.3036
164794690,164539904,1698944280,0.3036,0.3033
164505665,164601307,1698944340,0.3032,0.3038
164601801,164463759,1698944400,0.3038,0.3031
164458949,164569200,1698944460,0.3032,0.3037
164514748,164700353,1698944520,0.3037,0.3044
164944355,164930099,1698944580,0.3043,0.3045
165409142,165524737,1698944640,0.3044,0.3047
165583446,165627265,1698944700,0.3046,0.3048
165770866,165099960,1698944760,0.3048,0.3047
165168754,165406365,1698944820,0.3047,0.3053
165300473,165398841,1698944880,0.3053,0.3061
165580072,165581033,1698944940,0.306,0.3064
165745425,165373970,1698945000,0.3065,0.3053
165682067,165714594,1698945060,0.3053,0.3058
165839068,165835094,1698945120,0.3058,0.306
165854504,165854504,1698945180,0.3059,0.3055
165831555,166030225,1698945240,0.3055,0.3057
166050674,166304861,1698945300,0.3056,0.3051
166453180,166857348,1698945360,0.3051,0.3047
166976343,167014099,1698945420,0.3046,0.3051
167098840,167176831,1698945480,0.305,0.3062
167317742,167367696,1698945540,0.3063,0.3068
167413307,167161550,1698945600,0.3068,0.3072
167197815,167496196,1698945660,0.3072,0.3078
167877933,168134902,1698945720,0.3078,0.3076
168706743,168700510,1698945780,0.3077,0.3075
168859583,168994898,1698945840,0.3076,0.3072
169075872,169082888,1698945900,0.3071,0.3061
169003214,169117528,1698945960,0.306,0.3065
169166470,169255300,1698946020,0.3065,0.3077
169423080,169272295,1698946080,0.3076,0.3076
169614503,169712769,1698946140,0.3075,0.3089
169826636,169758891,1698946200,0.3089,0.3093
170355926,170443308,1698946260,0.3093,0.3109
170310558,170368025,1698946320,0.3109,0.3109
170464231,170593119,1698946380,0.3109,0.3113
170528213,170528213,1698946440,0.3112,0.3114
170646764,171073571,1698946500,0.3113,0.3118
171073868,170868905,1698946560,0.3117,0.3103
170565196,170568650,1698946620,0.3103,0.3103
170221347,170384231,1698946680,0.3103,0.3111
170279412,170281369,1698946740,0.311,0.3108
170224307,170245511,1698946800,0.3108,0.3115
170536765,170469735,1698946860,0.3114,0.3116
170926227,170893986,1698946920,0.3115,0.3125
171080420,171257629,1698946980,0.3125,0.3125
171576514,171840676,1698947040,0.3125,0.3138
172080089,171950253,1698947100,0.3137,0.3123
172195512,172269103,1698947160,0.3122,0.3126
171926593,171836131,1698947220,0.3127,0.3126
171566261,171489121,1698947280,0.3127,0.3127
171219542,171136556,1698947340,0.3127,0.3122
171268405,170690965,1698947400,0.3123,0.313
170594771,170774377,1698947460,0.3129,0.3121
170680893,170183914,1698947520,0.3121,0.3125
170167329,170077413,1698947580,0.3125,0.3142
169900354,169902891,1698947640,0.3142,0.315
170272303,170893396,1698947700,0.3149,0.3148
170983453,170983453,1698947760,0.3148,0.3146
170984920,171068812,1698947820,0.3147,0.3144
170843144,170806610,1698947880,0.3145,0.3155
170488847,170204272,1698947940,0.3154,0.3155
170231964,170563766,1698948000,0.3154,0.3155
170876034,171013051,1698948060,0.3154,0.3152
170791984,170872700,1698948120,0.3152,0.3149
171104756,171074059,1698948180,0.3149,0.3151
171059683,171194311,1698948240,0.3151,0.3149
171014741,170827449,1698948300,0.315,0.3145
170519317,170441941,1698948360,0.3144,0.3139
170454312,170487380,1698948420,0.3139,0.3135
170439549,170187154,1698948480,0.3134,0.3127
170173117,170218784,1698948540,0.3127,0.3136
170306613,170447249,1698948600,0.3136,0.3134
170471148,170437320,1698948660,0.3134,0.3129
170368438,170322403,1698948720,0.313,0.3143
170341705,170499346,1698948780,0.3143,0.3146
170387421,170429865,1698948840,0.3147,0.3154
170315119,170405906,1698948900,0.3154,0.3161
170560141,170515664,1698948960,0.3161,0.315
170373764,170373764,1698949020,0.3151,0.3142
170047237,170057752,1698949080,0.3142,0.3137
170093195,170093195,1698949140,0.3136,0.3139
169965913,170005093,1698949200,0.314,0.3141
169916217,169807269,1698949260,0.314,0.3159
169631141,169655597,1698949320,0.3158,0.3153
171148119,171027119,1698949380,0.3152,0.3146
170676224,170598380,1698949440,0.3145,0.3154
170573749,170799150,1698949500,0.3154,0.3165
170809253,170712937,1698949560,0.3166,0.3173
171056779,171072565,1698949620,0.3174,0.3166
171138383,171143538,1698949680,0.3167,0.3166
171159252,171032859,1698949740,0.3166,0.3165
171142342,171217464,1698949800,0.3165,0.3163
171295290,171211647,1698949860,0.3163,0.3164
171708021,171678092,1698949920,0.3164,0.317
172000292,171879424,1698949980,0.317,0.3169
171747118,171687993,1698950040,0.3168,0.3175
171636039,171590987,1698950100,0.3175,0.3179
171442575,171338346,1698950160,0.3179,0.318
171292944,171165830,1698950220,0.318,0.3173
171511883,171797806,1698950280,0.3174,0.3176
171772011,171772011,1698950340,0.3175,0.3175
171656386,171559190,1698950400,0.3175,0.3176
171538460,171403014,1698950460,0.3175,0.3185
171423419,171311614,1698950520,0.3185,0.3171
172428801,172369122,1698950580,0.317,0.3193
171750686,171977866,1698950640,0.3193,0.3193
172307693,172379945,1698950700,0.3192,0.3196
172555191,172641494,1698950760,0.3196,0.3188
172805546,172705909,1698950820,0.3189,0.319
172766450,172671020,1698950880,0.319,0.3195
172798415,172914911,1698950940,0.3196,0.3201
173264045,174001793,1698951000,0.3202,0.3201
173377718,173977618,1698951060,0.3202,0.3228
174010226,173817172,1698951120,0.3228,0.3235
174386699,173910159,1698951180,0.3236,0.3232
174187959,175040993,1698951240,0.3233,0.3254
174818467,174399340,1698951300,0.3253,0.324
174328505,174590165,1698951360,0.324,0.3254
174703418,174396831,1698951420,0.3253,0.3238
174605250,174898944,1698951480,0.3237,0.3243
174872209,174819252,1698951540,0.3242,0.3241
175402041,175518934,1698951600,0.3241,0.3227
175888464,175888464,1698951660,0.3227,0.3222
175573426,175699866,1698951720,0.3222,0.3252
176501277,176409495,1698951780,0.3251,0.3259
176128708,176445298,1698951840,0.3259,0.3261
176464176,176553854,1698951900,0.3261,0.3278
176779355,176800180,1698951960,0.3279,0.3268
176717048,176698535,1698952020,0.3269,0.3269
176806791,176601859,1698952080,0.3269,0.3265
176648994,176578816,1698952140,0.3266,0.3262
176756058,177223750,1698952200,0.3262,0.3261
177089680,176660632,1698952260,0.326,0.3255
176541486,176466814,1698952320,0.3254,0.3252
176356209,176331998,1698952380,0.3253,0.3271
176192505,175951953,1698952440,0.3271,0.3285
176291886,176201665,1698952500,0.3284,0.3275
176436012,176540397,1698952560,0.3274,0.3271
176553695,176881823,1698952620,0.3271,0.3277
176875746,176785879,1698952680,0.3277,0.3269
176803869,176822953,1698952740,0.327,0.3268
176810950,176846850,1698952800,0.3268,0.327
176923496,176929910,1698952860,0.3271,0.3285
176821307,177294271,1698952920,0.3285,0.3287
177042577,177042577,1698952980,0.3288,0.3284
177163347,177182370,1698953040,0.3284,0.3285
177195516,177191959,1698953100,0.3285,0.3288
176943398,176848910,1698953160,0.3288,0.3292
176759399,177004438,1698953220,0.3291,0.3289
176977234,176984636,1698953280,0.3289,0.3282
176972676,176655945,1698953340,0.3283,0.329
176783685,176941956,1698953400,0.329,0.3277
175990630,175756723,1698953460,0.3277,0.3267
175227517,175316988,1698953520,0.3267,0.3269
175319912,174765875,1698953580,0.3269,0.3263
174656410,174528570,1698953640,0.3264,0.3256
174737587,174700274,1698953700,0.3257,0.3259
174839899,174874124,1698953760,0.326,0.3267
174637318,174641402,1698953820,0.3266,0.3261
174585924,174463950,1698953880,0.3262,0.3258
174514139,174541497,1698953940,0.3258,0.3256
174404195,174435999,1698954000,0.3256,0.3259
174493264,174426270,1698954060,0.326,0.3261
174536940,174524858,1698954120,0.326,0.3255
174599191,174541872,1698954180,0.3256,0.3257
174403842,174203391,1698954240,0.3256,0.3245
174171302,174171302,1698954300,0.3246,0.3256
174133979,174259152,1698954360,0.3256,0.3249
174103765,174082829,1698954420,0.325,0.3248
174094434,173851798,1698954480,0.3249,0.3243
173556250,172677766,1698954540,0.3244,0.3229
172503949,172458847,1698954600,0.323,0.3229
172693828,172768852,1698954660,0.3229,0.3233
172916160,173067452,1698954720,0.3233,0.323
173143884,173142088,1698954780,0.3231,0.3235
173245546,173273647,1698954840,0.3235,0.3233
173257272,173272609,1698954900,0.3233,0.3225
173242741,173297716,1698954960,0.3224,0.3224
173295232,173217789,1698955020,0.3223,0.3233
173305298,173011139,1698955080,0.3234,0.325
172887024,173251652,1698955140,0.3249,0.3244
173586766,173706622,1698955200,0.3244,0.3244
173734510,173839434,1698955260,0.3244,0.3244
173786471,173726770,1698955320,0.3244,0.3256
173626898,173581710,1698955380,0.3256,0.3247
173547799,173665343,1698955440,0.3247,0.326
173618539,173618539,1698955500,0.3259,0.3264
173625745,173614038,1698955560,0.3264,0.326
173743298,174131899,1698955620,0.326,0.3255
174154174,174135178,1698955680,0.3255,0.3264
174229387,174229035,1698955740,0.3265,0.3271
174243485,174238803,1698955800,0.327,0.3274
174204509,174173956,1698955860,0.3274,0.3265
174121526,174106838,1698955920,0.3265,0.3263
173885388,173839582,1698955980,0.3263,0.3264
173769244,173782071,1698956040,0.3264,0.3262
173709122,173529032,1698956100,0.3262,0.3262
173496138,173552425,1698956160,0.3262,0.3257
173399150,173355371,1698956220,0.3257,0.3255
173112769,173152731,1698956280,0.3255,0.3256
173117949,172983980,1698956340,0.3255,0.3253
172786724,172829256,1698956400,0.3253,0.3243
172928339,172843653,1698956460,0.3243,0.3249
172870278,172815865,1698956520,0.325,0.3242
172807585,172597471,1698956580,0.3243,0.3232
172643798,172737041,1698956640,0.3232,0.3244
172726157,172691682,1698956700,0.3244,0.3239
172728762,172891696,1698956760,0.3239,0.3242
172917204,172949348,1698956820,0.3242,0.3241
173033897,173023962,1698956880,0.3241,0.324
173057700,173057700,1698956940,0.324,0.3237
173080682,173115828,1698957000,0.3236,0.3228
172962244,173002935,1698957060,0.3228,0.3228
172466856,172440162,1698957120,0.3229,0.3224
172494331,172258876,1698957180,0.3224,0.3217
172360922,172281949,1698957240,0.3216,0.3217
172277206,172253947,1698957300,0.3216,0.322
172217568,172026466,1698957360,0.322,0.3223
171833221,171835194,1698957420,0.3223,0.3219
171779167,171725138,1698957480,0.322,0.3225
171758113,171641479,1698957540,0.3225,0.3221
171654355,171731935,1698957600,0.3221,0.322
171689718,171670769,1698957660,0.3221,0.3216
171644296,171537660,1698957720,0.3217,0.3212
171675893,171755994,1698957780,0.3213,0.3215
171797203,171632152,1698957840,0.3215,0.3209
171629577,171738146,1698957900,0.3208,0.3214
171849049,171862742,1698957960,0.3215,0.3216
171855376,171874412,1698958020,0.3216,0.321
172011126,172063297,1698958080,0.3211,0.3216
171915423,171991464,1698958140,0.3216,0.3211
171950666,171950666,1698958200,0.3212,0.3209
171925998,171846412,1698958260,0.3209,0.3213
171654725,171686923,1698958320,0.3213,0.3216
171736603,171692588,1698958380,0.3216,0.322
171705410,171844930,1698958440,0.322,0.3225
171831693,171754398,1698958500,0.3224,0.3228
171569714,171349196,1698958560,0.3228,0.3226
171354707,171369764,1698958620,0.3225,0.3215
171200462,171261839,1698958680,0.3214,0.3215
171207469,171188711,1698958740,0.3214,0.3216
171147472,171205246,1698958800,0.3215,0.3215
171208200,171305051,1698958860,0.3215,0.3215
171344476,171444882,1698958920,0.3216,0.3213
171108823,170668471,1698958980,0.3212,0.3209
170625336,170489653,1698959040,0.3208,0.3205
170642899,170642014,1698959100,0.3205,0.3208
170721851,170959311,1698959160,0.3208,0.321
170887857,170907282,1698959220,0.321,0.3209
170451927,170227424,1698959280,0.3209,0.3197
169825178,169792866,1698959340,0.3197,0.3197
169561690,169520832,1698959400,0.3197,0.3196
169568562,169651480,1698959460,0.3195,0.32
169603116,169512026,1698959520,0.32,0.3196
169475738,169388497,1698959580,0.3195,0.3201
169367963,169367963,1698959640,0.3201,0.3196
169273280,169443662,1698959700,0.3197,0.3201
169456458,169467508,1698959760,0.32,0.3203
169513992,169594157,1698959820,0.3203,0.3209
169379391,169362054,1698959880,0.321,0.3209
168996906,169022132,1698959940,0.3208,0.3204
169177845,169377118,1698960000,0.3203,0.3211
169143622,169136167,1698960060,0.321,0.3213
169197731,169253929,1698960120,0.3213,0.3218
169221551,169179863,1698960180,0.3218,0.3215
169101372,169086916,1698960240,0.3214,0.3212
168993386,168964085,1698960300,0.3212,0.3206
168945375,168395162,1698960360,0.3205,0.3212
168254605,168096072,1698960420,0.3212,0.3211
168166210,168168364,1698960480,0.3211,0.3212
168377530,168417164,1698960540,0.3211,0.3215
168341276,168299967,1698960600,0.3215,0.321
168303107,168384505,1698960660,0.321,0.321
168375983,168388972,1698960720,0.321,0.3214
168391697,168360579,1698960780,0.3213,0.3215
168369689,168327591,1698960840,0.3216,0.3225
168390866,168393435,1698960900,0.3224,0.3226
168383395,168323058,1698960960,0.3226,0.3226
168366368,168366368,1698961020,0.3226,0.3221
168374148,168285323,1698961080,0.3221,0.3226
168337710,168341579,1698961140,0.3225,0.3218
168279869,168374066,1698961200,0.3217,0.3209
168278105,168170930,1698961260,0.3208,0.3206
168173297,168134057,1698961320,0.3206,0.3213
168076941,168074377,1698961380,0.3213,0.3212
167989180,167972348,1698961440,0.3212,0.3207
167972016,167978535,1698961500,0.3207,0.3213
168176760,168221534,1698961560,0.3213,0.3213
168211335,168197605,1698961620,0.3213,0.321
168193178,168157110,1698961680,0.3211,0.3208
168153915,168233543,1698961740,0.3207,0.321
168272079,168289350,1698961800,0.321,0.3212
168072589,168023141,1698961860,0.3213,0.3219
167999444,168019902,1698961920,0.3219,0.3216
167979186,167958976,1698961980,0.3217,0.3215
167952348,167955416,1698962040,0.3216,0.3214
167927648,167933797,1698962100,0.3215,0.3215
167949022,167931995,1698962160,0.3215,0.3215
167934817,167965258,1698962220,0.3216,0.322
168085515,168085515,1698962280,0.322,0.3225
168077011,167991523,1698962340,0.3225,0.3223
168006849,168089118,1698962400,0.3223,0.3224
168112421,168112421,1698962460,0.3223,0.3221
168058078,167895988,1698962520,0.322,0.3217
167874060,167868021,1698962580,0.3217,0.3227
167811244,167797443,1698962640,0.3227,0.3223
167738753,167743681,1698962700,0.3223,0.3223
167730624,167758739,1698962760,0.3224,0.323
167747923,167787536,1698962820,0.3229,0.3226
167808094,167625283,1698962880,0.3227,0.3223
167569908,167602022,1698962940,0.3222,0.3217
167657197,167587482,1698963000,0.3217,0.3216
167604238,167552068,1698963060,0.3215,0.3219
167513021,167490156,1698963120,0.3218,0.3216
167486716,167493714,1698963180,0.3217,0.3222
167621514,167594544,1698963240,0.3221,0.3225
167630000,167607034,1698963300,0.3226,0.3225
167599043,167604697,1698963360,0.3224,0.3228
167620663,167661658,1698963420,0.3229,0.3231
167687289,167773254,1698963480,0.3231,0.3231
167851300,167974072,1698963540,0.3232,0.3236
168176306,168377879,1698963600,0.3237,0.3238
168419017,168480310,1698963660,0.3237,0.3233
168411454,168395048,1698963720,0.3232,0.3222
168257920,168257920,1698963780,0.3223,0.3224
168217015,168223289,1698963840,0.3224,0.3224
168265921,168265921,1698963900,0.3224,0.3218
168207398,168179797,1698963960,0.3218,0.3221
168214063,168129779,1698964020,0.3221,0.3224
168075692,168115118,1698964080,0.3224,0.3225
168143521,168167025,1698964140,0.3224,0.3221
168073228,168085705,1698964200,0.3222,0.3219
168087052,168070586,1698964260,0.3219,0.3218
168058505,167954888,1698964320,0.3218,0.322
167963180,167961341,1698964380,0.322,0.3219
167966007,167959088,1698964440,0.3219,0.3212
167654191,167667818,1698964500,0.3212,0.3214
167570578,167642289,1698964560,0.3213,0.3209
167610148,167213865,1698964620,0.3209,0.3206
167117984,167107882,1698964680,0.3205,0.3209
167130855,167043277,1698964740,0.3209,0.3209
167039492,167002257,1698964800,0.3208,0.3207
166750361,166692803,1698964860,0.3206,0.3201
166448001,166372109,1698964920,0.3202,0.3204
166363738,166371007,1698964980,0.3204,0.3207
166334069,166290531,1698965040,0.3207,0.3203
166290744,166290744,1698965100,0.3203,0.3207
166128816,166123141,1698965160,0.3208,0.3212
166208474,166321057,1698965220,0.3212,0.322
166393523,166371974,1698965280,0.322,0.3216
166524853,166605635,1698965340,0.3216,0.322
166681528,166646464,1698965400,0.322,0.322
166619010,166647732,1698965460,0.322,0.3219
166659269,166615392,1698965520,0.322,0.3216
166582023,166584912,1698965580,0.3216,0.3213
166551531,166567694,1698965640,0.3214,0.3212
166554630,166592707,1698965700,0.3211,0.3212
166630465,166624451,1698965760,0.3213,0.3217
166621027,166640763,1698965820,0.3217,0.3215
166636730,166636391,1698965880,0.3215,0.3214
166607113,166631651,1698965940,0.3214,0.3211
166657703,166704618,1698966000,0.3211,0.3212
166705397,166582159,1698966060,0.3213,0.3206
166585355,166580517,1698966120,0.3207,0.3208
166547598,166541671,1698966180,0.3208,0.3205
166504355,166490311,1698966240,0.3206,0.3209
166478637,166459461,1698966300,0.3209,0.321
166502117,166463028,1698966360,0.321,0.3218
166470798,166609649,1698966420,0.3217,0.3219
166729793,166729793,1698966480,0.3218,0.3218
166727828,166771314,1698966540,0.3217,0.3223
166751678,166734511,1698966600,0.3222,0.3222
166741264,166826667,1698966660,0.3222,0.3219
166842819,166850782,1698966720,0.3219,0.3225
166997763,167022745,1698966780,0.3225,0.3233
167032509,166926852,1698966840,0.3233,0.3225
166891314,166804536,1698966900,0.3225,0.3224
166788877,166806080,1698966960,0.3223,0.3228
166811728,166864025,1698967020,0.3228,0.3234
166884081,166910257,1698967080,0.3233,0.3235
167003488,167075030,1698967140,0.3235,0.3233
167064205,167065186,1698967200,0.3233,0.3243
167663412,167874884,1698967260,0.3242,0.3243
167852288,167649889,1698967320,0.3243,0.3244
167620047,167489878,1698967380,0.3243,0.3242
167470181,167490979,1698967440,0.3241,0.3244
167553120,167559254,1698967500,0.3243,0.3243
167594965,167387078,1698967560,0.3243,0.3238
167349855,167286504,1698967620,0.3239,0.3237
167080173,167046945,1698967680,0.3238,0.324
166970042,166970042,1698967740,0.3241,0.324
166985115,167022697,1698967800,0.3241,0.3245
167027905,167015941,1698967860,0.3246,0.3239
166951992,166865071,1698967920,0.3239,0.3242
166893264,166904058,1698967980,0.3241,0.3244
166911883,166821715,1698968040,0.3244,0.3239
166802139,167193731,1698968100,0.3238,0.3231
167153525,167025264,1698968160,0.323,0.3237
167061781,167084972,1698968220,0.3238,0.3242
166837177,166806043,1698968280,0.3242,0.3242
166940091,166914349,1698968340,0.3241,0.3237
166934538,166986790,1698968400,0.3237,0.3238
166978000,166992758,1698968460,0.3238,0.324
167007540,167019535,1698968520,0.324,0.3241
167112432,167109093,1698968580,0.3241,0.3239
167119424,167111247,1698968640,0.3239,0.3237
167099202,167094589,1698968700,0.3237,0.3233
166973605,166907154,1698968760,0.3234,0.3231
166871943,166864505,1698968820,0.3231,0.3237
166927353,166944916,1698968880,0.3236,0.3237
166971959,167243842,1698968940,0.3237,0.3238
167209900,167248872,1698969000,0.3238,0.3233
167210742,167196708,1698969060,0.3234,0.3227
167228854,167228854,1698969120,0.3227,0.3231
167234694,167214400,1698969180,0.3232,0.3231
167258352,167258352,1698969240,0.3231,0.3232
167261104,167278794,1698969300,0.3231,0.3228
167254757,167268194,1698969360,0.3227,0.3229
167299542,167325998,1698969420,0.3229,0.3229
167300634,167351278,1698969480,0.3228,0.3231
167362099,167319767,1698969540,0.3232,0.3233
167280528,167321691,1698969600,0.3233,0.3231
167344709,167401083,1698969660,0.3231,0.3227
167394236,167200957,1698969720,0.3226,0.3226
167133713,167095710,1698969780,0.3225,0.3223
167058285,167075459,1698969840,0.3223,0.3221
167001077,166894506,1698969900,0.3222,0.3224
167081455,167008150,1698969960,0.3223,0.3211
166779418,166874169,1698970020,0.3212,0.3232
167005255,168574583,1698970080,0.3232,0.3249
168824519,168982543,1698970140,0.325,0.3245
169024275,169043875,1698970200,0.3244,0.3253
169109867,169621972,1698970260,0.3252,0.3264
169706684,170619798,1698970320,0.3265,0.3271
170782068,170856509,1698970380,0.327,0.3263
170428519,170357283,1698970440,0.3263,0.3255
170382994,170173100,1698970500,0.3254,0.3242
170031109,170031109,1698970560,0.3241,0.3252
170049632,169392604,1698970620,0.3252,0.323
169118653,169120333,1698970680,0.323,0.3231
169099319,168954311,1698970740,0.323,0.3241
168953622,168973102,1698970800,0.3242,0.3239
168948145,168967378,1698970860,0.324,0.3241
168965170,168986109,1698970920,0.3241,0.3243
169006924,168985181,1698970980,0.3243,0.3251
168917902,169019264,1698971040,0.3251,0.3254
169219175,169236560,1698971100,0.3255,0.3248
169241772,169300659,1698971160,0.3248,0.324
169396359,169518667,1698971220,0.324,0.3243
169464519,169496614,1698971280,0.3243,0.3247
169422655,169406592,1698971340,0.3247,0.324
169286424,169262263,1698971400,0.324,0.3237
169170264,169147942,1698971460,0.3236,0.3228
169289918,169257681,1698971520,0.3228,0.3237
169252966,169432206,1698971580,0.3237,0.3235
169434924,169100884,1698971640,0.3236,0.3217
169058058,169143354,1698971700,0.3217,0.3221
169023376,168980395,1698971760,0.3221,0.3223
168953473,168869042,1698971820,0.3224,0.3233
168913682,168850016,1698971880,0.3232,0.3231
169048124,169048124,1698971940,0.3232,0.3246
169200616,169272924,1698972000,0.3247,0.3252
169585968,169558971,1698972060,0.3252,0.3249
169571200,169715664,1698972120,0.3249,0.3252
169791912,169953349,1698972180,0.3252,0.3256
170087762,170295761,1698972240,0.3255,0.3267
170448463,170559666,1698972300,0.3266,0.3257
170592136,170533103,1698972360,0.3258,0.3248
170575592,170629423,1698972420,0.3247,0.3245
170658834,170377828,1698972480,0.3245,0.3233
170309099,170309832,1698972540,0.3233,0.3234
170221448,170157309,1698972600,0.3234,0.323
170085953,170087759,1698972660,0.323,0.3221
170166017,170040748,1698972720,0.3222,0.3214
170200140,169650378,1698972780,0.3213,0.32
169445439,169557033,1698972840,0.3201,0.3216
169677577,169550273,1698972900,0.3216,0.321
169508321,169790794,1698972960,0.321,0.3207
169569066,169458257,1698973020,0.3206,0.3208
169577351,169425036,1698973080,0.3208,0.3211
169433846,169499704,1698973140,0.3211,0.3215
169618485,169633948,1698973200,0.3215,0.3219
169740569,169740569,1698973260,0.3219,0.3209
169729243,169829999,1698973320,0.3209,0.3202
170012801,169759166,1698973380,0.3203,0.3211
169995261,170082447,1698973440,0.3211,0.3199
170043216,170005655,1698973500,0.3199,0.3207
170082641,169847039,1698973560,0.3206,0.3216
169967438,170071658,1698973620,0.3216,0.3219
170053984,170143837,1698973680,0.322,0.3212
170232457,170347743,1698973740,0.3212,0.32
170255266,170306231,1698973800,0.3199,0.3201
170451234,170293689,1698973860,0.3202,0.3194
169692788,169423904,1698973920,0.3193,0.3185
169580969,169629777,1698973980,0.3184,0.318
169597741,169675570,1698974040,0.318,0.3176
170063681,169994216,1698974100,0.3176,0.3164
169907367,170126512,1698974160,0.3165,0.3176
170289630,170453541,1698974220,0.3177,0.3176
170449733,169955928,1698974280,0.3176,0.3147
169187708,169135091,1698974340,0.3147,0.3163
169154333,169255241,1698974400,0.3162,0.3166
169483470,169474525,1698974460,0.3166,0.3164
169619809,169943286,1698974520,0.3165,0.3167
169959762,169959762,1698974580,0.3166,0.3174
169853672,169916957,1698974640,0.3174,0.3181
169967467,169798948,1698974700,0.318,0.3181
169832747,169759093,1698974760,0.3181,0.318
169545504,169636633,1698974820,0.318,0.3184
169633747,169619435,1698974880,0.3184,0.3189
169684405,170073507,1698974940,0.3189,0.3187
170081948,170284534,1698975000,0.3187,0.3197
170390177,170376368,1698975060,0.3198,0.3197
170568838,170737918,1698975120,0.3197,0.3199
170560931,170560360,1698975180,0.3199,0.3198
170610316,170709913,1698975240,0.3199,0.3196
170578702,170418004,1698975300,0.3195,0.3185
170365418,170333175,1698975360,0.3185,0.3177
170391525,170416298,1698975420,0.3176,0.3176
170384059,170314402,1698975480,0.3177,0.3177
170293700,170289627,1698975540,0.3177,0.3172
170311774,170289080,1698975600,0.3173,0.3167
170246838,170345411,1698975660,0.3167,0.317
170458272,170258959,1698975720,0.317,0.3177
170367774,170389744,1698975780,0.3177,0.3178
170385221,170378829,1698975840,0.3178,0.3174
170492283,170506575,1698975900,0.3175,0.317
170544704,170531740,1698975960,0.317,0.3164
170640745,170640745,1698976020,0.3165,0.3172
170852865,170834590,1698976080,0.3173,0.3172
170778201,170878725,1698976140,0.3173,0.3172
170902873,170882386,1698976200,0.3173,0.317
170813090,170617463,1698976260,0.3171,0.3162
170615155,170553710,1698976320,0.3163,0.3163
170556168,170562739,1698976380,0.3164,0.3172
170520672,171022865,1698976440,0.3172,0.318
170984550,171042155,1698976500,0.318,0.318
171050187,171071269,1698976560,0.318,0.318
171012862,170940103,1698976620,0.3181,0.3185
170948864,171050539,1698976680,0.3185,0.3187
171059390,171088611,1698976740,0.3187,0.3187
171258242,171223160,1698976800,0.3187,0.3184
171141650,171218678,1698976860,0.3184,0.3188
171261195,171287962,1698976920,0.3187,0.3191
171090769,171076971,1698976980,0.3191,0.3197
171006999,171031564,1698977040,0.3197,0.3197
170928375,170990943,1698977100,0.3197,0.3194
171034464,171105987,1698977160,0.3194,0.3193
171034590,170964376,1698977220,0.3194,0.3192
170985847,171035956,1698977280,0.3192,0.3192
171077378,170988865,1698977340,0.3192,0.3197
170952883,170791361,1698977400,0.3198,0.32
170845065,170845065,1698977460,0.3201,0.3203
170810991,170837355,1698977520,0.3203,0.3199
170849801,170830563,1698977580,0.3199,0.3204
170833544,170703345,1698977640,0.3204,0.32
170163079,170182489,1698977700,0.3199,0.3199
170037419,170039707,1698977760,0.3199,0.3204
170053509,170109619,1698977820,0.3204,0.3198
170101253,170151515,1698977880,0.3198,0.3196
170144321,170119781,1698977940,0.3197,0.32
170095486,170046184,1698978000,0.32,0.32
169965682,169923344,1698978060,0.3201,0.3203
169959401,169953860,1698978120,0.3202,0.3198
169973368,170027005,1698978180,0.3199,0.3197
169985245,169968139,1698978240,0.3197,0.32
170017430,170044694,1698978300,0.32,0.3202
170273855,170371322,1698978360,0.3201,0.3194
170312336,170293234,1698978420,0.3194,0.3193
170299110,170334831,1698978480,0.3194,0.3194
170374374,170391540,1698978540,0.3195,0.3196
170460158,170730507,1698978600,0.3196,0.3188
170655548,170655548,1698978660,0.3189,0.3194
170660084,170729241,1698978720,0.3195,0.319
170740139,170727497,1698978780,0.319,0.3191
170758256,170752377,1698978840,0.3191,0.319
170750611,170791172,1698978900,0.319,0.3184
170819141,170828130,1698978960,0.3184,0.3181
170882475,170956214,1698979020,0.3182,0.3183
170999861,171028136,1698979080,0.3182,0.3183
170992063,170988308,1698979140,0.3183,0.3187
170995207,170993378,1698979200,0.3187,0.3182
171012449,171061949,1698979260,0.3181,0.3182
171018332,171031804,1698979320,0.3181,0.3183
170993387,170978775,1698979380,0.3182,0.3184
170960770,170787296,1698979440,0.3183,0.3179
170869812,170865893,1698979500,0.3179,0.318
170849791,170915637,1698979560,0.318,0.3181
170909300,170915428,1698979620,0.318,0.3178
170950853,170953930,1698979680,0.3177,0.3175
170938422,170924465,1698979740,0.3174,0.3178
170934377,170976555,1698979800,0.3178,0.3178
170972633,170988969,1698979860,0.3179,0.3177
170897402,171126733,1698979920,0.3177,0.3176
171164196,171164196,1698979980,0.3176,0.3178
171162430,171167196,1698980040,0.3178,0.3178
171170005,170808961,1698980100,0.3178,0.3182
170788893,170817788,1698980160,0.3182,0.3178
170822301,170779051,1698980220,0.3178,0.3179
170755707,170747385,1698980280,0.3179,0.3176
170769401,170784970,1698980340,0.3177,0.318
170863515,170726034,1698980400,0.3181,0.3182
170703242,170708995,1698980460,0.3183,0.318
170700483,170664499,1698980520,0.3181,0.3176
170685979,170701590,1698980580,0.3177,0.3174
170961355,170973611,1698980640,0.3175,0.3169
170866210,170746543,1698980700,0.3169,0.3163
170618865,170611153,1698980760,0.3164,0.3167
170626091,170680440,1698980820,0.3167,0.317
170665696,170629925,1698980880,0.3171,0.3171
170635612,170622191,1698980940,0.317,0.3167
170604124,170593863,1698981000,0.3168,0.3168
170589111,170608654,1698981060,0.3168,0.3169
171027549,170846656,1698981120,0.3169,0.3151
170590638,170599546,1698981180,0.3151,0.3151
170513198,170413186,1698981240,0.3152,0.3154
170506791,170436328,1698981300,0.3155,0.3154
170470439,170511843,1698981360,0.3155,0.3155
170525481,170525481,1698981420,0.3156,0.3156
170637366,170655491,1698981480,0.3156,0.3156
170711504,170762390,1698981540,0.3157,0.3156
170825783,170816293,1698981600,0.3156,0.3151
170904108,170922460,1698981660,0.3152,0.3153
170957743,170946365,1698981720,0.3153,0.3159
171107969,171043501,1698981780,0.3159,0.315
171088131,171167364,1698981840,0.3151,0.3155
171189218,171163763,1698981900,0.3156,0.3163
170935636,170925616,1698981960,0.3162,0.3159
170964250,170948926,1698982020,0.3159,0.3159
170961231,170869721,1698982080,0.3158,0.3155
170865910,170939389,1698982140,0.3154,0.3158
170965441,170983052,1698982200,0.3157,0.3158
170937813,170930846,1698982260,0.3157,0.3158
170925219,170913930,1698982320,0.3158,0.316
170906458,170945061,1698982380,0.3161,0.3159
170785589,170710148,1698982440,0.3158,0.316
170733951,170687556,1698982500,0.3159,0.3161
170660366,170662442,1698982560,0.3161,0.3155
170657811,170640257,1698982620,0.3155,0.3153
170678499,170678307,1698982680,0.3154,0.315
170719668,170696485,1698982740,0.3151,0.315
170683839,170683839,1698982800,0.315,0.3152
170615403,170562905,1698982860,0.3152,0.3148
170613123,170568374,1698982920,0.3147,0.3152
170445827,170419694,1698982980,0.3152,0.3148
170461585,170481883,1698983040,0.3148,0.3152
170631572,170639449,1698983100,0.3152,0.315
170262963,170294474,1698983160,0.315,0.3152
170243902,170302514,1698983220,0.3152,0.315
170402612,170396269,1698983280,0.3151,0.3152
170443658,170422375,1698983340,0.3151,0.3154
170435566,170434988,1698983400,0.3155,0.3156
170325297,170290656,1698983460,0.3157,0.316
170258257,170120337,1698983520,0.316,0.3165
170113590,170084364,1698983580,0.3165,0.3165
170186684,170187734,1698983640,0.3164,0.3167
170182029,170182470,1698983700,0.3167,0.3167
170192329,170169268,1698983760,0.3167,0.3167
170167582,170189032,1698983820,0.3166,0.3165
170183728,170175144,1698983880,0.3165,0.3168
170166950,170186010,1698983940,0.3168,0.3165
170371570,170411908,1698984000,0.3164,0.3169
170361972,170361972,1698984060,0.3168,0.3172
170360361,170381167,1698984120,0.3171,0.3172
170356533,170428348,1698984180,0.3172,0.3175
170407223,170387499,1698984240,0.3175,0.3172
170332009,170314950,1698984300,0.3171,0.3165
170267328,170269931,1698984360,0.3165,0.3164
170288404,170302544,1698984420,0.3164,0.3156
170285986,170365292,1698984480,0.3157,0.3159
170383493,170398049,1698984540,0.3159,0.3164
170436495,170414993,1698984600,0.3164,0.3164
170303791,170287780,1698984660,0.3164,0.3165
170280990,170203042,1698984720,0.3165,0.3163
170166359,170130051,1698984780,0.3164,0.316
170146563,170167855,1698984840,0.316,0.3159
170199249,170188965,1698984900,0.3158,0.3166
170192258,170197578,1698984960,0.3165,0.3166
170183297,170165619,1698985020,0.3166,0.3162
170445612,170399028,1698985080,0.3162,0.3157
170416260,170375085,1698985140,0.3157,0.3159
170380377,170415399,1698985200,0.3158,0.3157
170362326,170342835,1698985260,0.3158,0.3159
170321611,170281395,1698985320,0.316,0.3158
170244250,170263712,1698985380,0.3159,0.316
170265073,170265073,1698985440,0.316,0.3161
170200542,170214082,1698985500,0.316,0.3161
170217052,170217052,1698985560,0.3161,0.3163
170258810,170248323,1698985620,0.3164,0.3163
170238762,170238762,1698985680,0.3164,0.3164
170238089,170186028,1698985740,0.3165,0.3165
170182182,170224669,1698985800,0.3165,0.3166
170290452,170291771,1698985860,0.3166,0.3167
170350263,170451066,1698985920,0.3168,0.3166
170378997,170403157,1698985980,0.3165,0.3161
170410761,170411836,1698986040,0.316,0.3158
170432577,170413566,1698986100,0.3158,0.3158
170394946,170266640,1698986160,0.3158,0.3155
170103370,170116200,1698986220,0.3154,0.3159
170109550,170101911,1698986280,0.3158,0.3159
170143271,170155248,1698986340,0.3158,0.3154
170070448,170110373,1698986400,0.3154,0.3151
170096225,170124636,1698986460,0.3151,0.3151
170102343,170091177,1698986520,0.3151,0.3146
170153508,170276102,1698986580,0.3146,0.3143
170240202,170199722,1698986640,0.3143,0.3135
170189198,170189198,1698986700,0.3136,0.3129
170080710,169884075,1698986760,0.313,0.3134
169953643,170065712,1698986820,0.3134,0.3132
170281115,170244577,1698986880,0.3132,0.3124
170244950,170313920,1698986940,0.3125,0.3128
170297046,170304111,1698987000,0.3128,0.3132
170266594,170343655,1698987060,0.3133,0.3134
170367322,170314252,1698987120,0.3134,0.3142
170275939,170252091,1698987180,0.3141,0.313
170239004,170272019,1698987240,0.313,0.3124
170310724,170748208,1698987300,0.3124,0.3127
170786374,170711073,1698987360,0.3126,0.3126
170942874,170877900,1698987420,0.3126,0.3125
170863299,170843112,1698987480,0.3126,0.3131
170858771,170865292,1698987540,0.3132,0.3131
170816602,170844841,1698987600,0.3132,0.3135
170801037,170691183,1698987660,0.3135,0.3137
170691183,170691183,1698987720,0.3138,0.3137
