"OI_open","OI_close","timestamp","price_open","price_close"
23325295,23325037,1698269340,0.2872,0.2874
23327134,23323954,1698269400,0.2874,0.2868
23325589,23327932,1698269460,0.2868,0.2867
23322256,23317425,1698269520,0.2866,0.2866
23314832,23315424,1698269580,0.2865,0.2861
23291001,23281321,1698269640,0.2861,0.2852
23363021,23353057,1698269700,0.2851,0.2847
23367161,23367207,1698269760,0.2848,0.2851
23367384,23367481,1698269820,0.2851,0.2846
23376079,23373239,1698269880,0.2846,0.2845
23375193,23373625,1698269940,0.2845,0.2845
23373625,23374753,1698270000,0.2845,0.2842
23375609,23374949,1698270060,0.2843,0.2844
23374893,23372132,1698270120,0.2843,0.2843
23372924,23372810,1698270180,0.2845,0.2844
23376381,23375861,1698270240,0.2844,0.2846
23374207,23374207,1698270300,0.2845,0.2845
23373952,23373952,1698270360,0.2845,0.2846
23373975,23374055,1698270420,0.2845,0.2845
23374055,23373848,1698270480,0.2845,0.2845
23375321,23375321,1698270540,0.2845,0.2844
23370498,23370271,1698270600,0.2845,0.2847
23370271,23363016,1698270660,0.2848,0.2852
23365113,23372183,1698270720,0.2853,0.2855
23372242,23356358,1698270780,0.2853,0.285
23357272,23358149,1698270840,0.2851,0.2853
23358072,23364121,1698270900,0.2852,0.2857
23362865,23362816,1698270960,0.2857,0.286
23362759,23362968,1698271020,0.2862,0.2863
23363324,23363343,1698271080,0.2863,0.2864
23363299,23366959,1698271140,0.2864,0.2865
23366885,23381094,1698271200,0.2866,0.2868
23364453,23364453,1698271260,0.2868,0.2868
23343798,23343424,1698271320,0.2868,0.2869
23349228,23357231,1698271380,0.287,0.2872
23357151,23357151,1698271440,0.2872,0.2872
23361216,23345673,1698271500,0.2873,0.287
23348293,23342974,1698271560,0.2871,0.2872
23341900,23339357,1698271620,0.2871,0.2866
23340039,23338476,1698271680,0.2866,0.2868
23332695,23332327,1698271740,0.2869,0.2872
23330214,23329560,1698271800,0.2871,0.2871
23328785,23326381,1698271860,0.2872,0.2876
23319179,23321184,1698271920,0.2876,0.2878
23323933,23323854,1698271980,0.2878,0.2879
23322664,23322664,1698272040,0.2879,0.2881
23320369,23317540,1698272100,0.2881,0.2881
23317146,23317146,1698272160,0.2881,0.2885
23318734,23300492,1698272220,0.2884,0.2882
23304057,23304057,1698272280,0.288,0.2877
23286039,23274549,1698272340,0.2876,0.2882
23274429,23271241,1698272400,0.2881,0.2882
23269954,23269965,1698272460,0.2882,0.2883
23267961,23269985,1698272520,0.2883,0.2883
23276449,23282161,1698272580,0.2884,0.2885
23282220,23281163,1698272640,0.2884,0.2884
23279897,23272657,1698272700,0.2885,0.2882
23272468,23272574,1698272760,0.2883,0.2883
23269848,23268617,1698272820,0.2882,0.288
23268547,23268985,1698272880,0.2881,0.2881
23268981,23195827,1698272940,0.288,0.288
23193101,23193479,1698273000,0.2881,0.2881
23176356,23165140,1698273060,0.2882,0.2877
23166050,23166167,1698273120,0.2876,0.2877
23167439,23171804,1698273180,0.2877,0.2878
23172116,23162453,1698273240,0.2877,0.2878
23162453,23167869,1698273300,0.2878,0.2878
23168831,23168831,1698273360,0.2879,0.2878
23169144,23161260,1698273420,0.2879,0.2878
23161538,23167571,1698273480,0.2878,0.2877
23163498,23162549,1698273540,0.2878,0.2877
23162458,23166508,1698273600,0.2876,0.2877
23166508,23168780,1698273660,0.2877,0.2877
23171596,23174135,1698273720,0.2877,0.2877
23146488,23146488,1698273780,0.2878,0.2878
23146286,23145861,1698273840,0.2877,0.2877
23140066,23138139,1698273900,0.2878,0.2877
23137276,23133891,1698273960,0.2877,0.2875
23131066,23140869,1698274020,0.2875,0.2872
23131848,23143755,1698274080,0.2871,0.2865
23149346,23149284,1698274140,0.2865,0.287
23136069,23137030,1698274200,0.2871,0.2874
23135217,23136390,1698274260,0.2874,0.2874
23124772,23122415,1698274320,0.2875,0.2872
23126880,23123126,1698274380,0.2871,0.2872
23127266,23127069,1698274440,0.2873,0.2877
23126376,23124618,1698274500,0.2877,0.2877
23125329,23126440,1698274560,0.2878,0.2879
23121590,23117414,1698274620,0.2879,0.2872
23115781,23116386,1698274680,0.2871,0.287
23111852,23111978,1698274740,0.287,0.2869
23111227,23109873,1698274800,0.2867,0.2865
23104645,23109177,1698274860,0.2865,0.2871
23105874,23105604,1698274920,0.2871,0.2867
23111700,23115353,1698274980,0.2866,0.2861
23101797,23101420,1698275040,0.286,0.2857
23092737,23086054,1698275100,0.2858,0.2855
23087258,23090061,1698275160,0.2854,0.2853
23090771,23089679,1698275220,0.2854,0.2854
23093102,23093413,1698275280,0.2853,0.286
23094037,23093527,1698275340,0.286,0.2859
23091897,23089992,1698275400,0.2859,0.2857
23091018,23091018,1698275460,0.2856,0.2859
23092949,23092101,1698275520,0.2858,0.2854
23092645,23098480,1698275580,0.2855,0.2853
23098480,23098863,1698275640,0.2853,0.2856
23099184,23100913,1698275700,0.2856,0.2856
23100996,23100281,1698275760,0.2857,0.2859
23098831,23099806,1698275820,0.286,0.2864
23101683,23092785,1698275880,0.2864,0.2866
23090513,23090752,1698275940,0.2866,0.2867
23090549,23088972,1698276000,0.2867,0.2868
23093943,23097609,1698276060,0.2869,0.2874
23095642,23095016,1698276120,0.2875,0.2875
23094132,23091146,1698276180,0.2875,0.2878
23091106,23092509,1698276240,0.2878,0.288
23092142,23092289,1698276300,0.2879,0.2881
23096699,23097297,1698276360,0.2881,0.2875
23087268,23084210,1698276420,0.2875,0.2876
23085295,23085295,1698276480,0.2876,0.2876
23115179,23115179,1698276540,0.2876,0.2877
23117005,23115325,1698276600,0.2876,0.2877
23115454,23115571,1698276660,0.2877,0.2881
23118372,23119623,1698276720,0.2881,0.2885
23117596,23112400,1698276780,0.2885,0.2886
23114347,23111619,1698276840,0.2885,0.2888
23109257,23108539,1698276900,0.2888,0.2887
23116440,23131251,1698276960,0.2887,0.288
23118877,23119032,1698277020,0.288,0.2876
23120173,23119266,1698277080,0.2876,0.2872
23121599,23119087,1698277140,0.2873,0.2871
23118330,23122809,1698277200,0.2872,0.2878
23123189,23123189,1698277260,0.2879,0.2883
23120735,23120426,1698277320,0.2883,0.288
23119480,23118647,1698277380,0.288,0.2885
23118849,23118359,1698277440,0.2885,0.2883
23118457,23116867,1698277500,0.2882,0.2884
23117261,23110880,1698277560,0.2885,0.2884
23110697,23110650,1698277620,0.2884,0.2884
23120314,23125698,1698277680,0.2885,0.2887
23129959,23129611,1698277740,0.2887,0.2889
23128364,23126846,1698277800,0.2889,0.2889
23126773,23130670,1698277860,0.2889,0.2892
23133284,23134660,1698277920,0.2891,0.2889
23134403,23134719,1698277980,0.2889,0.2888
23132937,23133826,1698278040,0.2889,0.2892
23151868,23155984,1698278100,0.2892,0.2893
23152798,23155366,1698278160,0.2894,0.2895
23156934,23157015,1698278220,0.2894,0.2896
23157071,23153444,1698278280,0.2896,0.2895
23156933,23157570,1698278340,0.2895,0.2896
23150587,23151486,1698278400,0.2897,0.2893
23153885,23150194,1698278460,0.2892,0.2888
23150604,23146418,1698278520,0.2888,0.2891
23144134,23139506,1698278580,0.2892,0.2893
23136245,23136215,1698278640,0.2892,0.289
23132798,23130378,1698278700,0.289,0.2894
23131945,23129097,1698278760,0.2893,0.2888
23128491,23128502,1698278820,0.2888,0.2883
23129667,23130687,1698278880,0.2882,0.289
23141845,23140468,1698278940,0.2889,0.2886
23133576,23130784,1698279000,0.2886,0.2884
23130469,23136475,1698279060,0.2884,0.2887
23135910,23139360,1698279120,0.2888,0.2892
23146903,23145078,1698279180,0.2892,0.2894
23145456,23145456,1698279240,0.2894,0.2892
23141180,23142327,1698279300,0.289,0.2883
23142472,23145883,1698279360,0.2883,0.2885
23146142,23145281,1698279420,0.2886,0.2886
23144548,23147268,1698279480,0.2886,0.2889
23146601,23145748,1698279540,0.2888,0.2889
23147678,23147544,1698279600,0.2888,0.2887
23148541,23148594,1698279660,0.2888,0.289
23148722,23146832,1698279720,0.2889,0.289
23149001,23153657,1698279780,0.289,0.2891
23152302,23151859,1698279840,0.2891,0.2894
23152035,23154400,1698279900,0.2894,0.2896
23159432,23167753,1698279960,0.2897,0.2902
23183980,23181635,1698280020,0.2902,0.29
23185103,23181389,1698280080,0.29,0.2903
23184916,23186635,1698280140,0.2904,0.2904
23194665,23196777,1698280200,0.2904,0.2907
23204527,23211583,1698280260,0.2907,0.2912
23197898,23202927,1698280320,0.2911,0.2909
23201406,23201711,1698280380,0.2909,0.2909
23201623,23201623,1698280440,0.291,0.2909
23206705,23196168,1698280500,0.2909,0.2905
23198112,23198112,1698280560,0.2906,0.2904
23200736,23203308,1698280620,0.2902,0.2896
23182358,23180868,1698280680,0.2895,0.2894
23184886,23184873,1698280740,0.2893,0.2899
23188661,23251248,1698280800,0.29,0.2903
23244828,23238174,1698280860,0.2902,0.2901
23239798,23240393,1698280920,0.2901,0.2897
23236619,23236055,1698280980,0.2898,0.29
23236021,23238765,1698281040,0.29,0.2899
23240562,23242739,1698281100,0.29,0.2895
23242908,23238310,1698281160,0.2894,0.2892
23234012,23210983,1698281220,0.2892,0.2884
23217133,23232242,1698281280,0.2884,0.2885
23233330,23222473,1698281340,0.2885,0.2884
23227101,23206598,1698281400,0.2884,0.2887
23204095,23203598,1698281460,0.2888,0.2887
23205235,23205183,1698281520,0.2888,0.2893
23205544,23206668,1698281580,0.2893,0.2897
23211746,23210934,1698281640,0.2898,0.2903
23214327,23212820,1698281700,0.2903,0.2903
23174139,23176803,1698281760,0.2903,0.2902
23186034,23177789,1698281820,0.2903,0.2918
23185654,23198301,1698281880,0.2918,0.2919
23199527,23209988,1698281940,0.2919,0.2921
23239795,23245453,1698282000,0.292,0.2921
23243500,23247902,1698282060,0.2922,0.2926
23269651,23269651,1698282120,0.2925,0.2923
23275794,23267340,1698282180,0.2923,0.2923
23272486,23272310,1698282240,0.2924,0.2918
23264907,23260117,1698282300,0.2917,0.2919
23260925,23262071,1698282360,0.292,0.2919
23265277,23266852,1698282420,0.2919,0.2919
23259082,23259947,1698282480,0.2919,0.2921
23264890,23267812,1698282540,0.292,0.2912
23256828,23263063,1698282600,0.2911,0.2919
23260835,23266292,1698282660,0.2919,0.2919
23268090,23268761,1698282720,0.2918,0.2921
23268943,23271328,1698282780,0.2921,0.2923
23274359,23280029,1698282840,0.2923,0.2922
23280017,23285196,1698282900,0.2923,0.2926
23290039,23291168,1698282960,0.2927,0.2927
23296650,23302012,1698283020,0.2926,0.2929
23314265,23315966,1698283080,0.2929,0.2934
23317301,23327817,1698283140,0.2935,0.2935
23326650,23326650,1698283200,0.2934,0.2936
23326954,23327653,1698283260,0.2935,0.2939
23332242,23351633,1698283320,0.2939,0.2936
23348644,23351035,1698283380,0.2937,0.2938
23349250,23445279,1698283440,0.2938,0.2928
23428186,23364217,1698283500,0.2928,0.2928
23367887,23344422,1698283560,0.2927,0.2928
23341768,23341060,1698283620,0.2927,0.2927
23332072,23330819,1698283680,0.2927,0.2936
23324248,23326016,1698283740,0.2936,0.2935
23323555,23316845,1698283800,0.2936,0.2941
23322230,23354612,1698283860,0.2941,0.294
23346914,23351058,1698283920,0.2941,0.2941
23350236,23350813,1698283980,0.2941,0.2941
23317848,23296646,1698284040,0.294,0.2928
23333515,23313881,1698284100,0.2927,0.2934
23324936,23321606,1698284160,0.2935,0.2936
23319474,23322371,1698284220,0.2936,0.2926
23285827,23284694,1698284280,0.2927,0.2926
23283604,23281936,1698284340,0.2927,0.2928
23281902,23337787,1698284400,0.2928,0.2934
23343174,23345015,1698284460,0.2934,0.2928
23355233,23362201,1698284520,0.2928,0.292
23360595,23358976,1698284580,0.292,0.2922
23360962,23354559,1698284640,0.2921,0.2914
23365948,23338377,1698284700,0.2913,0.2904
23339767,23337594,1698284760,0.2904,0.2913
23339734,23334818,1698284820,0.2914,0.2909
23337398,23336437,1698284880,0.2909,0.2917
23336664,23336609,1698284940,0.2918,0.2916
23338763,23344207,1698285000,0.2916,0.2916
23344054,23343893,1698285060,0.2916,0.2917
23344460,23344409,1698285120,0.2916,0.2917
23344995,23346113,1698285180,0.292,0.2921
23344832,23344832,1698285240,0.2922,0.2923
23345774,23346193,1698285300,0.2924,0.2928
23348615,23353864,1698285360,0.2928,0.2928
23351891,23355454,1698285420,0.2928,0.2926
23355112,23354601,1698285480,0.2925,0.2926
23374649,23376595,1698285540,0.2926,0.2925
23385675,23393296,1698285600,0.2925,0.2923
23395880,23400058,1698285660,0.2923,0.2925
23400903,23396636,1698285720,0.2925,0.2915
23403983,23411425,1698285780,0.2914,0.2914
23410547,23419117,1698285840,0.2915,0.2918
23419169,23416627,1698285900,0.2919,0.2918
23416722,23418655,1698285960,0.2918,0.2919
23422913,23425352,1698286020,0.2918,0.2916
23426670,23430061,1698286080,0.2915,0.292
23432395,23467094,1698286140,0.2921,0.2929
23467528,23454705,1698286200,0.293,0.293
23454075,23450118,1698286260,0.2928,0.2932
23451306,23458704,1698286320,0.2931,0.2933
23458539,23470684,1698286380,0.2933,0.2936
23470363,23468696,1698286440,0.2936,0.2935
23461981,23466384,1698286500,0.2935,0.2938
23466184,23465391,1698286560,0.2937,0.2936
23465755,23462223,1698286620,0.2935,0.2927
23462827,23462756,1698286680,0.2927,0.2933
23489910,23494761,1698286740,0.2933,0.2932
23510752,23507755,1698286800,0.2932,0.2929
23506820,23506851,1698286860,0.2928,0.2938
23507883,23564507,1698286920,0.2938,0.294
23562209,23562431,1698286980,0.2939,0.2942
23561429,23569816,1698287040,0.2941,0.2947
23577220,23579687,1698287100,0.2947,0.2945
23579362,23581015,1698287160,0.2945,0.2945
23576873,23581158,1698287220,0.2946,0.2947
23582719,23587986,1698287280,0.2947,0.295
23584219,23584306,1698287340,0.2949,0.2947
23583773,23591963,1698287400,0.2947,0.2952
23591941,23590940,1698287460,0.2952,0.2952
23591319,23593768,1698287520,0.2953,0.2957
23592895,23573503,1698287580,0.2957,0.2965
23522733,23520701,1698287640,0.2965,0.2959
23521300,23525408,1698287700,0.2958,0.2956
23521075,23520906,1698287760,0.2957,0.2961
23520398,23522819,1698287820,0.2961,0.2958
23526626,23526626,1698287880,0.2958,0.2962
23518703,23517042,1698287940,0.2964,0.2961
23516935,23516565,1698288000,0.2962,0.2963
23517419,23516679,1698288060,0.2964,0.2965
23507583,23511924,1698288120,0.2965,0.2966
23493293,23479665,1698288180,0.2965,0.2971
23457459,23419405,1698288240,0.297,0.2964
23419292,23406272,1698288300,0.2965,0.2966
23412319,23419074,1698288360,0.2967,0.2965
23415859,23421562,1698288420,0.2965,0.2969
23425190,23426016,1698288480,0.2969,0.2966
23425782,23428939,1698288540,0.2966,0.2966
23430088,23430088,1698288600,0.2967,0.2972
23438223,23439437,1698288660,0.2972,0.2975
23437334,23439011,1698288720,0.2975,0.2978
23438788,23438759,1698288780,0.2977,0.2979
23444021,23446029,1698288840,0.298,0.298
23447743,23435510,1698288900,0.298,0.2978
23435549,23435982,1698288960,0.2977,0.2977
23446143,23445180,1698289020,0.2976,0.2975
23445785,23445341,1698289080,0.2975,0.2971
23447878,23454563,1698289140,0.2972,0.2975
23458156,23446305,1698289200,0.2975,0.2971
23446525,23451601,1698289260,0.2972,0.2973
23451748,23448206,1698289320,0.2974,0.2982
23446251,23448127,1698289380,0.2983,0.2986
23448192,23461871,1698289440,0.2986,0.2991
23464630,23461354,1698289500,0.2992,0.2985
23449356,23453033,1698289560,0.2985,0.2984
23452627,23454054,1698289620,0.2985,0.2984
23454033,23457197,1698289680,0.2985,0.2984
23455089,23446554,1698289740,0.2983,0.2983
23447841,23449253,1698289800,0.2983,0.299
23446435,23445970,1698289860,0.299,0.299
23466236,23456514,1698289920,0.2989,0.2989
23444399,23444030,1698289980,0.2991,0.2984
23450450,23450534,1698290040,0.2986,0.2988
23450672,23431943,1698290100,0.299,0.2988
23431821,23430578,1698290160,0.2989,0.2989
23430560,23431031,1698290220,0.2989,0.299
23427167,23427468,1698290280,0.299,0.2991
23451229,23451229,1698290340,0.2992,0.3
23486129,23488910,1698290400,0.3,0.3001
23489282,23492255,1698290460,0.3,0.3013
23514356,23519108,1698290520,0.3012,0.301
23514283,23512547,1698290580,0.301,0.3011
23515407,23505233,1698290640,0.3011,0.3006
23499722,23504844,1698290700,0.3006,0.3013
23503531,23499954,1698290760,0.3013,0.3018
23494053,23538700,1698290820,0.3018,0.3013
23538175,23500637,1698290880,0.3013,0.3022
23505536,23512919,1698290940,0.3023,0.3024
23494556,23469198,1698291000,0.3024,0.3013
23470190,23470190,1698291060,0.3013,0.3018
23473484,23449939,1698291120,0.3017,0.3011
23431836,23433498,1698291180,0.3011,0.3007
23221853,23195920,1698291240,0.3007,0.2993
23170303,23169210,1698291300,0.2994,0.2998
23168480,23165614,1698291360,0.2997,0.2996
23165476,23164641,1698291420,0.2996,0.3
23169435,23164544,1698291480,0.2998,0.2992
23158388,23156891,1698291540,0.2991,0.2994
23159816,23157973,1698291600,0.2993,0.2995
23158114,23160839,1698291660,0.2996,0.2998
23159443,23152627,1698291720,0.2999,0.2999
23152061,23103267,1698291780,0.2998,0.2993
23101148,23100454,1698291840,0.2994,0.2985
23092897,23088065,1698291900,0.2986,0.299
23088199,23099242,1698291960,0.2991,0.2985
23104231,23111366,1698292020,0.2985,0.2987
23111069,23132126,1698292080,0.2988,0.299
23119595,23120568,1698292140,0.2989,0.299
23115303,23112926,1698292200,0.299,0.2993
23110058,23108996,1698292260,0.2993,0.2991
23108315,23110855,1698292320,0.2991,0.2992
23113184,23114684,1698292380,0.2991,0.2992
23114955,23112388,1698292440,0.2993,0.2994
23118416,23117294,1698292500,0.2993,0.2993
23118057,23117034,1698292560,0.2992,0.2996
23119248,23118497,1698292620,0.2996,0.3005
23123475,23136022,1698292680,0.3006,0.3009
23143642,23142318,1698292740,0.301,0.3016
23232235,23232235,1698292800,0.3017,0.3018
23216736,23216360,1698292860,0.3018,0.3017
23212570,23195664,1698292920,0.3016,0.3007
23196524,23195252,1698292980,0.3006,0.3003
23193816,23196837,1698293040,0.3002,0.2992
23181644,23187941,1698293100,0.2991,0.2993
23181134,23178598,1698293160,0.2993,0.2992
23183693,23182478,1698293220,0.2992,0.2994
23181557,23181620,1698293280,0.2993,0.2991
23193829,23198648,1698293340,0.2992,0.2993
23205022,23218895,1698293400,0.2993,0.2995
23226008,23229151,1698293460,0.2995,0.2997
23231709,23233874,1698293520,0.2997,0.2996
23230044,23229289,1698293580,0.2995,0.2994
23230530,23234549,1698293640,0.2995,0.2999
23234549,23243558,1698293700,0.2999,0.2999
23243730,23261219,1698293760,0.2998,0.3009
23270060,23282026,1698293820,0.301,0.3015
23283214,23288317,1698293880,0.3015,0.3023
23308433,23321843,1698293940,0.3022,0.3024
23291906,23308354,1698294000,0.3024,0.3027
23313172,23375047,1698294060,0.3026,0.3018
23383841,23404351,1698294120,0.3018,0.302
23408978,23410862,1698294180,0.3019,0.3016
23412554,23463451,1698294240,0.3016,0.3023
23475242,23493516,1698294300,0.3023,0.3025
23494111,23496151,1698294360,0.3024,0.3022
23490962,23489871,1698294420,0.3022,0.3018
23489094,23462098,1698294480,0.3018,0.301
23451885,23467299,1698294540,0.3009,0.3024
23462990,23477103,1698294600,0.3024,0.3019
23474972,23556927,1698294660,0.3018,0.3028
23561324,23570450,1698294720,0.3028,0.303
23571163,23579248,1698294780,0.3029,0.3029
23579248,23573119,1698294840,0.3028,0.3041
23594802,23619168,1698294900,0.304,0.3051
23634680,23656196,1698294960,0.3052,0.3052
23667686,23644090,1698295020,0.3052,0.3054
23643220,23643299,1698295080,0.3054,0.3056
23637258,23633734,1698295140,0.3056,0.3052
23625801,23586507,1698295200,0.3051,0.3034
23577745,23581197,1698295260,0.3035,0.3041
23577787,23573856,1698295320,0.304,0.3042
23567791,23548338,1698295380,0.3042,0.3039
23548877,23546406,1698295440,0.3039,0.3044
23553917,23553917,1698295500,0.3042,0.3041
23558294,23558493,1698295560,0.3041,0.3039
23558245,23545350,1698295620,0.3039,0.3034
23547311,23551042,1698295680,0.3033,0.3043
23551087,23554040,1698295740,0.3043,0.3049
23554827,23556377,1698295800,0.3049,0.3049
23555749,23581067,1698295860,0.3049,0.3054
23588885,23592530,1698295920,0.3054,0.3055
23610507,23608195,1698295980,0.3055,0.3063
23611787,23630916,1698296040,0.3064,0.3067
23610205,23625754,1698296100,0.3067,0.3062
23628198,23613114,1698296160,0.3061,0.3054
23607555,23634089,1698296220,0.3053,0.3052
23644774,23657611,1698296280,0.3053,0.3066
23656748,23672522,1698296340,0.3066,0.3054
23671022,23671971,1698296400,0.3054,0.3048
23672312,23671386,1698296460,0.3048,0.3053
23642847,23643766,1698296520,0.3052,0.3049
23643656,23645686,1698296580,0.3049,0.3049
23645051,23666287,1698296640,0.3049,0.304
23663609,23724639,1698296700,0.304,0.306
23737848,23763678,1698296760,0.3061,0.3077
23768271,23781700,1698296820,0.3076,0.3075
23788701,23797464,1698296880,0.3075,0.307
23797464,23797158,1698296940,0.307,0.3068
23805066,23793737,1698297000,0.3069,0.3071
23792560,23794960,1698297060,0.307,0.3073
23795404,23798024,1698297120,0.3072,0.3071
23799262,23823908,1698297180,0.3071,0.3092
23889637,23886520,1698297240,0.3092,0.3085
23872897,23856913,1698297300,0.3086,0.3074
24309677,24371698,1698297360,0.3073,0.3111
24358927,24362175,1698297420,0.3111,0.3105
24404334,24404334,1698297480,0.3106,0.3134
24511766,24506355,1698297540,0.3134,0.3123
24511974,24547086,1698297600,0.3123,0.3121
24545366,24538167,1698297660,0.312,0.3119
24532777,24571049,1698297720,0.312,0.3127
24567365,24525807,1698297780,0.3127,0.3127
24526285,24497195,1698297840,0.3128,0.3118
24493733,24492563,1698297900,0.3118,0.3124
24504183,24511870,1698297960,0.3124,0.3128
24516858,24458443,1698298020,0.3126,0.3113
24344104,24232636,1698298080,0.3113,0.3089
24229760,24289126,1698298140,0.3089,0.3101
24286100,24283830,1698298200,0.31,0.3099
24284681,24287719,1698298260,0.31,0.3105
24290208,24254746,1698298320,0.3104,0.3094
24255867,24238897,1698298380,0.3093,0.3092
24253264,24252258,1698298440,0.3091,0.3089
24270675,24275795,1698298500,0.309,0.3089
24282023,24281220,1698298560,0.309,0.3099
24280594,24300348,1698298620,0.3099,0.3113
24597080,25020348,1698298680,0.3111,0.3195
25174137,25200350,1698298740,0.3197,0.32
25526362,25832331,1698298800,0.3201,0.3274
25846990,25967046,1698298860,0.3273,0.3262
26056970,26398181,1698298920,0.3263,0.3308
26616093,26771110,1698298980,0.3307,0.331
26812962,26828869,1698299040,0.3309,0.3327
27012086,27012086,1698299100,0.3326,0.3324
26896672,26844482,1698299160,0.3323,0.3263
26612999,26677613,1698299220,0.3263,0.3326
26745391,27031539,1698299280,0.3325,0.3341
27049567,27148094,1698299340,0.3342,0.3391
27353215,27430888,1698299400,0.3393,0.3403
27617974,27500560,1698299460,0.3404,0.3367
27364357,27477938,1698299520,0.3367,0.3414
27552501,27724817,1698299580,0.3415,0.3436
27772736,27778745,1698299640,0.3434,0.3431
27821128,27901697,1698299700,0.3431,0.3392
27918086,27884981,1698299760,0.3393,0.3368
27866541,27840642,1698299820,0.3367,0.3349
27831416,27876823,1698299880,0.3348,0.3352
27911989,27964653,1698299940,0.3353,0.3352
27801555,27921574,1698300000,0.3354,0.3386
27958032,28029463,1698300060,0.3388,0.3385
28089902,28117973,1698300120,0.3386,0.3385
28143742,28165919,1698300180,0.3382,0.3369
28160677,28201161,1698300240,0.3368,0.3315
27841781,27850357,1698300300,0.3314,0.3339
27877306,27910802,1698300360,0.3341,0.3363
28125935,28356601,1698300420,0.3362,0.3369
28407816,28455465,1698300480,0.3369,0.3381
28464464,28539454,1698300540,0.3382,0.3379
28584861,28558780,1698300600,0.3378,0.3348
28525208,28525657,1698300660,0.3347,0.3333
28524635,28566192,1698300720,0.3334,0.3346
28608574,28990885,1698300780,0.3348,0.3381
28983266,28963948,1698300840,0.3381,0.3378
28977919,28668925,1698300900,0.3378,0.3372
28735690,28765124,1698300960,0.3373,0.338
28809677,28779078,1698301020,0.3379,0.3342
28679545,28643173,1698301080,0.3342,0.3371
28681058,28703855,1698301140,0.3372,0.337
28749567,28749319,1698301200,0.3369,0.3365
28772500,28622982,1698301260,0.3364,0.3325
28577696,28367780,1698301320,0.3327,0.333
28334791,28302539,1698301380,0.333,0.3334
28328602,28346353,1698301440,0.3334,0.3345
28342579,28366128,1698301500,0.3346,0.3353
28365689,28397264,1698301560,0.3353,0.3358
28391646,28415351,1698301620,0.3358,0.3349
28444889,28454017,1698301680,0.3348,0.3353
28449374,28486453,1698301740,0.3352,0.3352
28489118,28496101,1698301800,0.3353,0.3348
28496095,28498548,1698301860,0.3348,0.3361
28523990,28566180,1698301920,0.3359,0.3354
28591470,28644124,1698301980,0.3353,0.3362
28640892,28763214,1698302040,0.3362,0.34
28739174,28765260,1698302100,0.3401,0.3422
28666931,28673524,1698302160,0.3422,0.3426
28624383,28622153,1698302220,0.3426,0.3402
28603354,28611018,1698302280,0.3402,0.3397
28584091,28895350,1698302340,0.3396,0.3456
29021625,28951854,1698302400,0.3463,0.3453
29015352,29026929,1698302460,0.3453,0.3444
29029107,29051561,1698302520,0.3443,0.3478
29154820,29175300,1698302580,0.3478,0.3494
29312302,29544369,1698302640,0.3493,0.3533
29642069,29759356,1698302700,0.3532,0.3508
29572150,29574456,1698302760,0.3508,0.3517
29709299,29627397,1698302820,0.3518,0.3502
29671964,29759809,1698302880,0.3502,0.3482
29670908,29654651,1698302940,0.3484,0.348
29678166,29652704,1698303000,0.348,0.3464
29625985,29585387,1698303060,0.3464,0.3478
29574006,29586128,1698303120,0.3478,0.35
29607598,29578206,1698303180,0.3499,0.3503
29609212,29680412,1698303240,0.3504,0.3497
29697084,29685055,1698303300,0.3497,0.3492
29711540,29745312,1698303360,0.3491,0.3503
29796183,29795653,1698303420,0.3502,0.3491
29782279,29741840,1698303480,0.349,0.3475
29756326,29756326,1698303540,0.3476,0.3486
29759810,29780904,1698303600,0.3486,0.3461
29794232,29794943,1698303660,0.3461,0.3468
29733861,29703013,1698303720,0.3468,0.3468
29694509,29729178,1698303780,0.3468,0.3499
29757738,29744559,1698303840,0.3498,0.3508
29846912,29930457,1698303900,0.3508,0.3501
29964814,29976704,1698303960,0.3502,0.351
29969868,30004192,1698304020,0.3508,0.3497
29924958,29907315,1698304080,0.3496,0.3484
29938065,29939484,1698304140,0.3483,0.3478
29958225,29970917,1698304200,0.3479,0.348
29963553,30028937,1698304260,0.348,0.3525
30008117,30048481,1698304320,0.3525,0.3527
30059591,30057533,1698304380,0.3526,0.3539
30146569,30036769,1698304440,0.354,0.3554
30122493,30031186,1698304500,0.3554,0.3524
30025495,30061442,1698304560,0.3524,0.3521
30059622,30048026,1698304620,0.3521,0.3523
30096373,30105585,1698304680,0.3523,0.352
30113747,30084486,1698304740,0.352,0.3512
30073507,30094583,1698304800,0.3514,0.3505
30104761,30090204,1698304860,0.3505,0.3534
30087422,30086417,1698304920,0.3533,0.3534
30082594,30077407,1698304980,0.3534,0.3509
30062155,30098647,1698305040,0.3509,0.3515
30110232,30107222,1698305100,0.3515,0.3488
29930941,29928720,1698305160,0.3489,0.3484
29927094,29905126,1698305220,0.3484,0.348
29865104,29820191,1698305280,0.3481,0.3502
29812029,29818356,1698305340,0.3501,0.3544
29824006,29797636,1698305400,0.3544,0.3539
29672734,29658401,1698305460,0.3538,0.3497
29625811,29622804,1698305520,0.3498,0.3505
29631520,29659675,1698305580,0.3503,0.3518
29645995,29580339,1698305640,0.3518,0.3512
29572486,29581564,1698305700,0.3511,0.3509
29585977,29624115,1698305760,0.3508,0.3517
29639071,29562360,1698305820,0.3517,0.3497
29542326,29542751,1698305880,0.3496,0.3498
29547356,29577197,1698305940,0.35,0.3501
29589360,29630403,1698306000,0.3501,0.3494
29627377,29640357,1698306060,0.3495,0.351
29641825,29631764,1698306120,0.3512,0.3517
29630310,29753779,1698306180,0.3518,0.354
29750683,29809778,1698306240,0.354,0.3545
29962148,29962555,1698306300,0.3545,0.3531
29991415,29998134,1698306360,0.353,0.355
30036394,30042647,1698306420,0.355,0.356
30089265,30137609,1698306480,0.3559,0.3535
30147131,30153357,1698306540,0.3535,0.3525
30149256,30199130,1698306600,0.3524,0.3531
30183300,30167091,1698306660,0.3529,0.3525
30165775,30162770,1698306720,0.3526,0.353
30150890,30148643,1698306780,0.3529,0.3552
30133489,30137677,1698306840,0.3551,0.3557
30181702,30175084,1698306900,0.3556,0.3551
30206267,30217485,1698306960,0.3549,0.3545
30146807,30146832,1698307020,0.3545,0.3542
30198970,30215745,1698307080,0.3542,0.3541
30282498,30333300,1698307140,0.3539,0.3581
30660650,30690075,1698307200,0.3582,0.3577
30613155,30529852,1698307260,0.3576,0.3541
30399476,30411428,1698307320,0.3542,0.3577
30397201,30413946,1698307380,0.3575,0.3585
30353553,30328500,1698307440,0.3584,0.357
30363796,30364711,1698307500,0.3569,0.357
30351628,30385578,1698307560,0.3569,0.3595
30507483,30434923,1698307620,0.3594,0.3629
30389095,30561735,1698307680,0.3628,0.3649
30534711,30669299,1698307740,0.3649,0.3648
30664284,30749247,1698307800,0.3648,0.3624
30760117,30856718,1698307860,0.3624,0.3633
30870943,30857929,1698307920,0.3633,0.3626
30826334,30498742,1698307980,0.3625,0.356
30256530,30186348,1698308040,0.3558,0.3566
30023830,30119479,1698308100,0.3566,0.3579
30159531,30236465,1698308160,0.358,0.3574
30237803,30109579,1698308220,0.3575,0.354
30059242,30092674,1698308280,0.3539,0.3547
30113228,30107871,1698308340,0.3546,0.3568
30215078,30220454,1698308400,0.3568,0.3569
30202041,30281638,1698308460,0.3567,0.3561
30263428,30252096,1698308520,0.3561,0.3534
30301465,30317043,1698308580,0.3535,0.3538
30329298,30198423,1698308640,0.3538,0.3516
30202117,30210614,1698308700,0.3517,0.3472
29977704,29885367,1698308760,0.3473,0.3487
29863996,29893843,1698308820,0.3486,0.3499
29890036,29877774,1698308880,0.3499,0.3499
29880524,29879565,1698308940,0.3496,0.3472
29876775,29883313,1698309000,0.3471,0.3478
29866179,29870028,1698309060,0.3478,0.3477
29896625,29822411,1698309120,0.3477,0.3513
29788619,29794271,1698309180,0.3514,0.3487
29798248,29874626,1698309240,0.3486,0.3477
29888308,29917299,1698309300,0.3476,0.346
29798177,29802330,1698309360,0.346,0.3476
29810916,29811784,1698309420,0.3476,0.3475
29809722,29781001,1698309480,0.3476,0.3494
29835315,29878485,1698309540,0.3494,0.3499
29867878,29945953,1698309600,0.3498,0.3494
29952335,29939488,1698309660,0.3493,0.3503
29948698,29936656,1698309720,0.3501,0.3499
29984100,30002954,1698309780,0.3499,0.3506
29999759,30013164,1698309840,0.3505,0.3511
30030358,30039455,1698309900,0.3511,0.352
30063836,30035362,1698309960,0.3519,0.3531
30079163,30101531,1698310020,0.3532,0.3538
30077492,30073785,1698310080,0.3536,0.3529
30094354,30079395,1698310140,0.3529,0.3518
30059212,30049070,1698310200,0.3519,0.3509
30052693,30107575,1698310260,0.3508,0.3503
30102772,30124897,1698310320,0.3502,0.3526
30084537,30105747,1698310380,0.3525,0.3537
30127516,30125337,1698310440,0.3536,0.3546
30128241,30143752,1698310500,0.3545,0.3548
30148789,30166809,1698310560,0.3548,0.355
30163847,30173501,1698310620,0.355,0.3535
30146391,30213998,1698310680,0.3535,0.3529
30204836,30137994,1698310740,0.3529,0.3528
30144560,30288858,1698310800,0.353,0.3531
30317044,30317044,1698310860,0.353,0.3537
30314432,30266388,1698310920,0.3538,0.3537
30260526,30274213,1698310980,0.3536,0.3531
30265443,30263614,1698311040,0.353,0.3546
30275819,30273821,1698311100,0.3546,0.357
30279546,30271461,1698311160,0.3569,0.358
30324291,30383775,1698311220,0.3581,0.3557
30372220,30392060,1698311280,0.3557,0.3576
30398861,30410724,1698311340,0.3577,0.3568
30425452,30444133,1698311400,0.3568,0.3555
30427878,30333594,1698311460,0.3555,0.352
30234949,30253242,1698311520,0.352,0.3514
30269109,30255725,1698311580,0.3513,0.3513
30257731,30302539,1698311640,0.3513,0.3519
30271670,30278450,1698311700,0.3519,0.3536
30346202,30374292,1698311760,0.3536,0.3542
30399964,30406842,1698311820,0.3542,0.3523
30406506,30385078,1698311880,0.3523,0.3497
30401174,30401174,1698311940,0.3496,0.3486
30343289,30360699,1698312000,0.3487,0.3496
30363627,30362609,1698312060,0.3495,0.3508
30337441,30502175,1698312120,0.3509,0.3504
30497050,30502668,1698312180,0.3504,0.3508
30484022,30496315,1698312240,0.3508,0.3514
30493700,30416412,1698312300,0.3514,0.3493
30426983,30397540,1698312360,0.3493,0.3477
30316093,30310235,1698312420,0.3477,0.3477
30240859,30195826,1698312480,0.3477,0.3457
30243123,30239017,1698312540,0.3457,0.3462
30199407,30196894,1698312600,0.3462,0.3498
30173167,30193544,1698312660,0.35,0.3493
30216980,30239607,1698312720,0.3493,0.3501
30247494,30229712,1698312780,0.3502,0.3497
30243377,30243377,1698312840,0.3497,0.3493
30228789,30249588,1698312900,0.3493,0.3494
30250336,30253984,1698312960,0.3494,0.3488
30275187,30276095,1698313020,0.3488,0.3499
30273567,30288505,1698313080,0.3499,0.3493
30289395,30274152,1698313140,0.3494,0.3488
30264011,30297900,1698313200,0.3487,0.3478
30318195,30316490,1698313260,0.3479,0.35
30316709,30334088,1698313320,0.3502,0.3502
30320483,30274599,1698313380,0.3503,0.3525
30247764,30244914,1698313440,0.3525,0.351
30265408,30234611,1698313500,0.351,0.35
30241780,30241780,1698313560,0.3499,0.3496
30260442,30248435,1698313620,0.3495,0.3489
30251161,30255714,1698313680,0.3489,0.3492
30257236,30279112,1698313740,0.3492,0.3513
30299159,30312777,1698313800,0.3513,0.3512
30345471,30333823,1698313860,0.3512,0.3525
30334038,30450279,1698313920,0.3525,0.3557
30442894,30483706,1698313980,0.3557,0.3558
30616213,30660881,1698314040,0.3558,0.356
30712066,30744379,1698314100,0.3558,0.3543
30801406,30824134,1698314160,0.3543,0.3544
30838641,30804287,1698314220,0.3546,0.3527
30785570,30638327,1698314280,0.3527,0.3514
30617271,30623583,1698314340,0.3515,0.3527
30657771,30676957,1698314400,0.3524,0.3521
30689741,30689590,1698314460,0.352,0.3518
30712371,30701688,1698314520,0.3518,0.3493
30664418,30692723,1698314580,0.3493,0.35
30710417,30733599,1698314640,0.35,0.3505
30724184,30722941,1698314700,0.3505,0.3489
30834450,30843435,1698314760,0.3489,0.35
30861616,30858424,1698314820,0.3499,0.3474
30837341,30823921,1698314880,0.3476,0.3473
30819028,30814230,1698314940,0.3473,0.3484
30808398,30901294,1698315000,0.3485,0.3479
30860096,30844198,1698315060,0.3479,0.3504
30858981,30861736,1698315120,0.3503,0.3496
30881969,30868047,1698315180,0.3493,0.349
30859282,30940676,1698315240,0.3489,0.3502
30940847,30949057,1698315300,0.3503,0.3483
30961652,30943597,1698315360,0.3484,0.3482
30955569,30959171,1698315420,0.348,0.3481
30966828,31020265,1698315480,0.3481,0.3481
31003056,31000302,1698315540,0.3481,0.3513
31026678,31053182,1698315600,0.3512,0.3503
31051053,31062304,1698315660,0.3504,0.3504
31067507,31078086,1698315720,0.3504,0.3521
31097260,31083920,1698315780,0.352,0.3556
31095699,31239620,1698315840,0.3556,0.3539
31274754,31298840,1698315900,0.3539,0.3521
31263700,31331163,1698315960,0.3523,0.3517
31201829,31173295,1698316020,0.3517,0.3532
31179951,31202417,1698316080,0.3531,0.3519
31256139,31256139,1698316140,0.3518,0.3519
31304559,31276310,1698316200,0.3518,0.3524
31266453,31270776,1698316260,0.3524,0.3522
31281325,31344786,1698316320,0.3522,0.3547
31341203,31341203,1698316380,0.3547,0.3544
31351372,31353864,1698316440,0.3544,0.3549
31385431,31435482,1698316500,0.3548,0.3523
31463198,31426679,1698316560,0.3524,0.3501
31384075,31369259,1698316620,0.3503,0.3505
31324397,31323649,1698316680,0.3505,0.3509
31342581,31330696,1698316740,0.3508,0.3508
31337843,31340588,1698316800,0.3508,0.3514
31420467,31424235,1698316860,0.3513,0.351
31428662,31428857,1698316920,0.3509,0.3515
31419039,31440004,1698316980,0.3515,0.3519
31440876,31436980,1698317040,0.3519,0.3507
31451615,31452869,1698317100,0.3508,0.3501
31420281,31369562,1698317160,0.3501,0.3494
31349001,31337694,1698317220,0.3494,0.3487
31394909,31412652,1698317280,0.3489,0.3508
31411461,31420406,1698317340,0.3509,0.3499
31427492,31435567,1698317400,0.3499,0.3509
31426104,31428312,1698317460,0.3508,0.3502
31432107,31441257,1698317520,0.3503,0.3511
31463396,31448212,1698317580,0.3511,0.3525
31497854,31572827,1698317640,0.3525,0.3507
31585136,31609918,1698317700,0.3508,0.3501
31584724,31584859,1698317760,0.35,0.351
31582216,31603165,1698317820,0.351,0.3504
31609234,31603981,1698317880,0.3504,0.3496
31562883,31576606,1698317940,0.3496,0.35
31591258,31587664,1698318000,0.3501,0.3494
31578661,31583318,1698318060,0.3495,0.3496
31582163,31580713,1698318120,0.3496,0.3494
31585739,31600920,1698318180,0.3493,0.3492
31647703,31646204,1698318240,0.3492,0.3491
31637045,31637321,1698318300,0.3491,0.3498
31643006,31642333,1698318360,0.3498,0.349
31653906,31658196,1698318420,0.3491,0.349
31651990,31676395,1698318480,0.3489,0.3485
31638769,31651424,1698318540,0.3485,0.3477
31620391,31652036,1698318600,0.3477,0.3466
31633644,31640918,1698318660,0.3466,0.3468
31637905,31635194,1698318720,0.3468,0.3464
31647507,31593753,1698318780,0.3463,0.3459
31492322,30809099,1698318840,0.3459,0.3396
30757206,30627639,1698318900,0.3397,0.3374
30364061,30385577,1698318960,0.3375,0.3401
30410919,30388150,1698319020,0.3402,0.3431
30518092,30553051,1698319080,0.343,0.3419
30520158,30525140,1698319140,0.3419,0.3416
30523930,30544281,1698319200,0.3416,0.34
30539184,30538021,1698319260,0.34,0.3405
30524289,30483498,1698319320,0.3405,0.3402
30429181,30429181,1698319380,0.3401,0.3406
30222457,30208591,1698319440,0.3406,0.34
30193502,30137188,1698319500,0.34,0.34
30109288,29935031,1698319560,0.3399,0.3365
29915675,29728926,1698319620,0.3365,0.3339
29713540,29602216,1698319680,0.3339,0.3316
29708379,29667647,1698319740,0.3316,0.3322
29637440,29669418,1698319800,0.3323,0.3335
29634235,29664636,1698319860,0.3334,0.3347
29493309,29461502,1698319920,0.3346,0.3356
29468345,29440791,1698319980,0.3355,0.3344
29423061,29401588,1698320040,0.3344,0.3343
29402954,29403360,1698320100,0.3342,0.333
29439905,29283871,1698320160,0.3329,0.3259
29234267,29334451,1698320220,0.3259,0.3267
29335331,29338146,1698320280,0.3266,0.3265
29348740,29357238,1698320340,0.3264,0.3257
29269163,29231322,1698320400,0.3257,0.3253
29260033,29259132,1698320460,0.3253,0.3256
29276488,29263084,1698320520,0.3256,0.3237
29238784,29173683,1698320580,0.3236,0.3255
29155122,29067362,1698320640,0.3253,0.3255
29223564,29000190,1698320700,0.3255,0.326
28999931,28914175,1698320760,0.326,0.3274
28939842,28926905,1698320820,0.3274,0.327
28923590,28956783,1698320880,0.3268,0.3264
28931300,28970032,1698320940,0.3265,0.327
28960445,28965806,1698321000,0.3269,0.3281
28976137,28985328,1698321060,0.3279,0.3275
29001027,29017515,1698321120,0.3275,0.3277
29082143,29072754,1698321180,0.3277,0.3285
29072626,29100643,1698321240,0.3286,0.3284
29105756,29112479,1698321300,0.3283,0.3269
29109209,29130577,1698321360,0.3268,0.328
29165135,29178109,1698321420,0.3279,0.3289
29200213,29220148,1698321480,0.3288,0.3293
29284396,29196806,1698321540,0.3293,0.3309
29261088,29204107,1698321600,0.3309,0.3327
29171365,29169615,1698321660,0.3325,0.333
29189168,29188968,1698321720,0.3331,0.3329
29161848,29165172,1698321780,0.3329,0.3315
29244798,29237762,1698321840,0.3316,0.3314
29254852,29261088,1698321900,0.3314,0.3322
29250636,29253438,1698321960,0.3321,0.3314
29249037,29266755,1698322020,0.3313,0.3322
29278094,29300486,1698322080,0.3323,0.3337
29302812,29300483,1698322140,0.3337,0.3332
29319397,29319037,1698322200,0.3332,0.332
29333943,29339586,1698322260,0.332,0.3326
29342532,29370774,1698322320,0.3328,0.3325
29411359,29409435,1698322380,0.3325,0.3331
29421514,29438307,1698322440,0.3331,0.3337
29448187,29482717,1698322500,0.3337,0.3326
29470195,29432020,1698322560,0.3327,0.3322
29433802,29449357,1698322620,0.3322,0.3317
29443397,29493607,1698322680,0.3317,0.3316
29492569,29499912,1698322740,0.3316,0.3311
29426263,29250965,1698322800,0.3311,0.3288
29369002,29459837,1698322860,0.3287,0.3307
29465479,29445097,1698322920,0.3307,0.3308
29428932,29423218,1698322980,0.3307,0.3307
29413823,29431433,1698323040,0.3308,0.3322
29469360,29476045,1698323100,0.3323,0.3342
29529679,29469392,1698323160,0.3342,0.338
29534915,29622573,1698323220,0.338,0.3382
29626372,29626372,1698323280,0.338,0.3368
29627691,29626226,1698323340,0.3366,0.3362
29642173,29617832,1698323400,0.3361,0.3351
29615368,29641227,1698323460,0.335,0.3365
29665272,29661251,1698323520,0.3365,0.3357
29667017,29659994,1698323580,0.3358,0.3358
29680866,29691185,1698323640,0.3357,0.3359
29674649,29545961,1698323700,0.3359,0.3339
29536719,29533344,1698323760,0.334,0.3342
29518445,29515657,1698323820,0.3341,0.3341
29511378,29492013,1698323880,0.3344,0.3343
29489784,29472196,1698323940,0.3343,0.3351
29471541,29455078,1698324000,0.3352,0.3345
29491484,29500675,1698324060,0.3345,0.3341
29475720,29473146,1698324120,0.3342,0.3343
29472761,29502345,1698324180,0.3343,0.3346
29502191,29575475,1698324240,0.3347,0.3334
29537286,29571814,1698324300,0.3335,0.333
29566134,29562677,1698324360,0.3331,0.3335
29576408,29575565,1698324420,0.3336,0.334
29535754,29537954,1698324480,0.3338,0.3326
29540102,29517556,1698324540,0.3327,0.3319
29500429,29511189,1698324600,0.3318,0.3316
29514614,29480795,1698324660,0.3316,0.3329
29471148,29468464,1698324720,0.333,0.3313
29474365,29476144,1698324780,0.3314,0.3305
29483149,29477116,1698324840,0.3306,0.3317
29483295,29487190,1698324900,0.3316,0.3319
29491602,29468333,1698324960,0.3319,0.3308
29405265,29407198,1698325020,0.3309,0.3313
29407165,29404832,1698325080,0.3312,0.3313
29398487,29461340,1698325140,0.3314,0.3338
29456061,29469630,1698325200,0.3339,0.3329
29482207,29502271,1698325260,0.3328,0.3327
29503248,29512132,1698325320,0.3327,0.3337
29533448,29498421,1698325380,0.3336,0.3335
29497448,29497448,1698325440,0.3335,0.3334
29492885,29510432,1698325500,0.3334,0.3322
29514173,29514053,1698325560,0.3323,0.3329
29517207,29519938,1698325620,0.3329,0.332
29512486,29488495,1698325680,0.3321,0.3322
29497371,29499439,1698325740,0.3322,0.333
29489599,29503938,1698325800,0.3327,0.3327
29508556,29502228,1698325860,0.3328,0.3346
29505823,29538973,1698325920,0.3346,0.3347
29571051,29611517,1698325980,0.3347,0.3347
29651772,29678199,1698326040,0.3348,0.3353
29684675,29685340,1698326100,0.3354,0.3349
29697153,29714016,1698326160,0.3349,0.3341
29712275,29662117,1698326220,0.3341,0.333
29667226,29667226,1698326280,0.3331,0.3333
29684620,29695298,1698326340,0.3334,0.3337
29695333,29709467,1698326400,0.3336,0.3346
29697773,29683787,1698326460,0.3346,0.334
29683926,29706459,1698326520,0.334,0.3326
29707552,29659642,1698326580,0.3326,0.3324
29648830,29555922,1698326640,0.3323,0.3299
29512421,29524758,1698326700,0.3299,0.3298
29574717,29568552,1698326760,0.3298,0.3288
29560752,29562187,1698326820,0.3288,0.3291
29529294,29535476,1698326880,0.3291,0.3295
29533817,29533933,1698326940,0.3294,0.3291
29479318,29490027,1698327000,0.3292,0.3301
29496233,29492663,1698327060,0.33,0.3305
29533475,29528254,1698327120,0.3305,0.3285
29628953,29587607,1698327180,0.3285,0.3295
29593206,29578769,1698327240,0.3295,0.3298
29578626,29480484,1698327300,0.3299,0.3296
29484305,29516976,1698327360,0.3295,0.3281
29428812,29447450,1698327420,0.3282,0.3281
29454856,29500544,1698327480,0.3281,0.3283
29476719,29549133,1698327540,0.3283,0.3289
29521744,29586995,1698327600,0.3289,0.33
29593090,29591453,1698327660,0.33,0.3335
29787514,29807901,1698327720,0.3336,0.3353
29876666,29897197,1698327780,0.3353,0.3348
29908742,29936299,1698327840,0.3349,0.334
29942049,29967921,1698327900,0.334,0.3336
29974431,29982751,1698327960,0.3336,0.3347
29995399,30026590,1698328020,0.3349,0.3344
30024087,30017441,1698328080,0.3344,0.3325
30017394,30073812,1698328140,0.3326,0.3328
30069171,30080227,1698328200,0.3329,0.3323
30088129,30104093,1698328260,0.3323,0.3326
30113136,30109657,1698328320,0.3326,0.3332
30111824,30112450,1698328380,0.3332,0.3329
30102597,30108060,1698328440,0.3328,0.3313
30071344,30082174,1698328500,0.3313,0.3302
30050191,30042995,1698328560,0.3303,0.3276
29887976,29899238,1698328620,0.3276,0.3283
29891346,29948227,1698328680,0.3283,0.3271
29897964,29899975,1698328740,0.327,0.326
29933891,29952756,1698328800,0.326,0.3274
29965662,29977301,1698328860,0.3275,0.3281
29981408,30025415,1698328920,0.3281,0.3289
30023678,30042995,1698328980,0.3287,0.3285
30041595,30051754,1698329040,0.3284,0.3284
30070336,30097333,1698329100,0.3285,0.3295
30097850,30115127,1698329160,0.3295,0.3297
30119644,30112712,1698329220,0.3297,0.3293
30121453,30113312,1698329280,0.3294,0.3291
30115680,30132212,1698329340,0.3291,0.3287
30119210,30172396,1698329400,0.3287,0.3288
30184860,30187951,1698329460,0.3288,0.3292
30190211,30207852,1698329520,0.3292,0.3291
30211502,30234253,1698329580,0.3291,0.3305
30230534,30230022,1698329640,0.3304,0.3303
30232382,30218233,1698329700,0.3302,0.3296
30219134,30233356,1698329760,0.3295,0.329
30206395,30169831,1698329820,0.3287,0.3271
30174866,30177151,1698329880,0.327,0.3283
30181199,30182329,1698329940,0.3283,0.3278
30179568,30182579,1698330000,0.3278,0.3271
30176273,30177395,1698330060,0.327,0.3265
30179661,30197100,1698330120,0.3265,0.3257
30182279,30191757,1698330180,0.3258,0.3252
30172446,30149268,1698330240,0.3252,0.3256
30148474,30060685,1698330300,0.3255,0.3242
30039565,29977126,1698330360,0.3242,0.3231
29971255,29985086,1698330420,0.3231,0.3228
29737406,29741739,1698330480,0.3229,0.3249
29722421,29732259,1698330540,0.3248,0.325
29732790,29754001,1698330600,0.325,0.3224
29715002,29715807,1698330660,0.3225,0.3222
29729383,29522118,1698330720,0.322,0.3203
29486865,29514178,1698330780,0.3202,0.3205
29523832,29578632,1698330840,0.3206,0.3204
29583265,29576250,1698330900,0.3205,0.3196
29581762,29646179,1698330960,0.3195,0.3206
29649341,29654526,1698331020,0.3208,0.319
29622930,29020940,1698331080,0.319,0.3125
29040192,29021297,1698331140,0.3125,0.3154
29023961,29032557,1698331200,0.3154,0.3157
29023731,29037904,1698331260,0.3158,0.3177
29044138,29048672,1698331320,0.3177,0.3163
29049886,29027545,1698331380,0.3163,0.3169
29029366,29000297,1698331440,0.3169,0.317
28982216,28935100,1698331500,0.3169,0.3177
28980815,28994964,1698331560,0.3177,0.3178
28995794,28944943,1698331620,0.3179,0.3181
28967700,28983766,1698331680,0.3181,0.3191
28986060,28998111,1698331740,0.3191,0.3189
28990838,28992503,1698331800,0.3189,0.3194
29009665,29014125,1698331860,0.3193,0.3192
29020547,29006243,1698331920,0.3192,0.3164
28963119,28965239,1698331980,0.3164,0.3173
28967878,28937349,1698332040,0.3173,0.3171
28947186,28955350,1698332100,0.317,0.3177
28954644,28988193,1698332160,0.3176,0.3202
28974114,28974245,1698332220,0.3202,0.3213
29006041,29094140,1698332280,0.3212,0.322
29094120,29102943,1698332340,0.3219,0.3222
29142000,29142313,1698332400,0.322,0.3219
29143749,29154300,1698332460,0.3219,0.3217
29167440,29160062,1698332520,0.3215,0.32
29155355,29173993,1698332580,0.3199,0.3195
29181702,29205625,1698332640,0.3195,0.319
29157863,29168348,1698332700,0.319,0.3172
29190786,29174648,1698332760,0.3172,0.3178
29152095,29077120,1698332820,0.3178,0.3149
29071440,29082629,1698332880,0.315,0.3147
29017050,28836430,1698332940,0.3147,0.3134
28897696,28886071,1698333000,0.3133,0.3139
28872311,29061350,1698333060,0.3139,0.3186
29092385,29125416,1698333120,0.3186,0.3205
29115341,28928296,1698333180,0.3204,0.3192
28860483,28850658,1698333240,0.3193,0.3174
28802124,28799497,1698333300,0.3172,0.3153
28735146,28775831,1698333360,0.3153,0.3148
28763686,28735523,1698333420,0.3148,0.315
28738176,28715026,1698333480,0.315,0.3157
28697659,28707668,1698333540,0.3157,0.3156
28688491,28689336,1698333600,0.3157,0.3168
28615030,28540571,1698333660,0.3167,0.3171
28568746,28563894,1698333720,0.3171,0.3177
28574739,28560869,1698333780,0.3176,0.3169
28561094,28565317,1698333840,0.317,0.3176
28545662,28538833,1698333900,0.3176,0.3156
28532033,28506743,1698333960,0.3154,0.3159
28498543,28498697,1698334020,0.3157,0.3156
28492079,28470163,1698334080,0.3155,0.3172
28470163,28470163,1698334140,0.3173,0.3162
