"OI_open","OI_close","timestamp","price_open","price_close"
30309905,30247793,1698275340,0.2084,0.208
30192011,30212291,1698275400,0.208,0.2081
30194339,30201127,1698275460,0.2082,0.2084
30193881,30186917,1698275520,0.2083,0.2082
30191299,30215669,1698275580,0.2082,0.2075
30164474,30173285,1698275640,0.2075,0.2066
30033153,30041472,1698275700,0.2066,0.2081
30040979,30042183,1698275760,0.2081,0.2086
30044711,30034831,1698275820,0.2086,0.2093
30093991,30103086,1698275880,0.2094,0.2096
30119202,30114085,1698275940,0.2095,0.2102
30091508,30098935,1698276000,0.2103,0.2101
30098935,30102639,1698276060,0.21,0.2099
30107953,30107953,1698276120,0.2098,0.2105
30130691,30199403,1698276180,0.2105,0.2106
30182473,30161018,1698276240,0.2104,0.2106
30160809,30169068,1698276300,0.2106,0.2106
30181665,30160429,1698276360,0.2105,0.2113
30179666,30173007,1698276420,0.2114,0.2115
30177420,30175648,1698276480,0.2115,0.2121
30110490,30123404,1698276540,0.2121,0.2124
30134511,30139897,1698276600,0.2125,0.2122
30203206,30242307,1698276660,0.2122,0.2119
30241424,30286197,1698276720,0.2118,0.212
30275528,30310001,1698276780,0.2121,0.2116
30310770,30333399,1698276840,0.2116,0.2117
30400980,30423109,1698276900,0.2117,0.2107
30399039,30429961,1698276960,0.2107,0.2109
30419852,30500796,1698277020,0.2111,0.2111
30485594,30491287,1698277080,0.2111,0.2112
30489038,30477691,1698277140,0.2112,0.2116
30469948,30492413,1698277200,0.2117,0.2121
30512165,30517289,1698277260,0.2121,0.2121
30555987,30568453,1698277320,0.212,0.2123
30554444,30554444,1698277380,0.2123,0.2118
30547607,30565488,1698277440,0.2117,0.2121
30564564,30564496,1698277500,0.2121,0.2121
30566221,30557669,1698277560,0.2121,0.2116
30565934,30577730,1698277620,0.2117,0.2117
30576649,30581794,1698277680,0.2117,0.2118
30595168,30588576,1698277740,0.2118,0.2113
30603060,30600630,1698277800,0.2114,0.2112
30584667,30577061,1698277860,0.2112,0.2112
30590827,30631598,1698277920,0.2111,0.2115
30626586,30619176,1698277980,0.2116,0.2115
30612470,30602597,1698278040,0.2112,0.2116
30606014,30603037,1698278100,0.2116,0.2113
30610629,30617980,1698278160,0.2113,0.2118
30628202,30622744,1698278220,0.2118,0.2121
30629725,30641748,1698278280,0.212,0.2114
30655953,30657481,1698278340,0.2114,0.2115
30763628,30883469,1698278400,0.2114,0.2096
30881085,30593624,1698278460,0.2096,0.2104
30577230,30472521,1698278520,0.2105,0.2131
30404316,30619971,1698278580,0.2129,0.2132
30617268,30636252,1698278640,0.2132,0.2137
30615366,30541508,1698278700,0.2138,0.2126
30519253,30497219,1698278760,0.2126,0.2126
30390216,30183802,1698278820,0.2127,0.2153
30134547,30161099,1698278880,0.2151,0.2148
30172074,30086902,1698278940,0.2147,0.2145
30079073,30114982,1698279000,0.2145,0.2137
30134718,30213835,1698279060,0.2137,0.2123
30218763,30344883,1698279120,0.2124,0.2111
30344633,30329364,1698279180,0.2111,0.2126
30267410,30228567,1698279240,0.2126,0.2122
30210762,30223468,1698279300,0.2122,0.2119
30234744,30248014,1698279360,0.2119,0.2112
30301770,30284839,1698279420,0.2112,0.2113
30259622,30251014,1698279480,0.2114,0.2116
30255633,30267413,1698279540,0.2117,0.2119
30273978,30312509,1698279600,0.2119,0.2122
30334686,30335754,1698279660,0.2122,0.2116
30347603,30280867,1698279720,0.2118,0.2112
30228715,30173014,1698279780,0.2111,0.2103
30186600,30248279,1698279840,0.2104,0.2113
30268483,30271133,1698279900,0.2111,0.2105
30223943,30260430,1698279960,0.2106,0.2106
30274303,30314097,1698280020,0.2106,0.2111
30282374,30335624,1698280080,0.2111,0.2118
30363322,30389314,1698280140,0.2117,0.2123
30445343,30472017,1698280200,0.2123,0.2115
30486239,30557956,1698280260,0.2116,0.2122
30625389,30635535,1698280320,0.2122,0.2121
30659356,30647456,1698280380,0.2121,0.2112
30625188,30624890,1698280440,0.2113,0.2121
30629645,30640331,1698280500,0.2121,0.2117
30644058,30645338,1698280560,0.2119,0.212
30591492,30491918,1698280620,0.2118,0.2133
30414613,30393599,1698280680,0.2131,0.2148
30277212,30175501,1698280740,0.2148,0.217
30139097,30191003,1698280800,0.2169,0.2172
30298906,30103964,1698280860,0.2171,0.2191
30169976,29559601,1698280920,0.2192,0.2187
29863168,29877853,1698280980,0.2186,0.2231
29777322,30627999,1698281040,0.2234,0.2259
30702162,30961058,1698281100,0.2258,0.2263
31364035,31332057,1698281160,0.2264,0.2268
31056532,31072797,1698281220,0.2269,0.2256
31056472,30801624,1698281280,0.2256,0.221
30255640,30616923,1698281340,0.2209,0.2208
30656628,30784033,1698281400,0.2208,0.2221
30951447,30932622,1698281460,0.222,0.224
30872836,30998794,1698281520,0.2238,0.2231
31027714,31111096,1698281580,0.2231,0.2218
31331115,31502356,1698281640,0.2217,0.2189
31569291,31596631,1698281700,0.219,0.22
31648034,31722437,1698281760,0.2201,0.2198
31734760,31627526,1698281820,0.2197,0.22
31637391,31692720,1698281880,0.22,0.2219
31642895,31501507,1698281940,0.2218,0.2226
31420943,31481624,1698282000,0.2225,0.2187
31928586,31644693,1698282060,0.2187,0.2182
31695367,31712300,1698282120,0.2182,0.2178
31766331,31762311,1698282180,0.2177,0.2182
31777953,32442864,1698282240,0.2182,0.2174
32593348,32759705,1698282300,0.2173,0.2187
32795725,32807164,1698282360,0.2185,0.2182
32800000,32784635,1698282420,0.2183,0.2181
32911466,32977069,1698282480,0.2181,0.2174
33024785,33078110,1698282540,0.2174,0.2181
33096514,33546303,1698282600,0.218,0.2171
33572938,33546089,1698282660,0.217,0.2191
33607682,33641128,1698282720,0.219,0.2194
33642093,33662944,1698282780,0.2194,0.22
33658836,33785840,1698282840,0.2199,0.2188
33816947,33825129,1698282900,0.2187,0.2188
33818646,34292262,1698282960,0.2188,0.2195
34290888,34235946,1698283020,0.2195,0.2186
34159088,34147244,1698283080,0.2189,0.2199
34154438,34092126,1698283140,0.2199,0.22
34091740,34107081,1698283200,0.22,0.2203
34112648,34167565,1698283260,0.2202,0.2205
34192703,34188652,1698283320,0.2204,0.221
34177254,34199443,1698283380,0.221,0.2225
34190119,34218214,1698283440,0.2224,0.2226
34331286,34287376,1698283500,0.2227,0.2218
34757904,34741886,1698283560,0.2219,0.2229
34765676,34773787,1698283620,0.2228,0.223
34762285,34736211,1698283680,0.223,0.2223
34762946,34759494,1698283740,0.2224,0.2225
34752388,34767590,1698283800,0.2226,0.2221
34810229,34816899,1698283860,0.2222,0.2223
34809773,34686207,1698283920,0.2224,0.2217
34673850,34641033,1698283980,0.2217,0.2207
34688223,34659403,1698284040,0.2207,0.2203
34663749,34665103,1698284100,0.2203,0.2195
34548686,34571125,1698284160,0.2196,0.2198
34571611,34609375,1698284220,0.2197,0.2202
34641381,34650805,1698284280,0.2203,0.2208
34637545,34633548,1698284340,0.2208,0.2208
34635226,34672580,1698284400,0.2207,0.2211
34758021,34754294,1698284460,0.2212,0.222
34875677,34870471,1698284520,0.2218,0.2244
34830527,34802380,1698284580,0.2243,0.2236
34839001,34796030,1698284640,0.2234,0.2227
34796714,34756880,1698284700,0.2226,0.2221
34751505,34777560,1698284760,0.2221,0.2238
34862629,34881180,1698284820,0.2238,0.2235
34926096,34960509,1698284880,0.2235,0.2231
34976378,34990760,1698284940,0.223,0.2235
35105220,35121180,1698285000,0.2235,0.2235
35089592,35145155,1698285060,0.2235,0.2238
35199183,35191466,1698285120,0.2237,0.2236
35189351,35238572,1698285180,0.2234,0.2238
35235620,35216788,1698285240,0.2237,0.2233
35219355,35231999,1698285300,0.2233,0.2241
35479537,35673329,1698285360,0.224,0.2245
35658067,35695420,1698285420,0.2244,0.2253
35729985,35625436,1698285480,0.2253,0.2258
35607734,35556295,1698285540,0.2257,0.2268
35555638,35677613,1698285600,0.2267,0.2253
35694153,35651217,1698285660,0.2254,0.225
35661490,35654050,1698285720,0.2251,0.2245
35620764,35378118,1698285780,0.2244,0.2232
35477316,35548720,1698285840,0.2232,0.2245
35768022,35813083,1698285900,0.2244,0.2238
35898351,35961843,1698285960,0.2237,0.2248
36064959,36061364,1698286020,0.2249,0.2249
36189940,36209591,1698286080,0.2248,0.2254
36218538,36549125,1698286140,0.2253,0.2229
36544003,36986777,1698286200,0.2228,0.2227
36917394,37837478,1698286260,0.2226,0.2195
37968194,38355913,1698286320,0.2196,0.2221
38460126,38378518,1698286380,0.2221,0.2215
38371196,38514859,1698286440,0.2215,0.2194
38559276,38578002,1698286500,0.2194,0.2175
38851789,39058488,1698286560,0.2175,0.2197
39125702,39426585,1698286620,0.2198,0.2201
39427805,39854110,1698286680,0.2201,0.2212
40214494,40457972,1698286740,0.221,0.2183
40566437,40578300,1698286800,0.2182,0.2177
40549846,40549800,1698286860,0.2177,0.2193
40620892,40725158,1698286920,0.2192,0.2194
40731295,40737020,1698286980,0.2193,0.2174
40999551,40974927,1698287040,0.2173,0.2185
41015140,41039623,1698287100,0.2186,0.2181
41041737,41210415,1698287160,0.2182,0.2182
41213230,41286337,1698287220,0.2183,0.2186
41277525,41261785,1698287280,0.2186,0.2192
41336525,41429373,1698287340,0.2192,0.2192
41419439,41486544,1698287400,0.2191,0.2196
41475826,41840599,1698287460,0.2197,0.2187
41787195,41847373,1698287520,0.2186,0.2184
41870275,41928604,1698287580,0.2183,0.2188
41930217,42014089,1698287640,0.2187,0.2191
42009927,42010061,1698287700,0.2191,0.2202
42099389,42291362,1698287760,0.2202,0.2205
42288364,42319972,1698287820,0.2206,0.2214
42381699,42384429,1698287880,0.2213,0.2218
42508896,42518754,1698287940,0.2217,0.2213
42587453,42610722,1698288000,0.2214,0.2216
42698364,42871074,1698288060,0.2215,0.2228
42908113,42863624,1698288120,0.2229,0.223
42920372,42909026,1698288180,0.223,0.2213
42992766,42930798,1698288240,0.2213,0.2211
43195044,43226923,1698288300,0.2212,0.2196
43221339,43200907,1698288360,0.2198,0.2198
43224173,43369957,1698288420,0.2199,0.2193
43432219,43625518,1698288480,0.2193,0.2191
44270989,44253725,1698288540,0.2191,0.2179
44277791,44119240,1698288600,0.218,0.219
44118819,44116727,1698288660,0.2189,0.219
44118755,44091738,1698288720,0.219,0.2192
44103077,44121743,1698288780,0.2192,0.2194
44131346,44084069,1698288840,0.2193,0.2193
44097266,44126063,1698288900,0.2193,0.2192
44129545,44147171,1698288960,0.2193,0.2194
44140383,44130958,1698289020,0.2194,0.2194
44135166,44026221,1698289080,0.2194,0.219
44006672,44017319,1698289140,0.219,0.2189
44037841,44247862,1698289200,0.219,0.2182
44257061,44217326,1698289260,0.2182,0.2177
44206714,44231359,1698289320,0.2179,0.2191
44250617,44261689,1698289380,0.2191,0.2194
44259815,44311697,1698289440,0.2195,0.2195
44300940,44310447,1698289500,0.2195,0.2187
44304144,44312617,1698289560,0.2188,0.2185
44317696,44328116,1698289620,0.2187,0.2188
44304315,44331749,1698289680,0.2188,0.2186
44396675,44297145,1698289740,0.2186,0.2181
44316721,44308390,1698289800,0.2181,0.2171
44273450,44296573,1698289860,0.2171,0.2184
44294277,44294277,1698289920,0.2184,0.2187
44297355,44344887,1698289980,0.2187,0.2183
44339536,44355445,1698290040,0.2183,0.2182
44360742,44360742,1698290100,0.2181,0.2186
44369908,44363796,1698290160,0.2186,0.2183
44327599,44330150,1698290220,0.2184,0.2184
44323450,44319585,1698290280,0.2184,0.2193
44316192,44273178,1698290340,0.2193,0.2189
44268462,44338864,1698290400,0.2188,0.2195
44344606,44363613,1698290460,0.2194,0.2198
44339118,44474741,1698290520,0.2199,0.2198
44442231,44480625,1698290580,0.2198,0.2204
44464758,44497199,1698290640,0.2204,0.2215
44535915,44484494,1698290700,0.2214,0.2211
44487722,44498103,1698290760,0.221,0.2213
44485980,44493138,1698290820,0.2213,0.2214
44477239,44494047,1698290880,0.2212,0.2214
44494853,44481387,1698290940,0.2214,0.2213
44487151,44490006,1698291000,0.2212,0.2211
44489559,44496344,1698291060,0.221,0.2202
44497024,44431722,1698291120,0.2203,0.2203
44497769,44530966,1698291180,0.2202,0.2205
44531371,44545285,1698291240,0.2206,0.2203
44534393,44532938,1698291300,0.2203,0.2206
44533427,44533427,1698291360,0.2207,0.221
44537523,44512365,1698291420,0.221,0.2213
44604624,44640933,1698291480,0.2212,0.2212
44658167,44709910,1698291540,0.2212,0.2214
44731281,44763052,1698291600,0.2213,0.2217
44762526,44790758,1698291660,0.2218,0.222
44791654,44774482,1698291720,0.2219,0.222
44767782,44815168,1698291780,0.2221,0.222
44968045,44911445,1698291840,0.222,0.2222
44904000,44927136,1698291900,0.2221,0.2225
44893602,44912718,1698291960,0.2224,0.2222
44900412,44904718,1698292020,0.2222,0.222
44960567,44947635,1698292080,0.222,0.2217
44951911,45012112,1698292140,0.2217,0.2209
45054351,45056765,1698292200,0.221,0.2212
45073706,45063157,1698292260,0.2211,0.2214
45051996,45073108,1698292320,0.2213,0.2208
45026724,45044253,1698292380,0.2208,0.2208
44977112,44978342,1698292440,0.2208,0.2216
45002121,44986816,1698292500,0.2216,0.2225
44952748,44856008,1698292560,0.2225,0.2244
44789840,44791493,1698292620,0.2245,0.2252
41308607,41278692,1698292680,0.2252,0.2228
41378838,41484784,1698292740,0.2227,0.2219
41505535,41532061,1698292800,0.2219,0.2214
41527184,41494717,1698292860,0.2214,0.2202
41504285,41438002,1698292920,0.2203,0.22
41421472,41451828,1698292980,0.2201,0.2201
41462964,41452836,1698293040,0.2202,0.2196
41473804,41267349,1698293100,0.2196,0.2194
41244770,41323478,1698293160,0.2194,0.2202
41341814,41314938,1698293220,0.2201,0.221
41265100,41261485,1698293280,0.221,0.2211
41229019,41235604,1698293340,0.2211,0.2211
41242145,41253335,1698293400,0.2211,0.2214
41246653,41265969,1698293460,0.2214,0.2216
41494531,41561202,1698293520,0.2217,0.2212
41546993,41596704,1698293580,0.2212,0.221
41542611,41538036,1698293640,0.221,0.2216
41532731,41532431,1698293700,0.2215,0.2222
41535535,41529737,1698293760,0.2221,0.2222
41529737,41570952,1698293820,0.2222,0.2219
41614127,41627065,1698293880,0.2219,0.222
41624857,41788920,1698293940,0.222,0.2225
41803329,41786667,1698294000,0.2225,0.2229
41719783,41723793,1698294060,0.2229,0.2231
41736887,41758393,1698294120,0.2231,0.2235
41905742,42021012,1698294180,0.2234,0.2243
42035058,42053552,1698294240,0.2243,0.2241
42144240,42135974,1698294300,0.2239,0.2242
42145533,42149063,1698294360,0.2241,0.2239
42143294,42087723,1698294420,0.2237,0.2224
41929136,41930496,1698294480,0.2225,0.2228
42004400,42033876,1698294540,0.223,0.2231
42007378,42015504,1698294600,0.2232,0.2227
41984620,41986600,1698294660,0.2227,0.2239
42069712,42112063,1698294720,0.2239,0.2243
42148877,42284550,1698294780,0.2243,0.2246
42340203,42357495,1698294840,0.2247,0.2246
42358145,42391396,1698294900,0.2246,0.225
42393402,42345792,1698294960,0.225,0.2264
42356462,42468017,1698295020,0.2263,0.225
42448391,42453755,1698295080,0.225,0.2247
42455698,42383090,1698295140,0.2248,0.2231
42438742,42439310,1698295200,0.2232,0.2227
42452654,42463291,1698295260,0.2227,0.2228
42428664,42415986,1698295320,0.2225,0.2222
42414791,42392950,1698295380,0.2224,0.2238
42355489,42328529,1698295440,0.2239,0.2243
42324244,42337682,1698295500,0.2243,0.2245
42357579,42389429,1698295560,0.2245,0.225
42414466,42480566,1698295620,0.2251,0.2252
42482616,42350068,1698295680,0.2252,0.228
42352649,42162844,1698295740,0.2278,0.227
42135013,42437580,1698295800,0.227,0.2252
42416212,42378078,1698295860,0.2251,0.2257
42256891,42301557,1698295920,0.2258,0.2269
42274603,42238744,1698295980,0.2268,0.2271
42237664,42173705,1698296040,0.2269,0.2267
42189488,42207696,1698296100,0.2266,0.2254
42196797,42300692,1698296160,0.2255,0.2262
42313146,42332796,1698296220,0.2263,0.2256
42159629,42194295,1698296280,0.2257,0.2251
42205346,42248138,1698296340,0.225,0.2257
42247007,42307770,1698296400,0.226,0.2249
42328123,42329776,1698296460,0.2249,0.2245
42291997,42275934,1698296520,0.2245,0.224
42265902,42326555,1698296580,0.2242,0.2248
42303599,42289080,1698296640,0.2246,0.224
42263728,42258051,1698296700,0.2238,0.2233
42253186,42249932,1698296760,0.2234,0.2236
42265938,42291951,1698296820,0.2234,0.224
42318809,42332924,1698296880,0.224,0.2258
42242791,42249227,1698296940,0.2258,0.2249
42250536,42278086,1698297000,0.2248,0.2251
42310998,42327398,1698297060,0.2251,0.225
42353496,42353590,1698297120,0.2249,0.2247
42376569,42416369,1698297180,0.2248,0.2246
42569225,42566668,1698297240,0.2247,0.2237
42663496,42844630,1698297300,0.2237,0.2224
42802424,42863563,1698297360,0.2224,0.2223
42936021,42968010,1698297420,0.2223,0.2225
42967169,42970377,1698297480,0.2227,0.2225
42953402,42953555,1698297540,0.2225,0.2224
42968390,42968882,1698297600,0.2224,0.2227
42984062,43005239,1698297660,0.2228,0.223
43015045,43081444,1698297720,0.223,0.2229
43073581,43090783,1698297780,0.2229,0.223
43098750,43102516,1698297840,0.223,0.2231
43100389,43130978,1698297900,0.2231,0.2228
43159854,43178849,1698297960,0.2228,0.2231
43225756,43225435,1698298020,0.223,0.2234
43217355,43235202,1698298080,0.2233,0.2235
43255338,43263673,1698298140,0.2235,0.2231
43250066,43252977,1698298200,0.2231,0.2227
43261749,43259125,1698298260,0.2228,0.222
43107875,43128688,1698298320,0.2221,0.2219
43116324,43077853,1698298380,0.2218,0.2214
42883504,42870063,1698298440,0.2214,0.2209
42875128,42906929,1698298500,0.2209,0.221
42908843,42934337,1698298560,0.2211,0.2215
42934121,42920726,1698298620,0.2213,0.2217
42918376,42928474,1698298680,0.2217,0.2212
42930089,42908096,1698298740,0.2212,0.2213
42945333,42953527,1698298800,0.2213,0.2213
43043336,43041237,1698298860,0.2212,0.2207
43185338,43276727,1698298920,0.2206,0.2211
43305333,43297995,1698298980,0.221,0.2208
43327548,43325917,1698299040,0.2209,0.221
43353917,43366077,1698299100,0.221,0.2207
43395829,43434101,1698299160,0.2208,0.2205
43525078,43535227,1698299220,0.2207,0.2207
43537065,43538374,1698299280,0.2207,0.2208
43627381,43744834,1698299340,0.2206,0.2207
43736535,43733981,1698299400,0.2206,0.2208
43743417,43740156,1698299460,0.2207,0.2202
43642495,43494036,1698299520,0.2202,0.2205
43685841,43710104,1698299580,0.2205,0.22
43719084,43750734,1698299640,0.2201,0.2199
43749241,43767290,1698299700,0.2199,0.2201
43771340,43789755,1698299760,0.2203,0.2194
43803499,43811763,1698299820,0.2195,0.2193
43875706,43746114,1698299880,0.2193,0.2181
43853134,43851340,1698299940,0.2181,0.2185
43905822,43927977,1698300000,0.2185,0.2186
43945704,43940023,1698300060,0.2185,0.2187
43980685,44017021,1698300120,0.2187,0.219
44174513,44348600,1698300180,0.2188,0.2186
44516419,44516419,1698300240,0.2185,0.2186
44520505,44943087,1698300300,0.2185,0.2172
44903623,45351663,1698300360,0.2172,0.2131
45361181,45520549,1698300420,0.2131,0.2144
45424798,45453870,1698300480,0.2143,0.2153
45511668,45603635,1698300540,0.2154,0.2153
45572558,45554956,1698300600,0.2154,0.2171
45508321,45568835,1698300660,0.2171,0.22
45840836,45846855,1698300720,0.2201,0.2196
45877733,45952489,1698300780,0.2196,0.2187
45945707,45934075,1698300840,0.2186,0.2193
45932489,45907013,1698300900,0.2192,0.2197
45895698,46001524,1698300960,0.2196,0.2199
46015915,46087068,1698301020,0.22,0.2201
45899630,45838625,1698301080,0.2202,0.222
45836740,45802700,1698301140,0.2219,0.2222
45652874,45703942,1698301200,0.2222,0.221
45712597,45732404,1698301260,0.2211,0.221
45729455,45766103,1698301320,0.2209,0.2204
45770217,45766551,1698301380,0.2203,0.2207
45807662,45765277,1698301440,0.2207,0.2211
45786825,45825749,1698301500,0.2212,0.2209
45837359,45847554,1698301560,0.2209,0.2211
45840681,45819598,1698301620,0.221,0.2202
45814541,45859379,1698301680,0.2203,0.2201
45877424,45947722,1698301740,0.2202,0.22
45966194,45972668,1698301800,0.22,0.2208
45980100,46187427,1698301860,0.2208,0.2205
46161574,46143336,1698301920,0.2206,0.2201
46147434,46137303,1698301980,0.22,0.2198
46149235,46178817,1698302040,0.2199,0.2196
46175887,46230742,1698302100,0.2197,0.2199
46223004,46259378,1698302160,0.2199,0.2202
46256240,46271976,1698302220,0.2204,0.2216
46255533,46250823,1698302280,0.2216,0.2209
46434716,46369564,1698302340,0.2211,0.2208
46363797,46344471,1698302400,0.2207,0.2207
46346702,46353938,1698302460,0.2207,0.2208
46386624,46388852,1698302520,0.2208,0.2209
46468446,46442835,1698302580,0.2209,0.2206
46449707,46472294,1698302640,0.2206,0.221
46483245,46529391,1698302700,0.221,0.2211
46527829,46523323,1698302760,0.2212,0.2213
46521640,46508281,1698302820,0.2212,0.2219
46515461,46520631,1698302880,0.2219,0.2228
46580095,46575518,1698302940,0.2227,0.2227
46577827,46612548,1698303000,0.2227,0.2232
46672551,46653623,1698303060,0.2232,0.2224
46642852,46638907,1698303120,0.2225,0.2224
46630485,46638334,1698303180,0.2224,0.2228
46649170,46657825,1698303240,0.2227,0.2227
46681131,46666787,1698303300,0.2227,0.222
46647105,46286486,1698303360,0.222,0.2213
46376929,46389614,1698303420,0.2213,0.2224
46411040,46411040,1698303480,0.2223,0.2226
46427652,46437882,1698303540,0.2226,0.2229
46458400,46459869,1698303600,0.2229,0.2222
46463415,46473275,1698303660,0.2222,0.2225
46476595,46408934,1698303720,0.2225,0.2219
46407361,46415611,1698303780,0.2221,0.2213
46401257,46385193,1698303840,0.2214,0.2216
46429033,46473691,1698303900,0.2215,0.2218
46520829,46547749,1698303960,0.2217,0.2219
46598094,46628932,1698304020,0.222,0.2216
46643020,46639977,1698304080,0.2216,0.2209
46514620,46508972,1698304140,0.2209,0.2207
46480407,46489747,1698304200,0.2207,0.2212
46457974,46486354,1698304260,0.2212,0.2213
46568890,46567637,1698304320,0.2213,0.2211
46575257,46585420,1698304380,0.221,0.2218
46598228,46608030,1698304440,0.2217,0.2217
46652778,46663984,1698304500,0.2217,0.2219
46686728,46716354,1698304560,0.2219,0.2215
46724225,46728803,1698304620,0.2215,0.2218
46721540,46720575,1698304680,0.2218,0.2223
46736007,46713715,1698304740,0.2223,0.2224
46734167,46731215,1698304800,0.2224,0.2222
46837648,46838414,1698304860,0.2223,0.222
46838501,46925100,1698304920,0.222,0.2217
46938453,46928566,1698304980,0.2217,0.2214
46912837,46921383,1698305040,0.2214,0.2216
46944020,46958319,1698305100,0.2215,0.2211
46980687,46947727,1698305160,0.2212,0.2209
46945981,46944641,1698305220,0.2209,0.2208
46952145,46953506,1698305280,0.2208,0.2206
46964274,46971980,1698305340,0.2208,0.2207
46925087,46927062,1698305400,0.2207,0.2209
46944371,47035574,1698305460,0.2209,0.221
47051841,47082308,1698305520,0.2212,0.2211
47113389,47106184,1698305580,0.2212,0.2218
47092115,47102842,1698305640,0.2218,0.2212
47113739,47113739,1698305700,0.2213,0.2213
47134726,47145974,1698305760,0.2212,0.221
47151656,47172307,1698305820,0.221,0.2213
47178179,47184724,1698305880,0.2214,0.2216
47186148,47255513,1698305940,0.2215,0.2212
47260899,47277628,1698306000,0.2213,0.2216
47279695,47248961,1698306060,0.2215,0.2212
47252241,47270463,1698306120,0.2212,0.221
47284414,47277209,1698306180,0.2211,0.2211
47310454,47310327,1698306240,0.2211,0.2205
47282160,47281884,1698306300,0.2206,0.22
47317471,47388116,1698306360,0.22,0.2201
47407417,47392751,1698306420,0.2201,0.2203
47386056,47425415,1698306480,0.2204,0.2201
47505986,47499921,1698306540,0.2201,0.2201
47542753,47554880,1698306600,0.2201,0.2195
47553462,47913314,1698306660,0.2195,0.2193
47887961,47943476,1698306720,0.2192,0.2193
47957615,47975047,1698306780,0.2194,0.2192
47974947,47953913,1698306840,0.2191,0.2194
47986417,48013228,1698306900,0.2193,0.2191
48035852,48039057,1698306960,0.219,0.2187
48011480,48008575,1698307020,0.2187,0.2186
47992836,47990242,1698307080,0.2186,0.2187
47978467,48008592,1698307140,0.2188,0.2185
48017532,48003282,1698307200,0.2186,0.2186
48020045,48042760,1698307260,0.2186,0.2184
48057897,48093596,1698307320,0.2184,0.2187
48099741,48109341,1698307380,0.2187,0.2188
48005450,48027506,1698307440,0.2189,0.2193
48015856,47988125,1698307500,0.2192,0.2192
48037524,48048851,1698307560,0.2193,0.2196
47975081,47980877,1698307620,0.2196,0.2197
48003907,48000098,1698307680,0.2197,0.2199
48000403,47960622,1698307740,0.2199,0.22
47960864,48040994,1698307800,0.22,0.2204
48040325,48027191,1698307860,0.2204,0.2216
48099810,48021153,1698307920,0.2215,0.2213
47954738,47952250,1698307980,0.2214,0.221
47954899,48034564,1698308040,0.2209,0.2203
48054743,48109034,1698308100,0.2203,0.2204
48116453,48127860,1698308160,0.2205,0.2205
48131415,48132617,1698308220,0.2205,0.2211
48116141,48149109,1698308280,0.2211,0.2213
48133848,48138031,1698308340,0.2213,0.2214
48131590,48143841,1698308400,0.2214,0.2212
48123158,48130470,1698308460,0.2212,0.2208
48139063,48142590,1698308520,0.2209,0.2204
48152636,48147165,1698308580,0.2203,0.2203
48139951,48097954,1698308640,0.2203,0.2202
48107224,48122171,1698308700,0.2202,0.2202
48129912,48182174,1698308760,0.2201,0.2203
48194412,48170682,1698308820,0.2204,0.2215
48169675,48169675,1698308880,0.2213,0.2213
48157758,48265742,1698308940,0.2212,0.221
48256605,48251956,1698309000,0.221,0.221
48260446,48278934,1698309060,0.2211,0.2211
48274779,48291927,1698309120,0.221,0.2214
48311025,48325440,1698309180,0.2214,0.2211
48327741,48590451,1698309240,0.2211,0.2214
48591735,48607397,1698309300,0.2214,0.2216
48601651,48600927,1698309360,0.2216,0.2219
48569900,48590929,1698309420,0.222,0.2212
48596715,48595369,1698309480,0.2212,0.2218
48591877,48607938,1698309540,0.2219,0.222
48608077,48621265,1698309600,0.2221,0.2223
48625459,48646526,1698309660,0.2223,0.2229
48612634,48594090,1698309720,0.2229,0.2226
48606326,48598097,1698309780,0.2226,0.2227
48587986,48587338,1698309840,0.2226,0.2228
48522237,48452055,1698309900,0.2228,0.2232
48455784,48513949,1698309960,0.2232,0.2237
48502277,48471340,1698310020,0.2237,0.2232
48453757,48472225,1698310080,0.2232,0.2232
48511710,48521884,1698310140,0.2232,0.2231
48528436,48565450,1698310200,0.223,0.2228
48665520,48704131,1698310260,0.2229,0.2223
48673971,48670469,1698310320,0.2223,0.2225
48796296,48865335,1698310380,0.2225,0.2223
48818900,48819744,1698310440,0.2223,0.2222
48830846,48834949,1698310500,0.2222,0.2222
48817427,48824592,1698310560,0.2222,0.2224
48857454,48836913,1698310620,0.2225,0.2222
48836375,48842875,1698310680,0.2222,0.2221
48843394,48851329,1698310740,0.2222,0.2219
48851329,48838490,1698310800,0.222,0.2222
48839609,48854780,1698310860,0.2222,0.2222
48855872,48847744,1698310920,0.2222,0.222
48863062,48871746,1698310980,0.222,0.2221
48898511,48906701,1698311040,0.2222,0.2225
48912589,48920274,1698311100,0.2225,0.2223
48942687,48934900,1698311160,0.2225,0.222
48944959,48952958,1698311220,0.2221,0.2221
48955925,48973721,1698311280,0.2221,0.222
48975999,48949877,1698311340,0.222,0.2219
48946467,49041380,1698311400,0.2219,0.2214
49040525,49041185,1698311460,0.2214,0.2213
49038888,49033932,1698311520,0.2213,0.2208
49038205,48923596,1698311580,0.2207,0.2207
48946234,48946234,1698311640,0.2208,0.221
48945951,48958949,1698311700,0.2209,0.2206
48958843,48985298,1698311760,0.2206,0.2204
48978239,48938022,1698311820,0.2205,0.2205
48934590,48943341,1698311880,0.2205,0.2204
48960739,48960739,1698311940,0.2204,0.2204
48952831,49087512,1698312000,0.2203,0.22
49048478,49046615,1698312060,0.22,0.2199
49046324,49076416,1698312120,0.2198,0.2193
49055922,48988572,1698312180,0.2193,0.2192
49009017,49018087,1698312240,0.2192,0.2194
48990396,49004526,1698312300,0.2194,0.2194
49061321,49078338,1698312360,0.2194,0.2194
49087005,49091770,1698312420,0.2195,0.2192
49079748,48982554,1698312480,0.2193,0.2185
48976359,48975445,1698312540,0.2185,0.2188
48969555,48980891,1698312600,0.2188,0.2184
48976442,48986803,1698312660,0.2184,0.2184
48942414,49050593,1698312720,0.2184,0.2201
49038981,49060796,1698312780,0.2201,0.2209
49059397,49089752,1698312840,0.2209,0.2212
49090851,49082471,1698312900,0.2213,0.2204
49083610,49105716,1698312960,0.2205,0.2205
49093812,49128340,1698313020,0.2205,0.2202
49147762,49147341,1698313080,0.2202,0.2201
49150496,49163049,1698313140,0.2201,0.2205
49157434,49160285,1698313200,0.2206,0.2204
49163189,49159799,1698313260,0.2204,0.2205
49126644,49119192,1698313320,0.2204,0.2201
49013621,49008520,1698313380,0.2201,0.2193
48969000,48908674,1698313440,0.2193,0.2199
48905248,48903995,1698313500,0.2199,0.2199
48923206,48923206,1698313560,0.22,0.2201
48939915,49038951,1698313620,0.2201,0.2206
49073035,49155779,1698313680,0.2207,0.2206
49160721,49169320,1698313740,0.2206,0.2208
49171061,49189725,1698313800,0.2208,0.2209
49190125,49205904,1698313860,0.2208,0.2212
49257740,49248833,1698313920,0.2213,0.2214
49239479,49221639,1698313980,0.2215,0.2218
49277209,49344099,1698314040,0.2218,0.2219
49447749,49594216,1698314100,0.2219,0.2223
49614220,49623320,1698314160,0.2221,0.2227
49791322,50235253,1698314220,0.2226,0.2254
50213918,50316787,1698314280,0.2253,0.2252
50303391,50325569,1698314340,0.2251,0.2251
50374373,50444448,1698314400,0.2251,0.2256
50652025,50776303,1698314460,0.2257,0.2262
50929151,50990884,1698314520,0.2262,0.2256
50999238,50978935,1698314580,0.2255,0.2269
51076034,51213461,1698314640,0.227,0.2263
51241356,51277146,1698314700,0.2264,0.2265
51346243,51276330,1698314760,0.2264,0.2264
51312942,51169414,1698314820,0.2265,0.2253
50983044,50937634,1698314880,0.2254,0.2242
50970069,51099965,1698314940,0.2242,0.2236
51182158,51183163,1698315000,0.2236,0.2239
51201044,51420754,1698315060,0.2239,0.2248
51364616,51390597,1698315120,0.2246,0.2252
51526547,51577449,1698315180,0.2252,0.2254
51615489,51653333,1698315240,0.2254,0.2251
51681577,51732797,1698315300,0.2251,0.2252
51766827,51754837,1698315360,0.2252,0.2257
51829332,51938484,1698315420,0.2257,0.2252
51949635,51910380,1698315480,0.2253,0.225
51923062,51875667,1698315540,0.2251,0.225
51882231,51631589,1698315600,0.2251,0.224
51685255,51632278,1698315660,0.2241,0.224
51646150,51675634,1698315720,0.224,0.2249
51739441,51792616,1698315780,0.2249,0.2258
51760235,51798713,1698315840,0.2257,0.2258
51827495,51918923,1698315900,0.2258,0.2255
51922946,51883199,1698315960,0.2254,0.225
51927927,51975956,1698316020,0.225,0.2255
52005868,51996197,1698316080,0.2255,0.2258
52082839,52135939,1698316140,0.2259,0.2263
52182128,52635863,1698316200,0.2263,0.2295
52594797,52513430,1698316260,0.2296,0.2294
52507560,52653594,1698316320,0.2293,0.2295
52717802,52938204,1698316380,0.2295,0.2299
53128098,53095796,1698316440,0.23,0.2292
52952154,52712312,1698316500,0.2293,0.2303
52726553,52733042,1698316560,0.2302,0.2289
52780488,52815796,1698316620,0.2289,0.2284
52977762,52969025,1698316680,0.2283,0.2284
52980971,52976105,1698316740,0.2283,0.2283
53025616,52914700,1698316800,0.2284,0.2273
52939600,53006950,1698316860,0.2272,0.228
53080442,53154982,1698316920,0.2279,0.228
53183427,53218052,1698316980,0.2279,0.2282
53241559,53250476,1698317040,0.2281,0.227
53239053,53174494,1698317100,0.2271,0.2254
53147900,53146230,1698317160,0.2254,0.2255
53146476,52910219,1698317220,0.2255,0.2242
52515752,52502084,1698317280,0.2243,0.2244
52543362,52609093,1698317340,0.2244,0.2254
52615040,52656079,1698317400,0.2253,0.2257
52640856,52711798,1698317460,0.2256,0.2265
52769796,52790056,1698317520,0.2265,0.2263
52811178,52897424,1698317580,0.2263,0.2269
52915706,52971919,1698317640,0.227,0.2263
52986566,53004555,1698317700,0.2263,0.2263
53000300,53008958,1698317760,0.2262,0.2266
53084339,53118254,1698317820,0.2265,0.2276
53190307,53211392,1698317880,0.2276,0.2282
53241753,53309412,1698317940,0.2282,0.2288
53396488,53375413,1698318000,0.2287,0.2274
53433655,53442808,1698318060,0.2275,0.228
53454426,53644512,1698318120,0.2279,0.229
53827392,53908623,1698318180,0.229,0.229
53945508,53980983,1698318240,0.2291,0.2284
54058978,54031612,1698318300,0.2284,0.2276
54049770,54049770,1698318360,0.2275,0.2283
54075387,54162583,1698318420,0.2283,0.2281
54264237,54326243,1698318480,0.2281,0.2284
54360918,54439674,1698318540,0.2284,0.2286
54534982,54569424,1698318600,0.2286,0.2284
54590065,54707308,1698318660,0.2283,0.2284
54718193,54689857,1698318720,0.2284,0.2289
54746503,54820762,1698318780,0.2288,0.2291
54803912,55072362,1698318840,0.2291,0.2292
55100367,55099736,1698318900,0.2294,0.2324
55276673,55385203,1698318960,0.2324,0.2354
55469613,55622416,1698319020,0.2354,0.2384
55731628,55683523,1698319080,0.2384,0.2388
55731640,55802010,1698319140,0.239,0.2403
55784822,55676680,1698319200,0.2404,0.2415
55631196,55506337,1698319260,0.2413,0.2404
55399510,56073708,1698319320,0.2405,0.2452
56531803,56843012,1698319380,0.2452,0.2444
56832704,56954129,1698319440,0.2444,0.2456
57055393,56589687,1698319500,0.2456,0.2432
56662147,57157106,1698319560,0.2432,0.2489
56831345,56738943,1698319620,0.2488,0.2516
57107506,57430465,1698319680,0.2517,0.2515
58252759,58251155,1698319740,0.2513,0.2516
58110156,58315444,1698319800,0.2515,0.2491
58157210,58247822,1698319860,0.2491,0.2471
58453452,58142191,1698319920,0.2471,0.2453
58380123,58424287,1698319980,0.2454,0.2463
58721549,58578668,1698320040,0.2465,0.2511
58736423,58954998,1698320100,0.2513,0.2507
58601732,58740922,1698320160,0.2507,0.2497
58866054,59385679,1698320220,0.2497,0.2529
59524498,59450221,1698320280,0.2525,0.2505
59321296,58593870,1698320340,0.2502,0.2424
58006490,58293837,1698320400,0.242,0.2417
58196460,57329924,1698320460,0.2418,0.2388
57327193,57502199,1698320520,0.2389,0.2406
57527854,57808221,1698320580,0.2406,0.2414
57901299,58038744,1698320640,0.2414,0.2406
58158206,58370763,1698320700,0.2406,0.2424
58436796,58609127,1698320760,0.2424,0.2446
58684568,58879270,1698320820,0.2447,0.2423
58951601,59013319,1698320880,0.2425,0.2421
59026672,58648623,1698320940,0.242,0.2403
58215913,58316684,1698321000,0.2401,0.2419
58539088,58639644,1698321060,0.2417,0.2435
58906950,58931694,1698321120,0.2434,0.2423
59137267,59144773,1698321180,0.2424,0.2404
59080953,59090265,1698321240,0.2404,0.2407
58995718,59160452,1698321300,0.2406,0.2417
59245440,59364980,1698321360,0.2418,0.2415
59393770,59300028,1698321420,0.2415,0.2423
59079010,59137332,1698321480,0.2423,0.2458
59227802,59223907,1698321540,0.2458,0.2481
59053444,59283604,1698321600,0.2479,0.2464
59343178,59660403,1698321660,0.2465,0.2434
59683031,59871093,1698321720,0.2432,0.2448
59916559,59968341,1698321780,0.2448,0.2456
60078886,59819497,1698321840,0.2456,0.2554
59963806,60795262,1698321900,0.2558,0.2578
60759382,61061618,1698321960,0.2579,0.2562
61441555,61890628,1698322020,0.2562,0.2614
62385559,63553005,1698322080,0.2616,0.2595
64101160,64184186,1698322140,0.2595,0.2567
64546163,64397569,1698322200,0.2565,0.2556
64533934,64721316,1698322260,0.2558,0.2551
64835921,64947660,1698322320,0.2551,0.2565
64990124,64829526,1698322380,0.2566,0.2564
64894353,64858671,1698322440,0.2562,0.2557
64923726,64484996,1698322500,0.2558,0.2526
64223213,63213789,1698322560,0.2528,0.2429
63708733,63633761,1698322620,0.2427,0.244
63986803,63724514,1698322680,0.2438,0.2471
63822317,63943264,1698322740,0.2471,0.247
63956795,64379913,1698322800,0.247,0.2448
64316992,64407715,1698322860,0.2448,0.2426
64370555,64295889,1698322920,0.2426,0.2442
64225166,64145028,1698322980,0.2443,0.2441
64288507,64168823,1698323040,0.2441,0.2493
64021957,64040403,1698323100,0.2493,0.2464
64210974,64344924,1698323160,0.2463,0.2452
64354912,64406510,1698323220,0.2453,0.2459
64440837,64537258,1698323280,0.246,0.2425
64646250,64700678,1698323340,0.2427,0.2426
64742378,64698852,1698323400,0.2425,0.2404
63869672,63720114,1698323460,0.2404,0.2295
63896371,63473760,1698323520,0.2296,0.2183
63883002,63451051,1698323580,0.2182,0.2238
63386469,63547924,1698323640,0.2239,0.2294
63753185,63362501,1698323700,0.2293,0.2299
63184485,63060654,1698323760,0.2299,0.2298
63080104,63095538,1698323820,0.2299,0.2313
63149273,63229980,1698323880,0.2314,0.2321
63513877,63645881,1698323940,0.2321,0.2312
63624599,63705981,1698324000,0.2312,0.2296
63698090,63559074,1698324060,0.2296,0.2358
63503574,62826383,1698324120,0.2358,0.2331
62713735,62691164,1698324180,0.233,0.2342
62819533,62783193,1698324240,0.2342,0.2348
62831676,62842601,1698324300,0.2348,0.2339
62623703,62655959,1698324360,0.2339,0.2354
62677430,62724412,1698324420,0.2354,0.2346
62688531,62830946,1698324480,0.2346,0.2335
62906494,62761519,1698324540,0.2334,0.2306
62903755,62820646,1698324600,0.2306,0.2327
62790466,62766397,1698324660,0.2327,0.232
62666675,62726013,1698324720,0.2321,0.2339
62769099,62776771,1698324780,0.2338,0.2339
62755906,62753292,1698324840,0.234,0.2333
62717459,62814795,1698324900,0.2334,0.2334
62949150,63042336,1698324960,0.2334,0.233
63047208,63047208,1698325020,0.2328,0.2328
63056206,62993663,1698325080,0.2328,0.2342
62977156,62923402,1698325140,0.2341,0.2345
62879743,62929259,1698325200,0.2344,0.2339
62959573,62975660,1698325260,0.2338,0.2331
63025118,62980056,1698325320,0.2331,0.2326
63060353,63062134,1698325380,0.2326,0.2337
63199635,63156428,1698325440,0.2337,0.2337
63048152,63000948,1698325500,0.2338,0.2314
63027716,62998514,1698325560,0.2315,0.232
63009626,62983429,1698325620,0.232,0.2329
62849290,62790887,1698325680,0.2329,0.236
62780753,62913890,1698325740,0.2361,0.2351
62843284,62762307,1698325800,0.235,0.2344
62784056,62781231,1698325860,0.2344,0.2337
62853380,62937533,1698325920,0.2337,0.2346
62929656,62921500,1698325980,0.2347,0.2346
62922947,62914473,1698326040,0.2348,0.2354
62920461,62869040,1698326100,0.2354,0.2349
62870454,62885890,1698326160,0.235,0.2348
62885159,62866200,1698326220,0.2348,0.2355
62917447,62909080,1698326280,0.2354,0.2344
62929423,62946712,1698326340,0.2343,0.2339
62884324,62857938,1698326400,0.2338,0.2343
62877303,62880484,1698326460,0.2342,0.2336
62900403,62922039,1698326520,0.2336,0.2334
62914098,62886835,1698326580,0.2334,0.2324
62826637,62705638,1698326640,0.2325,0.2312
62629637,62631081,1698326700,0.2311,0.2324
62645048,62650610,1698326760,0.2325,0.2326
62527675,62556075,1698326820,0.2326,0.235
62572126,62610523,1698326880,0.235,0.2357
62560703,62529099,1698326940,0.2357,0.2355
62536413,62635663,1698327000,0.2354,0.2347
62637556,62550883,1698327060,0.2349,0.2343
62588254,62686009,1698327120,0.2343,0.2353
62731101,62746873,1698327180,0.2353,0.2351
62826003,62728502,1698327240,0.235,0.2361
62817346,62911735,1698327300,0.2361,0.235
62897592,62844012,1698327360,0.235,0.2338
62855436,62946997,1698327420,0.2338,0.2339
62960469,63123740,1698327480,0.2337,0.2332
63122968,63235591,1698327540,0.233,0.2342
63277598,63348530,1698327600,0.2343,0.2341
63366047,63408036,1698327660,0.234,0.2341
63416902,63506400,1698327720,0.2341,0.2346
63542619,63550209,1698327780,0.2346,0.2353
63504950,63575385,1698327840,0.2353,0.2355
63640673,63745634,1698327900,0.2354,0.235
63754574,63799432,1698327960,0.235,0.2342
63811840,63878628,1698328020,0.2343,0.2331
63935018,64014891,1698328080,0.2332,0.2338
63990427,63982669,1698328140,0.2337,0.2326
64078207,64166921,1698328200,0.2326,0.233
64198474,64219142,1698328260,0.233,0.2333
64254744,64239662,1698328320,0.2334,0.2333
64311589,64359451,1698328380,0.2332,0.233
64419224,64481590,1698328440,0.2329,0.2328
64467379,64507892,1698328500,0.2327,0.2321
64668506,64663557,1698328560,0.232,0.2327
64718614,64727194,1698328620,0.2327,0.233
64802066,64810439,1698328680,0.2331,0.2329
64840546,64860551,1698328740,0.233,0.233
64928727,64943609,1698328800,0.233,0.2328
64919345,64907741,1698328860,0.2328,0.2315
64979656,64460287,1698328920,0.2316,0.2289
64634592,64794066,1698328980,0.2289,0.2293
64971257,64882707,1698329040,0.2293,0.2305
64846105,64910316,1698329100,0.2305,0.2326
64999537,65041882,1698329160,0.2326,0.2328
65198588,65288323,1698329220,0.233,0.2336
65304765,65283989,1698329280,0.2335,0.2336
65359783,65252158,1698329340,0.2337,0.2346
65241026,65354165,1698329400,0.2346,0.2357
65415050,65338193,1698329460,0.2356,0.2382
65400483,65359311,1698329520,0.2383,0.2394
65332823,65391290,1698329580,0.2395,0.2386
65449001,65396036,1698329640,0.2388,0.2389
65453598,65095378,1698329700,0.2389,0.2436
65106872,65111801,1698329760,0.2435,0.2447
65238213,65223059,1698329820,0.2448,0.2451
65380547,65703885,1698329880,0.2451,0.2443
65687661,65664736,1698329940,0.2442,0.2422
65623059,65746255,1698330000,0.2424,0.2431
65808692,65689224,1698330060,0.2431,0.2412
65780052,65826829,1698330120,0.2412,0.2433
65864642,65891834,1698330180,0.2432,0.2435
65992191,66058548,1698330240,0.2434,0.2443
66098627,66072532,1698330300,0.2443,0.2452
66180010,66258571,1698330360,0.245,0.2451
66325174,66291456,1698330420,0.2451,0.2434
66413454,66323307,1698330480,0.2435,0.243
66444402,66379873,1698330540,0.2429,0.2439
66560998,66214989,1698330600,0.244,0.2469
66187306,66200552,1698330660,0.2472,0.2454
66149357,66700241,1698330720,0.2455,0.2496
66749174,66960971,1698330780,0.2495,0.251
66990474,67088865,1698330840,0.251,0.2507
67285361,67158860,1698330900,0.2506,0.2474
67245473,67350800,1698330960,0.2474,0.2499
67475570,67457341,1698331020,0.2501,0.2494
67669602,67460127,1698331080,0.2494,0.2467
66154231,66459401,1698331140,0.2464,0.2412
66613804,66623224,1698331200,0.2412,0.2427
66853009,66853009,1698331260,0.2428,0.2492
67026433,67275397,1698331320,0.249,0.2489
67561334,67692369,1698331380,0.2489,0.2484
67948795,68202349,1698331440,0.2483,0.2507
68227801,68911057,1698331500,0.2508,0.2534
68700463,68889088,1698331560,0.2535,0.2528
68971441,68815149,1698331620,0.2528,0.2515
68884515,69056639,1698331680,0.2516,0.2528
69254243,69452358,1698331740,0.2528,0.2534
69922724,69993758,1698331800,0.2534,0.2519
69992174,70268332,1698331860,0.2518,0.2518
70229419,70345650,1698331920,0.2518,0.2511
70464046,70595791,1698331980,0.2512,0.2508
70688801,70215847,1698332040,0.2508,0.2494
70272838,70264196,1698332100,0.2496,0.2516
70380054,70452127,1698332160,0.2516,0.2527
70581435,70726983,1698332220,0.2527,0.2518
70826104,70859339,1698332280,0.2519,0.2513
70942045,71120289,1698332340,0.2512,0.2509
71266086,70921627,1698332400,0.251,0.25
70923270,71184078,1698332460,0.2499,0.2501
71257928,71194614,1698332520,0.2501,0.2493
71277637,71397267,1698332580,0.2493,0.2497
71651354,71755983,1698332640,0.2496,0.2498
71821718,71842552,1698332700,0.2497,0.248
71746835,71598760,1698332760,0.248,0.2495
71656474,71736834,1698332820,0.2495,0.2493
71638006,71787424,1698332880,0.2493,0.2483
71809088,71917417,1698332940,0.2482,0.2448
71501504,71560060,1698333000,0.2447,0.2452
71558642,71662149,1698333060,0.2452,0.2458
71690059,71644829,1698333120,0.2459,0.2467
71521921,71574152,1698333180,0.2466,0.2475
71664337,71799319,1698333240,0.2474,0.2465
71810544,71819603,1698333300,0.2466,0.2461
71782215,71771143,1698333360,0.2462,0.2494
71708409,71803640,1698333420,0.2493,0.2503
71902092,72008892,1698333480,0.2502,0.2507
72042508,72075630,1698333540,0.2509,0.2509
72004791,72198614,1698333600,0.2508,0.2512
72304478,72285358,1698333660,0.2511,0.2498
72267101,72390038,1698333720,0.2498,0.2497
72434071,71998757,1698333780,0.2497,0.2475
71983479,72231007,1698333840,0.2475,0.2489
72324559,72355265,1698333900,0.2489,0.2479
72386881,72449813,1698333960,0.2479,0.2485
72466307,72163352,1698334020,0.2484,0.2439
71843028,71748593,1698334080,0.2438,0.2447
71754780,71910657,1698334140,0.2448,0.2446
71713368,70685445,1698334200,0.2445,0.2415
70565574,70652917,1698334260,0.2416,0.244
70737194,70962471,1698334320,0.244,0.2459
71000684,71018062,1698334380,0.2459,0.2453
71209387,71264631,1698334440,0.2453,0.2458
71421868,71399869,1698334500,0.2458,0.2467
71548350,71607525,1698334560,0.2467,0.2496
71584127,71769730,1698334620,0.2496,0.2478
71751057,71983253,1698334680,0.2478,0.248
72124797,72010473,1698334740,0.2479,0.2459
72050262,72085573,1698334800,0.2458,0.2479
72216052,72332102,1698334860,0.2478,0.2487
72385446,72464530,1698334920,0.2486,0.249
72408145,72657267,1698334980,0.2488,0.2501
72784104,72942941,1698335040,0.2502,0.2494
73024389,73376690,1698335100,0.2493,0.2494
73461559,73640634,1698335160,0.2493,0.2516
73482741,73466285,1698335220,0.2517,0.2527
73845173,73737351,1698335280,0.2526,0.2515
73844914,73879113,1698335340,0.2515,0.2502
74112141,74144567,1698335400,0.2502,0.2503
74187467,74251666,1698335460,0.2503,0.2505
74296220,74418064,1698335520,0.2505,0.2516
74475694,74580139,1698335580,0.2516,0.2524
74617580,74743154,1698335640,0.2524,0.2505
74666822,74841875,1698335700,0.2505,0.2505
75019765,74780836,1698335760,0.2505,0.2536
74863046,75182213,1698335820,0.2536,0.2521
75254840,75254840,1698335880,0.2524,0.251
75216634,75377539,1698335940,0.2509,0.2509
75645454,75649821,1698336000,0.251,0.2494
75269970,75354410,1698336060,0.2494,0.253
75449328,75461735,1698336120,0.2529,0.2524
75461897,75194489,1698336180,0.2523,0.2509
75151697,74974869,1698336240,0.251,0.2501
74977133,74932001,1698336300,0.2501,0.2497
75014650,75032298,1698336360,0.2498,0.2494
75055899,74305811,1698336420,0.2495,0.2479
74192412,74048304,1698336480,0.2478,0.2471
74215425,74293480,1698336540,0.2471,0.2485
74265080,74275656,1698336600,0.2485,0.2478
74315555,74045526,1698336660,0.2479,0.2495
74365675,74579834,1698336720,0.2495,0.2505
74565060,74668863,1698336780,0.2505,0.2496
74681335,74699168,1698336840,0.2497,0.2487
74707098,74718541,1698336900,0.2486,0.2491
74742651,74856747,1698336960,0.249,0.2501
74919535,74945027,1698337020,0.2501,0.2507
74967754,74938480,1698337080,0.2507,0.2504
74888741,75028902,1698337140,0.2506,0.2503
75026153,74756111,1698337200,0.2504,0.2485
74806900,74636736,1698337260,0.2486,0.248
74649128,74681539,1698337320,0.2479,0.2479
74681144,74608963,1698337380,0.248,0.2489
74629672,74655659,1698337440,0.249,0.2487
74689580,74671492,1698337500,0.2487,0.2481
74689996,74635851,1698337560,0.248,0.2496
74681909,74770159,1698337620,0.2496,0.2487
74702850,74735656,1698337680,0.2487,0.2487
74778629,74774807,1698337740,0.2488,0.2481
74825004,74873929,1698337800,0.2481,0.2479
74975302,74957783,1698337860,0.2478,0.2487
74936884,74864675,1698337920,0.2488,0.2505
75033577,75114041,1698337980,0.2506,0.2496
75148336,75198721,1698338040,0.2496,0.2491
75152191,75121123,1698338100,0.249,0.2486
75116747,75146631,1698338160,0.2487,0.2477
75117008,75120370,1698338220,0.2477,0.2477
75119778,74826189,1698338280,0.2477,0.2485
74763209,75137527,1698338340,0.2484,0.2495
75189341,75188538,1698338400,0.2495,0.2497
75236421,75265989,1698338460,0.2497,0.2487
75271698,75281552,1698338520,0.2488,0.2486
75273867,75206465,1698338580,0.2485,0.2478
75225637,75232297,1698338640,0.2478,0.247
75166906,75264863,1698338700,0.2471,0.2475
75325415,75409128,1698338760,0.2474,0.2474
75055007,75195407,1698338820,0.2475,0.2467
75230787,75251178,1698338880,0.2467,0.2463
75169434,75165384,1698338940,0.2463,0.2475
75163621,75190284,1698339000,0.2474,0.2463
75227492,75158079,1698339060,0.2464,0.2453
75099747,74692009,1698339120,0.2452,0.2438
74672833,74622599,1698339180,0.2439,0.243
74679957,74798778,1698339240,0.243,0.2437
74823667,74915901,1698339300,0.2438,0.2441
74928795,74963848,1698339360,0.2442,0.2446
74847509,74913079,1698339420,0.2447,0.2444
74891897,74859775,1698339480,0.2444,0.2449
74604137,74581484,1698339540,0.2448,0.2442
74602483,74661237,1698339600,0.2441,0.2445
74614287,74626212,1698339660,0.2444,0.2456
74596627,74531348,1698339720,0.2457,0.247
74448253,74435010,1698339780,0.2469,0.2467
74444860,74535364,1698339840,0.2467,0.247
74558023,74551734,1698339900,0.2471,0.2457
74513878,74480966,1698339960,0.2457,0.245
74632413,74676503,1698340020,0.2451,0.2446
74753204,74717673,1698340080,0.2446,0.2445
74717673,74717673,1698340140,0.2445,0.244
