"OI_open","OI_close","timestamp","price_open","price_close"
120692600,120985300,1698190080,0.016466,0.016437
120985300,120986600,1698190140,0.016442,0.016427
120986600,121198600,1698190200,0.016436,0.016467
121198400,121221100,1698190260,0.016475,0.016544
121221100,121290600,1698190320,0.016523,0.016535
121283700,121325900,1698190380,0.016544,0.016568
121328000,121576600,1698190440,0.01656,0.016551
121605400,121586500,1698190500,0.016544,0.016549
121586500,121609200,1698190560,0.016549,0.016529
121610100,121582600,1698190620,0.016523,0.016529
121585600,121614000,1698190680,0.016525,0.016524
121614000,121633300,1698190740,0.016521,0.016531
121633300,121632900,1698190800,0.01652,0.016519
121633600,121614400,1698190860,0.016515,0.016487
121614900,121772000,1698190920,0.016484,0.016499
121772000,121856100,1698190980,0.016482,0.016483
121856100,121795400,1698191040,0.016479,0.01649
121795400,121830600,1698191100,0.01649,0.01657
121852000,121779000,1698191160,0.016576,0.016621
121757200,121756200,1698191220,0.016614,0.016576
121756200,121698900,1698191280,0.016575,0.016608
121685000,121548000,1698191340,0.016609,0.01661
121548000,121778800,1698191400,0.016596,0.016603
121778800,121798800,1698191460,0.016604,0.01659
121798800,121784100,1698191520,0.016589,0.016558
121784100,121772900,1698191580,0.016554,0.016515
121774600,121821300,1698191640,0.016515,0.016458
121837500,121919100,1698191700,0.016465,0.016482
121919100,121925200,1698191760,0.016486,0.0165
121925200,121831500,1698191820,0.016512,0.016561
121828800,121775600,1698191880,0.016549,0.016569
121775900,121719200,1698191940,0.016572,0.016565
121719300,121869600,1698192000,0.016555,0.01659
121869600,121957200,1698192060,0.016593,0.016503
122031300,122330600,1698192120,0.016498,0.016472
122432700,122379100,1698192180,0.016466,0.016526
122366500,122320800,1698192240,0.01653,0.01655
122318400,122297300,1698192300,0.016561,0.016555
122297300,122394300,1698192360,0.016554,0.016572
122394300,122424200,1698192420,0.016572,0.016554
122424000,122489500,1698192480,0.016555,0.016613
122479500,122448800,1698192540,0.016612,0.016558
122448800,122636500,1698192600,0.016551,0.016544
122648500,122552700,1698192660,0.016537,0.016542
122552700,122867100,1698192720,0.016534,0.01653
122867100,122883700,1698192780,0.016523,0.016519
122883700,122999100,1698192840,0.01651,0.01654
122999100,122953300,1698192900,0.016528,0.016544
122946300,122918500,1698192960,0.016532,0.01658
122919400,123038200,1698193020,0.016579,0.016593
123050100,122919600,1698193080,0.016589,0.016622
122919600,123183200,1698193140,0.016625,0.016598
123189700,123172700,1698193200,0.016604,0.016601
123172700,123655100,1698193260,0.01658,0.016544
123655100,123734500,1698193320,0.016538,0.016527
123734500,123751200,1698193380,0.016528,0.016533
123737900,123764200,1698193440,0.01654,0.016544
123764200,123545000,1698193500,0.016549,0.016594
123545000,123441400,1698193560,0.016592,0.016583
123441400,123438400,1698193620,0.016589,0.016588
123438400,123472100,1698193680,0.016591,0.016521
123443700,123313300,1698193740,0.016502,0.016524
123295500,123293100,1698193800,0.016524,0.01658
123284300,123346400,1698193860,0.016588,0.01649
123502400,124081800,1698193920,0.0165,0.016481
124081800,124166500,1698193980,0.016481,0.016505
124161200,124355000,1698194040,0.016497,0.016443
124356100,124606800,1698194100,0.016434,0.016441
124606800,124829900,1698194160,0.016448,0.016484
124826700,124845400,1698194220,0.01648,0.016546
124831800,124770200,1698194280,0.016553,0.016587
124770200,124674400,1698194340,0.016574,0.016586
124674400,124728000,1698194400,0.016577,0.016587
124726300,124640500,1698194460,0.016584,0.016547
124638900,124658700,1698194520,0.016537,0.016601
124657400,124600300,1698194580,0.016597,0.016596
124609700,124598900,1698194640,0.016584,0.016584
124598900,124667500,1698194700,0.01658,0.016549
124667500,124769700,1698194760,0.016544,0.016629
124769700,124679800,1698194820,0.016623,0.016722
124677800,124695100,1698194880,0.016728,0.016735
124695100,124513200,1698194940,0.016742,0.016783
124513200,124645900,1698195000,0.016787,0.016746
124645900,124489900,1698195060,0.016741,0.016713
124489900,124461300,1698195120,0.016716,0.016761
124461300,124370800,1698195180,0.016763,0.016741
124370800,124490900,1698195240,0.016742,0.016822
124458900,124452400,1698195300,0.016816,0.016782
124437600,124294000,1698195360,0.016783,0.016819
124295000,124225600,1698195420,0.016822,0.016803
124225600,124406800,1698195480,0.016804,0.016876
124391400,124355800,1698195540,0.016877,0.016857
124237000,123952800,1698195600,0.016856,0.016855
123977900,123818000,1698195660,0.01685,0.016883
123818000,123804500,1698195720,0.016868,0.016871
123789000,123815000,1698195780,0.016866,0.016815
123815000,123767900,1698195840,0.016816,0.016788
123752400,123618600,1698195900,0.016781,0.016838
123612600,123831500,1698195960,0.016827,0.016877
123804400,123842900,1698196020,0.016878,0.016817
123860600,123916600,1698196080,0.016823,0.016856
123916600,124090400,1698196140,0.016865,0.016872
124096100,124253700,1698196200,0.016875,0.016853
124244300,124167600,1698196260,0.016855,0.016891
124167600,124152100,1698196320,0.016902,0.016925
124152100,124159400,1698196380,0.01691,0.016931
124159400,124259400,1698196440,0.016947,0.01696
124244600,124352900,1698196500,0.016963,0.016932
124325100,124150400,1698196560,0.016928,0.016988
124150400,124173500,1698196620,0.016966,0.016962
124173500,124082600,1698196680,0.016963,0.016996
124060900,124075300,1698196740,0.016995,0.016992
124075300,124239400,1698196800,0.017002,0.017005
124210100,124363200,1698196860,0.017008,0.01706
124363200,124246600,1698196920,0.017054,0.016995
124239800,123986100,1698196980,0.017009,0.017002
123983000,123816300,1698197040,0.017002,0.01696
123809400,123830100,1698197100,0.016968,0.016895
123830100,123677800,1698197160,0.016902,0.016893
123677800,123523700,1698197220,0.016896,0.016901
123523700,123529900,1698197280,0.016907,0.016939
123529900,123476200,1698197340,0.01694,0.016928
123458900,123484700,1698197400,0.01693,0.016902
123484300,123542000,1698197460,0.016902,0.016913
123542000,123434400,1698197520,0.016915,0.016874
123434400,123414300,1698197580,0.016866,0.016884
123463700,123514100,1698197640,0.016884,0.01696
123514100,123594100,1698197700,0.016964,0.016994
123593500,123809500,1698197760,0.016985,0.017017
123792500,123762200,1698197820,0.017015,0.017011
123758700,123633700,1698197880,0.017006,0.016948
123633700,123661400,1698197940,0.016951,0.016932
123661400,123637200,1698198000,0.016944,0.016944
123637200,123574500,1698198060,0.016942,0.017014
123572700,123662700,1698198120,0.017017,0.017015
123663100,123728900,1698198180,0.017004,0.017032
123728900,123931000,1698198240,0.01702,0.016999
123931000,123837100,1698198300,0.017009,0.016967
123806600,123845500,1698198360,0.01698,0.016954
123845300,123680000,1698198420,0.016946,0.016933
123679700,123610600,1698198480,0.016931,0.016978
123610600,123750800,1698198540,0.016971,0.016937
123750600,123761000,1698198600,0.01694,0.016923
123761000,123777200,1698198660,0.016918,0.016908
123774700,123738700,1698198720,0.016905,0.016902
123738700,123736300,1698198780,0.016902,0.016941
123882900,123906800,1698198840,0.016933,0.01695
123906800,123894900,1698198900,0.016936,0.017002
123894900,123857200,1698198960,0.016998,0.016977
123857200,123807100,1698199020,0.016977,0.016978
123807100,123799600,1698199080,0.01697,0.016957
123799600,123773600,1698199140,0.01695,0.016938
123780200,123735000,1698199200,0.016937,0.016894
123735000,123694900,1698199260,0.016879,0.016881
123835100,123826800,1698199320,0.016881,0.01689
123826800,123804500,1698199380,0.016877,0.016864
123893600,123918300,1698199440,0.016864,0.016876
123918300,123872800,1698199500,0.016866,0.016959
123872800,123832200,1698199560,0.016948,0.016962
123832200,123831100,1698199620,0.016953,0.01687
123829900,123935900,1698199680,0.016877,0.016925
123935900,123876700,1698199740,0.016924,0.016949
123876700,124103400,1698199800,0.016947,0.016916
124103400,124072300,1698199860,0.01692,0.016903
124072300,123856000,1698199920,0.016901,0.016847
123851400,123864600,1698199980,0.016849,0.016859
123864600,123843100,1698200040,0.016861,0.016821
123843100,123855700,1698200100,0.016839,0.016867
123855700,123843600,1698200160,0.016862,0.016863
123843600,123872700,1698200220,0.016873,0.016831
123927400,123964000,1698200280,0.016826,0.016809
123935600,123913600,1698200340,0.016813,0.016829
123894600,123879200,1698200400,0.016828,0.016794
123879200,123835000,1698200460,0.016793,0.016811
123829300,123847700,1698200520,0.016806,0.016759
123847700,123766600,1698200580,0.016751,0.016785
123765800,123701500,1698200640,0.016798,0.016839
123701500,123696800,1698200700,0.016831,0.016783
123696800,123843800,1698200760,0.016776,0.016692
123821500,123798000,1698200820,0.016697,0.016677
123794300,123716200,1698200880,0.016675,0.016653
123698700,123498200,1698200940,0.016643,0.016618
123367900,123264800,1698201000,0.016608,0.016626
123264800,123258900,1698201060,0.016626,0.016671
123258900,123185900,1698201120,0.016656,0.016708
123185900,123037000,1698201180,0.01671,0.016767
123036700,123122000,1698201240,0.016767,0.016766
123105000,123171000,1698201300,0.016775,0.016735
123171000,122965200,1698201360,0.016734,0.016684
122965000,122881400,1698201420,0.016685,0.016744
122861600,122859100,1698201480,0.01674,0.016697
122847600,122842800,1698201540,0.01669,0.016714
122842800,122773900,1698201600,0.016712,0.016732
122773000,122761500,1698201660,0.016738,0.016687
122761500,122764400,1698201720,0.016682,0.01674
122764400,122744300,1698201780,0.01672,0.016683
122744300,122745500,1698201840,0.016708,0.016688
122745500,122627900,1698201900,0.016696,0.016715
122627600,122672800,1698201960,0.016724,0.016787
122672800,122648200,1698202020,0.016776,0.01678
122648200,122735900,1698202080,0.01678,0.016846
122724100,122663900,1698202140,0.016844,0.016833
122663900,122690600,1698202200,0.016832,0.016815
122711700,122670500,1698202260,0.016819,0.016787
122670500,122679800,1698202320,0.016786,0.016829
122679800,122619300,1698202380,0.016822,0.016874
122666300,122764600,1698202440,0.016875,0.016888
122764600,122557700,1698202500,0.016875,0.016862
122603500,122618900,1698202560,0.016845,0.016834
122605700,122555700,1698202620,0.016842,0.016847
122555700,122584600,1698202680,0.016844,0.016836
122584600,122559500,1698202740,0.016842,0.016868
122559500,122588000,1698202800,0.016856,0.016889
122588000,122672400,1698202860,0.016876,0.016873
122693100,122773100,1698202920,0.016872,0.016841
122785300,122803400,1698202980,0.016833,0.016796
122789100,122636000,1698203040,0.016791,0.01676
122643200,122630000,1698203100,0.016763,0.016776
122630000,122607800,1698203160,0.016771,0.01682
122605600,122643500,1698203220,0.016819,0.016867
122641700,122667400,1698203280,0.016868,0.016865
122679900,122651600,1698203340,0.016868,0.016862
122651600,122523300,1698203400,0.016869,0.016786
122523300,122525500,1698203460,0.01679,0.016769
122525400,122574700,1698203520,0.016761,0.01675
122550900,122460100,1698203580,0.016739,0.016768
122462800,122383900,1698203640,0.016768,0.016764
122383900,122366700,1698203700,0.016767,0.016782
122357400,122294700,1698203760,0.016783,0.016804
122296500,122262400,1698203820,0.016803,0.016777
122262300,122257700,1698203880,0.01679,0.016763
122257700,122153500,1698203940,0.016776,0.016774
122153500,122032900,1698204000,0.016799,0.016752
122032900,122080700,1698204060,0.016755,0.016747
122080700,122129300,1698204120,0.016753,0.016791
122129000,122003800,1698204180,0.016796,0.016733
122003800,121881900,1698204240,0.016734,0.016692
121881900,121831100,1698204300,0.016703,0.016716
121840600,121838800,1698204360,0.016715,0.016677
121838400,121891700,1698204420,0.016687,0.0167
121920200,121876000,1698204480,0.016694,0.01671
121876000,121825600,1698204540,0.016719,0.016745
121821200,121799700,1698204600,0.016748,0.016734
121799700,121792500,1698204660,0.016732,0.016785
121792500,121771400,1698204720,0.016783,0.016829
121771400,121788400,1698204780,0.016807,0.016819
121788400,121772500,1698204840,0.016814,0.016823
121772500,121790900,1698204900,0.016822,0.016789
121790900,121820100,1698204960,0.016794,0.016771
121820100,121817500,1698205020,0.016775,0.016776
121817500,121818500,1698205080,0.016774,0.016786
121816400,121754500,1698205140,0.016775,0.016749
121754500,121784400,1698205200,0.016749,0.016752
121784400,121730100,1698205260,0.016748,0.016706
121730100,121658300,1698205320,0.016705,0.016666
121658300,121689300,1698205380,0.016662,0.016746
121679100,121675500,1698205440,0.016743,0.016794
121666500,121479200,1698205500,0.016795,0.016795
121479200,121494800,1698205560,0.0168,0.016777
121584900,121561500,1698205620,0.016777,0.016748
121561500,121559700,1698205680,0.016751,0.016733
121559700,121914700,1698205740,0.016741,0.016767
121914700,121949700,1698205800,0.016756,0.016749
122158400,122243400,1698205860,0.016748,0.016741
122243400,122269200,1698205920,0.01674,0.01674
122269200,122269200,1698205980,0.016742,0.016722
122269200,122260600,1698206040,0.016711,0.016732
122260600,122270300,1698206100,0.016729,0.016761
122270300,122203500,1698206220,0.01676,0.0168
122203500,122173700,1698206280,0.016791,0.016778
122173700,122174500,1698206340,0.016777,0.016784
122174500,122162400,1698206400,0.016799,0.016824
122177100,122169600,1698206460,0.016825,0.016832
122149600,122043100,1698206520,0.016833,0.016839
122043100,122049800,1698206580,0.016839,0.016839
122049800,121895100,1698206640,0.01684,0.016827
121895100,121867900,1698206700,0.016814,0.016791
121881500,121879900,1698206760,0.01679,0.016757
121879900,121747400,1698206820,0.016759,0.016812
121747400,121672200,1698206880,0.016802,0.01685
121672200,121648900,1698206940,0.01685,0.016882
121643800,121608500,1698207000,0.016883,0.016872
121608500,121613300,1698207060,0.016855,0.016851
121613300,121620700,1698207120,0.016852,0.016828
121614400,121624300,1698207180,0.016827,0.016769
121624300,121629400,1698207240,0.016759,0.016722
121629400,121416100,1698207300,0.016722,0.016686
121416100,121502300,1698207360,0.016695,0.016695
121503300,121293200,1698207420,0.016689,0.016665
121358700,121540600,1698207480,0.016662,0.016654
121540600,121608800,1698207540,0.016662,0.016683
121608800,121657600,1698207600,0.016684,0.016689
121657600,121609400,1698207660,0.016724,0.016751
121609400,121085800,1698207720,0.016747,0.016829
121084400,120822400,1698207780,0.016838,0.016848
120810700,120575600,1698207840,0.016848,0.016824
120575600,120422100,1698207900,0.016829,0.016817
120393100,120197800,1698207960,0.016813,0.016825
120214700,120117000,1698208020,0.016829,0.016831
120117000,120127600,1698208080,0.016836,0.016864
120127600,120059200,1698208140,0.016858,0.016878
120059200,119996000,1698208200,0.016882,0.01686
119996000,119879800,1698208260,0.016853,0.016845
119879800,120031200,1698208320,0.01684,0.016896
120031200,120044600,1698208380,0.016891,0.016896
120044600,119925600,1698208440,0.016891,0.016856
119908000,119908400,1698208500,0.016858,0.016884
119908400,119994000,1698208560,0.016877,0.016882
120009700,119970600,1698208620,0.016892,0.016904
119970600,119951900,1698208680,0.016905,0.016897
119951900,119869000,1698208740,0.01689,0.016906
119869000,119815800,1698208800,0.016909,0.016918
119815800,119810400,1698208860,0.016916,0.016908
119810400,119738100,1698208920,0.016918,0.016935
119738100,119773100,1698208980,0.016945,0.016947
119753600,119985000,1698209040,0.016953,0.016929
119985000,119721800,1698209100,0.016935,0.016949
119721800,119888800,1698209160,0.016955,0.017005
120051200,119901300,1698209220,0.017005,0.01697
119835500,119818800,1698209280,0.016975,0.016975
119818800,119834900,1698209340,0.016991,0.016996
119834900,120208800,1698209400,0.016986,0.016998
120208800,120181500,1698209460,0.016995,0.016999
120181500,120168400,1698209520,0.017013,0.016991
120168400,120103500,1698209580,0.016994,0.017028
120104000,120105600,1698209640,0.017029,0.01701
120105600,119966500,1698209700,0.017018,0.017019
119966500,120126700,1698209760,0.017024,0.017
120126700,120031400,1698209820,0.016994,0.016998
120031400,119993100,1698209880,0.017,0.017002
119992700,120078900,1698209940,0.017004,0.017036
120078900,120075400,1698210000,0.017028,0.017005
120001900,120143300,1698210060,0.017,0.016967
120143300,120160900,1698210120,0.016963,0.017037
120160900,119850600,1698210180,0.017039,0.01706
119850600,119942900,1698210240,0.017053,0.016998
119942900,120061500,1698210300,0.016997,0.016958
119962400,119686900,1698210360,0.016949,0.016951
119686900,119630900,1698210420,0.016952,0.016996
119637200,119722800,1698210480,0.016982,0.016987
119722800,119698400,1698210540,0.016967,0.016969
119705200,119784700,1698210600,0.016963,0.017033
119784400,119671800,1698210660,0.017027,0.017032
119677700,119638400,1698210720,0.017031,0.017018
119638400,119627200,1698210780,0.017019,0.017018
119627200,119680400,1698210840,0.01701,0.016993
119680400,119657300,1698210900,0.016992,0.016937
119657300,120050600,1698210960,0.016936,0.016872
120038300,119916900,1698211020,0.016878,0.016878
119922500,120168900,1698211080,0.016879,0.01692
120168900,120200600,1698211140,0.0169,0.016897
120200600,119820600,1698211200,0.016895,0.01681
119814000,119728100,1698211260,0.016813,0.016877
119695000,119605300,1698211320,0.01688,0.016831
119605300,119613200,1698211380,0.016832,0.016817
119613200,119677800,1698211440,0.016829,0.016831
119677800,119600200,1698211500,0.016828,0.016776
119600200,119539100,1698211620,0.016826,0.016792
119534500,119522500,1698211680,0.016784,0.016827
119522500,119481500,1698211740,0.016824,0.016806
119476500,119470000,1698211800,0.016805,0.016787
119499000,119471700,1698211860,0.01679,0.016782
119510600,119522300,1698211920,0.016778,0.016758
119505800,119432100,1698211980,0.016753,0.016771
119432100,119434600,1698212040,0.016772,0.016762
119434600,119462400,1698212100,0.016774,0.016773
119462400,119613100,1698212160,0.016773,0.016756
119614100,119615900,1698212220,0.016755,0.01673
119611700,119632600,1698212280,0.016735,0.01672
119632600,119511900,1698212340,0.016716,0.016707
119493100,119457400,1698212400,0.0167,0.016682
119457400,119465200,1698212460,0.016681,0.016674
119465200,119472400,1698212520,0.016664,0.016658
119472400,119341800,1698212580,0.016655,0.016616
119265700,119279000,1698212640,0.016621,0.016608
119278300,119313900,1698212700,0.016608,0.016652
119313600,119488500,1698212760,0.016655,0.016646
119487300,119429800,1698212820,0.016644,0.016634
119429800,119398700,1698212880,0.016631,0.016621
119398700,119361500,1698212940,0.016625,0.016641
118958900,118973600,1698213000,0.016628,0.016588
118850000,118707600,1698213060,0.01659,0.01659
118838700,118949600,1698213120,0.016585,0.016629
118949600,118994900,1698213180,0.016627,0.016628
119003600,119040200,1698213240,0.016614,0.016626
119040200,119105000,1698213300,0.016626,0.016611
119105000,119209400,1698213420,0.016599,0.016591
119209400,119229200,1698213480,0.016591,0.016595
119229200,119172700,1698213540,0.016605,0.016604
119109300,118961300,1698213600,0.016602,0.016655
118961300,119173600,1698213660,0.016662,0.016704
119173600,119152100,1698213720,0.016696,0.016677
119152100,119476900,1698213780,0.016692,0.016753
119476900,119444800,1698213840,0.016742,0.016781
119437800,119330300,1698213900,0.016768,0.016727
119237900,119283900,1698213960,0.016733,0.01677
119283900,119223100,1698214020,0.016764,0.016747
119223100,119218500,1698214080,0.016754,0.016754
119209500,119139100,1698214140,0.016747,0.016731
119139100,119115600,1698214200,0.016747,0.016771
119115600,119097700,1698214260,0.016762,0.01676
119097700,119157800,1698214320,0.016763,0.0168
119156900,120163600,1698214380,0.016798,0.016891
120163600,119829100,1698214440,0.016891,0.016843
119829100,119861300,1698214500,0.016834,0.016839
119861300,119840300,1698214560,0.016845,0.016815
119840300,119973200,1698214620,0.01682,0.016774
119976500,119921500,1698214680,0.016773,0.016819
119921500,119906800,1698214740,0.01682,0.016836
119906800,119850500,1698214800,0.016827,0.016781
119850500,119779100,1698214860,0.016779,0.016814
119766200,119731500,1698214920,0.016817,0.016842
119731500,120905300,1698214980,0.016834,0.016876
120888800,120778000,1698215040,0.016877,0.016888
120778000,120742800,1698215100,0.016889,0.016906
120742800,120700700,1698215220,0.016905,0.0169
120700700,120712800,1698215280,0.0169,0.016928
120712800,120729700,1698215340,0.016926,0.016927
120729700,120685400,1698215400,0.016926,0.016936
120685400,120602400,1698215460,0.016933,0.016924
120602400,120433600,1698215520,0.016923,0.016934
120433600,120432600,1698215580,0.016928,0.016955
120432600,120425000,1698215640,0.01695,0.01693
120425000,120243000,1698215700,0.016925,0.016939
120243000,120221300,1698215760,0.016935,0.016974
120218300,120258300,1698215820,0.01698,0.016984
120258300,120370400,1698215880,0.016981,0.016959
120370400,120386000,1698215940,0.016959,0.016992
120376100,120456900,1698216000,0.016996,0.01701
120456900,120397900,1698216060,0.017006,0.017007
120397900,120236200,1698216120,0.017012,0.01693
120261400,120245300,1698216180,0.016929,0.016943
120245300,120097100,1698216240,0.016944,0.016988
120097100,120033100,1698216300,0.016977,0.016945
120033100,119937400,1698216360,0.016944,0.016939
119937400,120026600,1698216420,0.016934,0.016953
120026600,120018900,1698216480,0.016952,0.016916
120018900,120034800,1698216540,0.016921,0.016921
120034800,120085600,1698216600,0.016932,0.016855
120085600,119960600,1698216660,0.01686,0.016848
119960600,119955800,1698216720,0.016846,0.01682
119955800,119922800,1698216780,0.016824,0.016852
119921000,119888300,1698216840,0.016852,0.016863
119890800,119882400,1698216960,0.016867,0.016875
119882400,119881400,1698217020,0.016854,0.016866
119881400,119896700,1698217080,0.016871,0.016822
119896700,120326500,1698217140,0.016821,0.016857
120338200,120607300,1698217200,0.016852,0.016824
120619700,119975100,1698217260,0.016818,0.01676
119975100,122220500,1698217320,0.016762,0.016796
122272200,122284300,1698217380,0.016799,0.0168
122284300,120022300,1698217440,0.016799,0.016781
120034600,120053600,1698217500,0.016776,0.016781
120053600,120075300,1698217560,0.016781,0.016787
120087800,120314100,1698217620,0.016795,0.016838
120314100,120407700,1698217680,0.016821,0.016828
120407700,120375200,1698217740,0.016832,0.016836
120375200,120350800,1698217800,0.016833,0.016854
120350400,120440000,1698217860,0.016853,0.016853
120440000,120357400,1698217920,0.016846,0.01678
120341800,120251400,1698217980,0.016768,0.016757
120251400,120213600,1698218040,0.016759,0.016769
120205900,120180000,1698218100,0.016762,0.016713
120180000,120110000,1698218160,0.016725,0.01674
120109000,120081200,1698218220,0.01674,0.016716
120093000,120104600,1698218280,0.016707,0.016715
120104600,120056600,1698218340,0.016719,0.016744
120056600,120163100,1698218400,0.016738,0.016722
120163100,120052100,1698218460,0.016715,0.016674
120049000,119892200,1698218520,0.016672,0.016617
119005000,118991500,1698218640,0.016554,0.016558
118989600,118974700,1698218700,0.016559,0.016533
118973500,118985600,1698218760,0.01653,0.016541
118985600,118978800,1698218820,0.016531,0.016509
118978800,119299400,1698218880,0.016516,0.01649
119275200,119078700,1698218940,0.016489,0.016424
119052600,118808500,1698219000,0.016426,0.016503
118759000,118732400,1698219060,0.016502,0.016538
118732400,118895000,1698219120,0.016543,0.01658
118858700,118902500,1698219180,0.016585,0.01659
118902500,118764400,1698219240,0.016585,0.016577
118762200,118917500,1698219300,0.016567,0.016528
118917500,118978000,1698219360,0.01654,0.01656
118976200,118771600,1698219420,0.016554,0.016517
118773000,118198500,1698219480,0.016507,0.016446
118194800,118100000,1698219540,0.016446,0.016411
118094200,118119500,1698219600,0.016418,0.016423
118119500,118013200,1698219660,0.016422,0.016294
117665300,117772200,1698219720,0.016295,0.016374
117821000,117928100,1698219780,0.016369,0.016308
117750600,115785100,1698219840,0.016304,0.016274
115693300,117473800,1698219900,0.016274,0.016399
117489500,117018500,1698219960,0.016391,0.016262
116886800,116681600,1698220020,0.016255,0.016393
116677000,116633600,1698220080,0.0164,0.016358
116633600,116587400,1698220140,0.016353,0.016289
116585800,116452200,1698220200,0.016292,0.016344
116452200,116422600,1698220260,0.016344,0.016276
116472500,116523200,1698220320,0.016288,0.016323
116523200,116616700,1698220380,0.01633,0.016373
116616700,116712800,1698220440,0.01638,0.016375
116711800,116782800,1698220500,0.016373,0.016388
116782800,116760300,1698220560,0.016387,0.016357
116760300,116753700,1698220620,0.016372,0.016359
116753700,116847300,1698220680,0.01637,0.016338
116905500,116950700,1698220740,0.016348,0.016382
116939300,116916500,1698220800,0.016384,0.016427
116915400,116903800,1698220860,0.01643,0.016352
116903300,116902800,1698220920,0.016344,0.016318
116938700,116897800,1698220980,0.016322,0.016279
116881900,116891800,1698221040,0.01628,0.016287
116891800,116706100,1698221100,0.016292,0.016358
116706100,116702700,1698221160,0.016353,0.016356
116702700,116657700,1698221220,0.01635,0.01633
116658500,116896800,1698221280,0.016324,0.016325
116900200,116912000,1698221340,0.016316,0.016318
116914400,116888700,1698221400,0.016324,0.016375
118130300,118123700,1698221580,0.016292,0.01629
118127100,117887400,1698221640,0.016307,0.016186
117876200,118531800,1698221700,0.016179,0.015889
118802800,118448800,1698221760,0.015905,0.016031
118520900,118579000,1698221820,0.016037,0.016068
118579000,118519300,1698221880,0.016068,0.01603
117639900,117614400,1698222060,0.016099,0.016102
117610300,117556500,1698222120,0.016103,0.016033
117531600,117474000,1698222180,0.016051,0.016065
117474000,117410400,1698222240,0.016068,0.016086
117411600,117510900,1698222300,0.01609,0.016105
117462400,117414000,1698222420,0.016095,0.016044
117412100,117364700,1698222480,0.016045,0.016085
117364700,117450600,1698222540,0.016086,0.016152
117477800,117263000,1698222600,0.016152,0.016147
117278100,117293600,1698222660,0.016156,0.016168
117350000,117263200,1698222720,0.016165,0.016216
117258200,117236500,1698222780,0.016201,0.016186
117236500,117276100,1698222840,0.016199,0.016233
117276100,117266500,1698222900,0.016233,0.016221
117266500,117269700,1698222960,0.016235,0.016256
117270700,117254800,1698223020,0.016256,0.016248
117309700,117238600,1698223080,0.016246,0.016265
117253100,117274200,1698223140,0.016263,0.016255
117273100,117205100,1698223200,0.016256,0.016254
117205100,117234900,1698223260,0.016255,0.016264
117226600,117198400,1698223320,0.016264,0.016295
117198400,117186500,1698223380,0.01629,0.016298
117186500,117130200,1698223440,0.016288,0.016272
117130200,117222900,1698223500,0.016267,0.016261
117222900,117161600,1698223560,0.016256,0.016267
117159400,117127700,1698223620,0.016265,0.016256
117127700,117322300,1698223680,0.016246,0.016253
117322300,117367600,1698223740,0.016253,0.016256
117367600,117362700,1698223800,0.016266,0.016288
117358300,117328600,1698223860,0.016288,0.016272
117328600,117282300,1698223920,0.016281,0.016307
117271300,117238300,1698223980,0.016304,0.01628
117243000,117161800,1698224040,0.016283,0.016299
117161800,117163600,1698224100,0.016295,0.016334
117163600,117200800,1698224160,0.016329,0.01633
117192200,117200500,1698224220,0.016334,0.016317
117200500,117209800,1698224280,0.016332,0.016356
117218700,117200000,1698224340,0.01635,0.016374
117198100,117173200,1698224400,0.016386,0.016294
117218200,117089000,1698224460,0.016298,0.016239
117076000,117160100,1698224520,0.01625,0.016266
117160100,117138000,1698224580,0.016258,0.016272
117138000,117299400,1698224640,0.016272,0.016255
117299400,117398700,1698224700,0.016271,0.016292
117398700,117393700,1698224760,0.016294,0.016283
117393700,117406600,1698224820,0.016296,0.016344
117406600,117313200,1698224880,0.016338,0.016367
117313200,117257800,1698224940,0.016354,0.016377
117256100,117217800,1698225000,0.016372,0.016362
117217800,117097600,1698225060,0.016373,0.016359
117097600,117081300,1698225120,0.016364,0.01636
117062200,117033300,1698225180,0.016379,0.016388
117033300,116979500,1698225240,0.016381,0.01639
116974800,116879700,1698225300,0.016386,0.016374
116879700,116803300,1698225360,0.016376,0.016363
116803300,116734200,1698225420,0.016371,0.016367
116734200,116729200,1698225480,0.016365,0.016351
116729200,116708900,1698225540,0.01635,0.016354
116708900,116698300,1698225600,0.01635,0.016347
116696500,116603200,1698225660,0.016338,0.016328
116515900,116418300,1698225720,0.016328,0.016366
116418300,116432100,1698225780,0.01637,0.01638
116452400,116453100,1698225840,0.016367,0.016375
116453100,116389400,1698225900,0.016366,0.016348
116389400,116368200,1698225960,0.01636,0.01639
116368200,116338000,1698226020,0.016387,0.016358
116338000,116347100,1698226080,0.016364,0.016391
116546400,116550200,1698226140,0.016373,0.016401
116550200,116476500,1698226200,0.016403,0.016396
116476500,116453700,1698226260,0.016391,0.016406
116453700,116484700,1698226320,0.0164,0.016357
116480600,116426100,1698226380,0.016358,0.016405
116426100,116399100,1698226440,0.016401,0.016371
116396300,116323500,1698226500,0.016367,0.016405
116318500,116288800,1698226560,0.016403,0.016416
116288800,116238600,1698226620,0.016415,0.016354
116238600,116065000,1698226680,0.016355,0.016346
116065000,116043900,1698226740,0.01635,0.016329
116043900,116015400,1698226800,0.016327,0.016328
116015400,116108100,1698226860,0.016326,0.016357
116108100,116115300,1698226920,0.016353,0.016361
116115300,116098100,1698226980,0.016342,0.016325
116098100,116164900,1698227040,0.016322,0.016326
116164900,116143700,1698227100,0.016329,0.016327
116143700,116142300,1698227160,0.016338,0.016334
116142300,116227300,1698227220,0.016321,0.016288
116227300,116128500,1698227280,0.016289,0.016257
116128500,116067000,1698227340,0.01627,0.016302
116067000,116111000,1698227400,0.016286,0.016293
116111000,116184300,1698227460,0.016294,0.016269
116169800,116173300,1698227520,0.016265,0.016246
116173300,116135500,1698227580,0.01625,0.01631
116106300,116059500,1698227640,0.016308,0.016295
116059500,116114200,1698227700,0.016289,0.016284
116157700,116155800,1698227760,0.016294,0.016264
116157200,116255200,1698227820,0.016273,0.016276
116255200,116204000,1698227880,0.01628,0.016267
116204000,116203800,1698227940,0.016272,0.01627
116181200,116127400,1698228000,0.016263,0.016278
116128000,116214500,1698228060,0.016288,0.016268
116214500,116214500,1698228120,0.016274,0.016263
116260900,116318000,1698228240,0.016261,0.016256
116318000,116424300,1698228300,0.016256,0.016242
116423700,116469200,1698228360,0.01625,0.016252
116469200,116269200,1698228420,0.016257,0.016314
116267100,116345200,1698228480,0.016311,0.016321
116345200,116234300,1698228540,0.016307,0.016209
116235300,116238600,1698228600,0.016215,0.01621
116267600,116245700,1698228660,0.016212,0.016227
116232900,116236400,1698228720,0.016225,0.01622
116247100,116338300,1698228780,0.01622,0.01623
116293000,116271100,1698228840,0.016216,0.016222
116271100,116311800,1698228900,0.016224,0.016269
116311800,116290300,1698228960,0.016273,0.016311
116290300,116279300,1698229020,0.016306,0.016293
116279300,116276900,1698229080,0.016308,0.01631
116276900,116268800,1698229140,0.016309,0.016288
116234500,116461400,1698229200,0.016288,0.016319
116461400,116405200,1698229260,0.016316,0.016335
116405200,116374700,1698229320,0.016327,0.016331
116354200,116334900,1698229380,0.016327,0.016313
116334900,116297900,1698229440,0.016313,0.016334
116316900,116316000,1698229500,0.016332,0.016357
116313100,116302500,1698229560,0.016358,0.016348
116302500,116262500,1698229620,0.016362,0.016351
116262000,116259300,1698229680,0.016354,0.016332
116259300,116255600,1698229740,0.01633,0.016329
116255600,116248100,1698229800,0.016335,0.016358
116248100,116534500,1698229860,0.016357,0.016336
116534500,116526700,1698229920,0.016346,0.016317
116517900,116490600,1698229980,0.016324,0.016314
116490600,116484200,1698230040,0.016319,0.016341
116482700,116479000,1698230100,0.016335,0.016318
116479000,116285200,1698230160,0.01632,0.016287
116285200,116278800,1698230220,0.016305,0.016305
116278800,116257400,1698230280,0.016307,0.016319
116257400,116255300,1698230340,0.016313,0.0163
116255300,116267000,1698230400,0.016299,0.016296
116267000,116278900,1698230460,0.016298,0.016325
116276700,116369600,1698230520,0.016327,0.016342
116369600,116392400,1698230580,0.016341,0.01631
116392400,116473900,1698230640,0.016304,0.016301
116473900,116476200,1698230700,0.016301,0.016302
116505600,116512500,1698230760,0.016293,0.01625
116512500,116432100,1698230820,0.016256,0.016285
116455300,116455300,1698230880,0.016286,0.016329
116455300,116474100,1698230940,0.01633,0.016329
116474100,116282500,1698231000,0.01633,0.016341
116311500,116300500,1698231060,0.016333,0.016331
116300500,116294000,1698231120,0.016345,0.016346
116294000,116271400,1698231180,0.016336,0.016331
116249600,116237600,1698231240,0.016341,0.016303
116238300,116240000,1698231300,0.016316,0.016329
116240000,116278200,1698231360,0.016343,0.016347
116278200,116275900,1698231420,0.016349,0.01635
116275900,115289300,1698231480,0.016346,0.01644
115286600,115047500,1698231540,0.01644,0.016433
115038600,114931500,1698231600,0.016435,0.01639
114931500,114900300,1698231660,0.016393,0.016414
114887800,114890900,1698231720,0.01641,0.016393
114890900,114909100,1698231780,0.016401,0.016376
114909100,114877500,1698231840,0.016376,0.016382
114875700,115047300,1698231900,0.016381,0.016331
115055000,115023500,1698231960,0.016333,0.016343
115023500,115015600,1698232020,0.016346,0.016422
115015600,115039900,1698232080,0.016413,0.016403
115039900,115005700,1698232140,0.016407,0.016466
114987400,114936100,1698232200,0.016458,0.016405
114936100,114883200,1698232260,0.01641,0.016355
114886700,114873200,1698232320,0.016352,0.016378
114873200,114680600,1698232380,0.016364,0.01642
114678500,114554000,1698232440,0.016418,0.01643
114555900,114530100,1698232500,0.01642,0.01642
114530100,114059500,1698232560,0.016437,0.016508
114047900,113660800,1698232620,0.016492,0.016455
113612400,113533500,1698232680,0.016462,0.01641
113521700,113470900,1698232740,0.016418,0.016422
113533300,113562600,1698232800,0.016415,0.016395
113643700,113616800,1698232860,0.016393,0.01641
113616800,113544100,1698232920,0.016416,0.016435
113544100,113320100,1698232980,0.016433,0.016396
113330600,113196400,1698233040,0.016394,0.0164
113192500,113147300,1698233100,0.016407,0.016384
113144400,113213200,1698233160,0.016383,0.016404
113242600,113336800,1698233220,0.016412,0.016406
113336800,113236800,1698233280,0.016413,0.016408
113244800,113267700,1698233340,0.016415,0.0164
113267700,113225800,1698233400,0.016403,0.016433
113225800,113227300,1698233460,0.016418,0.016436
113227300,113416000,1698233520,0.016442,0.016453
113416000,113554700,1698233580,0.016444,0.016444
113554700,113580200,1698233640,0.016457,0.016485
113580200,113584900,1698233700,0.016462,0.016461
113584900,113552300,1698233760,0.016484,0.016479
113552300,113654300,1698233820,0.016489,0.016433
113654300,113600600,1698233880,0.016425,0.016385
113590300,113587500,1698233940,0.016401,0.01642
113587500,113545300,1698234000,0.016415,0.016384
113540300,113468800,1698234060,0.016381,0.016365
113466800,113027300,1698234120,0.016368,0.016373
113025200,113042800,1698234180,0.016374,0.016339
113042800,113046800,1698234240,0.016351,0.016378
113046800,113071600,1698234300,0.016382,0.016354
113071600,113041300,1698234360,0.016366,0.016352
113041300,113010300,1698234420,0.016349,0.016343
113001500,113147300,1698234480,0.016338,0.016332
113147300,113197800,1698234540,0.016324,0.01632
113197800,113221500,1698234600,0.016321,0.016311
113217500,113227600,1698234660,0.016314,0.01628
113197800,113209100,1698234720,0.016276,0.016287
113209100,113181100,1698234780,0.016283,0.016304
113181100,113188500,1698234840,0.016303,0.016283
113188500,113167400,1698234900,0.016295,0.016299
113167400,113172100,1698234960,0.0163,0.0163
113172100,113072600,1698235020,0.016305,0.01629
113072600,113115100,1698235080,0.01629,0.016291
113115100,113116600,1698235140,0.016267,0.016281
113116600,112989800,1698235200,0.0163,0.016295
112989800,112946300,1698235260,0.016296,0.016359
112951000,113013700,1698235320,0.016354,0.016324
113013700,112977400,1698235380,0.016329,0.016334
112977400,112974300,1698235440,0.016347,0.016381
112966300,112850700,1698235500,0.016374,0.016413
112850700,112855800,1698235560,0.0164,0.016395
112847700,112768800,1698235620,0.016388,0.016402
112763900,112820000,1698235680,0.0164,0.016424
112820000,112879700,1698235740,0.01642,0.016416
112879700,112847300,1698235800,0.016422,0.016424
112847300,112952900,1698235860,0.01643,0.016434
112952900,112947900,1698235920,0.016431,0.016445
112947900,112917800,1698235980,0.016453,0.016436
112917800,112872400,1698236040,0.016439,0.016468
112872400,113047900,1698236100,0.016483,0.0165
113047900,113009000,1698236160,0.016487,0.016499
113011300,112892600,1698236220,0.016485,0.01644
112895800,112928400,1698236280,0.016429,0.016348
113050300,112926200,1698236340,0.016354,0.016408
112924100,112762600,1698236400,0.016404,0.016383
112762600,112756700,1698236460,0.016384,0.016384
112756700,112777100,1698236520,0.016365,0.016389
112754700,112825500,1698236580,0.016395,0.016352
112825500,112726800,1698236640,0.016354,0.016362
112726800,112707600,1698236700,0.016367,0.01636
112707600,112775100,1698236820,0.016367,0.016373
112775100,112765600,1698236880,0.016372,0.016349
112757700,112756400,1698236940,0.016343,0.016358
112754800,112724100,1698237000,0.016353,0.016357
112724100,112642000,1698237060,0.016343,0.016348
112642000,112648100,1698237120,0.016345,0.016312
112648100,112656500,1698237180,0.016312,0.016305
112656500,112644300,1698237240,0.016308,0.016283
112640100,112746400,1698237300,0.016288,0.016272
112746500,112760600,1698237360,0.016268,0.016234
112756200,112728900,1698237420,0.016225,0.01625
112728900,112800700,1698237480,0.016241,0.016238
112800700,112905800,1698237540,0.016242,0.016252
112905800,112965800,1698237600,0.016253,0.01626
112965800,112971100,1698237660,0.01626,0.016272
112956600,112957200,1698237720,0.016282,0.01628
112985200,112990100,1698237780,0.01628,0.016316
113038100,112937300,1698237840,0.016311,0.016318
112937300,112857600,1698237900,0.016316,0.01634
112857600,112829100,1698237960,0.01634,0.016358
112829100,112881800,1698238020,0.016344,0.01636
112881800,112859100,1698238080,0.016353,0.016333
112859100,112881700,1698238140,0.016331,0.016335
112881700,112882000,1698238200,0.01634,0.016318
112882000,112927200,1698238260,0.016315,0.01632
112927200,112927200,1698238320,0.016328,0.016328
112927200,112922100,1698238380,0.016329,0.016341
112922100,112917400,1698238440,0.016343,0.016349
112917400,112899000,1698238500,0.01635,0.016369
112947000,112948900,1698238560,0.016368,0.016386
112948900,112914100,1698238620,0.016385,0.01642
112913100,112892700,1698238680,0.016421,0.016412
112892700,112840700,1698238740,0.016408,0.01639
112860800,112650700,1698238800,0.01639,0.016432
112662600,112670700,1698238860,0.016432,0.016413
112670700,112728500,1698238920,0.016424,0.016428
112728500,112710300,1698238980,0.016426,0.01642
112710300,112856300,1698239040,0.016424,0.016421
112856300,112874000,1698239100,0.016414,0.016447
112874000,113030400,1698239160,0.016436,0.016402
113000500,113000400,1698239220,0.016401,0.016429
113006000,113098300,1698239280,0.016424,0.016499
113107000,112801200,1698239340,0.016492,0.016468
112802200,112911500,1698239400,0.016468,0.016498
112911500,112888400,1698239520,0.016489,0.016491
112888400,112917100,1698239580,0.016496,0.016515
112950400,112875600,1698239640,0.016521,0.016508
112818600,112902200,1698239700,0.016514,0.016515
112766500,112856100,1698239760,0.01652,0.016508
112856100,112964200,1698239820,0.01651,0.016514
112964200,112959800,1698239880,0.016515,0.016533
112960800,112905400,1698239940,0.016532,0.016521
112905400,112960200,1698240000,0.016518,0.016548
112958900,113012400,1698240060,0.016548,0.016586
113079200,113135800,1698240120,0.016586,0.01663
113133300,113010800,1698240180,0.016619,0.016621
113010800,112976900,1698240240,0.016644,0.016633
113024400,112750800,1698240300,0.01663,0.016587
112749900,112458300,1698240420,0.016587,0.016528
112450800,112303700,1698240480,0.016525,0.01648
112303700,112348800,1698240540,0.016493,0.016511
112348800,112264400,1698240600,0.016512,0.016547
112261400,112282700,1698240660,0.016547,0.016516
112282700,112281700,1698240720,0.016513,0.016502
112248200,112305500,1698240780,0.016517,0.016498
112305500,112282700,1698240840,0.016487,0.016462
112287200,112268300,1698240900,0.016464,0.016476
112268300,112174700,1698240960,0.016479,0.016485
112152500,112059900,1698241020,0.016479,0.016481
112059900,112067800,1698241080,0.01648,0.016492
112067800,112005700,1698241140,0.016496,0.016465
112005700,111973800,1698241200,0.016465,0.016427
111964100,111901400,1698241260,0.016421,0.016391
111901400,111897100,1698241320,0.016382,0.016389
111897100,111934900,1698241380,0.016387,0.016363
111923400,111832400,1698241440,0.016358,0.016323
111829400,111782100,1698241500,0.01632,0.016376
111782100,112039300,1698241560,0.016384,0.016405
112039300,111971700,1698241620,0.01639,0.016373
111931400,112002000,1698241680,0.01637,0.016365
112046000,112077800,1698241740,0.016357,0.016307
112077800,111999300,1698241800,0.016303,0.016318
111999300,111986600,1698241860,0.016321,0.016321
111986600,111994400,1698241920,0.016325,0.016319
111994400,111943100,1698241980,0.016321,0.016325
111943100,111946200,1698242040,0.016319,0.016389
111944200,111988400,1698242100,0.016394,0.016336
111977500,112171200,1698242160,0.016333,0.016372
112171200,112204800,1698242220,0.016366,0.01636
112212300,112258300,1698242280,0.01636,0.016376
112258300,112246900,1698242340,0.016374,0.016357
112213700,112268800,1698242400,0.016359,0.016408
112268800,112254500,1698242460,0.016403,0.016423
112254500,112321300,1698242520,0.016415,0.016411
112147800,112301300,1698242580,0.016417,0.016412
112301300,112274800,1698242640,0.016424,0.016407
112274800,112277600,1698242700,0.016406,0.016403
112277600,112113700,1698242760,0.016401,0.016357
112113700,112083400,1698242820,0.016363,0.016135
112107800,112778000,1698242880,0.016137,0.015746
113051900,116033100,1698242940,0.015768,0.015904
115520100,115791500,1698243000,0.015907,0.01596
115817000,115945300,1698243060,0.015971,0.015987
115945300,114880800,1698243120,0.015995,0.01609
114866200,114949300,1698243180,0.016095,0.016099
114949300,115146000,1698243240,0.016092,0.016098
115146000,115296800,1698243300,0.016106,0.016102
115300900,115433900,1698243360,0.016094,0.016033
115453900,115498900,1698243420,0.016036,0.016013
115685000,115540500,1698243480,0.016023,0.016017
115540500,115701500,1698243540,0.016014,0.01606
115701500,115656700,1698243600,0.016054,0.016081
115650200,115752100,1698243660,0.016084,0.01612
115742100,115711900,1698243720,0.016125,0.016085
115686600,115689800,1698243780,0.016091,0.016086
115689800,115703800,1698243840,0.016082,0.016067
115703800,115735700,1698243900,0.016077,0.015988
115762500,115777400,1698243960,0.015986,0.016013
115777400,115837600,1698244020,0.016018,0.016011
115837600,116432900,1698244080,0.016013,0.015973
116430800,116525000,1698244140,0.015972,0.015955
116526000,116527900,1698244200,0.015952,0.015901
116542500,116748900,1698244260,0.015906,0.015976
116745100,116738400,1698244320,0.015968,0.016005
116742800,116683700,1698244380,0.016006,0.01596
116682400,116718900,1698244440,0.015961,0.016017
116702200,117242600,1698244500,0.016018,0.015986
117242600,117164700,1698244560,0.015994,0.01602
117183000,117106400,1698244620,0.01602,0.016022
117106400,117135200,1698244680,0.016025,0.016073
117135800,117127700,1698244740,0.016076,0.016109
117127700,117056000,1698244800,0.016095,0.016084
117067800,117179000,1698244860,0.016077,0.016123
117184900,117396000,1698244920,0.016123,0.016124
117396000,117369200,1698244980,0.016108,0.016115
117369200,117217500,1698245040,0.016125,0.016104
117228400,117206400,1698245100,0.016103,0.016092
117195100,117173800,1698245160,0.016092,0.016076
117173800,117151800,1698245220,0.016073,0.016035
117151800,117282400,1698245280,0.016046,0.01607
117282400,117294700,1698245340,0.016072,0.016033
117294700,117317500,1698245400,0.016062,0.016068
117340500,117350200,1698245460,0.016071,0.016092
117350200,117325200,1698245520,0.016093,0.016129
117325200,117409300,1698245580,0.016131,0.016114
117409300,117402600,1698245640,0.016116,0.016
117401400,119999600,1698245700,0.016002,0.016187
120000400,120138500,1698245760,0.016177,0.016193
120272300,121052200,1698245820,0.016193,0.016176
121055400,123328400,1698245880,0.016167,0.016206
125035400,123381600,1698245940,0.016206,0.015901
121634800,121926100,1698246000,0.015889,0.016022
121922000,121346700,1698246060,0.016013,0.015965
121349000,121284600,1698246120,0.015968,0.01599
121284600,120177800,1698246180,0.015992,0.016065
120187100,120279200,1698246240,0.016054,0.015974
120260500,120344200,1698246300,0.015971,0.015998
120352200,120536300,1698246360,0.016008,0.016052
120536300,120506100,1698246420,0.016052,0.016069
120506100,120448900,1698246480,0.016061,0.016026
120440700,120380600,1698246540,0.016037,0.016074
120355400,120387400,1698246600,0.016083,0.016045
120387400,120322900,1698246660,0.016037,0.015985
120334100,120200900,1698246720,0.015985,0.016078
120201500,120224900,1698246780,0.01608,0.016024
120224900,120151700,1698246840,0.016015,0.016064
120151700,120132000,1698246900,0.016063,0.016025
120132000,120134000,1698246960,0.01603,0.016007
120134800,120115500,1698247020,0.016011,0.016025
120131000,120190400,1698247080,0.016013,0.016003
120190400,120254600,1698247140,0.016003,0.016031
120224900,120259500,1698247200,0.016027,0.015983
120259500,120162800,1698247260,0.01599,0.016062
120180500,120205300,1698247320,0.016059,0.016016
120190100,120230200,1698247380,0.016008,0.016038
120232100,120135500,1698247440,0.01604,0.01608
120135500,120714200,1698247500,0.016069,0.016041
120714200,120688000,1698247560,0.016038,0.016041
120688000,120696600,1698247620,0.016048,0.016082
120627700,120549800,1698247680,0.016084,0.016081
120549800,120751200,1698247740,0.016084,0.016125
120751200,120835500,1698247800,0.016129,0.016155
120826800,120835600,1698247860,0.016155,0.016189
120835600,120510800,1698247920,0.016176,0.016142
120514600,120672100,1698247980,0.016144,0.016164
120649800,120980100,1698248040,0.016155,0.016106
120978700,121150400,1698248100,0.016102,0.016078
121160700,120466000,1698248160,0.016069,0.016101
120466000,120375100,1698248220,0.016098,0.016077
120375100,120388900,1698248280,0.016079,0.016128
120388900,120390700,1698248340,0.016124,0.0161
120390700,120341100,1698248400,0.0161,0.016148
120341100,120343400,1698248460,0.016145,0.016144
120363900,120551800,1698248520,0.016142,0.01616
120530400,120554400,1698248580,0.016167,0.0162
120554400,120527800,1698248640,0.01619,0.01618
120527800,120586500,1698248700,0.016207,0.016212
120586500,120693200,1698248760,0.01622,0.016192
120691000,120976900,1698248820,0.016189,0.016248
120991400,120986200,1698248880,0.016242,0.016245
120986100,120848800,1698248940,0.01624,0.01626
120848800,120811900,1698249000,0.016253,0.016248
120811900,120735000,1698249060,0.016246,0.016237
120688100,120613800,1698249120,0.016232,0.016258
120613800,120598800,1698249180,0.016257,0.01624
120613400,120740600,1698249240,0.016252,0.016267
120740600,120772500,1698249300,0.016266,0.016257
120772500,120528500,1698249360,0.016257,0.016275
120530700,120465700,1698249420,0.016279,0.016269
120465700,120500200,1698249480,0.016268,0.016283
120602700,120578300,1698249540,0.016282,0.016274
120568800,120567200,1698249600,0.016278,0.016267
120555000,120511100,1698249660,0.016274,0.016319
120517700,120664900,1698249720,0.016319,0.016333
120666900,120707900,1698249780,0.016338,0.016349
120707900,120641200,1698249840,0.016352,0.016347
120641200,120763600,1698249900,0.016347,0.016434
120763600,121122800,1698249960,0.016429,0.016364
121122800,120476700,1698250020,0.016359,0.016307
120433900,120301600,1698250080,0.016312,0.016302
120301600,120288700,1698250140,0.016295,0.016312
120274300,120255400,1698250200,0.016312,0.016329
120255400,120098600,1698250260,0.016317,0.016267
120077600,119740900,1698250320,0.016259,0.016244
119753400,119702700,1698250380,0.016251,0.016269
119702700,119619200,1698250440,0.016269,0.016254
119616200,119648600,1698250500,0.016257,0.016254
119648600,119513900,1698250560,0.016264,0.016327
119501100,119571900,1698250620,0.016324,0.016285
119571900,119393700,1698250680,0.016276,0.016248
119292700,119166600,1698250740,0.01623,0.016173
119091400,118878300,1698250800,0.016167,0.016221
118878300,118847800,1698250860,0.016227,0.016196
118851100,118754700,1698250920,0.016185,0.016131
118753600,118644300,1698250980,0.016137,0.016119
118655600,118681500,1698251040,0.016119,0.016138
118670200,118572200,1698251100,0.016129,0.016126
118572200,118437900,1698251160,0.016128,0.015995
118452500,118104500,1698251220,0.015999,0.016051
118104500,118127600,1698251280,0.016045,0.01598
118125200,118296600,1698251340,0.015987,0.015964
118294200,118310600,1698251400,0.015966,0.016066
118310600,118327300,1698251460,0.016047,0.016062
118327300,118320000,1698251520,0.016063,0.016095
118320000,118186800,1698251580,0.016089,0.016021
118196000,118329100,1698251640,0.016028,0.016053
118326700,118463200,1698251700,0.01606,0.015972
118463200,118434300,1698251760,0.015973,0.016022
118434300,118542600,1698251820,0.01602,0.016
118543200,118598700,1698251880,0.015989,0.016042
118610800,118568000,1698251940,0.016033,0.015972
118404800,118574600,1698252000,0.01597,0.015951
118695600,118832200,1698252060,0.015953,0.015917
118832200,118787400,1698252120,0.015915,0.01592
118813100,118926400,1698252180,0.015923,0.015931
118926400,118950100,1698252240,0.015942,0.015987
118950100,118766600,1698252300,0.015996,0.016019
118766600,118620100,1698252360,0.016024,0.015969
118620100,118610200,1698252420,0.015966,0.016005
118610200,118517100,1698252480,0.015997,0.015953
118518800,118561300,1698252540,0.015956,0.015959
118568600,118655600,1698252600,0.015952,0.015908
118655600,118680400,1698252660,0.015912,0.015863
118680400,118605200,1698252720,0.015858,0.015854
118605200,118517400,1698252780,0.015851,0.015849
118517400,118373700,1698252840,0.015839,0.015861
118373700,118058300,1698252900,0.015855,0.015875
118088300,118052500,1698252960,0.015877,0.015885
118052500,118025100,1698253020,0.015884,0.015896
118026700,117973900,1698253080,0.015898,0.015918
117973900,117909200,1698253140,0.015918,0.015892
117909200,117786800,1698253200,0.015889,0.015881
117786800,117704900,1698253260,0.015899,0.015849
117684500,117225000,1698253320,0.015847,0.015838
117225000,117219300,1698253380,0.015841,0.015871
117218700,117207200,1698253440,0.015866,0.015904
117207100,117210500,1698253500,0.015907,0.015909
117210500,117491300,1698253560,0.015915,0.015936
117478700,117463700,1698253620,0.015939,0.015971
117463700,117605900,1698253680,0.015973,0.015975
117605900,117622400,1698253740,0.015951,0.015977
117487000,117490300,1698253800,0.015975,0.015999
117489200,117456500,1698253860,0.01599,0.015989
117456500,117438200,1698253920,0.015989,0.015983
117438200,117365500,1698253980,0.015991,0.016029
117281500,117256400,1698254040,0.016029,0.016
117215300,117160000,1698254100,0.015992,0.016022
117159100,116902100,1698254160,0.016026,0.016003
116902100,116861500,1698254220,0.016003,0.015979
116861500,116864500,1698254280,0.015963,0.015974
116864500,116888200,1698254340,0.015976,0.01593
116888200,116916300,1698254400,0.015933,0.015896
116916300,116750900,1698254460,0.015888,0.0159
116750900,116722700,1698254520,0.015903,0.015924
116722700,116852300,1698254580,0.015925,0.015917
116852300,116852300,1698254640,0.015919,0.015929
116814700,116906900,1698254700,0.015923,0.015878
116906900,117021500,1698254760,0.015872,0.01589
117007700,116971900,1698254820,0.015891,0.015913
116971900,116942600,1698254880,0.015915,0.015918
116947700,117029500,1698254940,0.015922,0.015958
117029500,117018900,1698255000,0.015965,0.015976
117018900,117082100,1698255060,0.015966,0.016004
117000500,116957400,1698255120,0.016004,0.016011
116957400,116999200,1698255180,0.016004,0.01599
117071700,117036500,1698255240,0.015992,0.015985
117036500,117039900,1698255300,0.01599,0.015973
117039900,117029000,1698255360,0.015969,0.015939
117029000,117080100,1698255420,0.01594,0.015957
117080100,117053300,1698255480,0.015956,0.015925
117053300,117047400,1698255540,0.015925,0.015915
117042300,116945600,1698255600,0.015907,0.015908
116940300,116919700,1698255660,0.015898,0.015905
116919700,116893700,1698255720,0.015897,0.015891
116893700,116881000,1698255780,0.015895,0.015906
116900800,116838100,1698255840,0.015916,0.015925
116838100,116834700,1698255900,0.015913,0.015889
116834700,116916900,1698255960,0.015894,0.01589
116916900,116950400,1698256020,0.015887,0.015934
116950400,116888300,1698256080,0.015929,0.015946
116888300,116878000,1698256140,0.015944,0.015889
116884800,116839000,1698256200,0.015891,0.015882
116839000,116839900,1698256260,0.015879,0.015876
116839900,116839700,1698256320,0.015875,0.015845
116839700,116829500,1698256380,0.01585,0.015855
116829500,116807500,1698256440,0.015844,0.01586
116823900,116833000,1698256500,0.015842,0.015858
116833000,116794100,1698256560,0.01585,0.015877
116794100,116838900,1698256620,0.015879,0.015913
116838900,116695000,1698256680,0.015908,0.015912
116695000,116645200,1698256740,0.015916,0.015918
116645200,116600800,1698256800,0.015918,0.015935
116600800,116630600,1698256860,0.015941,0.015966
116630600,116602600,1698256920,0.015973,0.015983
116602600,116617800,1698256980,0.015988,0.016011
116617800,116656000,1698257040,0.016011,0.016028
116654400,116566100,1698257100,0.016028,0.016036
116566100,116700000,1698257160,0.016033,0.016048
116700000,116431000,1698257220,0.01604,0.016068
116431000,116492100,1698257280,0.01607,0.016041
116492100,116399600,1698257340,0.016041,0.016017
116399600,115882400,1698257400,0.01602,0.016063
115884300,115806800,1698257460,0.016063,0.016068
115800900,115712300,1698257520,0.016065,0.016047
115712300,115626100,1698257580,0.016047,0.016058
115626100,115611100,1698257640,0.016058,0.016065
115609700,115507700,1698257700,0.016051,0.016023
115507700,115261700,1698257760,0.01602,0.01603
115261700,115222800,1698257820,0.016037,0.01607
115222800,115225800,1698257880,0.01607,0.016083
115225800,115126400,1698257940,0.016085,0.016083
115126400,114791500,1698258000,0.016086,0.016101
114791500,114620400,1698258060,0.0161,0.016089
114620400,114481200,1698258120,0.016085,0.016076
114493000,114429000,1698258180,0.01608,0.016055
114429000,114403600,1698258240,0.016056,0.016034
114403600,114313400,1698258300,0.016034,0.016056
114313400,114227800,1698258360,0.016053,0.016078
114227800,114044300,1698258420,0.016069,0.016038
114044300,114021700,1698258480,0.016038,0.016018
114021700,113987500,1698258540,0.016021,0.016018
113987500,113970700,1698258600,0.016023,0.016089
114013500,113802700,1698258660,0.016068,0.016002
113792600,113727200,1698258720,0.016003,0.016005
113727200,113716400,1698258780,0.016014,0.016071
113716400,113726600,1698258840,0.016073,0.016084
113726600,113465700,1698258900,0.016083,0.016068
113465700,113497500,1698258960,0.016063,0.016046
113497500,113540600,1698259020,0.016045,0.01604
113540600,113555600,1698259080,0.016035,0.016014
113555600,113593700,1698259140,0.016016,0.015998
113593700,113480900,1698259200,0.016002,0.016051
113462400,113422700,1698259260,0.016051,0.016052
113422700,113401100,1698259320,0.016064,0.016056
113401100,113256100,1698259380,0.016058,0.016
113256100,113221500,1698259440,0.016,0.016036
113221500,113266900,1698259500,0.016028,0.016029
113266900,113278900,1698259560,0.016044,0.016009
113278900,113254400,1698259620,0.016014,0.015992
113254400,113240100,1698259680,0.015989,0.016019
113240100,113138000,1698259740,0.016018,0.016033
113138000,113128400,1698259800,0.016031,0.016038
113128400,113147300,1698259860,0.01604,0.01607
113147300,113203100,1698259920,0.016062,0.016085
113203100,113210800,1698259980,0.016087,0.016113
113203600,113212300,1698260040,0.016108,0.016108
113212300,113215900,1698260100,0.016117,0.016105
113215900,113244400,1698260160,0.016108,0.016118
113244400,113265100,1698260220,0.016109,0.016089
113265100,113325200,1698260280,0.016085,0.016121
113325200,113337200,1698260340,0.016112,0.016132
113333900,113246800,1698260400,0.016135,0.01608
113246300,113252700,1698260460,0.016069,0.01607
113281200,113341000,1698260520,0.016075,0.016101
113341000,113358000,1698260580,0.016094,0.01605
113358000,113382900,1698260640,0.016046,0.016037
113428300,113415800,1698260700,0.016035,0.016028
113415900,113502900,1698260760,0.016037,0.016008
113507900,113411400,1698260820,0.016002,0.015995
113411200,113391000,1698260880,0.015984,0.015985
113392000,113413500,1698260940,0.015985,0.016007
113413500,113243700,1698261000,0.016012,0.015983
113243700,113267600,1698261060,0.015987,0.015987
113267400,113311200,1698261120,0.015981,0.015998
113311200,113284300,1698261180,0.015997,0.015992
113284300,113187300,1698261240,0.015991,0.015999
113175000,113132700,1698261300,0.016005,0.015973
113085100,112877200,1698261360,0.015971,0.015906
112857500,112677700,1698261420,0.015906,0.015929
112677700,112526800,1698261480,0.015924,0.015935
112527900,112539100,1698261540,0.01595,0.015965
112536400,112482600,1698261600,0.015964,0.015933
112482600,112457800,1698261660,0.015933,0.015999
112464700,112152900,1698261720,0.016,0.016029
112105400,111862400,1698261780,0.016021,0.016032
111862400,111870500,1698261840,0.016023,0.016015
111870500,111836400,1698261900,0.016008,0.016031
111836400,111810700,1698261960,0.016031,0.016018
111810700,111808200,1698262020,0.01602,0.01604
111808200,111750900,1698262080,0.016038,0.016019
111750900,111687500,1698262140,0.016034,0.016075
111687500,111631800,1698262200,0.01606,0.01608
111631800,111534600,1698262260,0.016061,0.016063
111534600,111494800,1698262320,0.016066,0.016083
111478500,111339600,1698262380,0.016087,0.0161
111339600,111295000,1698262440,0.016117,0.016096
111295000,111152800,1698262500,0.016111,0.016124
111152800,111156900,1698262560,0.016119,0.016137
111143400,110982500,1698262620,0.016146,0.016138
110982500,110993900,1698262680,0.016142,0.016135
110993900,110718600,1698262740,0.016136,0.016121
110718600,110680000,1698262800,0.016125,0.0161
110680000,110659400,1698262860,0.016103,0.016108
110659400,110673700,1698262920,0.016099,0.016074
110673700,110668100,1698262980,0.016074,0.016044
110668200,110589200,1698263040,0.016049,0.016068
110589200,110607600,1698263100,0.01606,0.016009
110607600,110748400,1698263160,0.01602,0.015992
110748400,110665400,1698263220,0.015991,0.016028
110665400,110688900,1698263280,0.016021,0.016037
110688900,110652400,1698263340,0.016032,0.01604
110652400,110613200,1698263400,0.016048,0.016026
110639300,110592000,1698263460,0.016025,0.016037
110592000,110620200,1698263520,0.016014,0.016029
110620200,110621800,1698263580,0.016028,0.016058
110621800,110619200,1698263640,0.016064,0.016058
110619200,110602700,1698263700,0.01606,0.016077
110619800,110531600,1698263760,0.016062,0.016065
110531600,110512600,1698263820,0.016065,0.016047
110512600,110626900,1698263880,0.016051,0.01606
110613900,110545700,1698263940,0.016058,0.016002
110545700,110530400,1698264000,0.016011,0.015997
110530400,110489800,1698264060,0.016003,0.016041
110489800,110465100,1698264120,0.016032,0.01598
110483100,110483500,1698264180,0.015987,0.015985
110475700,110491900,1698264240,0.015978,0.015969
110491900,110498100,1698264300,0.015989,0.015994
110498100,110537900,1698264360,0.015984,0.015994
110537900,110539700,1698264420,0.015989,0.016002
110539700,110579700,1698264480,0.015999,0.016037
110579700,110553900,1698264540,0.01604,0.016028
110553900,110575900,1698264600,0.016036,0.016045
110583600,110377600,1698264660,0.016052,0.016065
110331600,110393600,1698264720,0.016066,0.016058
110393600,110636100,1698264780,0.016063,0.016043
110714900,110891800,1698264840,0.016044,0.016138
110891800,110826300,1698264900,0.016133,0.016149
110826300,110525200,1698264960,0.016136,0.01612
110525200,110331000,1698265020,0.016119,0.016111
110331000,110262600,1698265080,0.01611,0.016063
110262600,110291100,1698265140,0.016066,0.016067
110291100,110255800,1698265200,0.016052,0.01605
110358300,110377800,1698265260,0.016045,0.016046
110377800,110414400,1698265320,0.016046,0.016032
110408500,110376400,1698265380,0.016031,0.016026
110376400,110401100,1698265440,0.016024,0.01602
110401200,110407500,1698265500,0.016039,0.016048
110414400,110357900,1698265560,0.016046,0.01603
110357200,110381800,1698265620,0.016025,0.01605
110381800,110378100,1698265680,0.016045,0.016012
110378100,110424700,1698265740,0.016013,0.016007
110424700,110435500,1698265800,0.015997,0.016005
110455500,110458500,1698265860,0.016009,0.016031
110458500,110467400,1698265920,0.016027,0.01604
110452900,110472100,1698265980,0.016033,0.01606
110472100,110422900,1698266040,0.016069,0.016068
110412100,109874900,1698266100,0.016069,0.015966
109874900,110001700,1698266160,0.015968,0.015936
109998900,110216400,1698266220,0.015935,0.016
110216400,110197800,1698266280,0.015997,0.016024
110197800,110087400,1698266340,0.016028,0.016029
110087400,110105300,1698266400,0.016033,0.016037
110105300,110164400,1698266460,0.016046,0.016016
110164400,110150700,1698266520,0.016008,0.016014
110150700,110143400,1698266580,0.016017,0.016048
110143400,110137300,1698266640,0.016052,0.016052
110137300,110136200,1698266700,0.016049,0.016046
110136200,110857300,1698266760,0.016028,0.016007
110857300,110789900,1698266820,0.016006,0.016036
110789900,110736100,1698266880,0.016042,0.016034
110734800,110735400,1698266940,0.016028,0.016014
110735400,111189300,1698267000,0.016008,0.016064
110890500,110826500,1698267060,0.016063,0.016017
110826500,113012900,1698267120,0.016012,0.016026
112973000,111979400,1698267180,0.016027,0.015988
111979400,112127600,1698267240,0.015986,0.015974
112126900,112078500,1698267300,0.015977,0.015954
112080700,112117700,1698267360,0.01596,0.015984
112105000,112155000,1698267420,0.015987,0.015966
112154800,112141500,1698267480,0.015984,0.015982
112141500,112168700,1698267540,0.015977,0.015982
112168700,112001600,1698267600,0.015982,0.015941
112001600,112023700,1698267660,0.015941,0.015973
112023700,111962500,1698267720,0.015976,0.016013
111962500,111916400,1698267780,0.016011,0.016034
111916400,111817100,1698267840,0.016041,0.01605
111817100,111802800,1698267900,0.016035,0.016053
111802800,111840000,1698267960,0.016052,0.016029
111755700,111750000,1698268020,0.016036,0.016038
111750000,111740000,1698268080,0.016038,0.016
111740000,111786500,1698268140,0.016006,0.016025
111887400,111677400,1698268200,0.01603,0.016046
111677400,111676700,1698268260,0.01605,0.016074
111676700,111704500,1698268320,0.016063,0.016045
111704500,111696200,1698268380,0.016037,0.016032
111725800,111518800,1698268440,0.016037,0.015982
111518800,111495200,1698268500,0.015983,0.01601
111495200,111502000,1698268560,0.016016,0.016028
111502000,111450000,1698268620,0.016029,0.016016
111449800,111481400,1698268680,0.01602,0.016059
111481400,111397600,1698268740,0.016058,0.016056
111408300,111391900,1698268800,0.016063,0.016079
111391900,111336500,1698268860,0.016082,0.016062
111336500,111167700,1698268920,0.016065,0.016073
111165500,111165500,1698268980,0.016073,0.016073
111165500,111165500,1698269040,0.016078,0.016078
111162300,111156500,1698269100,0.016078,0.016079
111156500,111006100,1698269160,0.016084,0.016093
111006100,111003200,1698269220,0.016092,0.016083
111003200,110989900,1698269280,0.016081,0.016066
110989900,111023900,1698269340,0.016072,0.016079
111023900,111003700,1698269400,0.016075,0.016048
111003700,110994700,1698269460,0.016044,0.016045
110994700,111028800,1698269520,0.016045,0.016036
111028800,111001700,1698269580,0.016033,0.015996
111001700,110990600,1698269640,0.015995,0.015984
110990600,111305600,1698269700,0.015983,0.01599
111286200,111286200,1698269760,0.015989,0.015989
111287200,111319700,1698269820,0.01599,0.015985
111319700,111319700,1698269880,0.015985,0.015975
111319700,111335800,1698269940,0.015975,0.015973
111335800,111349200,1698270000,0.015971,0.01595
111349200,111491100,1698270060,0.015947,0.015939
111491100,111491600,1698270120,0.01594,0.015941
111491600,111485100,1698270180,0.015946,0.015948
111485100,111559200,1698270240,0.015941,0.015942
111559200,111648200,1698270300,0.01594,0.015948
111648200,111877300,1698270360,0.015939,0.015938
111877300,111877300,1698270420,0.015935,0.015934
111877300,111877300,1698270480,0.015934,0.015934
111877300,111887200,1698270540,0.015934,0.015948
111887200,111887200,1698270600,0.015948,0.015948
111887200,111887200,1698270660,0.015954,0.015954
111887200,111887200,1698270720,0.015954,0.015958
111887200,111887200,1698270780,0.015958,0.015958
111887200,112024500,1698270840,0.015946,0.015947
112024500,112025800,1698270900,0.015949,0.015973
112018100,111957700,1698270960,0.015979,0.016004
111957700,111939300,1698271020,0.016018,0.01603
111939300,111501200,1698271080,0.01603,0.016037
111501200,111502000,1698271140,0.016028,0.01604
111502000,111319900,1698271200,0.016037,0.016031
111319900,111240700,1698271260,0.016025,0.016018
111240700,111251300,1698271320,0.016014,0.016042
111251300,111095900,1698271380,0.016046,0.016052
111095900,110990600,1698271440,0.01606,0.016047
110990600,110992300,1698271500,0.016024,0.016024
110992300,110977500,1698271560,0.016053,0.016052
110977500,110957200,1698271620,0.016057,0.016029
110957200,110975000,1698271680,0.01603,0.01604
110975000,110975000,1698271740,0.016048,0.016048
110975000,110947100,1698271800,0.016056,0.016078
110947100,110901500,1698271860,0.016078,0.016084
110901500,110880600,1698271920,0.016085,0.016098
110880600,110904500,1698271980,0.016106,0.016121
110903900,110893800,1698272040,0.016128,0.016148
110894000,110601200,1698272100,0.016139,0.016159
110601200,110653100,1698272160,0.016152,0.016133
110653100,110633200,1698272220,0.016125,0.016124
110633200,110705200,1698272280,0.016128,0.016124
110705200,110716300,1698272340,0.016122,0.016116
110716300,110722000,1698272400,0.016114,0.016101
110722000,110767000,1698272460,0.016107,0.016147
110765200,110766000,1698272520,0.016137,0.016141
110766000,110742000,1698272580,0.016143,0.016169
110742000,110755100,1698272640,0.016158,0.016145
110864100,110800200,1698272700,0.016134,0.016154
110800200,110695500,1698272760,0.01616,0.016165
110695500,110597700,1698272820,0.016162,0.016145
110582800,110588900,1698272880,0.016145,0.016148
110588300,110564800,1698272940,0.016144,0.016121
110564800,110461900,1698273000,0.016125,0.016104
110461900,110529700,1698273060,0.016109,0.016069
110551500,110515100,1698273120,0.01607,0.016093
110515100,110478500,1698273180,0.016083,0.016119
110495700,110459100,1698273240,0.016117,0.016124
110459100,110415300,1698273300,0.016118,0.016111
110400300,110483700,1698273360,0.016106,0.016111
110483700,110420300,1698273420,0.016105,0.016106
110420300,110380900,1698273480,0.016099,0.016172
110395900,110318300,1698273540,0.016149,0.016147
110313900,110195500,1698273600,0.016144,0.016104
110212000,110113600,1698273660,0.016108,0.016083
110113600,110121900,1698273720,0.016082,0.01608
110134900,110252600,1698273780,0.016082,0.016182
110223600,110183300,1698273840,0.016167,0.016219
110199100,110024600,1698273900,0.016209,0.016185
110380300,110383900,1698273960,0.016176,0.016148
110384900,110377200,1698274020,0.016151,0.016113
110367900,110393300,1698274080,0.016111,0.016105
110404700,110328100,1698274140,0.016113,0.016118
110303200,110281600,1698274200,0.016108,0.016126
110281600,110329400,1698274260,0.016126,0.016086
110333600,110278400,1698274320,0.016091,0.016072
110278400,110378000,1698274380,0.016071,0.016129
110375300,110292600,1698274440,0.016133,0.016129
110292600,110275600,1698274500,0.016128,0.01615
110274900,110276700,1698274560,0.016136,0.016098
110276700,110264600,1698274620,0.016096,0.016075
110271700,110250400,1698274680,0.01607,0.016095
110227300,110159700,1698274740,0.016103,0.016084
110159700,110171400,1698274800,0.016079,0.016063
110169200,110209500,1698274860,0.016057,0.016075
110226500,110149500,1698274920,0.016076,0.016127
110135100,110938100,1698274980,0.016126,0.016032
110925400,110781500,1698275040,0.016028,0.016083
110781500,110742200,1698275100,0.016083,0.016047
110746900,110677600,1698275160,0.016037,0.01602
110677600,110761000,1698275220,0.016021,0.016
110763500,110769000,1698275280,0.016005,0.016047
110769000,110778400,1698275340,0.016046,0.015973
110778400,110616900,1698275400,0.016005,0.016002
110616900,110604000,1698275460,0.015987,0.015975
110605000,110578900,1698275520,0.015984,0.016004
110578900,110096700,1698275580,0.015993,0.015938
110084000,110114900,1698275640,0.015932,0.016
110114900,110047900,1698275700,0.015999,0.016044
110121400,109794700,1698275760,0.016043,0.016061
109794700,109792200,1698275820,0.016063,0.016037
109792200,109668700,1698275880,0.016047,0.01605
109668700,109604800,1698275940,0.016045,0.016048
109604800,109634500,1698276000,0.016052,0.016043
109634500,109487400,1698276060,0.016037,0.016055
109488400,109360700,1698276120,0.016049,0.01604
109360700,109283100,1698276180,0.016043,0.016057
109283100,109275200,1698276240,0.016055,0.01605
109275200,109203200,1698276300,0.016056,0.016075
109203200,109142600,1698276360,0.016072,0.016067
109112600,109099200,1698276420,0.016077,0.016082
109099200,109090900,1698276480,0.016069,0.016063
109092900,109129800,1698276540,0.016062,0.016073
109129800,109128600,1698276600,0.016069,0.016069
109128600,109107900,1698276660,0.016101,0.016101
109107900,109148400,1698276720,0.016107,0.016125
109147600,109061900,1698276780,0.016132,0.016129
109061900,109111900,1698276840,0.01612,0.016131
109111900,109100800,1698276900,0.016123,0.016102
109100800,109163400,1698276960,0.016138,0.016135
109180000,109173100,1698277020,0.016137,0.016117
109173100,109163900,1698277080,0.016122,0.016114
109163900,109148400,1698277140,0.016105,0.016069
109151100,109136900,1698277200,0.016067,0.016075
109136900,109125600,1698277260,0.016096,0.01611
109125600,109126300,1698277320,0.016115,0.0161
109126300,109122700,1698277380,0.016082,0.016125
109122700,109195300,1698277440,0.016127,0.016126
109227600,109218200,1698277500,0.016127,0.016155
109218200,109273700,1698277560,0.016155,0.016162
109268200,109381700,1698277620,0.016154,0.016132
109396700,110902900,1698277680,0.01613,0.015998
110918100,111095000,1698277740,0.015997,0.016024
111092000,111231200,1698277800,0.016022,0.016027
111213100,111108500,1698277860,0.016019,0.016059
111326300,111292000,1698277920,0.016058,0.016111
111292000,111200100,1698277980,0.016112,0.016102
111200100,111218200,1698278040,0.016081,0.016066
111218200,111192200,1698278100,0.016064,0.016067
111192200,111219200,1698278160,0.016069,0.016067
111219200,111200200,1698278220,0.016069,0.016115
111200200,111208200,1698278280,0.016115,0.016125
111307600,111394300,1698278340,0.016126,0.016156
111394300,111525500,1698278400,0.016154,0.016114
111525500,111490100,1698278460,0.016114,0.016086
111490100,111445700,1698278520,0.01609,0.016101
111444600,111469800,1698278580,0.016097,0.016146
111469800,111530000,1698278640,0.016118,0.01614
111527200,111563500,1698278700,0.01614,0.016203
111946800,112146100,1698278760,0.016203,0.016193
112135800,112125500,1698278820,0.01618,0.016125
112127100,112109900,1698278880,0.01613,0.016169
112109900,112249800,1698278940,0.016159,0.016142
112252400,112177600,1698279000,0.016139,0.016074
112174800,111953700,1698279060,0.01607,0.016112
111953700,111916600,1698279120,0.016122,0.016179
112140200,112121500,1698279180,0.016175,0.016208
112119600,112171700,1698279240,0.016211,0.016242
112171700,111882800,1698279300,0.016235,0.01623
111882800,111843100,1698279360,0.016221,0.01627
111827000,111807300,1698279420,0.016271,0.016301
111818100,111859900,1698279480,0.016287,0.01628
111859900,111915100,1698279540,0.016264,0.016227
111915100,111927300,1698279600,0.016234,0.01626
111913600,111838700,1698279660,0.016269,0.016234
111838700,111813100,1698279720,0.016229,0.016235
111813100,111912100,1698279780,0.016229,0.016199
111912100,111880400,1698279840,0.016192,0.016266
111880400,111829300,1698279900,0.016262,0.016316
111933400,112058700,1698279960,0.016309,0.016317
112068400,112135100,1698280020,0.016313,0.0163
112135100,112116700,1698280080,0.016302,0.016297
112116700,112342100,1698280140,0.0163,0.016212
112313500,112501800,1698280200,0.016211,0.016246
112501800,112454900,1698280260,0.01625,0.01627
112454900,112539300,1698280320,0.01627,0.016267
112542000,112431900,1698280380,0.016263,0.016237
112431900,112498500,1698280440,0.016233,0.016252
112495200,112512700,1698280500,0.016241,0.016232
112502000,112514200,1698280560,0.016229,0.016242
112531700,112527000,1698280620,0.016236,0.016204
112537300,112593600,1698280680,0.016207,0.016223
112563900,112531600,1698280740,0.016223,0.016232
112532800,112550300,1698280800,0.016246,0.016202
112550300,112508000,1698280860,0.016202,0.016239
112508000,112481700,1698280920,0.01623,0.016209
112481700,112404600,1698280980,0.016206,0.016209
112404600,112390600,1698281040,0.016204,0.016199
112390600,112389800,1698281100,0.016188,0.016165
112388100,112281400,1698281160,0.016166,0.016177
112281400,112115000,1698281220,0.016177,0.016143
112178400,112103200,1698281280,0.016142,0.016092
112116900,112146900,1698281340,0.016092,0.016065
112146300,112115000,1698281400,0.016065,0.016087
112114900,112101700,1698281460,0.016096,0.016077
112096900,112102900,1698281520,0.016056,0.016119
112102900,111934400,1698281580,0.016122,0.016139
111933400,111949000,1698281640,0.016146,0.016167
111949000,112045900,1698281700,0.016158,0.016128
112056200,112263200,1698281760,0.016131,0.016077
112263200,112313900,1698281820,0.016072,0.016154
112259500,112460700,1698281880,0.016152,0.016102
112443000,112853700,1698281940,0.016102,0.016061
112867500,112761600,1698282000,0.01607,0.016069
112761600,112724900,1698282060,0.016059,0.016089
112716900,112715200,1698282120,0.016095,0.016068
112713900,112726400,1698282180,0.016092,0.016044
112726400,112816400,1698282240,0.016049,0.016024
112816400,112808200,1698282300,0.01603,0.016033
112808200,112743000,1698282360,0.01603,0.016014
112743000,112876400,1698282420,0.016006,0.01598
112876400,112891200,1698282480,0.015977,0.015976
112890800,112806200,1698282540,0.015971,0.015955
112806200,112857500,1698282600,0.015957,0.015978
112857500,112837800,1698282660,0.015971,0.015937
112837800,112872200,1698282720,0.01595,0.016011
112884900,112841400,1698282780,0.016009,0.01595
112841400,112935600,1698282840,0.015945,0.015964
112944700,112949500,1698282900,0.015973,0.015982
112949500,113075500,1698282960,0.015981,0.015918
113071100,113149700,1698283020,0.015922,0.015945
113149700,113208400,1698283080,0.01594,0.015988
113208400,113184900,1698283140,0.015982,0.01601
113183000,113149000,1698283200,0.016016,0.01605
113149000,113103800,1698283260,0.016042,0.016068
113112700,113209300,1698283320,0.016062,0.016074
113211400,113195800,1698283380,0.016085,0.016093
113267100,113273300,1698283440,0.016095,0.016087
113273300,113294100,1698283500,0.016091,0.016088
113294100,113396100,1698283560,0.016088,0.016107
113400100,113420500,1698283620,0.016098,0.016146
113392100,113299600,1698283680,0.01615,0.016177
113299600,113268600,1698283740,0.016178,0.016197
113236300,113224700,1698283800,0.0162,0.016177
113224700,113128100,1698283860,0.016178,0.016222
113128100,113125000,1698283920,0.016218,0.016249
113125000,113117200,1698283980,0.016246,0.016245
113117200,113099800,1698284040,0.016248,0.016236
113106100,113098900,1698284100,0.016229,0.016185
113098900,112949400,1698284160,0.016198,0.016148
112949400,112876000,1698284220,0.016165,0.016193
112876000,112956300,1698284280,0.016184,0.01612
112956300,113081100,1698284340,0.016124,0.016123
113081100,113003600,1698284400,0.016118,0.016116
113003600,113040700,1698284460,0.016122,0.016077
113036600,113201500,1698284520,0.016083,0.016041
113199200,113036800,1698284580,0.016029,0.016099
113023300,113048200,1698284640,0.016099,0.016026
112986100,113008500,1698284700,0.016013,0.015973
113004500,113295000,1698284760,0.015974,0.016089
113291300,113191000,1698284820,0.016083,0.016058
113191000,113156300,1698284880,0.016068,0.016088
113156300,113111300,1698284940,0.016089,0.016102
113111300,113339300,1698285000,0.016105,0.016181
113336100,113275400,1698285060,0.016188,0.016154
113272800,113288900,1698285120,0.016172,0.016127
113272300,113296500,1698285180,0.016127,0.016176
113294300,113238300,1698285240,0.016172,0.016151
113238300,113103900,1698285300,0.016157,0.016135
113097000,113044000,1698285360,0.016133,0.01612
113044000,112871700,1698285420,0.016127,0.016053
112871700,112825100,1698285480,0.016045,0.016082
112840300,112720300,1698285540,0.016094,0.016071
112720300,112734700,1698285600,0.016077,0.01605
112732400,112768900,1698285660,0.016056,0.01607
112775200,112720700,1698285720,0.016075,0.01605
112720700,112797200,1698285780,0.016045,0.016089
112797200,112803500,1698285840,0.016086,0.016097
112803500,112718900,1698285900,0.016096,0.016141
112713000,112712300,1698285960,0.016142,0.016143
112712300,112707900,1698286020,0.016135,0.016154
112713400,112574200,1698286080,0.01616,0.016158
112574200,112583300,1698286140,0.016158,0.016159
112583300,112866700,1698286200,0.016163,0.016158
112866700,112938000,1698286260,0.016155,0.016148
112900400,113013800,1698286320,0.016147,0.016149
113013800,113125700,1698286380,0.016135,0.0161
113125700,113134500,1698286440,0.016099,0.01609
113134500,113130300,1698286500,0.016094,0.016079
113142300,113146400,1698286560,0.016094,0.016074
113146400,113147100,1698286620,0.016073,0.016089
113147100,112965500,1698286680,0.016091,0.01614
112965500,112917900,1698286740,0.016139,0.016092
112911600,112920400,1698286800,0.016094,0.016091
112920400,112887300,1698286860,0.016094,0.016164
112885700,112879000,1698286920,0.016165,0.016137
112865900,112835900,1698286980,0.016159,0.016167
112835900,112449900,1698287040,0.016156,0.016188
112410000,112281100,1698287100,0.016189,0.016134
112275500,112201700,1698287160,0.016135,0.016128
112201700,111817800,1698287220,0.016132,0.016094
111817800,111831500,1698287280,0.016079,0.01607
111831500,111866000,1698287340,0.016068,0.016059
111866000,112087900,1698287400,0.016058,0.016101
112083300,112087800,1698287460,0.016101,0.016126
111573200,111518200,1698287520,0.016128,0.01616
111518200,111522900,1698287580,0.016145,0.016157
111522900,111420100,1698287640,0.016157,0.016187
111420100,111489100,1698287700,0.016188,0.01622
111440500,112341300,1698287760,0.016222,0.016275
112341300,112461900,1698287820,0.016261,0.016283
112461900,112375100,1698287880,0.016276,0.016302
112375100,112395000,1698287940,0.016309,0.01629
112375000,112403200,1698288000,0.016287,0.016263
112403200,112266300,1698288060,0.016278,0.016269
112266300,112265000,1698288120,0.016273,0.016245
112265000,112234400,1698288180,0.016252,0.01622
112234400,112345600,1698288240,0.016221,0.016216
112345600,111988100,1698288300,0.016212,0.01626
111988100,111899400,1698288360,0.01626,0.016235
111899000,111934400,1698288420,0.016236,0.016231
111935400,112190500,1698288480,0.016222,0.016212
112190500,112213600,1698288540,0.016209,0.016209
112213600,112187000,1698288600,0.01621,0.016237
112187000,112295300,1698288660,0.01624,0.016218
112295300,112276300,1698288720,0.016218,0.016212
112276300,112255600,1698288780,0.016208,0.016225
112255600,112248600,1698288840,0.016224,0.016208
112248600,112367900,1698288900,0.016208,0.016201
112367900,112352000,1698288960,0.016201,0.016152
112362600,112373100,1698289020,0.016153,0.016178
112373100,112392500,1698289080,0.016179,0.016161
112392500,112335900,1698289140,0.016154,0.016157
112331400,112346300,1698289200,0.016169,0.016152
112346300,112462400,1698289260,0.016149,0.016192
112463900,112533600,1698289320,0.016192,0.016186
112533600,112511000,1698289380,0.016189,0.016157
112511000,112570000,1698289440,0.016155,0.016167
112569900,112633900,1698289500,0.01617,0.016196
112633900,112612900,1698289560,0.016197,0.016205
112612900,112692700,1698289620,0.016207,0.016216
112692700,112680900,1698289680,0.016223,0.016195
112680900,112686800,1698289740,0.016202,0.016194
112686800,112746500,1698289800,0.016195,0.016149
112790400,112835300,1698289860,0.016141,0.016123
112838000,112825500,1698289920,0.016126,0.01613
112823800,112694100,1698289980,0.016131,0.016102
112703800,112680600,1698290040,0.016108,0.016122
112691300,112651600,1698290100,0.016121,0.01615
112651600,112648900,1698290160,0.016139,0.016136
112660500,112609300,1698290220,0.01614,0.016166
112615600,112475500,1698290280,0.01616,0.01616
112475500,112508900,1698290340,0.016164,0.016157
112495200,112640300,1698290400,0.016156,0.016177
112640300,112601200,1698290460,0.01618,0.016149
112709100,112795200,1698290520,0.016152,0.01616
112795200,112665200,1698290580,0.016181,0.016166
112665200,112409600,1698290640,0.016179,0.016149
112393500,112359000,1698290700,0.016151,0.016145
112359000,112468700,1698290760,0.016148,0.016167
112467200,112002000,1698290820,0.016174,0.016125
112002000,112035200,1698290880,0.016127,0.016153
112040500,112054500,1698290940,0.016152,0.016152
112054500,112072800,1698291000,0.016149,0.016148
112072800,112072800,1698291060,0.016143,0.016179
112087100,112087300,1698291120,0.016186,0.016186
112087300,112201700,1698291180,0.016189,0.01621
112201700,112510000,1698291240,0.01621,0.016231
112510000,112490300,1698291300,0.016218,0.016262
112490300,112514400,1698291360,0.016255,0.016287
112514400,112487600,1698291420,0.016296,0.016262
112488900,112486900,1698291480,0.016267,0.016261
112488700,112397500,1698291540,0.016272,0.016253
112397500,112432700,1698291600,0.016246,0.01625
112432700,112439900,1698291660,0.016238,0.016267
112439900,112425200,1698291720,0.016263,0.016281
112425200,112443700,1698291780,0.016284,0.016231
112443700,112487200,1698291840,0.016225,0.016213
112487200,112511400,1698291900,0.016208,0.016211
112624200,112703400,1698291960,0.016208,0.016193
112687000,112720000,1698292020,0.016194,0.016212
112720000,112730500,1698292080,0.016207,0.016189
112730500,112710700,1698292140,0.016191,0.016211
112708300,112761900,1698292200,0.016212,0.016201
113005800,112990700,1698292260,0.016191,0.016213
112996900,113000800,1698292320,0.01621,0.016171
112807200,112717100,1698292380,0.016169,0.016176
112711900,112698400,1698292440,0.016171,0.016193
112698400,112652800,1698292500,0.016181,0.016202
112652800,112615500,1698292560,0.016197,0.016222
112615500,112623100,1698292620,0.016219,0.016215
112623100,112615400,1698292680,0.016213,0.016218
112602600,112998200,1698292740,0.016219,0.016175
113064800,112866100,1698292800,0.016169,0.016152
112866100,112881600,1698292860,0.016148,0.016139
112920000,112927100,1698292920,0.016134,0.016165
112944000,112980200,1698292980,0.016163,0.01616
112980200,112988400,1698293040,0.016161,0.016149
112988400,112924500,1698293100,0.016142,0.016117
113200900,113210000,1698293160,0.016096,0.016133
113206400,113098700,1698293220,0.016136,0.016165
113098700,113092100,1698293280,0.016165,0.016202
113092100,113130200,1698293340,0.016198,0.016172
113130200,113039200,1698293400,0.016174,0.01621
113164500,113263700,1698293520,0.016232,0.016242
113263700,113184700,1698293580,0.016249,0.016234
113184700,113137200,1698293640,0.016232,0.016266
113149800,113152000,1698293700,0.016272,0.01625
113152000,113172800,1698293760,0.016245,0.016292
113172800,113191100,1698293820,0.016291,0.016245
113191100,113162500,1698293880,0.016239,0.016219
113162500,113083700,1698293940,0.01622,0.016274
113087200,113085000,1698294000,0.016267,0.016267
113085000,113059800,1698294060,0.016253,0.016233
113059800,113083800,1698294120,0.016233,0.016205
113082800,113097500,1698294180,0.016213,0.016193
113095000,113121000,1698294240,0.016199,0.016245
113121000,113160500,1698294300,0.016215,0.016216
113168400,113158000,1698294360,0.016214,0.016195
113158000,113156200,1698294420,0.016188,0.016281
113156200,113167400,1698294480,0.016267,0.016258
113182400,118671300,1698294540,0.016247,0.016359
118699400,118462300,1698294600,0.016354,0.016294
118476300,118734700,1698294660,0.016302,0.016358
118742200,118833700,1698294720,0.016363,0.016352
118833700,118598300,1698294780,0.016357,0.016326
118598300,119083900,1698294840,0.016323,0.016345
119114700,119143300,1698294900,0.016339,0.016412
119187800,119354300,1698294960,0.016408,0.016408
119360300,119391900,1698295020,0.016419,0.016427
119391900,119296700,1698295080,0.016421,0.016425
119290400,119157700,1698295140,0.016404,0.016361
119159200,118756900,1698295200,0.016357,0.016298
118853600,118592000,1698295260,0.016307,0.016302
118590900,118613600,1698295320,0.016292,0.016318
118613600,118590000,1698295380,0.01633,0.016311
118529300,118616300,1698295440,0.016306,0.016292
118607200,118599100,1698295500,0.016293,0.016377
118565400,118633900,1698295560,0.016368,0.016397
118640100,118796800,1698295620,0.016397,0.016383
118796800,118586600,1698295680,0.016384,0.016344
118463500,118582800,1698295740,0.016341,0.016326
118561800,118527800,1698295800,0.016328,0.016329
118527800,118810200,1698295860,0.016332,0.016357
118810200,118737100,1698295920,0.01634,0.016342
118737100,118803900,1698295980,0.016341,0.016366
118803900,118866000,1698296040,0.016364,0.016346
118866000,118948600,1698296100,0.016348,0.016368
118948600,119210000,1698296160,0.016357,0.016383
119195400,119322100,1698296220,0.016388,0.016394
119322100,119305500,1698296280,0.01638,0.016332
119309800,119342000,1698296340,0.016334,0.016327
119342000,119360500,1698296400,0.016327,0.016321
119370500,119363500,1698296460,0.016319,0.016348
119363500,119418000,1698296520,0.016348,0.016348
119418000,119410700,1698296580,0.016342,0.016389
119426000,119419500,1698296640,0.016395,0.016367
119412600,119599900,1698296700,0.016365,0.016352
119599900,119608600,1698296760,0.01635,0.016339
119613900,119637000,1698296820,0.016333,0.01631
119637000,119643700,1698296880,0.016305,0.016333
119640200,119651200,1698296940,0.016335,0.016333
119559300,119917300,1698297000,0.01633,0.01639
119896100,119861900,1698297060,0.016383,0.016389
119852300,119740500,1698297120,0.016392,0.016333
119718000,119637700,1698297180,0.016326,0.016232
119637700,119662400,1698297240,0.016247,0.016249
119662400,119678800,1698297300,0.01627,0.016237
118808700,118781300,1698297360,0.016238,0.016228
118781300,118634700,1698297420,0.016229,0.016242
118634700,118634500,1698297480,0.016237,0.016232
118636000,118543000,1698297540,0.01623,0.016266
118545600,118390700,1698297600,0.016251,0.016318
118388500,118668500,1698297660,0.01632,0.016366
118668500,118510400,1698297720,0.016365,0.016311
118510400,118483600,1698297780,0.016313,0.016335
118483600,118468100,1698297840,0.016322,0.016266
118468100,118379700,1698297900,0.016293,0.016266
118379700,118326500,1698297960,0.016269,0.016294
118326400,118315000,1698298020,0.016301,0.016293
118315000,118298900,1698298080,0.016314,0.016306
118298900,118267600,1698298140,0.016298,0.016282
118267600,118231000,1698298200,0.016284,0.016309
118231000,118227200,1698298260,0.016311,0.016332
118227200,118209900,1698298320,0.016331,0.01635
118205700,118203900,1698298380,0.016351,0.01632
118180700,118154600,1698298440,0.016325,0.016354
118160700,118342700,1698298500,0.016341,0.01635
118381300,118156800,1698298560,0.016354,0.016353
118156800,118063100,1698298620,0.016347,0.016345
118057800,118043600,1698298680,0.016342,0.016328
118043600,118053600,1698298740,0.016324,0.016352
118053600,118039800,1698298800,0.016356,0.016338
118039800,118039800,1698298860,0.016343,0.016334
118039800,118040800,1698298920,0.016334,0.016312
118040800,118128000,1698298980,0.016306,0.01635
118128000,118240200,1698299040,0.016345,0.016368
118237600,118276700,1698299100,0.016365,0.016365
118277500,118221200,1698299160,0.016364,0.01639
118221200,118269300,1698299220,0.016385,0.016392
118269300,118349900,1698299280,0.01639,0.016374
118349900,118514600,1698299340,0.016369,0.016429
118497400,118799900,1698299400,0.016428,0.016389
118798700,118628200,1698299460,0.016396,0.016389
118628200,118387400,1698299520,0.016371,0.016336
118386700,118978200,1698299580,0.016335,0.016254
118975500,118999600,1698299640,0.016245,0.016257
119052000,119012800,1698299700,0.01626,0.016281
119013500,119050000,1698299760,0.016267,0.016252
119048700,119059800,1698299820,0.016257,0.016254
119130700,119183100,1698299880,0.016249,0.016244
119180700,119298000,1698299940,0.01624,0.016291
119291800,118577100,1698300000,0.016289,0.016319
118559900,118476500,1698300060,0.016312,0.016233
118480000,118421800,1698300120,0.016232,0.016233
118421800,118421800,1698206160,0.01676,0.016764
118421800,118421800,1698211560,0.016776,0.016811
118421800,118421800,1698213360,0.016609,0.016596
118421800,118421800,1698215160,0.016906,0.016911
118421800,118421800,1698216900,0.016859,0.016872
118421800,118421800,1698221460,0.016365,0.016312
118421800,118421800,1698221520,0.016316,0.016304
118421800,118421800,1698221940,0.016036,0.01606
118421800,118421800,1698222000,0.016071,0.016095
118421800,118421800,1698222360,0.016116,0.016096
118421800,118421800,1698228180,0.016265,0.016252
118421800,118421800,1698236760,0.01636,0.016356
118421800,118421800,1698239460,0.016491,0.016471
118421800,118421800,1698240360,0.016588,0.016588
118421800,118421800,1698293460,0.016202,0.016241
