"OI_open","OI_close","timestamp","price_open","price_close"
4337326,4337934,1698017640,10.027,10.035
4338792,4338792,1698017700,10.035,10.04
4338814,4340010,1698017760,10.039,10.04
4340446,4340549,1698017820,10.041,10.044
4339320,4338698,1698017880,10.043,10.039
4337434,4337407,1698017940,10.039,10.042
4336743,4336258,1698018000,10.041,10.044
4334089,4334112,1698018060,10.043,10.046
4332589,4333532,1698018120,10.045,10.037
4331812,4331659,1698018180,10.037,10.039
4332630,4330081,1698018240,10.04,10.05
4329905,4329341,1698018300,10.05,10.033
4329773,4331088,1698018360,10.032,10.045
4329408,4328856,1698018420,10.045,10.039
4329717,4330306,1698018480,10.039,10.034
4330166,4330139,1698018540,10.034,10.049
4330167,4330775,1698018600,10.05,10.061
4332793,4333974,1698018660,10.06,10.065
4332109,4331712,1698018720,10.066,10.053
4330896,4332017,1698018780,10.053,10.041
4329936,4330062,1698018840,10.041,10.036
4331740,4331716,1698018900,10.035,10.045
4332084,4331258,1698018960,10.045,10.055
4331348,4330368,1698019020,10.056,10.065
4329991,4330094,1698019080,10.065,10.073
4330473,4332069,1698019140,10.073,10.079
4328718,4329105,1698019200,10.079,10.069
4326857,4323728,1698019260,10.069,10.069
4327596,4327596,1698019320,10.07,10.084
4329446,4329230,1698019380,10.085,10.089
4327683,4330406,1698019440,10.091,10.102
4335852,4335255,1698019500,10.103,10.103
4338906,4338298,1698019560,10.102,10.102
4339513,4338709,1698019620,10.104,10.081
4338526,4338982,1698019680,10.082,10.075
4340051,4341423,1698019740,10.076,10.081
4342078,4342217,1698019800,10.08,10.099
4342662,4344488,1698019860,10.099,10.106
4346189,4345430,1698019920,10.107,10.083
4344631,4345396,1698019980,10.083,10.069
4349177,4348606,1698020040,10.069,10.074
4348150,4334250,1698020100,10.075,10.052
4336536,4337100,1698020160,10.052,10.055
4336962,4336565,1698020220,10.056,10.038
4335219,4336434,1698020280,10.037,10.041
4335809,4336018,1698020340,10.041,10.049
4335597,4334874,1698020400,10.048,10.039
4333355,4333357,1698020460,10.038,10.029
4331897,4331168,1698020520,10.029,10.017
4329345,4329061,1698020580,10.016,10.01
4322085,4321087,1698020640,10.011,9.993
4315571,4319278,1698020700,9.992,9.998
4321419,4321991,1698020760,9.998,10.009
4322294,4324136,1698020820,10.008,10.013
4323938,4324521,1698020880,10.014,10.015
4327330,4327330,1698020940,10.014,10.03
4326335,4327529,1698021000,10.03,10.035
4327142,4326021,1698021060,10.034,10.018
4327771,4327771,1698021120,10.018,10.024
4328971,4330503,1698021180,10.025,10.023
4329533,4329533,1698021240,10.024,10.004
4327606,4323820,1698021300,10.004,10.002
4324422,4323102,1698021360,10.001,9.993
4323369,4322440,1698021420,9.992,10.004
4326692,4324735,1698021480,10.004,9.994
4324804,4325731,1698021540,9.994,9.994
4326296,4326412,1698021600,9.994,9.995
4326073,4325407,1698021660,9.996,10.001
4325713,4322944,1698021720,10.001,9.994
4322144,4322067,1698021780,9.994,10.01
4322622,4321929,1698021840,10.01,10.02
4321667,4321440,1698021900,10.02,10.006
4320032,4321469,1698021960,10.006,10.023
4320885,4320828,1698022020,10.024,10.032
4320357,4319562,1698022080,10.033,10.054
4317387,4311890,1698022140,10.056,10.063
4311762,4310280,1698022200,10.064,10.055
4313711,4317967,1698022260,10.056,10.042
4319461,4319102,1698022320,10.041,10.024
4317706,4319008,1698022380,10.025,10.03
4320027,4320683,1698022440,10.031,10.038
4320664,4320210,1698022500,10.04,10.037
4318575,4319234,1698022560,10.037,10.054
4318288,4316827,1698022620,10.053,10.06
4315484,4314512,1698022680,10.062,10.041
4314288,4313793,1698022740,10.04,10.037
4315698,4317086,1698022800,10.037,10.023
4318135,4318135,1698022860,10.022,10.009
4319006,4318515,1698022920,10.01,10.005
4318245,4318804,1698022980,10.005,10.009
4318756,4319402,1698023040,10.009,10
4318871,4322094,1698023100,10,10.022
4321927,4321659,1698023160,10.022,10.028
4321973,4321997,1698023220,10.029,10.043
4322765,4322094,1698023280,10.043,10.063
4317672,4323615,1698023340,10.062,10.059
4323422,4324373,1698023400,10.058,10.046
4323262,4322884,1698023460,10.047,10.025
4322954,4322978,1698023520,10.025,10.028
4322807,4322298,1698023580,10.028,10.04
4322276,4322656,1698023640,10.04,10.049
4321908,4321512,1698023700,10.05,10.039
4320869,4320100,1698023760,10.039,10.05
4320176,4323404,1698023820,10.051,10.033
4323736,4324331,1698023880,10.034,10.039
4325676,4326112,1698023940,10.039,10.046
4326224,4327409,1698024000,10.044,10.056
4327367,4329802,1698024060,10.056,10.049
4329034,4329034,1698024120,10.048,10.043
4328758,4329889,1698024180,10.042,10.057
4331805,4331916,1698024240,10.056,10.072
4330723,4331498,1698024300,10.073,10.079
4332543,4335256,1698024360,10.08,10.088
4330457,4329688,1698024420,10.088,10.11
4331553,4321646,1698024480,10.109,10.119
4321044,4322011,1698024540,10.119,10.107
4314828,4317951,1698024600,10.108,10.125
4316264,4315614,1698024660,10.124,10.151
4312051,4310492,1698024720,10.152,10.129
4312353,4311978,1698024780,10.129,10.087
4309305,4307735,1698024840,10.088,10.071
4307336,4300488,1698024900,10.072,10.074
4297649,4297233,1698024960,10.075,10.083
4299699,4299519,1698025020,10.082,10.096
4299589,4302089,1698025080,10.095,10.09
4304584,4305135,1698025140,10.09,10.089
4305026,4308545,1698025200,10.09,10.093
4309110,4310638,1698025260,10.093,10.061
4309273,4309473,1698025320,10.06,10.073
4309233,4308464,1698025380,10.074,10.083
4308792,4308686,1698025440,10.083,10.078
4309187,4308443,1698025500,10.078,10.073
4308834,4308568,1698025560,10.074,10.064
4307836,4315137,1698025620,10.063,10.057
4315973,4315413,1698025680,10.057,10.044
4315302,4311499,1698025740,10.043,10.043
4312660,4314315,1698025800,10.043,10.036
4313486,4313416,1698025860,10.037,10.028
4312231,4311305,1698025920,10.027,10.026
4311445,4310373,1698025980,10.027,10.037
4308620,4308105,1698026040,10.037,10.049
4310162,4310896,1698026100,10.049,10.052
4311520,4312630,1698026160,10.051,10.04
4312830,4311749,1698026220,10.039,10.04
4311359,4311359,1698026280,10.039,10.035
4311549,4310253,1698026340,10.037,10.053
4309931,4311228,1698026400,10.053,10.053
4311206,4310955,1698026460,10.054,10.062
4311763,4312444,1698026520,10.061,10.054
4314943,4314457,1698026580,10.055,10.06
4312324,4309183,1698026640,10.059,10.044
4309882,4309992,1698026700,10.044,10.029
4310535,4310238,1698026760,10.029,10.014
4309058,4309391,1698026820,10.015,10.01
4308806,4309554,1698026880,10.008,10.01
4317304,4317621,1698026940,10.01,10.024
4317953,4318825,1698027000,10.024,10.021
4318401,4318183,1698027060,10.021,10.012
4318748,4318690,1698027120,10.012,10.015
4319253,4319165,1698027180,10.016,10.015
4318648,4318777,1698027240,10.015,10.022
4318930,4319648,1698027300,10.022,10.021
4319388,4319620,1698027360,10.021,10.032
4319555,4319488,1698027420,10.032,10.035
4318721,4318724,1698027480,10.035,10.043
4318955,4322609,1698027540,10.043,10.046
4321517,4321359,1698027600,10.046,10.048
4320828,4320271,1698027660,10.049,10.056
4319575,4320123,1698027720,10.055,10.054
4319316,4319033,1698027780,10.053,10.049
4318953,4318924,1698027840,10.05,10.052
4319448,4319723,1698027900,10.053,10.057
4319518,4319275,1698027960,10.058,10.056
4318068,4317195,1698028020,10.057,10.051
4317347,4317887,1698028080,10.051,10.064
4318314,4319488,1698028140,10.064,10.064
4319804,4319804,1698028200,10.064,10.049
4320334,4320793,1698028260,10.049,10.055
4320866,4320429,1698028320,10.055,10.063
4320250,4320228,1698028380,10.064,10.066
4319942,4319281,1698028440,10.066,10.074
4319986,4327281,1698028500,10.073,10.07
4326430,4326430,1698028560,10.071,10.083
4327532,4327890,1698028620,10.084,10.08
4328004,4328141,1698028680,10.082,10.088
4328563,4330863,1698028740,10.089,10.084
4331335,4331757,1698028800,10.083,10.084
4332277,4334853,1698028860,10.082,10.064
4335435,4336985,1698028920,10.065,10.07
4337357,4338842,1698028980,10.069,10.068
4346068,4415452,1698029040,10.068,10.083
4410908,4410471,1698029100,10.083,10.083
4411559,4410724,1698029160,10.083,10.112
4410296,4411173,1698029220,10.113,10.123
4414205,4414411,1698029280,10.122,10.12
4416044,4417632,1698029340,10.119,10.129
4414010,4415421,1698029400,10.128,10.102
4416600,4416864,1698029460,10.103,10.12
4416721,4418245,1698029520,10.119,10.123
4420469,4422116,1698029580,10.123,10.124
4424877,4427324,1698029640,10.124,10.127
4429109,4430309,1698029700,10.127,10.122
4430342,4435696,1698029760,10.123,10.137
4439042,4441386,1698029820,10.137,10.15
4448790,4453911,1698029880,10.15,10.156
4451994,4456509,1698029940,10.157,10.162
4493501,4637468,1698030000,10.161,10.249
4639003,4647822,1698030060,10.249,10.292
4646080,4646080,1698030120,10.292,10.278
4641099,4647698,1698030180,10.278,10.243
4646653,4649455,1698030240,10.243,10.211
4649428,4650778,1698030300,10.211,10.271
4650023,4653388,1698030360,10.27,10.264
4655741,4655194,1698030420,10.264,10.244
4654449,4652249,1698030480,10.243,10.24
4653614,4656604,1698030540,10.239,10.247
4656919,4664063,1698030600,10.247,10.222
4663936,4663928,1698030660,10.222,10.216
4661782,4657065,1698030720,10.216,10.181
4655221,4657576,1698030780,10.18,10.168
4657096,4657064,1698030840,10.169,10.165
4654329,4648882,1698030900,10.165,10.179
4648153,4648773,1698030960,10.18,10.174
4648503,4648255,1698031020,10.175,10.192
4646916,4647620,1698031080,10.192,10.209
4650500,4649490,1698031140,10.21,10.208
4648089,4649189,1698031200,10.207,10.226
4648467,4649719,1698031260,10.225,10.23
4650492,4650427,1698031320,10.232,10.215
4650245,4650346,1698031380,10.215,10.204
4650890,4651164,1698031440,10.204,10.195
4656018,4656002,1698031500,10.195,10.19
4655901,4656052,1698031560,10.19,10.182
4656049,4655208,1698031620,10.181,10.184
4652500,4652500,1698031680,10.184,10.199
4643576,4643041,1698031740,10.199,10.195
4643301,4644188,1698031800,10.196,10.171
4641449,4641449,1698031860,10.172,10.185
4640556,4641570,1698031920,10.186,10.178
4640754,4640605,1698031980,10.178,10.198
4640426,4640767,1698032040,10.198,10.213
4641196,4641348,1698032100,10.215,10.218
4641096,4640336,1698032160,10.218,10.2
4639785,4638535,1698032220,10.2,10.21
4637449,4637285,1698032280,10.209,10.207
4636500,4636154,1698032340,10.207,10.215
4635808,4634985,1698032400,10.214,10.216
4637192,4638973,1698032460,10.217,10.219
4638565,4637715,1698032520,10.218,10.234
4638574,4639944,1698032580,10.234,10.228
4638562,4638523,1698032640,10.229,10.254
4635835,4634809,1698032700,10.255,10.264
4635687,4635529,1698032760,10.266,10.256
4634512,4631603,1698032820,10.255,10.227
4631391,4631752,1698032880,10.227,10.244
4628988,4626993,1698032940,10.244,10.282
4626182,4625817,1698033000,10.282,10.247
4623738,4624247,1698033060,10.248,10.265
4624918,4624264,1698033120,10.265,10.26
4630593,4628186,1698033180,10.26,10.224
4628571,4625229,1698033240,10.225,10.239
4628593,4627151,1698033300,10.239,10.23
4624631,4624539,1698033360,10.229,10.224
4621636,4622453,1698033420,10.224,10.245
4622715,4623491,1698033480,10.244,10.235
4627040,4626637,1698033540,10.235,10.225
4628636,4626735,1698033600,10.224,10.243
4622432,4622432,1698033660,10.243,10.193
4618500,4616226,1698033720,10.192,10.214
4614361,4610099,1698033780,10.215,10.239
4609978,4610613,1698033840,10.238,10.265
4610800,4598490,1698033900,10.264,10.222
4593358,4592111,1698033960,10.221,10.186
4593143,4591515,1698034020,10.186,10.201
4588643,4587969,1698034080,10.202,10.201
4587529,4586767,1698034140,10.202,10.202
4586775,4586542,1698034200,10.202,10.192
4586906,4586092,1698034260,10.192,10.209
4585896,4585357,1698034320,10.208,10.208
4581084,4581252,1698034380,10.208,10.199
4581159,4582117,1698034440,10.199,10.188
4581358,4581180,1698034500,10.187,10.187
4580633,4579977,1698034560,10.187,10.196
4579673,4580505,1698034620,10.195,10.183
4580462,4575123,1698034680,10.184,10.175
4574643,4574399,1698034740,10.176,10.189
4576511,4577796,1698034800,10.189,10.196
4579591,4579314,1698034860,10.195,10.194
4579315,4580232,1698034920,10.195,10.19
4579915,4578667,1698034980,10.191,10.191
4579084,4579469,1698035040,10.189,10.188
4579161,4578876,1698035100,10.188,10.179
4578202,4577659,1698035160,10.179,10.177
4577277,4576384,1698035220,10.178,10.181
4576258,4575986,1698035280,10.181,10.189
4576232,4576432,1698035340,10.19,10.188
4576139,4576412,1698035400,10.188,10.191
4575661,4575076,1698035460,10.19,10.202
4576211,4576062,1698035520,10.203,10.196
4575504,4574730,1698035580,10.197,10.212
4575986,4576834,1698035640,10.211,10.208
4576758,4577352,1698035700,10.207,10.212
4578013,4577581,1698035760,10.212,10.231
4578193,4578165,1698035820,10.23,10.223
4578553,4578185,1698035880,10.223,10.23
4577661,4578026,1698035940,10.231,10.241
4578053,4576558,1698036000,10.241,10.251
4570357,4571719,1698036060,10.25,10.262
4572982,4572121,1698036120,10.262,10.263
4572703,4573254,1698036180,10.263,10.239
4573517,4573405,1698036240,10.238,10.242
4574868,4574919,1698036300,10.241,10.237
4574087,4574087,1698036360,10.237,10.224
4574811,4575468,1698036420,10.224,10.226
4573436,4574538,1698036480,10.224,10.232
4574523,4574508,1698036540,10.232,10.235
4574304,4577040,1698036600,10.236,10.246
4577376,4576562,1698036660,10.245,10.255
4576660,4577029,1698036720,10.254,10.251
4577301,4576958,1698036780,10.251,10.25
4576745,4577010,1698036840,10.25,10.251
4576690,4576387,1698036900,10.252,10.261
4576484,4576172,1698036960,10.262,10.272
4577240,4576756,1698037020,10.271,10.279
4576510,4577625,1698037080,10.278,10.272
4577992,4578563,1698037140,10.271,10.277
4578739,4578273,1698037200,10.276,10.263
4577117,4582266,1698037260,10.264,10.228
4581572,4580786,1698037320,10.229,10.215
4575987,4575596,1698037380,10.215,10.199
4573457,4572559,1698037440,10.199,10.195
4567920,4566376,1698037500,10.195,10.195
4565415,4566538,1698037560,10.194,10.197
4564495,4564486,1698037620,10.198,10.212
4563996,4564213,1698037680,10.212,10.221
4563903,4563870,1698037740,10.222,10.239
4564812,4563607,1698037800,10.239,10.244
4562898,4567353,1698037860,10.245,10.262
4568162,4568637,1698037920,10.263,10.261
4568522,4568594,1698037980,10.26,10.266
4568814,4568659,1698038040,10.266,10.267
4567907,4567790,1698038100,10.266,10.264
4568917,4568195,1698038160,10.263,10.252
4564177,4564177,1698038220,10.251,10.24
4561118,4560025,1698038280,10.24,10.248
4558553,4557159,1698038340,10.248,10.247
4556052,4556588,1698038400,10.248,10.249
4553510,4553687,1698038460,10.251,10.242
4553804,4553864,1698038520,10.239,10.241
4552674,4549423,1698038580,10.242,10.302
4552560,4556079,1698038640,10.302,10.259
4556795,4554731,1698038700,10.258,10.267
4554694,4555576,1698038760,10.266,10.243
4553670,4553470,1698038820,10.243,10.249
4553590,4554023,1698038880,10.249,10.25
4554690,4553675,1698038940,10.249,10.262
4554536,4560435,1698039000,10.262,10.268
4561952,4545551,1698039060,10.268,10.252
4546091,4546450,1698039120,10.253,10.272
4547896,4549739,1698039180,10.271,10.269
4552638,4549185,1698039240,10.269,10.284
4547369,4546674,1698039300,10.284,10.302
4545422,4546825,1698039360,10.302,10.297
4547144,4547877,1698039420,10.297,10.275
4549190,4548710,1698039480,10.275,10.27
4547437,4547187,1698039540,10.271,10.265
4545138,4547063,1698039600,10.265,10.259
4546764,4546800,1698039660,10.259,10.264
4546064,4546449,1698039720,10.265,10.262
4549299,4548405,1698039780,10.26,10.247
4547809,4548039,1698039840,10.248,10.242
4547384,4547384,1698039900,10.243,10.246
4548415,4548464,1698039960,10.245,10.293
4549456,4550874,1698040020,10.293,10.293
4548616,4546795,1698040080,10.293,10.313
4547067,4548047,1698040140,10.313,10.303
4546491,4546501,1698040200,10.303,10.298
4548296,4547298,1698040260,10.298,10.289
4547119,4546607,1698040320,10.288,10.301
4545775,4546833,1698040380,10.302,10.283
4545190,4545636,1698040440,10.283,10.286
4546737,4544719,1698040500,10.287,10.264
4543702,4543658,1698040560,10.264,10.252
4541759,4541784,1698040620,10.252,10.255
4540487,4540211,1698040680,10.254,10.253
4540906,4541053,1698040740,10.253,10.248
4540750,4542088,1698040800,10.248,10.247
4542687,4542768,1698040860,10.248,10.249
4542923,4540572,1698040920,10.247,10.24
4539211,4540123,1698040980,10.24,10.252
4541473,4541995,1698041040,10.252,10.263
4544099,4544163,1698041100,10.264,10.278
4540898,4543163,1698041160,10.279,10.32
4544891,4530135,1698041220,10.319,10.324
4531232,4533364,1698041280,10.325,10.354
4532438,4536251,1698041340,10.354,10.36
4537238,4538902,1698041400,10.36,10.368
4540461,4541962,1698041460,10.368,10.369
4543290,4544041,1698041520,10.37,10.382
4545978,4546599,1698041580,10.38,10.377
4550847,4549178,1698041640,10.378,10.367
4547324,4544633,1698041700,10.368,10.365
4543213,4544602,1698041760,10.363,10.347
4545670,4545857,1698041820,10.347,10.337
4546501,4545178,1698041880,10.338,10.341
4543831,4543831,1698041940,10.338,10.33
4545011,4542347,1698042000,10.331,10.316
4541768,4543957,1698042060,10.317,10.3
4542457,4541159,1698042120,10.299,10.272
4537203,4536094,1698042180,10.273,10.292
4536560,4536560,1698042240,10.292,10.288
4536436,4538429,1698042300,10.288,10.292
4539751,4539751,1698042360,10.293,10.294
4540277,4541935,1698042420,10.293,10.281
4542045,4542405,1698042480,10.281,10.283
4541684,4542524,1698042540,10.283,10.303
4542280,4542319,1698042600,10.304,10.317
4541146,4541876,1698042660,10.316,10.295
4541164,4540082,1698042720,10.296,10.281
4540467,4543697,1698042780,10.28,10.259
4540624,4538677,1698042840,10.259,10.265
4537591,4536407,1698042900,10.264,10.259
4537177,4537921,1698042960,10.259,10.27
4539098,4538758,1698043020,10.27,10.266
4538615,4538649,1698043080,10.266,10.26
4538708,4539883,1698043140,10.26,10.256
4539691,4539810,1698043200,10.255,10.253
4538513,4537583,1698043260,10.253,10.248
4538593,4537662,1698043320,10.248,10.256
4537431,4533302,1698043380,10.256,10.255
4532940,4532807,1698043440,10.254,10.253
4533788,4535138,1698043500,10.254,10.264
4536838,4538964,1698043560,10.264,10.258
4548718,4549868,1698043620,10.257,10.265
4557668,4558134,1698043680,10.265,10.251
4561913,4562133,1698043740,10.25,10.24
4561849,4562182,1698043800,10.24,10.24
4561545,4562820,1698043860,10.239,10.254
4562542,4554478,1698043920,10.253,10.23
4546825,4545468,1698043980,10.23,10.231
4546194,4547572,1698044040,10.232,10.245
4547110,4549351,1698044100,10.244,10.234
4550689,4550892,1698044160,10.235,10.224
4554112,4553045,1698044220,10.223,10.209
4553748,4553748,1698044280,10.209,10.202
4552026,4546884,1698044340,10.202,10.181
4539958,4540283,1698044400,10.18,10.184
4541216,4535266,1698044460,10.183,10.184
4532896,4534540,1698044520,10.184,10.187
4535735,4536189,1698044580,10.187,10.179
4537474,4535798,1698044640,10.179,10.183
4537416,4542523,1698044700,10.183,10.183
4544344,4547443,1698044760,10.183,10.182
4543885,4546183,1698044820,10.182,10.16
4543397,4543387,1698044880,10.161,10.173
4546383,4548002,1698044940,10.173,10.183
4548527,4548996,1698045000,10.183,10.161
4549328,4548006,1698045060,10.161,10.168
4548066,4548250,1698045120,10.169,10.169
4547733,4547449,1698045180,10.169,10.165
4548663,4548399,1698045240,10.165,10.171
4547564,4547787,1698045300,10.171,10.174
4547825,4547770,1698045360,10.173,10.184
4547001,4550925,1698045420,10.184,10.199
4551828,4552925,1698045480,10.2,10.205
4553237,4552809,1698045540,10.205,10.201
4552739,4553121,1698045600,10.2,10.205
4552818,4552842,1698045660,10.204,10.204
4553014,4553694,1698045720,10.203,10.211
4553383,4553507,1698045780,10.211,10.204
4553571,4553039,1698045840,10.204,10.202
4553703,4554114,1698045900,10.202,10.201
4553833,4547878,1698045960,10.201,10.201
4548447,4554169,1698046020,10.2,10.172
4552467,4551872,1698046080,10.173,10.163
4551705,4550890,1698046140,10.163,10.167
4549898,4547950,1698046200,10.166,10.197
4548157,4548441,1698046260,10.197,10.214
4550579,4550579,1698046320,10.213,10.202
4551120,4549887,1698046380,10.202,10.203
4550366,4548098,1698046440,10.203,10.2
4547725,4551699,1698046500,10.2,10.21
4553525,4552275,1698046560,10.211,10.214
4552099,4552087,1698046620,10.214,10.216
4558662,4558568,1698046680,10.217,10.213
4558526,4558425,1698046740,10.213,10.204
4555306,4555736,1698046800,10.204,10.21
4554624,4554744,1698046860,10.209,10.205
4554705,4554705,1698046920,10.205,10.198
4556310,4555889,1698046980,10.198,10.204
4555814,4556340,1698047040,10.204,10.198
4557135,4557453,1698047100,10.198,10.211
4557983,4557492,1698047160,10.212,10.212
4558239,4558670,1698047220,10.213,10.212
4560563,4557998,1698047280,10.212,10.209
4558250,4553704,1698047340,10.208,10.219
4555114,4557139,1698047400,10.22,10.201
4558170,4557321,1698047460,10.201,10.182
4551077,4548779,1698047520,10.182,10.159
4548132,4544055,1698047580,10.159,10.16
4542831,4527209,1698047640,10.159,10.104
4524980,4527240,1698047700,10.104,10.134
4526002,4525111,1698047760,10.135,10.149
4524446,4525104,1698047820,10.15,10.147
4525094,4525064,1698047880,10.147,10.144
4529427,4529013,1698047940,10.145,10.152
4528119,4512078,1698048000,10.153,10.175
4512361,4532993,1698048060,10.174,10.171
4530575,4531371,1698048120,10.17,10.164
4532534,4532189,1698048180,10.163,10.137
4532992,4533361,1698048240,10.137,10.158
4532829,4533077,1698048300,10.159,10.175
4533210,4534996,1698048360,10.174,10.154
4533311,4533041,1698048420,10.154,10.159
4533611,4533408,1698048480,10.159,10.16
4533335,4533435,1698048540,10.16,10.166
4551655,4542697,1698048600,10.166,10.158
4541149,4541289,1698048660,10.158,10.156
4541563,4541063,1698048720,10.156,10.157
4542104,4542104,1698048780,10.156,10.159
4542458,4542532,1698048840,10.159,10.158
4542446,4541981,1698048900,10.157,10.153
4541738,4542018,1698048960,10.154,10.154
4539817,4539374,1698049020,10.153,10.146
4539663,4540817,1698049080,10.146,10.137
4540557,4538865,1698049140,10.138,10.135
4539276,4540123,1698049200,10.136,10.129
4540024,4539119,1698049260,10.129,10.131
4539277,4543410,1698049320,10.13,10.119
4542155,4541728,1698049380,10.119,10.129
4541224,4539236,1698049440,10.129,10.14
4542083,4543377,1698049500,10.14,10.143
4543729,4543603,1698049560,10.144,10.159
4542905,4542979,1698049620,10.16,10.162
4543748,4541728,1698049680,10.162,10.17
4541729,4541880,1698049740,10.17,10.171
4544558,4544964,1698049800,10.171,10.169
4544838,4546770,1698049860,10.169,10.173
4547851,4547505,1698049920,10.172,10.151
4547938,4549354,1698049980,10.151,10.147
4547289,4546624,1698050040,10.146,10.148
4547249,4545530,1698050100,10.148,10.128
4545551,4546215,1698050160,10.128,10.131
4546605,4546639,1698050220,10.131,10.143
4546812,4547878,1698050280,10.143,10.134
4546584,4547435,1698050340,10.133,10.146
4548448,4548212,1698050400,10.145,10.153
4548389,4550899,1698050460,10.153,10.151
4551970,4549648,1698050520,10.152,10.148
4549441,4569712,1698050580,10.147,10.118
4566080,4566080,1698050640,10.118,10.128
4565431,4567926,1698050700,10.128,10.12
4568342,4567598,1698050760,10.12,10.13
4566563,4564587,1698050820,10.129,10.129
4565358,4565499,1698050880,10.128,10.119
4569057,4569712,1698050940,10.119,10.128
4566471,4571748,1698051000,10.129,10.13
4572514,4577818,1698051060,10.129,10.109
4579450,4578518,1698051120,10.11,10.119
4577906,4577956,1698051180,10.119,10.12
4578128,4593523,1698051240,10.12,10.109
4594968,4590677,1698051300,10.109,10.13
4600347,4606458,1698051360,10.131,10.108
4608204,4607732,1698051420,10.108,10.108
4606009,4607079,1698051480,10.109,10.113
4607610,4608122,1698051540,10.112,10.099
4607531,4607285,1698051600,10.1,10.09
4606734,4607980,1698051660,10.091,10.097
4607909,4609375,1698051720,10.096,10.097
4608937,4608117,1698051780,10.097,10.105
4610437,4609448,1698051840,10.105,10.102
4609525,4609466,1698051900,10.101,10.099
4609341,4609665,1698051960,10.099,10.102
4612861,4613476,1698052020,10.102,10.094
4613899,4615839,1698052080,10.093,10.092
4614163,4614377,1698052140,10.091,10.094
4613868,4613184,1698052200,10.094,10.085
4613499,4613499,1698052260,10.086,10.071
4610718,4609093,1698052320,10.073,10.074
4605437,4605437,1698052380,10.075,10.063
4604718,4607316,1698052440,10.062,10.053
4607695,4607695,1698052500,10.053,10.059
4602048,4604459,1698052560,10.059,10.073
4606067,4607449,1698052620,10.073,10.078
4606913,4607270,1698052680,10.076,10.073
4606914,4605987,1698052740,10.072,10.058
4606286,4572247,1698052800,10.059,10.028
4570695,4564057,1698052860,10.028,10.019
4564779,4563795,1698052920,10.019,10.023
4562377,4563063,1698052980,10.023,10.023
4564147,4563689,1698053040,10.023,10.024
4563482,4562867,1698053100,10.024,10.023
4562523,4561535,1698053160,10.022,10.014
4560838,4558742,1698053220,10.014,10.012
4557630,4557929,1698053280,10.012,9.999
4547849,4548120,1698053340,9.998,9.998
4550655,4550978,1698053400,9.998,9.99
4544407,4542245,1698053460,9.99,9.975
4537574,4536281,1698053520,9.975,9.975
4536860,4534223,1698053580,9.974,9.951
4533059,4531008,1698053640,9.951,9.955
4532211,4523040,1698053700,9.955,9.962
4520657,4517023,1698053760,9.961,9.952
4515446,4515713,1698053820,9.951,9.962
4515654,4512907,1698053880,9.962,9.955
4511141,4508768,1698053940,9.956,9.95
4508658,4508818,1698054000,9.951,9.952
4507274,4509580,1698054060,9.952,9.944
4508631,4508631,1698054120,9.944,9.942
4496776,4491921,1698054180,9.941,9.921
4490717,4492223,1698054240,9.92,9.93
4489767,4496102,1698054300,9.929,9.907
4495642,4495642,1698054360,9.906,9.894
4489349,4485526,1698054420,9.895,9.886
4485660,4485660,1698054480,9.885,9.9
4485332,4487615,1698054540,9.899,9.916
4486096,4486798,1698054600,9.915,9.917
4485642,4486273,1698054660,9.917,9.924
4490105,4490433,1698054720,9.923,9.913
4489852,4490648,1698054780,9.913,9.917
4489736,4489664,1698054840,9.916,9.917
4489569,4492694,1698054900,9.917,9.934
4492303,4491138,1698054960,9.934,9.932
4490829,4490942,1698055020,9.932,9.918
4490960,4490874,1698055080,9.919,9.919
4490564,4491140,1698055140,9.92,9.922
4491573,4490905,1698055200,9.923,9.92
4489923,4491336,1698055260,9.918,9.92
4491333,4491527,1698055320,9.92,9.918
4492539,4491151,1698055380,9.918,9.919
4491700,4492251,1698055440,9.918,9.922
4492232,4495644,1698055500,9.922,9.926
4494408,4497204,1698055560,9.925,9.932
4496955,4497127,1698055620,9.933,9.933
4497418,4497133,1698055680,9.934,9.94
4497525,4497975,1698055740,9.94,9.944
4501364,4503589,1698055800,9.944,9.941
4503043,4503868,1698055860,9.942,9.944
4504103,4504107,1698055920,9.944,9.946
4504954,4505133,1698055980,9.946,9.945
4505068,4505357,1698056040,9.945,9.946
4505494,4509499,1698056100,9.946,9.951
4510327,4511653,1698056160,9.952,9.957
4512761,4515491,1698056220,9.956,9.974
4515176,4513228,1698056280,9.974,9.974
4514604,4513910,1698056340,9.973,9.981
4513841,4514066,1698056400,9.98,9.98
4512549,4512549,1698056460,9.98,9.986
4511842,4511830,1698056520,9.985,9.982
4509513,4509719,1698056580,9.982,9.988
4510242,4511909,1698056640,9.988,9.99
4511572,4511931,1698056700,9.989,9.987
4513582,4514200,1698056760,9.987,9.998
4514512,4513070,1698056820,9.998,9.994
4513340,4513340,1698056880,9.994,9.995
4514148,4514611,1698056940,9.996,9.997
4516506,4515334,1698057000,9.997,10.002
4517368,4516874,1698057060,10.002,10.011
4519096,4519030,1698057120,10.011,10.012
4518061,4516804,1698057180,10.012,10.01
4515220,4513165,1698057240,10.009,9.999
4506787,4505484,1698057300,9.998,9.981
4504094,4504277,1698057360,9.98,9.965
4503355,4504377,1698057420,9.964,9.966
4503814,4504329,1698057480,9.966,9.97
4504216,4506001,1698057540,9.97,9.979
4506477,4506887,1698057600,9.979,9.982
4506093,4505261,1698057660,9.983,9.986
4505422,4503075,1698057720,9.985,9.982
4503147,4502415,1698057780,9.983,9.99
4502578,4502817,1698057840,9.991,9.992
4505947,4506390,1698057900,9.991,9.996
4506471,4505969,1698057960,9.997,9.995
4506059,4504877,1698058020,9.995,10
4504699,4506936,1698058080,9.999,10.002
4506467,4506953,1698058140,10.002,10.002
4507917,4508089,1698058200,10.002,9.999
4507544,4506385,1698058260,9.998,9.991
4507801,4505810,1698058320,9.992,9.977
4506074,4506095,1698058380,9.978,9.989
4506161,4506998,1698058440,9.988,9.991
4507152,4506239,1698058500,9.99,9.997
4505797,4507901,1698058560,9.999,10
4506848,4506848,1698058620,10,9.993
4506689,4507056,1698058680,9.992,9.986
4507487,4507487,1698058740,9.986,9.987
4507570,4507408,1698058800,9.987,9.983
4508602,4510427,1698058860,9.984,9.994
4512150,4515719,1698058920,9.995,10.012
4517739,4515333,1698058980,10.013,10.01
4516643,4516130,1698059040,10.01,10.014
4518356,4509564,1698059100,10.014,10.028
4509406,4510190,1698059160,10.027,10.012
4509260,4511671,1698059220,10.011,10.013
4511874,4511710,1698059280,10.014,10.004
4510529,4506599,1698059340,10.004,9.994
4505913,4505335,1698059400,9.995,9.989
4508606,4509113,1698059460,9.989,9.988
4508682,4509122,1698059520,9.989,9.992
4511129,4516349,1698059580,9.993,10
4516360,4517208,1698059640,10,9.997
4516309,4516371,1698059700,9.998,10.007
4515767,4515854,1698059760,10.007,10.009
4515526,4515145,1698059820,10.008,10.01
4514995,4516206,1698059880,10.011,10.021
4517093,4514758,1698059940,10.021,10.026
4515484,4517249,1698060000,10.026,10.027
4515964,4517703,1698060060,10.026,10.026
4517560,4516239,1698060120,10.027,10.022
4516882,4516843,1698060180,10.023,10.022
4517183,4512944,1698060240,10.022,10.015
4511989,4511388,1698060300,10.016,10.011
4514150,4514595,1698060360,10.012,10.025
4514830,4514808,1698060420,10.025,10.025
4514726,4515397,1698060480,10.025,10.024
4516024,4517221,1698060540,10.023,10.019
4517054,4516438,1698060600,10.02,10.013
4516588,4515739,1698060660,10.012,10.004
4515529,4515717,1698060720,10.005,10.008
4515555,4516549,1698060780,10.01,10.01
4517429,4517429,1698060840,10.01,10.021
4519788,4515769,1698060900,10.022,10.008
4515451,4515451,1698060960,10.007,10.008
4515109,4514678,1698061020,10.009,10.014
4514512,4513873,1698061080,10.014,10.02
4514415,4513331,1698061140,10.02,10.024
4514101,4514345,1698061200,10.026,10.024
4514642,4515456,1698061260,10.024,10.034
4518024,4517899,1698061320,10.034,10.032
4517424,4517630,1698061380,10.032,10.033
4517776,4517424,1698061440,10.035,10.035
4519053,4518524,1698061500,10.034,10.03
4517626,4517809,1698061560,10.03,10.018
4515719,4520650,1698061620,10.017,10.01
4520534,4521358,1698061680,10.011,10.018
4521696,4521451,1698061740,10.019,10.017
4521175,4520781,1698061800,10.017,10.02
4521450,4520917,1698061860,10.02,10.03
4520766,4519435,1698061920,10.03,10.02
4520274,4521120,1698061980,10.019,10.018
4521366,4522212,1698062040,10.018,9.996
4523515,4522378,1698062100,9.997,9.999
4522527,4525502,1698062160,9.999,10.008
4526016,4525825,1698062220,10.008,10.006
4525975,4527967,1698062280,10.007,10.006
4542278,4542097,1698062340,10.006,10.016
4544157,4542462,1698062400,10.016,10.008
4542514,4541763,1698062460,10.008,10.003
4542875,4545961,1698062520,10.004,10.018
4544687,4545491,1698062580,10.026,10.011
4546345,4547195,1698062640,10.011,10.018
4547454,4548241,1698062700,10.018,10.02
4548925,4549053,1698062760,10.02,10.027
4554997,4554997,1698062820,10.027,10.02
4554494,4552661,1698062880,10.019,10.006
4554047,4554047,1698062940,10.006,10.018
4554325,4554463,1698063000,10.018,10.023
4554959,4553324,1698063060,10.021,10.015
4551980,4551980,1698063120,10.014,10.009
4551749,4551878,1698063180,10.008,9.998
4552616,4551013,1698063240,9.998,9.996
4549792,4548419,1698063300,9.996,10
4546527,4547407,1698063360,10.001,10.007
4548018,4548502,1698063420,10.007,10.026
4550270,4551648,1698063480,10.026,10.043
4550781,4550116,1698063540,10.042,10.032
4547615,4548301,1698063600,10.032,10.032
4550297,4550055,1698063660,10.032,10.035
4549139,4550666,1698063720,10.035,10.019
4551402,4552102,1698063780,10.02,10.037
4553739,4553613,1698063840,10.038,10.033
4553608,4553674,1698063900,10.033,10.031
4553499,4554420,1698063960,10.031,10.032
4554000,4553792,1698064020,10.032,10.027
4553886,4555535,1698064080,10.028,10.03
4555319,4557406,1698064140,10.03,10.036
4557680,4561544,1698064200,10.038,10.05
4559371,4559911,1698064260,10.049,10.049
4565353,4563106,1698064320,10.049,10.04
4568993,4568105,1698064380,10.04,10.038
4564218,4563109,1698064440,10.038,10.034
4562443,4561682,1698064500,10.034,10.033
4561525,4559616,1698064560,10.032,10.013
4558297,4557988,1698064620,10.012,10.007
4556107,4555640,1698064680,10.008,10
4554441,4552702,1698064740,9.999,9.997
4557356,4558310,1698064800,9.996,10.006
4558709,4557771,1698064860,10.006,10.015
4556433,4555593,1698064920,10.015,10.005
4555204,4555153,1698064980,10.006,10.006
4554454,4552048,1698065040,10.006,10.001
4552857,4552036,1698065100,10.001,10.008
4552061,4550113,1698065160,10.007,9.992
4549306,4546392,1698065220,9.992,9.986
4547326,4547326,1698065280,9.985,9.993
4548146,4549164,1698065340,9.995,10.01
4549589,4549654,1698065400,10.009,10.02
4551248,4551248,1698065460,10.02,10.014
4548401,4549707,1698065520,10.015,10.022
4549929,4549459,1698065580,10.022,10.019
4549668,4549901,1698065640,10.018,10.015
4549710,4550046,1698065700,10.014,10.008
4550892,4551500,1698065760,10.008,9.998
4550125,4550154,1698065820,9.997,10.006
4550433,4550329,1698065880,10.006,10.007
4550531,4552816,1698065940,10.007,10.008
4553117,4553117,1698066000,10.008,10.011
4552410,4552036,1698066060,10.012,9.99
4549788,4549462,1698066120,9.99,9.992
4549875,4549448,1698066180,9.992,9.993
4547422,4547963,1698066240,9.993,9.997
4547742,4547026,1698066300,9.998,9.981
4544731,4544977,1698066360,9.982,9.997
4548155,4545851,1698066420,9.997,10.011
4548047,4546938,1698066480,10.011,10.011
4547758,4547830,1698066540,10.011,10.02
4548365,4548538,1698066600,10.02,10.02
4548539,4550800,1698066660,10.02,10.027
4549453,4548372,1698066720,10.028,10.017
4546602,4549509,1698066780,10.017,10.023
4549412,4550080,1698066840,10.022,10.023
4550089,4549753,1698066900,10.022,10.007
4549943,4550034,1698066960,10.008,9.997
4549182,4548814,1698067020,9.997,9.987
4548631,4548319,1698067080,9.989,9.98
4544642,4544642,1698067140,9.98,9.965
4543695,4542382,1698067200,9.963,9.963
4541265,4538668,1698067260,9.961,9.954
4539041,4539953,1698067320,9.953,9.948
4541171,4541171,1698067380,9.947,9.942
4542027,4539671,1698067440,9.942,9.937
4537438,4535939,1698067500,9.937,9.909
4540219,4539502,1698067560,9.909,9.922
4541599,4541599,1698067620,9.922,9.931
4538837,4536560,1698067680,9.932,9.922
4535224,4531261,1698067740,9.922,9.908
4530841,4534438,1698067800,9.907,9.895
4530728,4535701,1698067860,9.894,9.884
4535033,4535225,1698067920,9.885,9.874
4524381,4526891,1698067980,9.872,9.906
4525910,4523766,1698068040,9.905,9.888
4523932,4526712,1698068100,9.889,9.902
4527298,4521352,1698068160,9.902,9.873
4522093,4522286,1698068220,9.874,9.885
4524935,4525451,1698068280,9.886,9.901
4529088,4531261,1698068340,9.902,9.912
4533119,4533454,1698068400,9.913,9.919
4537439,4537288,1698068460,9.919,9.933
4537324,4538452,1698068520,9.932,9.931
4539001,4539949,1698068580,9.932,9.935
4539144,4540041,1698068640,9.935,9.925
4538827,4539339,1698068700,9.925,9.946
4540291,4539062,1698068760,9.946,9.937
4538719,4538719,1698068820,9.936,9.932
4541062,4542412,1698068880,9.932,9.949
4543894,4543325,1698068940,9.95,9.956
4543792,4540448,1698069000,9.956,9.944
4539485,4539177,1698069060,9.943,9.923
4542140,4542370,1698069120,9.924,9.933
4540775,4540659,1698069180,9.934,9.938
4537608,4537608,1698069240,9.938,9.931
4536820,4537109,1698069300,9.93,9.939
4538341,4539061,1698069360,9.939,9.945
4540404,4540291,1698069420,9.945,9.957
4540830,4540898,1698069480,9.956,9.949
4540133,4540128,1698069540,9.948,9.941
4539839,4539506,1698069600,9.941,9.948
4540259,4539420,1698069660,9.949,9.943
4538796,4539744,1698069720,9.944,9.933
4539368,4539368,1698069780,9.934,9.945
4537924,4537448,1698069840,9.945,9.957
4537398,4538218,1698069900,9.957,9.972
4537367,4535819,1698069960,9.971,9.966
4535558,4536952,1698070020,9.967,9.981
4535333,4534705,1698070080,9.981,9.984
4535237,4535706,1698070140,9.983,9.986
4542270,4543720,1698070200,9.986,9.992
4544649,4543924,1698070260,9.992,9.978
4542283,4541786,1698070320,9.978,9.98
4541748,4541672,1698070380,9.98,9.992
4541482,4541188,1698070440,9.993,9.997
4540508,4539685,1698070500,9.997,9.993
4539678,4541266,1698070560,9.993,9.982
4539704,4539256,1698070620,9.983,9.986
4538421,4538032,1698070680,9.986,9.987
4536454,4536107,1698070740,9.986,9.98
4533197,4531055,1698070800,9.979,9.969
4530856,4528173,1698070860,9.97,9.952
4526416,4526922,1698070920,9.952,9.946
4525985,4525845,1698070980,9.946,9.954
4525111,4524513,1698071040,9.954,9.949
4522650,4520569,1698071100,9.949,9.964
4520294,4519805,1698071160,9.965,9.979
4520263,4517101,1698071220,9.98,9.965
4519545,4518594,1698071280,9.964,9.966
4518887,4520336,1698071340,9.966,9.967
4530049,4529662,1698071400,9.968,9.957
4531354,4531385,1698071460,9.957,9.952
4531978,4531823,1698071520,9.951,9.946
4532518,4532504,1698071580,9.946,9.936
4532361,4534990,1698071640,9.936,9.939
4534589,4534226,1698071700,9.94,9.935
4534098,4534021,1698071760,9.936,9.938
4534230,4533830,1698071820,9.939,9.928
4530888,4530337,1698071880,9.927,9.939
4534474,4534166,1698071940,9.941,9.946
4534520,4533562,1698072000,9.945,9.956
4533505,4533505,1698072060,9.957,9.967
4532957,4530105,1698072120,9.968,9.953
4529732,4528828,1698072180,9.953,9.951
4529389,4529587,1698072240,9.95,9.95
4529548,4529442,1698072300,9.95,9.949
4528714,4528537,1698072360,9.949,9.96
4528744,4529621,1698072420,9.962,9.962
4528170,4528204,1698072480,9.96,9.944
4528766,4529833,1698072540,9.944,9.935
4529902,4531690,1698072600,9.935,9.96
4531560,4532121,1698072660,9.961,9.975
4530942,4530911,1698072720,9.974,9.975
4531736,4532783,1698072780,9.975,9.977
4528677,4528753,1698072840,9.978,9.977
4529041,4528100,1698072900,9.977,9.982
4528426,4525089,1698072960,9.983,9.976
4524298,4527745,1698073020,9.975,9.978
4527396,4527022,1698073080,9.976,9.977
4526799,4527341,1698073140,9.978,9.982
4526970,4526549,1698073200,9.983,9.971
4525399,4523873,1698073260,9.971,9.977
4523036,4522864,1698073320,9.977,9.986
4518896,4517423,1698073380,9.986,9.982
4515190,4515183,1698073440,9.982,9.97
4512540,4509533,1698073500,9.97,9.97
4509596,4507612,1698073560,9.97,9.95
4506575,4505441,1698073620,9.95,9.973
4504655,4505106,1698073680,9.974,9.973
4505754,4507345,1698073740,9.973,9.968
4507378,4503999,1698073800,9.969,9.99
4499637,4495637,1698073860,9.99,9.988
4496223,4498231,1698073920,9.987,9.991
4497759,4498017,1698073980,9.991,9.99
4496997,4497658,1698074040,9.991,9.992
4497660,4497979,1698074100,9.993,9.994
4499759,4499759,1698074160,9.995,9.951
4499170,4498361,1698074220,9.952,9.946
4499747,4497680,1698074280,9.947,9.95
4498081,4498081,1698074340,9.95,9.949
4500314,4501790,1698074400,9.95,9.937
4502404,4501904,1698074460,9.937,9.939
4501783,4502356,1698074520,9.939,9.964
4502925,4503501,1698074580,9.965,9.964
4504820,4504868,1698074640,9.963,9.959
4504583,4504406,1698074700,9.958,9.962
4504188,4503261,1698074760,9.962,9.946
4503400,4503417,1698074820,9.946,9.942
4503805,4505034,1698074880,9.942,9.946
4505341,4505338,1698074940,9.947,9.95
4504990,4504679,1698075000,9.95,9.945
4504441,4502883,1698075060,9.945,9.958
4502340,4502710,1698075120,9.958,9.95
4502062,4502265,1698075180,9.951,9.956
4502316,4503253,1698075240,9.955,9.978
4503285,4502913,1698075300,9.978,9.983
4502848,4504194,1698075360,9.983,9.966
4500592,4502977,1698075420,9.966,9.952
4502890,4502273,1698075480,9.952,9.956
4503339,4502186,1698075540,9.956,9.956
4503782,4506662,1698075600,9.957,9.962
4507374,4507735,1698075660,9.963,9.959
4508273,4509283,1698075720,9.959,9.956
4510959,4511350,1698075780,9.957,9.958
4511273,4511020,1698075840,9.957,9.943
4510803,4509455,1698075900,9.943,9.946
4510185,4508990,1698075960,9.945,9.943
4509557,4511341,1698076020,9.943,9.947
4512095,4513004,1698076080,9.947,9.952
4513126,4513724,1698076140,9.951,9.957
4515214,4514771,1698076200,9.957,9.956
4514553,4514533,1698076260,9.957,9.959
4514694,4515582,1698076320,9.958,9.977
4514022,4514022,1698076380,9.977,9.985
4515587,4514313,1698076440,9.985,9.965
4514799,4514799,1698076500,9.965,9.941
4512537,4514040,1698076560,9.941,9.967
4512122,4512596,1698076620,9.967,9.965
4514108,4514108,1698076680,9.964,9.966
4513981,4513996,1698076740,9.966,9.967
4514154,4513176,1698076800,9.966,9.976
4514861,4514167,1698076860,9.976,9.986
4515462,4514820,1698076920,9.986,9.964
4514534,4512663,1698076980,9.963,9.956
4510653,4506827,1698077040,9.957,9.943
4507376,4509558,1698077100,9.945,9.971
4510065,4508967,1698077160,9.971,9.965
4510826,4512174,1698077220,9.965,9.969
4512338,4512725,1698077280,9.969,9.961
4513245,4513496,1698077340,9.962,9.96
4514237,4516176,1698077400,9.96,9.962
4516949,4519665,1698077460,9.962,9.949
4519520,4520449,1698077520,9.949,9.957
4519868,4519903,1698077580,9.958,9.943
4520372,4519083,1698077640,9.942,9.948
4517710,4518287,1698077700,9.947,9.962
4519015,4519202,1698077760,9.961,9.96
4517793,4517805,1698077820,9.959,9.961
4517835,4520014,1698077880,9.962,9.962
4520825,4519923,1698077940,9.963,9.97
4520910,4521465,1698078000,9.97,9.968
4521593,4525113,1698078060,9.968,9.961
4525255,4525441,1698078120,9.961,9.958
4519722,4519563,1698078180,9.957,9.949
4519232,4519448,1698078240,9.95,9.951
4519360,4519062,1698078300,9.951,9.939
4519818,4513953,1698078360,9.938,9.924
4515334,4517030,1698078420,9.923,9.938
4517453,4517130,1698078480,9.938,9.925
4517276,4519330,1698078540,9.925,9.911
4521162,4522073,1698078600,9.913,9.931
4523050,4521517,1698078660,9.93,9.914
4519649,4519649,1698078720,9.914,9.916
4519212,4521400,1698078780,9.916,9.933
4523820,4520361,1698078840,9.933,9.931
4520468,4516898,1698078900,9.931,9.941
4518096,4518557,1698078960,9.94,9.963
4517113,4515814,1698079020,9.963,9.975
4514282,4509539,1698079080,9.975,9.985
4505943,4505943,1698079140,9.986,9.997
4507296,4509715,1698079200,9.996,9.981
4508725,4508273,1698079260,9.982,9.989
4508237,4507982,1698079320,9.989,10.007
4508546,4505876,1698079380,10.006,10.02
4505522,4504173,1698079440,10.02,10.004
4503705,4506245,1698079500,10.004,9.989
4505647,4505260,1698079560,9.989,10
4505381,4505140,1698079620,9.999,9.993
4509066,4510928,1698079680,9.994,9.995
4515350,4517960,1698079740,9.995,10.009
4518840,4523043,1698079800,10.009,9.99
4529463,4530630,1698079860,9.991,10.012
4531984,4532492,1698079920,10.011,10.02
4534310,4538096,1698079980,10.021,10.032
4539983,4539398,1698080040,10.032,10.036
4539054,4545816,1698080100,10.037,10.06
4543277,4545219,1698080160,10.059,10.078
4546993,4546993,1698080220,10.078,10.078
4549561,4549561,1698080280,10.078,10.085
4552823,4545747,1698080340,10.086,10.071
4545292,4542938,1698080400,10.071,10.068
4541345,4535720,1698080460,10.068,10.035
4532677,4532775,1698080520,10.034,10.03
4533966,4535161,1698080580,10.031,10.021
4533144,4535038,1698080640,10.021,10.033
4540186,4542585,1698080700,10.033,10.061
4540917,4540917,1698080760,10.06,10.053
4542471,4536658,1698080820,10.054,10.078
4532034,4530436,1698080880,10.079,10.066
4529630,4529830,1698080940,10.067,10.08
4529444,4531232,1698081000,10.08,10.084
4528167,4524718,1698081060,10.084,10.06
4523460,4524550,1698081120,10.06,10.071
4525696,4526200,1698081180,10.071,10.071
4525599,4525599,1698081240,10.071,10.064
4526622,4524534,1698081300,10.064,10.032
4516476,4516113,1698081360,10.032,10.006
4516597,4516885,1698081420,10.005,10.008
4517255,4515287,1698081480,10.009,10.016
4517601,4517794,1698081540,10.016,10.005
4518168,4519079,1698081600,10.004,10.01
4519837,4519711,1698081660,10.011,10.022
4519532,4522131,1698081720,10.02,10.031
4526184,4524951,1698081780,10.029,10.019
4525748,4524770,1698081840,10.019,10.025
4520949,4517788,1698081900,10.025,10.003
4509698,4507134,1698081960,10.002,9.999
4508253,4507701,1698082020,9.998,10.008
4507826,4503250,1698082080,10.008,9.981
4497840,4499979,1698082140,9.982,9.991
4500239,4501323,1698082200,9.99,9.975
4498395,4500538,1698082260,9.973,9.999
4502321,4503375,1698082320,10,10
4502735,4502883,1698082380,10.001,9.995
4503813,4504675,1698082440,9.996,9.986
4504095,4506939,1698082500,9.985,10.001
4508201,4508103,1698082560,10.001,10.012
4507577,4508537,1698082620,10.014,10.007
4506754,4507500,1698082680,10.006,10.009
4508782,4508888,1698082740,10.011,10.004
4509736,4510520,1698082800,10.005,10.022
4510516,4511043,1698082860,10.022,10.033
4510160,4508042,1698082920,10.033,10.036
4507403,4507731,1698082980,10.036,10.035
4508533,4508586,1698083040,10.034,10.028
4507718,4508521,1698083100,10.029,10.029
4507031,4507250,1698083160,10.029,10.009
4506993,4505972,1698083220,10.009,10.016
4508593,4509322,1698083280,10.014,10.022
4509751,4509751,1698083340,10.022,10.03
4511165,4510133,1698083400,10.03,10.015
4509017,4509620,1698083460,10.016,10.024
4509473,4508968,1698083520,10.025,10.024
4505969,4505339,1698083580,10.023,10.021
4505488,4506060,1698083640,10.022,10.032
4506986,4506943,1698083700,10.033,10.041
4506304,4506136,1698083760,10.04,10.045
4505732,4505258,1698083820,10.045,10.036
4506207,4505194,1698083880,10.036,10.017
4503438,4501984,1698083940,10.017,10.012
4503293,4504178,1698084000,10.012,10.013
4503155,4503048,1698084060,10.013,10.023
4503936,4503636,1698084120,10.022,10.026
4504308,4504915,1698084180,10.026,10.037
4505335,4505406,1698084240,10.036,10.043
4507140,4507774,1698084300,10.043,10.051
4507610,4506544,1698084360,10.052,10.043
4507698,4507881,1698084420,10.042,10.033
4508523,4508543,1698084480,10.034,10.039
4508952,4509719,1698084540,10.04,10.044
4509592,4510755,1698084600,10.043,10.048
4512113,4510954,1698084660,10.048,10.057
4510500,4512179,1698084720,10.057,10.064
4511700,4511978,1698084780,10.064,10.062
4511726,4563961,1698084840,10.062,10.105
4559489,4559489,1698084900,10.105,10.089
4564943,4562868,1698084960,10.089,10.075
4566606,4572434,1698085020,10.075,10.082
4572634,4572748,1698085080,10.083,10.073
4569124,4569124,1698085140,10.073,10.062
4564690,4591507,1698085200,10.061,10.06
4582203,4572456,1698085260,10.06,10.077
4570389,4570483,1698085320,10.077,10.076
4570195,4570116,1698085380,10.075,10.067
4569817,4573511,1698085440,10.068,10.065
4572348,4572734,1698085500,10.066,10.062
4572685,4572836,1698085560,10.062,10.051
4571866,4572410,1698085620,10.05,10.046
4572420,4570815,1698085680,10.044,10.035
4570654,4649287,1698085740,10.036,10.084
4649329,4649674,1698085800,10.084,10.087
4649173,4649709,1698085860,10.086,10.083
4652282,4654248,1698085920,10.084,10.079
4655252,4654474,1698085980,10.078,10.078
4652139,4650554,1698086040,10.077,10.074
4644471,4644507,1698086100,10.074,10.078
4643194,4643160,1698086160,10.078,10.079
4643009,4642947,1698086220,10.08,10.076
4642532,4643311,1698086280,10.076,10.085
4642118,4637996,1698086340,10.084,10.093
4638510,4641063,1698086400,10.093,10.09
4640935,4641150,1698086460,10.09,10.091
4648251,4647756,1698086520,10.091,10.08
4647035,4646118,1698086580,10.082,10.081
4646988,4643136,1698086640,10.082,10.064
4643819,4643128,1698086700,10.062,10.054
4642281,4641030,1698086760,10.055,10.071
4644905,4644905,1698086820,10.072,10.083
4647366,4647455,1698086880,10.082,10.079
4648222,4648222,1698086940,10.079,10.071
4647944,4651273,1698087000,10.072,10.109
4658861,4660810,1698087060,10.108,10.094
4661732,4661300,1698087120,10.094,10.092
4660869,4660400,1698087180,10.091,10.109
4661505,4660628,1698087240,10.109,10.111
4660955,4659599,1698087300,10.11,10.115
4661753,4660760,1698087360,10.116,10.106
4659976,4656384,1698087420,10.106,10.119
4655172,4653489,1698087480,10.12,10.119
4653090,4655395,1698087540,10.119,10.131
4656783,4658369,1698087600,10.131,10.135
4658128,4653669,1698087660,10.135,10.162
4650972,4654198,1698087720,10.162,10.178
4644849,4644417,1698087780,10.178,10.168
4645057,4647186,1698087840,10.169,10.181
4643256,4646091,1698087900,10.181,10.166
4642883,4642538,1698087960,10.166,10.147
4642013,4641715,1698088020,10.147,10.156
4643326,4642906,1698088080,10.156,10.137
4643466,4643114,1698088140,10.137,10.145
4643082,4644080,1698088200,10.145,10.149
4645771,4646712,1698088260,10.15,10.155
4646754,4644631,1698088320,10.156,10.17
4642698,4648636,1698088380,10.171,10.175
4649226,4649372,1698088440,10.175,10.181
4649455,4648455,1698088500,10.181,10.156
4647576,4648480,1698088560,10.158,10.162
4645795,4645252,1698088620,10.162,10.15
4644857,4644857,1698088680,10.15,10.145
4644208,4644557,1698088740,10.144,10.124
4643536,4643358,1698088800,10.124,10.134
4641453,4641796,1698088860,10.134,10.142
4641617,4641662,1698088920,10.142,10.145
4643727,4644108,1698088980,10.145,10.13
4645290,4644701,1698089040,10.129,10.115
4642015,4640984,1698089100,10.115,10.135
4640990,4641084,1698089160,10.135,10.126
4641639,4641058,1698089220,10.126,10.125
4640302,4640596,1698089280,10.124,10.121
4638129,4636094,1698089340,10.121,10.119
4635359,4635502,1698089400,10.119,10.105
4633399,4628922,1698089460,10.105,10.1
4628694,4627235,1698089520,10.1,10.094
4627709,4628403,1698089580,10.094,10.091
4623547,4619322,1698089640,10.091,10.091
4621402,4621735,1698089700,10.09,10.103
4620891,4621498,1698089760,10.102,10.101
4621119,4622437,1698089820,10.101,10.108
4622752,4621785,1698089880,10.108,10.115
4619234,4619768,1698089940,10.116,10.13
4633836,4635950,1698090000,10.13,10.179
4638158,4634110,1698090060,10.179,10.184
4633071,4630410,1698090120,10.182,10.183
4630717,4631522,1698090180,10.181,10.181
4631454,4631279,1698090240,10.181,10.173
4628959,4628508,1698090300,10.172,10.179
4628300,4629169,1698090360,10.18,10.169
4628402,4630018,1698090420,10.17,10.179
4630120,4631938,1698090480,10.178,10.187
4633081,4632792,1698090540,10.187,10.183
4633341,4632005,1698090600,10.182,10.177
4628301,4626955,1698090660,10.177,10.189
4635251,4634924,1698090720,10.189,10.199
4632861,4632370,1698090780,10.2,10.191
4633063,4630510,1698090840,10.19,10.189
4629968,4629968,1698090900,10.19,10.196
4630377,4630620,1698090960,10.196,10.213
4627612,4625690,1698091020,10.212,10.219
4625201,4625201,1698091080,10.218,10.208
4625416,4624824,1698091140,10.208,10.204
4626770,4629232,1698091200,10.203,10.207
4629330,4630393,1698091260,10.206,10.196
4630295,4633279,1698091320,10.196,10.221
4634635,4635271,1698091380,10.221,10.208
4633570,4634789,1698091440,10.208,10.192
4635837,4637364,1698091500,10.191,10.185
4634774,4634377,1698091560,10.186,10.201
4635015,4633885,1698091620,10.2,10.194
4635383,4634173,1698091680,10.193,10.211
4633041,4632763,1698091740,10.211,10.211
4633194,4632198,1698091800,10.211,10.219
4634163,4636061,1698091860,10.218,10.223
4635906,4638420,1698091920,10.223,10.211
4639756,4640069,1698091980,10.21,10.209
4639253,4639468,1698092040,10.209,10.211
4639386,4639808,1698092100,10.21,10.211
4641217,4640289,1698092160,10.211,10.212
4642224,4642669,1698092220,10.213,10.22
4642202,4642190,1698092280,10.221,10.229
4640385,4642060,1698092340,10.23,10.237
4638923,4636604,1698092400,10.238,10.246
4637987,4637161,1698092460,10.247,10.224
4636855,4636239,1698092520,10.224,10.227
4635969,4635547,1698092580,10.229,10.238
4634936,4634572,1698092640,10.238,10.235
4636303,4637581,1698092700,10.235,10.235
4637553,4639745,1698092760,10.234,10.225
4640006,4639502,1698092820,10.226,10.209
4633185,4633185,1698092880,10.209,10.209
4632418,4631148,1698092940,10.21,10.194
4626749,4626576,1698093000,10.194,10.214
4623826,4623264,1698093060,10.212,10.203
4624204,4625778,1698093120,10.203,10.204
4627825,4628820,1698093180,10.204,10.213
4630295,4629201,1698093240,10.213,10.213
4629264,4628676,1698093300,10.212,10.216
4627957,4628135,1698093360,10.218,10.233
4628757,4628923,1698093420,10.232,10.246
4627349,4627110,1698093480,10.246,10.238
4628153,4628546,1698093540,10.239,10.236
4629656,4629812,1698093600,10.237,10.246
4628669,4629356,1698093660,10.246,10.241
4626637,4625222,1698093720,10.241,10.239
4625838,4622829,1698093780,10.239,10.202
4628869,4633983,1698093840,10.202,10.212
4633771,4632225,1698093900,10.213,10.198
4631811,4633636,1698093960,10.198,10.196
4634966,4635864,1698094020,10.196,10.203
4636032,4637291,1698094080,10.204,10.203
4635576,4634173,1698094140,10.203,10.189
4634719,4635546,1698094200,10.189,10.191
4636167,4633604,1698094260,10.192,10.173
4633968,4632468,1698094320,10.173,10.163
4634583,4631476,1698094380,10.162,10.154
4627590,4628634,1698094440,10.154,10.15
4629909,4630426,1698094500,10.151,10.151
4630402,4630848,1698094560,10.151,10.165
4628734,4632213,1698094620,10.165,10.15
4632303,4629730,1698094680,10.151,10.143
4630924,4633379,1698094740,10.142,10.152
4636383,4636383,1698094800,10.152,10.153
4640168,4643983,1698094860,10.152,10.17
4646291,4647421,1698094920,10.171,10.175
4648306,4651031,1698094980,10.174,10.171
4651474,4650872,1698095040,10.172,10.162
4652505,4650209,1698095100,10.161,10.157
4650048,4651365,1698095160,10.157,10.155
4655705,4655284,1698095220,10.155,10.15
4654504,4655902,1698095280,10.151,10.14
4655911,4655647,1698095340,10.14,10.123
4655834,4645423,1698095400,10.123,10.121
4645245,4645306,1698095460,10.122,10.128
4645445,4647751,1698095520,10.128,10.115
4648365,4647764,1698095580,10.115,10.105
4651010,4650244,1698095640,10.105,10.116
4651738,4652384,1698095700,10.117,10.103
4653217,4650505,1698095760,10.103,10.094
4650178,4653131,1698095820,10.094,10.108
4655377,4657152,1698095880,10.108,10.117
4656279,4656029,1698095940,10.117,10.116
4655486,4655847,1698096000,10.116,10.107
4658957,4655430,1698096060,10.107,10.107
4654779,4655027,1698096120,10.107,10.108
4655675,4656234,1698096180,10.108,10.109
4655748,4657630,1698096240,10.109,10.115
4654318,4654357,1698096300,10.115,10.127
4649035,4645973,1698096360,10.126,10.111
4641920,4641462,1698096420,10.112,10.116
4640830,4640666,1698096480,10.117,10.122
4640417,4641096,1698096540,10.121,10.12
4640589,4640810,1698096600,10.12,10.121
4640479,4641956,1698096660,10.12,10.118
4641892,4641774,1698096720,10.118,10.118
4641738,4641385,1698096780,10.118,10.125
4641814,4642521,1698096840,10.126,10.134
4640942,4640714,1698096900,10.133,10.141
4639949,4639020,1698096960,10.141,10.14
4641930,4642147,1698097020,10.14,10.145
4642630,4642549,1698097080,10.145,10.141
4647143,4647143,1698097140,10.142,10.156
4650190,4651565,1698097200,10.156,10.147
4651522,4651522,1698097260,10.148,10.148
4651376,4650105,1698097320,10.148,10.146
4650358,4650735,1698097380,10.146,10.147
4654367,4654367,1698097440,10.147,10.153
4654677,4655674,1698097500,10.154,10.166
4658601,4658929,1698097560,10.165,10.168
4658567,4658206,1698097620,10.168,10.16
4658903,4658770,1698097680,10.161,10.163
4659146,4658659,1698097740,10.162,10.155
4659252,4659300,1698097800,10.156,10.165
4660315,4660306,1698097860,10.166,10.168
4660330,4662388,1698097920,10.168,10.169
4662143,4662222,1698097980,10.169,10.161
4661857,4662729,1698098040,10.161,10.161
4662734,4662467,1698098100,10.161,10.168
4662161,4663512,1698098160,10.169,10.17
4665586,4666403,1698098220,10.17,10.17
4671048,4671746,1698098280,10.17,10.17
4671792,4673600,1698098340,10.169,10.163
4674124,4673790,1698098400,10.163,10.164
4675976,4673544,1698098460,10.164,10.158
4677212,4678834,1698098520,10.159,10.149
4681671,4682177,1698098580,10.15,10.153
4682582,4683776,1698098640,10.153,10.152
4684221,4684249,1698098700,10.152,10.14
4689326,4689552,1698098760,10.14,10.16
4690163,4690763,1698098820,10.16,10.161
4690635,4692046,1698098880,10.162,10.172
4691796,4692562,1698098940,10.172,10.175
4694573,4696038,1698099000,10.175,10.176
4692813,4692050,1698099060,10.177,10.181
4693255,4696079,1698099120,10.18,10.202
4718873,4718873,1698099180,10.201,10.194
4723892,4724296,1698099240,10.194,10.207
4724204,4727702,1698099300,10.207,10.188
4725735,4724007,1698099360,10.189,10.185
4725104,4727659,1698099420,10.185,10.189
4725931,4725931,1698099480,10.188,10.19
4726674,4728748,1698099540,10.189,10.19
4728530,4727652,1698099600,10.189,10.189
4724135,4724135,1698099660,10.188,10.175
4725935,4728304,1698099720,10.175,10.186
4728121,4727986,1698099780,10.186,10.179
4727687,4728551,1698099840,10.18,10.195
4730165,4731783,1698099900,10.195,10.188
4732232,4733802,1698099960,10.188,10.207
4737641,4738879,1698100020,10.207,10.198
4739873,4743040,1698100080,10.2,10.205
4746136,4750979,1698100140,10.204,10.215
4753601,4755373,1698100200,10.218,10.208
4755225,4755934,1698100260,10.208,10.223
4757605,4758464,1698100320,10.224,10.224
4756873,4757808,1698100380,10.223,10.207
4756998,4753961,1698100440,10.207,10.207
4755558,4756017,1698100500,10.208,10.222
4757042,4757444,1698100560,10.222,10.237
4759223,4760929,1698100620,10.237,10.24
4761372,4760172,1698100680,10.24,10.269
4757405,4757151,1698100740,10.268,10.285
4756533,4756261,1698100800,10.285,10.311
4748730,4746687,1698100860,10.312,10.436
4737904,4710858,1698100920,10.437,10.448
4710947,4704385,1698100980,10.439,10.48
4702598,4702598,1698101040,10.483,10.426
4690910,4689321,1698101100,10.425,10.386
4684045,4682478,1698101160,10.389,10.391
4680419,4680419,1698101220,10.391,10.387
4684161,4683949,1698101280,10.391,10.441
4685146,4684286,1698101340,10.444,10.506
4682606,4681522,1698101400,10.506,10.458
4682763,4687174,1698101460,10.457,10.507
4694064,4693514,1698101520,10.507,10.506
4689358,4689402,1698101580,10.507,10.525
4693440,4697394,1698101640,10.525,10.529
4698805,4698650,1698101700,10.527,10.584
4700711,4691058,1698101760,10.583,10.596
4689568,4684351,1698101820,10.596,10.564
4687241,4687725,1698101880,10.564,10.612
4689177,4681236,1698101940,10.613,10.626
4691449,4694619,1698102000,10.626,10.664
4695811,4689720,1698102060,10.666,10.593
4687626,4690332,1698102120,10.592,10.558
4689027,4686815,1698102180,10.559,10.539
4684131,4688643,1698102240,10.539,10.552
4689781,4694376,1698102300,10.553,10.528
4700740,4700473,1698102360,10.527,10.521
4698564,4699826,1698102420,10.522,10.514
4699694,4700558,1698102480,10.515,10.498
4700183,4698882,1698102540,10.498,10.473
4701782,4693516,1698102600,10.472,10.396
4689873,4691849,1698102660,10.393,10.403
4693932,4694401,1698102720,10.403,10.416
4693120,4692218,1698102780,10.416,10.436
4692715,4689934,1698102840,10.436,10.446
4690242,4692131,1698102900,10.448,10.461
4697184,4698157,1698102960,10.461,10.491
4698925,4700554,1698103020,10.491,10.494
4699315,4704044,1698103080,10.494,10.501
4704839,4704839,1698103140,10.5,10.524
4704115,4705498,1698103200,10.522,10.529
4705412,4705412,1698103260,10.527,10.512
4703245,4699459,1698103320,10.512,10.515
4698861,4700478,1698103380,10.512,10.551
4700229,4700819,1698103440,10.549,10.531
4700565,4699749,1698103500,10.53,10.548
4702227,4701230,1698103560,10.546,10.553
4702039,4703138,1698103620,10.552,10.532
4704786,4704593,1698103680,10.531,10.552
4700148,4698393,1698103740,10.554,10.568
4696522,4701578,1698103800,10.568,10.578
4700904,4697903,1698103860,10.575,10.597
4698612,4700114,1698103920,10.6,10.582
4700676,4701691,1698103980,10.581,10.581
4704064,4705427,1698104040,10.581,10.554
4702437,4694223,1698104100,10.553,10.502
4693841,4694938,1698104160,10.503,10.543
4696444,4699153,1698104220,10.543,10.508
4664274,4597666,1698104280,10.508,10.429
4596286,4589048,1698104340,10.428,10.411
4585075,4580942,1698104400,10.412,10.434
4577256,4579936,1698104460,10.435,10.463
4582510,4579202,1698104520,10.463,10.47
4575181,4572708,1698104580,10.469,10.458
4571701,4572873,1698104640,10.458,10.453
4571283,4568156,1698104700,10.453,10.48
4563814,4561711,1698104760,10.48,10.488
4556254,4553156,1698104820,10.489,10.505
4552515,4550296,1698104880,10.505,10.526
4548860,4547187,1698104940,10.525,10.532
4544975,4543620,1698105000,10.531,10.536
4542886,4540525,1698105060,10.536,10.547
4539460,4539376,1698105120,10.547,10.553
4543841,4542214,1698105180,10.552,10.556
4536968,4536135,1698105240,10.556,10.552
4536333,4536333,1698105300,10.552,10.558
4537219,4535563,1698105360,10.558,10.556
4533438,4533438,1698105420,10.555,10.579
4532868,4531937,1698105480,10.578,10.578
4530922,4537663,1698105540,10.579,10.588
4538148,4538610,1698105600,10.587,10.591
4537060,4536364,1698105660,10.589,10.593
4540012,4540792,1698105720,10.593,10.555
4538850,4538474,1698105780,10.555,10.594
4539932,4540055,1698105840,10.597,10.569
4540656,4539765,1698105900,10.569,10.532
4537765,4540545,1698105960,10.532,10.507
4538572,4539501,1698106020,10.506,10.493
4544127,4545122,1698106080,10.493,10.47
4554232,4551329,1698106140,10.47,10.47
4552740,4552628,1698106200,10.469,10.476
4552363,4555163,1698106260,10.475,10.492
4555839,4554462,1698106320,10.491,10.498
4554653,4553294,1698106380,10.496,10.491
4554501,4552784,1698106440,10.49,10.48
4551555,4553304,1698106500,10.479,10.493
4553505,4552814,1698106560,10.494,10.478
4553764,4555061,1698106620,10.478,10.477
4554512,4552585,1698106680,10.477,10.438
4553760,4552905,1698106740,10.437,10.475
4554019,4555361,1698106800,10.475,10.495
4547831,4548397,1698106860,10.496,10.543
4547620,4545639,1698106920,10.542,10.544
4544135,4540167,1698106980,10.543,10.535
4538602,4539118,1698107040,10.536,10.548
4536762,4536631,1698107100,10.548,10.532
4535890,4533785,1698107160,10.531,10.567
4525849,4524591,1698107220,10.566,10.571
4523633,4523633,1698107280,10.571,10.57
4525584,4525840,1698107340,10.569,10.591
4524242,4522675,1698107400,10.592,10.571
4521679,4522039,1698107460,10.57,10.595
4516781,4516352,1698107520,10.596,10.61
4516738,4516987,1698107580,10.61,10.626
4514298,4514500,1698107640,10.627,10.627
4516143,4511456,1698107700,10.629,10.615
4509836,4513070,1698107760,10.615,10.634
4511068,4510419,1698107820,10.633,10.621
4510614,4505267,1698107880,10.62,10.609
4505693,4506197,1698107940,10.61,10.596
4506469,4505338,1698108000,10.597,10.613
4507588,4506777,1698108060,10.612,10.615
4505907,4503175,1698108120,10.615,10.601
4508640,4504648,1698108180,10.6,10.587
4503990,4505048,1698108240,10.587,10.608
4508280,4506920,1698108300,10.608,10.597
4507653,4509895,1698108360,10.598,10.613
4508575,4506907,1698108420,10.613,10.634
4507957,4507896,1698108480,10.635,10.636
4507333,4507673,1698108540,10.638,10.64
4509662,4508033,1698108600,10.64,10.638
4508330,4507411,1698108660,10.638,10.645
4506669,4508151,1698108720,10.645,10.65
4508823,4507338,1698108780,10.651,10.653
4508421,4509766,1698108840,10.654,10.659
4508536,4505333,1698108900,10.659,10.648
4503598,4502736,1698108960,10.647,10.647
4500885,4496249,1698109020,10.647,10.601
4496859,4497400,1698109080,10.601,10.605
4501072,4499807,1698109140,10.606,10.583
4500423,4500423,1698109200,10.582,10.581
4501424,4496773,1698109260,10.581,10.563
4494911,4494911,1698109320,10.562,10.558
4494795,4498097,1698109380,10.558,10.587
4500800,4496999,1698109440,10.588,10.595
4497016,4496957,1698109500,10.595,10.586
4496017,4497507,1698109560,10.585,10.551
4499032,4500077,1698109620,10.552,10.561
4501549,4499029,1698109680,10.561,10.55
4499788,4502975,1698109740,10.55,10.539
4501395,4504397,1698109800,10.539,10.562
4504437,4503291,1698109860,10.56,10.542
4502150,4501732,1698109920,10.542,10.511
4506876,4505952,1698109980,10.511,10.5
4513104,4511033,1698110040,10.5,10.488
4523974,4523608,1698110100,10.489,10.487
4522233,4527328,1698110160,10.487,10.506
4528933,4528153,1698110220,10.506,10.518
4530061,4530700,1698110280,10.517,10.537
4528496,4525418,1698110340,10.537,10.542
4524923,4524737,1698110400,10.542,10.543
4525278,4524486,1698110460,10.543,10.516
4525691,4526788,1698110520,10.517,10.536
4526993,4528029,1698110580,10.536,10.548
4530419,4532295,1698110640,10.549,10.53
4532726,4534439,1698110700,10.528,10.538
4534731,4534557,1698110760,10.537,10.512
4535137,4535516,1698110820,10.511,10.495
4534475,4531795,1698110880,10.496,10.468
4532466,4533321,1698110940,10.471,10.496
4529650,4531632,1698111000,10.496,10.488
4530934,4529851,1698111060,10.489,10.493
4525921,4525921,1698111120,10.494,10.497
4523391,4522340,1698111180,10.497,10.477
4522084,4522084,1698111240,10.477,10.472
4520999,4522186,1698111300,10.471,10.456
4521641,4521641,1698111360,10.456,10.442
4521584,4521890,1698111420,10.443,10.45
4525476,4525599,1698111480,10.45,10.468
4523622,4524519,1698111540,10.469,10.462
4523432,4520999,1698111600,10.462,10.455
4522687,4521057,1698111660,10.454,10.451
4521399,4520874,1698111720,10.451,10.457
4520419,4520382,1698111780,10.458,10.463
4519150,4519010,1698111840,10.463,10.458
4518964,4521361,1698111900,10.459,10.466
4520425,4518577,1698111960,10.465,10.462
4519765,4519254,1698112020,10.461,10.474
4520104,4521005,1698112080,10.474,10.458
4520589,4520589,1698112140,10.458,10.457
4519348,4517579,1698112200,10.457,10.445
4518371,4514542,1698112260,10.444,10.449
4514541,4515486,1698112320,10.448,10.456
4515947,4515089,1698112380,10.457,10.443
4515070,4514130,1698112440,10.445,10.442
4513395,4513858,1698112500,10.442,10.447
4515139,4516216,1698112560,10.448,10.429
4511524,4514592,1698112620,10.429,10.485
4510122,4512250,1698112680,10.486,10.49
4514735,4514025,1698112740,10.489,10.477
4513651,4510475,1698112800,10.476,10.474
4507795,4505003,1698112860,10.474,10.485
4504175,4505383,1698112920,10.485,10.492
4504816,4503941,1698112980,10.491,10.503
4504732,4504230,1698113040,10.502,10.523
4504351,4500589,1698113100,10.524,10.488
4494580,4489515,1698113160,10.488,10.466
4486220,4486362,1698113220,10.466,10.491
4484602,4482760,1698113280,10.493,10.501
4481410,4481410,1698113340,10.501,10.497
4480623,4480387,1698113400,10.498,10.488
4477207,4471095,1698113460,10.488,10.493
4470416,4469736,1698113520,10.493,10.497
4469144,4470177,1698113580,10.497,10.491
4473212,4469161,1698113640,10.491,10.49
4466460,4465364,1698113700,10.489,10.503
4465067,4466672,1698113760,10.503,10.505
4464383,4462901,1698113820,10.508,10.53
4463022,4462407,1698113880,10.53,10.536
4463414,4459929,1698113940,10.537,10.552
4458544,4456537,1698114000,10.551,10.552
4456301,4454499,1698114060,10.55,10.573
4453811,4454682,1698114120,10.574,10.571
4454165,4453934,1698114180,10.57,10.56
4453650,4455989,1698114240,10.559,10.569
4457360,4454136,1698114300,10.569,10.573
4456768,4457504,1698114360,10.574,10.592
4467489,4465971,1698114420,10.592,10.589
4466386,4466676,1698114480,10.588,10.572
4466167,4456803,1698114540,10.572,10.556
4457708,4458494,1698114600,10.556,10.539
4459314,4456965,1698114660,10.54,10.559
4456949,4456342,1698114720,10.56,10.542
4457274,4459553,1698114780,10.542,10.534
4465410,4465752,1698114840,10.534,10.533
4463923,4463244,1698114900,10.535,10.532
4463501,4460461,1698114960,10.531,10.504
4452494,4449305,1698115020,10.5,10.504
4446641,4448948,1698115080,10.505,10.512
4449535,4448996,1698115140,10.511,10.518
4448132,4448115,1698115200,10.52,10.5
4448412,4449160,1698115260,10.5,10.522
4449545,4449545,1698115320,10.523,10.558
4450518,4451132,1698115380,10.557,10.585
4452213,4454601,1698115440,10.584,10.601
4452628,4448897,1698115500,10.6,10.629
4453788,4454808,1698115560,10.629,10.657
4456509,4459743,1698115620,10.658,10.65
4460783,4502346,1698115680,10.649,10.72
4511043,4508908,1698115740,10.72,10.714
4520111,4566632,1698115800,10.713,10.716
4559175,4563245,1698115860,10.716,10.703
4584011,4584547,1698115920,10.704,10.69
4584465,4579308,1698115980,10.69,10.657
4578559,4592064,1698116040,10.657,10.698
4603237,4609238,1698116100,10.697,10.733
4600598,4601286,1698116160,10.735,10.71
4601319,4600532,1698116220,10.708,10.714
4600333,4600627,1698116280,10.715,10.691
4599295,4598651,1698116340,10.69,10.674
4596628,4593455,1698116400,10.673,10.671
4590443,4586625,1698116460,10.673,10.641
4584494,4581070,1698116520,10.64,10.67
4582957,4584377,1698116580,10.67,10.664
4582151,4579637,1698116640,10.664,10.65
4576656,4574167,1698116700,10.649,10.655
4573326,4570964,1698116760,10.655,10.666
4567714,4567828,1698116820,10.668,10.65
4564426,4560056,1698116880,10.649,10.645
4560081,4556618,1698116940,10.644,10.629
4551024,4553445,1698117000,10.628,10.589
4549117,4547303,1698117060,10.589,10.62
4549217,4548367,1698117120,10.62,10.635
4548102,4548192,1698117180,10.636,10.633
4546919,4547348,1698117240,10.633,10.642
4547246,4550156,1698117300,10.642,10.616
4548915,4547996,1698117360,10.617,10.636
4546315,4547327,1698117420,10.636,10.609
4546068,4543543,1698117480,10.608,10.606
4544297,4543979,1698117540,10.606,10.611
4542164,4542681,1698117600,10.61,10.597
4542070,4542070,1698117660,10.597,10.616
4545145,4544798,1698117720,10.615,10.62
4547756,4550479,1698117780,10.618,10.602
4551402,4552559,1698117840,10.601,10.588
4551267,4552014,1698117900,10.588,10.6
4549953,4551155,1698117960,10.599,10.585
4550854,4551284,1698118020,10.586,10.577
4548734,4547153,1698118080,10.577,10.58
4547396,4547842,1698118140,10.579,10.573
4548655,4545997,1698118200,10.572,10.591
4546910,4546658,1698118260,10.59,10.573
4549686,4546879,1698118320,10.572,10.567
4546645,4546611,1698118380,10.567,10.569
4546085,4543338,1698118440,10.57,10.548
4547941,4545925,1698118500,10.55,10.519
4542975,4546241,1698118560,10.518,10.539
4546485,4547006,1698118620,10.54,10.538
4545617,4545877,1698118680,10.537,10.529
4548544,4547599,1698118740,10.53,10.551
4548221,4547273,1698118800,10.551,10.527
4550240,4551079,1698118860,10.528,10.529
4550850,4553159,1698118920,10.53,10.536
4553236,4553053,1698118980,10.536,10.516
4553466,4552458,1698119040,10.517,10.512
4553341,4552662,1698119100,10.512,10.506
4552179,4551111,1698119160,10.506,10.53
4550221,4550432,1698119220,10.531,10.515
4550746,4550214,1698119280,10.513,10.539
4550962,4551935,1698119340,10.538,10.524
4552739,4552739,1698119400,10.522,10.527
4552158,4551003,1698119460,10.528,10.507
4551716,4550520,1698119520,10.507,10.501
4550215,4548957,1698119580,10.5,10.523
4548998,4547865,1698119640,10.523,10.493
4548314,4548314,1698119700,10.492,10.51
4548314,4548314,1698017280,10.028,10.031
4548314,4548314,1698017340,10.031,10.028
4548314,4548314,1698017400,10.028,10.033
4548314,4548314,1698017460,10.032,10.039
4548314,4548314,1698017520,10.039,10.023
4548314,4548314,1698017580,10.022,10.028
