"timestamp","OI_open","OI_close","price_close"
1697758980,3507596,3507596,0.6822
1697759040,3507255,3507255,0.6825
1697759100,3507159,3506983,0.6825
1697759160,3506338,3506321,0.6826
1697759220,3506276,3506443,0.6827
1697759280,3506582,3506109,0.6826
1697759340,3503920,3503920,0.6819
1697759400,3503910,3506800,0.6822
1697759460,3509971,3509905,0.6819
1697759520,3509999,3509999,0.6823
1697759580,3509999,3509999,0.6831
1697759640,3505574,3505130,0.6826
1697759700,3504706,3506111,0.6822
1697759760,3505971,3505971,0.6826
1697759820,3505872,3505848,0.6827
1697759880,3506028,3506498,0.6825
1697759940,3506248,3507136,0.6825
1697760000,3506855,3506525,0.6831
1697760060,3503666,3504306,0.6837
1697760120,3504549,3512427,0.6846
1697760180,3511495,3511263,0.6851
1697760240,3510942,3510747,0.685
1697760300,3510561,3509278,0.6837
1697760360,3512245,3512398,0.683
1697760420,3512297,3513860,0.6835
1697760480,3514406,3513854,0.6838
1697760540,3513854,3513854,0.6826
1697760600,3512251,3511189,0.6819
1697760660,3509533,3509984,0.6819
1697760720,3509910,3508352,0.6821
1697760780,3508647,3508491,0.6817
1697760840,3507920,3509244,0.6817
1697760900,3514728,3514172,0.6817
1697760960,3514958,3518277,0.6812
1697761020,3518120,3518483,0.6821
1697761080,3518543,3519167,0.6822
1697761140,3517889,3517810,0.682
1697761200,3517295,3517153,0.6825
1697761260,3517062,3517227,0.6823
1697761320,3511271,3511271,0.6832
1697761380,3512888,3512785,0.6835
1697761440,3512491,3512329,0.6837
1697761500,3512397,3513252,0.6839
1697761560,3513069,3513020,0.6836
1697761620,3512640,3510399,0.6846
1697761680,3511471,3511505,0.6849
1697761740,3511087,3511522,0.6841
1697761800,3510876,3511268,0.6838
1697761860,3510420,3510341,0.684
1697761920,3510110,3510444,0.684
1697761980,3510800,3511135,0.6843
1697762040,3511119,3511181,0.6845
1697762100,3510981,3510898,0.6845
1697762160,3510763,3510722,0.6846
1697762220,3510637,3504533,0.6861
1697762280,3502416,3503167,0.6858
1697762340,3509550,3507694,0.6849
1697762400,3505393,3506534,0.6853
1697762460,3506394,3506471,0.6844
1697762520,3506545,3506545,0.6843
1697762580,3506212,3506212,0.6842
1697762640,3505854,3505370,0.6845
1697762700,3505006,3505157,0.6842
1697762760,3506939,3512879,0.683
1697762820,3511840,3510881,0.6837
1697762880,3511015,3511195,0.683
1697762940,3510728,3511182,0.6834
1697763000,3510863,3511512,0.6854
1697763060,3511637,3511144,0.6848
1697763120,3510928,3510928,0.6843
1697763180,3510667,3510844,0.6844
1697763240,3511095,3510729,0.6859
1697763300,3512169,3512256,0.6859
1697763360,3511630,3511537,0.6849
1697763420,3511431,3511431,0.6855
1697763480,3510547,3510547,0.686
1697763540,3512749,3513038,0.6856
1697763600,3512907,3512881,0.6856
1697763660,3512871,3512871,0.6857
1697763720,3512428,3513006,0.6851
1697763780,3512986,3512986,0.6845
1697763840,3512564,3512177,0.6839
1697763900,3512128,3512702,0.6838
1697763960,3513756,3513757,0.683
1697764020,3510855,3508556,0.6825
1697764080,3507587,3507536,0.6815
1697764140,3503043,3503043,0.6814
1697764200,3502132,3502128,0.6805
1697764260,3501518,3500607,0.6809
1697764320,3502115,3502115,0.6805
1697764380,3502056,3493915,0.6806
1697764440,3493267,3493575,0.6806
1697764500,3493327,3496086,0.6801
1697764560,3495799,3495799,0.6809
1697764620,3495573,3495872,0.6814
1697764680,3494817,3494901,0.6822
1697764740,3494936,3494936,0.6815
1697764800,3495289,3494740,0.682
1697764860,3495503,3495694,0.6814
1697764920,3495716,3494883,0.6811
1697764980,3497056,3496566,0.681
1697765040,3496152,3496459,0.6811
1697765100,3496286,3497772,0.6803
1697765160,3497481,3492941,0.6814
1697765220,3492833,3492483,0.6818
1697765280,3492483,3492483,0.6812
1697765340,3492412,3492315,0.6819
1697765400,3492363,3492458,0.6818
1697765460,3492361,3492361,0.682
1697765520,3492207,3492013,0.6827
1697765640,3491940,3490509,0.6836
1697765700,3493663,3493663,0.6835
1697765760,3494386,3494100,0.6831
1697765820,3494078,3493660,0.6836
1697765880,3493733,3493964,0.6833
1697765940,3493449,3493346,0.6836
1697766000,3493150,3493174,0.6835
1697766060,3493245,3493245,0.6832
1697766120,3493216,3492978,0.6834
1697766180,3492963,3492963,0.6826
1697766240,3492313,3492343,0.6832
1697766300,3492131,3492076,0.6828
1697766360,3492185,3492185,0.6824
1697766420,3492617,3492617,0.6829
1697766480,3492502,3493213,0.6829
1697766540,3493042,3492661,0.683
1697766600,3492478,3492525,0.683
1697766660,3492525,3492400,0.6828
1697766720,3492226,3491567,0.6827
1697766780,3491385,3491741,0.6827
1697766840,3491680,3491551,0.6824
1697766900,3492104,3491921,0.6831
1697766960,3491821,3491598,0.683
1697767020,3491514,3491510,0.683
1697767080,3491431,3491431,0.6833
1697767140,3489032,3489032,0.6839
1697767200,3489892,3489515,0.6837
1697767260,3489614,3489834,0.6833
1697767320,3489838,3486383,0.6833
1697767380,3486497,3486378,0.6832
1697767440,3486167,3485908,0.6833
1697767500,3485966,3485867,0.6829
1697767560,3488011,3489229,0.6827
1697767620,3489414,3488066,0.6831
1697767680,3488200,3488200,0.6828
1697767740,3489140,3490094,0.6823
1697767800,3487130,3483960,0.6828
1697767860,3478384,3477374,0.6831
1697767920,3477382,3476279,0.6832
1697767980,3474856,3472327,0.683
1697768040,3472986,3471262,0.6828
1697768100,3468270,3468270,0.6834
1697768160,3464881,3464103,0.6848
1697768220,3463406,3462394,0.6848
1697768280,3460426,3460542,0.6847
1697768340,3461377,3460391,0.685
1697768400,3460918,3516600,0.6861
1697768460,3516669,3515392,0.6859
1697768520,3510479,3510432,0.6859
1697768580,3510247,3510629,0.6859
1697768640,3507431,3509616,0.6873
1697768700,3509769,3508531,0.6857
1697768760,3506029,3506397,0.6854
1697768820,3506248,3506040,0.6847
1697768880,3505623,3504715,0.6857
1697768940,3504731,3504731,0.685
1697769000,3504438,3504041,0.6855
1697769060,3503796,3501167,0.6863
1697769120,3500630,3497714,0.6865
1697769180,3497083,3495377,0.6883
1697769240,3493072,3476124,0.6883
1697769300,3474970,3473110,0.6878
1697769360,3472452,3471548,0.689
1697769420,3471341,3470515,0.6887
1697769480,3470462,3470383,0.6883
1697769540,3470238,3470302,0.688
1697769600,3470638,3473171,0.687
1697769660,3472993,3472993,0.6879
1697769720,3472228,3470432,0.6868
1697769780,3470161,3470458,0.6872
1697769840,3470364,3470364,0.6874
1697769900,3468235,3465811,0.6919
1697769960,3462739,3464784,0.6895
1697770020,3471034,3466461,0.6908
1697770080,3468057,3466498,0.6912
1697770140,3466952,3452207,0.6916
1697770200,3452861,3451899,0.6919
1697770260,3451825,3439806,0.6936
1697770320,3439451,3438630,0.6923
1697770380,3438661,3438661,0.693
1697770440,3438727,3438609,0.6937
1697770500,3438314,3438314,0.6941
1697770560,3438388,3437733,0.6941
1697770620,3436727,3437587,0.6931
1697770680,3437281,3437281,0.6934
1697770740,3437787,3437787,0.6931
1697770800,3436583,3436579,0.6933
1697770860,3434169,3434196,0.6941
1697770920,3434736,3434387,0.6936
1697770980,3434552,3434512,0.694
1697771040,3429044,3425051,0.6924
1697771100,3424974,3423044,0.6919
1697771160,3418503,3387991,0.6898
1697771220,3400564,3398497,0.6881
1697771280,3395405,3394704,0.6881
1697771340,3391969,3390208,0.6882
1697771400,3390243,3390243,0.6879
1697771460,3390102,3385995,0.6883
1697771520,3384809,3384809,0.6894
1697771580,3385471,3385471,0.6895
1697771640,3385525,3385525,0.6895
1697771700,3385483,3384262,0.6906
1697771760,3385723,3385797,0.6903
1697771820,3386508,3387387,0.6912
1697771880,3387367,3387475,0.6914
1697771940,3383559,3382689,0.692
1697772000,3383482,3390243,0.6918
1697772060,3390883,3389114,0.6927
1697772120,3387481,3389548,0.6921
1697772180,3390578,3389852,0.6933
1697772240,3388517,3383778,0.6938
1697772300,3380852,3379246,0.6951
1697772360,3380340,3380757,0.6962
1697772420,3383725,3380343,0.6958
1697772480,3370709,3370992,0.6967
1697772540,3371185,3369978,0.6961
1697772600,3367023,3363341,0.6982
1697772660,3355821,3352886,0.6973
1697772720,3347986,3351949,0.6968
1697772780,3352568,3354481,0.6961
1697772840,3354618,3359370,0.6967
1697772900,3362916,3364714,0.6973
1697772960,3364846,3363999,0.6974
1697773020,3362700,3365780,0.6979
1697773080,3367281,3374249,0.7003
1697773140,3402186,3453978,0.6997
1697773200,3460479,3463133,0.7011
1697773260,3462551,3462565,0.701
1697773320,3462667,3462667,0.6997
1697773380,3461123,3460387,0.7003
1697773440,3427012,3419773,0.7012
1697773500,3415856,3413657,0.7033
1697773560,3391465,3390991,0.7005
1697773620,3390899,3390351,0.6999
1697773680,3395134,3394827,0.7007
1697773740,3394243,3394698,0.7005
1697773800,3394698,3394814,0.7003
1697773860,3391837,3387043,0.7005
1697773920,3387101,3387426,0.7015
1697773980,3387492,3388243,0.7018
1697774040,3388587,3394219,0.7027
1697774100,3391585,3391585,0.7023
1697774160,3391581,3391538,0.7034
1697774220,3403663,3403556,0.7026
1697774280,3403517,3404386,0.7026
1697774340,3404360,3404273,0.7021
1697774400,3408442,3408442,0.7027
1697774460,3409120,3408765,0.7035
1697774520,3408976,3408704,0.7031
1697774580,3408664,3408563,0.703
1697774640,3408421,3408169,0.7031
1697774700,3408119,3407966,0.7026
1697774760,3406547,3406591,0.7027
1697774820,3405152,3412697,0.7014
1697774880,3411591,3411618,0.7006
1697774940,3408839,3408865,0.7014
1697775000,3408602,3411410,0.7006
1697775060,3410530,3410466,0.7005
1697775120,3410311,3409625,0.7013
1697775180,3409096,3409086,0.7001
1697775240,3408767,3407626,0.7003
1697775300,3402605,3402541,0.7009
1697775360,3402346,3406043,0.7023
1697775420,3406052,3406052,0.7021
1697775480,3406228,3406195,0.7027
1697775540,3403765,3402439,0.7025
1697775600,3401479,3401479,0.7033
1697775660,3401346,3400679,0.7023
1697775720,3400530,3400651,0.7028
1697775780,3400606,3400895,0.7032
1697775840,3400862,3400862,0.7028
1697775900,3401437,3402643,0.7029
1697775960,3403027,3403008,0.7039
1697776020,3403268,3407835,0.7043
1697776080,3409713,3406102,0.7041
1697776140,3406422,3405109,0.7042
1697776200,3407079,3405849,0.7037
1697776260,3405899,3405292,0.703
1697776320,3406838,3406846,0.7033
1697776380,3406774,3406803,0.7029
1697776440,3406227,3405906,0.7026
1697776500,3406236,3406396,0.7037
1697776560,3406415,3404998,0.7039
1697776620,3408943,3411544,0.7025
1697776680,3411500,3403766,0.7031
1697776740,3403766,3402285,0.7042
1697776800,3400205,3400205,0.7047
1697776860,3399159,3401227,0.7049
1697776920,3402809,3405458,0.705
1697776980,3404241,3403735,0.7046
1697777040,3403674,3403674,0.7051
1697777100,3404483,3405743,0.7052
1697777160,3407213,3407481,0.7056
1697777220,3404758,3404781,0.7044
1697777280,3396861,3396704,0.7042
1697777340,3396927,3394583,0.7036
1697777400,3393166,3393166,0.7043
1697777460,3369537,3368105,0.7033
1697777520,3367619,3367665,0.7035
1697777580,3367012,3364881,0.7044
1697777640,3364881,3364918,0.7035
1697777700,3365396,3368059,0.7046
1697777760,3367226,3366770,0.7045
1697777820,3366676,3366676,0.7049
1697777880,3366845,3366710,0.7048
1697777940,3366869,3365845,0.7054
1697778000,3368203,3368500,0.7046
1697778060,3368199,3368122,0.7048
1697778120,3367490,3370504,0.7054
1697778180,3372240,3372096,0.7047
1697778240,3372644,3371933,0.7051
1697778300,3371935,3371998,0.7043
1697778360,3371370,3371608,0.704
1697778420,3371364,3370872,0.7037
1697778480,3372782,3372782,0.7031
1697778540,3372810,3373145,0.703
1697778600,3372865,3372999,0.7039
1697778660,3374678,3377817,0.7059
1697778720,3377192,3377192,0.7052
1697778780,3376205,3378731,0.7058
1697778840,3380322,3380292,0.7053
1697778900,3379320,3386975,0.7057
1697778960,3387141,3382405,0.7044
1697779020,3381995,3384504,0.7057
1697779080,3384453,3385453,0.7061
1697779140,3385468,3384611,0.7056
1697779200,3391964,3393291,0.7058
1697779260,3401569,3406734,0.7058
1697779320,3409280,3407687,0.7043
1697779380,3407650,3411447,0.7034
1697779440,3410453,3409272,0.7041
1697779500,3408925,3408051,0.7032
1697779560,3406630,3396982,0.7034
1697779620,3396982,3396982,0.7038
1697779680,3398377,3396378,0.7033
1697779740,3389465,3389465,0.7033
1697779800,3390395,3390395,0.7033
1697779860,3391188,3390983,0.7034
1697779920,3390983,3390778,0.7035
1697779980,3389470,3389340,0.7038
1697780040,3389154,3389124,0.7036
1697780100,3389029,3389608,0.7045
1697780160,3388265,3388265,0.7042
1697780220,3388081,3387514,0.7046
1697780280,3387431,3387173,0.7049
1697780340,3361936,3362154,0.7043
1697780400,3362490,3362507,0.7049
1697780460,3361203,3361185,0.7052
1697780520,3361028,3361056,0.7051
1697780580,3360586,3360586,0.7047
1697780640,3360288,3360280,0.7052
1697780700,3360913,3360913,0.7048
1697780760,3365058,3363762,0.705
1697780820,3363707,3363707,0.7051
1697780880,3363717,3363773,0.7052
1697780940,3362519,3362625,0.7051
1697781000,3362674,3362853,0.7049
1697781060,3361747,3361788,0.7049
1697781120,3361751,3361968,0.7053
1697781180,3361856,3361904,0.7051
1697781240,3361775,3361756,0.7054
1697781300,3361366,3361370,0.7048
1697781360,3345829,3345416,0.7036
1697781420,3345416,3345295,0.7035
1697781480,3345295,3345229,0.7039
1697781540,3345043,3348703,0.7021
1697781600,3348348,3348419,0.7021
1697781660,3336026,3336018,0.7014
1697781720,3333679,3332562,0.7017
1697781780,3332592,3331854,0.7013
1697781840,3330318,3330325,0.7016
1697781900,3330211,3331011,0.7014
1697781960,3331061,3330568,0.7014
1697782020,3330568,3325483,0.7013
1697782080,3324599,3324218,0.7018
1697782140,3325303,3325375,0.7023
1697782200,3325375,3332302,0.7028
1697782260,3332261,3338847,0.7019
1697782320,3338847,3337062,0.7011
1697782380,3332648,3330719,0.7003
1697782440,3330769,3330769,0.7001
1697782500,3332140,3331820,0.7006
1697782560,3329835,3330182,0.7004
1697782620,3330166,3330166,0.7006
1697782680,3331242,3331212,0.7008
1697782740,3330833,3329985,0.7
1697782800,3331661,3331470,0.6996
1697782860,3329037,3325524,0.699
1697782920,3326211,3326211,0.699
1697782980,3327075,3323528,0.6984
1697783040,3323031,3324543,0.6978
1697783100,3330126,3330378,0.6981
1697783160,3330398,3327957,0.6988
1697783220,3322373,3322099,0.6984
1697783280,3321962,3322332,0.6978
1697783340,3325444,3324595,0.6986
1697783400,3324688,3323349,0.6979
1697783460,3322956,3322431,0.6991
1697783520,3320800,3320892,0.6995
1697783580,3320892,3320645,0.6994
1697783640,3321379,3321396,0.6997
1697783700,3340752,3331805,0.701
1697783760,3332278,3332169,0.7017
1697783820,3330580,3329257,0.7016
1697783880,3328876,3329075,0.7014
1697783940,3329056,3329055,0.7016
1697784000,3328543,3327777,0.6998
1697784060,3327296,3326678,0.6997
1697784120,3327152,3327152,0.6998
1697784180,3326892,3326979,0.7001
1697784240,3326979,3326979,0.7002
1697784300,3325757,3325445,0.7004
1697784360,3325430,3323526,0.7002
1697784420,3322774,3323238,0.701
1697784480,3322653,3328068,0.701
1697784540,3327968,3327945,0.7012
1697784600,3327699,3328054,0.7012
1697784660,3327950,3332196,0.7014
1697784720,3332797,3332865,0.701
1697784780,3332420,3332529,0.7011
1697784840,3332315,3332391,0.7009
1697784900,3332333,3332300,0.7015
1697784960,3331976,3331606,0.702
1697785020,3331740,3331952,0.7016
1697785080,3328083,3328083,0.7008
1697785140,3327893,3326683,0.701
1697785200,3326564,3325610,0.7021
1697785260,3325531,3325305,0.702
1697785320,3325305,3326050,0.702
1697785380,3326479,3326479,0.7018
1697785440,3325471,3325471,0.7018
1697785500,3326172,3326710,0.7018
1697785560,3326505,3326323,0.7026
1697785620,3326315,3326346,0.7022
1697785680,3327935,3323528,0.7014
1697785740,3323528,3323541,0.7008
1697785800,3322987,3322886,0.7011
1697785860,3324176,3324176,0.7012
1697785920,3324176,3324162,0.7012
1697785980,3324601,3325724,0.7012
1697786040,3325589,3328325,0.7003
1697786100,3326505,3326682,0.6995
1697786160,3324927,3325899,0.6995
1697786220,3326029,3326029,0.6993
1697786280,3326028,3325725,0.6993
1697786340,3325303,3325303,0.6997
1697786400,3326542,3329117,0.7004
1697786460,3329136,3337508,0.7013
1697786520,3337558,3339259,0.7022
1697786580,3342443,3342443,0.7018
1697786640,3341851,3347497,0.7019
1697786700,3348093,3348248,0.7023
1697786760,3348248,3389741,0.7042
1697786820,3391568,3391568,0.7049
1697786880,3395587,3414401,0.705
1697786940,3406918,3404216,0.7044
1697787000,3399727,3394923,0.7049
1697787060,3395128,3395034,0.706
1697787120,3394534,3396387,0.7055
1697787180,3392784,3392723,0.7058
1697787240,3391397,3391092,0.7074
1697787300,3389337,3394269,0.7065
1697787360,3393966,3395651,0.7085
1697787420,3396485,3399143,0.7081
1697787480,3402221,3404406,0.7071
1697787540,3402765,3409965,0.707
1697787600,3418578,3418653,0.706
1697787660,3418780,3419343,0.7055
1697787720,3419229,3419229,0.7048
1697787780,3414995,3420216,0.7064
1697787840,3420319,3421554,0.7062
1697787900,3421115,3421060,0.7063
1697787960,3421245,3422304,0.7063
1697788020,3422445,3438751,0.7047
1697788080,3415966,3415510,0.7028
1697788140,3399224,3399046,0.7033
1697788200,3398159,3398586,0.7028
1697788260,3397691,3397713,0.7031
1697788320,3399534,3437999,0.7031
1697788380,3437130,3436351,0.7042
1697788440,3438252,3439045,0.7041
1697788500,3439045,3439548,0.7039
1697788560,3439500,3437009,0.7024
1697788620,3436777,3436284,0.7027
1697788680,3436254,3436254,0.703
1697788740,3436243,3435636,0.703
1697788800,3435268,3435580,0.7026
1697788860,3435035,3435035,0.7031
1697788920,3434816,3432241,0.7033
1697788980,3431948,3429567,0.7028
1697789040,3422507,3416923,0.704
1697789100,3416660,3437040,0.7055
1697789160,3435423,3435271,0.7057
1697789220,3434793,3433650,0.705
1697789280,3432825,3436595,0.7052
1697789340,3436385,3436155,0.7047
1697789400,3436140,3434936,0.7061
1697789460,3435199,3418799,0.7049
1697789520,3420035,3419424,0.7054
1697789580,3419972,3419545,0.7051
1697789640,3418385,3418385,0.7052
1697789700,3418377,3417530,0.7046
1697789760,3414611,3414676,0.7052
1697789820,3412858,3410844,0.706
1697789880,3412964,3417561,0.7067
1697789940,3416857,3417592,0.7072
1697790000,3418172,3416969,0.7072
1697790060,3416619,3416696,0.7065
1697790120,3413742,3413031,0.7063
1697790180,3412932,3412932,0.7066
1697790240,3412432,3412059,0.7067
1697790300,3414816,3414816,0.7085
1697790360,3418125,3423141,0.7089
1697790420,3420076,3419219,0.7106
1697790480,3424015,3414789,0.7119
1697790540,3413641,3411786,0.7122
1697790600,3409364,3407449,0.7116
1697790660,3407239,3409655,0.7128
1697790720,3405418,3405357,0.7131
1697790780,3406090,3408251,0.712
1697790840,3409670,3409680,0.7129
1697790900,3409886,3408933,0.7122
1697790960,3409100,3409263,0.7128
1697791020,3408902,3410627,0.7121
1697791080,3395089,3395089,0.7123
1697791140,3394917,3384373,0.7109
1697791200,3379511,3374082,0.7134
1697791260,3371765,3362913,0.7162
1697791320,3359730,3357411,0.7159
1697791380,3361061,3360987,0.7167
1697791440,3363481,3363364,0.7183
1697791500,3368987,3368278,0.7168
1697791560,3367668,3367329,0.7175
1697791620,3366626,3365477,0.7167
1697791680,3365021,3365170,0.7169
1697791740,3362538,3362538,0.7174
1697791800,3364444,3363920,0.7178
1697791860,3364374,3366488,0.7184
1697791920,3365887,3365887,0.7178
1697791980,3369617,3370370,0.7179
1697792040,3369111,3369216,0.7177
1697792100,3370788,3366516,0.719
1697792160,3367401,3360359,0.7209
1697792220,3356982,3355047,0.7205
1697792280,3354754,3348895,0.7205
1697792340,3348356,3348184,0.7206
1697792400,3343166,3328080,0.7183
1697792460,3327978,3324999,0.7174
1697792520,3333269,3333438,0.7174
1697792580,3332726,3331634,0.7172
1697792640,3331749,3333676,0.7201
1697792700,3331955,3330974,0.7186
1697792760,3330937,3330793,0.719
1697792820,3330900,3330961,0.7186
1697792880,3335768,3361819,0.7212
1697792940,3361907,3362011,0.722
1697793000,3364967,3381858,0.7208
1697793060,3375398,3374028,0.7215
1697793120,3375303,3372502,0.7198
1697793180,3370134,3377870,0.7214
1697793240,3377242,3378104,0.7206
1697793300,3376537,3376852,0.7194
1697793360,3370595,3371448,0.7189
1697793420,3371846,3371696,0.719
1697793480,3371402,3371945,0.7187
1697793540,3371638,3371298,0.7193
1697793600,3370303,3370073,0.7188
1697793660,3370756,3369770,0.719
1697793720,3368891,3368918,0.7215
1697793780,3370075,3369866,0.7212
1697793840,3371564,3371716,0.7213
1697793900,3371393,3371393,0.7215
1697793960,3370436,3368605,0.7224
1697794020,3368480,3366792,0.7211
1697794080,3366704,3365726,0.7215
1697794140,3366625,3367323,0.721
1697794200,3367350,3367288,0.7214
1697794260,3366152,3368794,0.7208
1697794320,3367967,3367799,0.7211
1697794380,3367911,3365253,0.7212
1697794440,3368338,3370773,0.7217
1697794500,3379375,3380739,0.7227
1697794560,3384605,3395939,0.7244
1697794620,3408808,3417611,0.7253
1697794680,3422464,3429202,0.7256
1697794740,3428598,3427951,0.7248
1697794800,3425329,3432689,0.7264
1697794860,3429271,3431888,0.7246
1697794920,3432647,3432748,0.7291
1697794980,3433395,3440412,0.7281
1697795040,3439189,3442475,0.7262
1697795100,3437842,3438688,0.7245
1697795160,3438154,3440319,0.7242
1697795220,3439132,3438004,0.7266
1697795280,3444119,3445081,0.7281
1697795340,3447316,3451296,0.7302
1697795400,3456467,3491724,0.7304
1697795460,3491675,3484181,0.7293
1697795520,3483430,3483239,0.7293
1697795580,3481416,3478979,0.7309
1697795640,3478979,3481828,0.7306
1697795700,3481321,3483614,0.7306
1697795760,3483164,3483112,0.7307
1697795820,3486135,3485826,0.7304
1697795880,3484993,3484531,0.7292
1697795940,3486552,3485812,0.7298
1697796000,3485150,3483639,0.7298
1697796060,3482623,3482629,0.7312
1697796120,3489924,3498367,0.7325
1697796180,3499626,3502870,0.7324
1697796240,3520295,3528714,0.7293
1697796300,3518500,3517322,0.7306
1697796360,3522093,3521750,0.7311
1697796420,3519673,3519673,0.7312
1697796480,3521037,3528693,0.7327
1697796540,3532750,3532487,0.7339
1697796600,3536812,3541103,0.7337
1697796660,3542947,3537121,0.7345
1697796720,3542555,3541364,0.7345
1697796780,3541527,3547970,0.7336
1697796840,3547622,3547578,0.734
1697796900,3547516,3547522,0.7331
1697796960,3550494,3556463,0.7348
1697797020,3556402,3557128,0.7354
1697797080,3558480,3556719,0.7356
1697797140,3562669,3556362,0.7355
1697797200,3565908,3567804,0.7369
1697797260,3559045,3560564,0.7359
1697797320,3558685,3557253,0.7375
1697797380,3554841,3549778,0.7363
1697797440,3552546,3552546,0.7353
1697797500,3545156,3570531,0.732
1697797560,3567871,3564494,0.7296
1697797620,3557478,3549980,0.7305
1697797680,3514947,3502984,0.7271
1697797740,3497047,3497264,0.7277
1697797800,3495798,3499930,0.7287
1697797860,3502308,3496187,0.7278
1697797920,3492419,3497105,0.7296
1697797980,3495507,3486523,0.7281
1697798040,3485006,3489359,0.7295
1697798100,3489472,3489820,0.7303
1697798160,3492027,3493326,0.7312
1697798220,3493913,3494157,0.7312
1697798280,3493206,3496047,0.7312
1697798340,3492015,3492907,0.7303
1697798400,3491701,3494235,0.7321
1697798460,3490539,3489332,0.7294
1697798520,3483774,3488197,0.732
1697798580,3487269,3484486,0.7299
1697798640,3473117,3472053,0.7293
1697798700,3476837,3476721,0.7281
1697798760,3474128,3471483,0.7283
1697798820,3472230,3472464,0.7286
1697798880,3472131,3477627,0.7269
1697798940,3477974,3459624,0.7284
1697799000,3478763,3477584,0.7264
1697799060,3475333,3474228,0.7253
1697799120,3469328,3469231,0.7242
1697799180,3475600,3468308,0.7242
1697799240,3474605,3476519,0.7227
1697799300,3476521,3498376,0.7226
1697799360,3466660,3465640,0.7209
1697799420,3465239,3441298,0.7204
1697799480,3441805,3446381,0.722
1697799540,3445932,3442238,0.7211
1697799600,3435393,3430809,0.7206
1697799660,3432629,3433449,0.7192
1697799720,3434831,3436680,0.7208
1697799780,3440992,3444705,0.7214
1697799840,3437160,3419992,0.7213
1697799900,3420588,3426892,0.7222
1697799960,3428261,3431648,0.7243
1697800020,3444167,3443709,0.7245
1697800080,3440896,3443432,0.7258
1697800140,3443915,3448762,0.7264
1697800200,3460899,3466136,0.7272
1697800260,3466347,3466347,0.7264
1697800320,3465427,3464283,0.7259
1697800380,3464423,3463732,0.7261
1697800440,3464477,3463024,0.7252
1697800500,3463866,3463404,0.7253
1697800560,3464550,3463495,0.7237
1697800620,3460603,3463138,0.7249
1697800680,3462956,3465632,0.7251
1697800740,3466965,3468225,0.726
1697800800,3471248,3474639,0.7262
1697800860,3476509,3476194,0.7254
1697800920,3478002,3477725,0.7249
1697800980,3474929,3475007,0.7248
1697801040,3475007,3474733,0.7243
1697801100,3474177,3478212,0.7247
1697801160,3476717,3476137,0.7244
1697801220,3475863,3475755,0.7244
1697801280,3475986,3475147,0.7242
1697801340,3475087,3474461,0.7242
1697801400,3474922,3474922,0.7251
1697801460,3474761,3470732,0.726
1697801520,3469427,3575510,0.7283
1697801580,3574126,3576603,0.7291
1697801640,3580987,3580471,0.729
1697801700,3577704,3577647,0.7285
1697801760,3575532,3575176,0.7284
1697801820,3575734,3574888,0.7271
1697801880,3572137,3571840,0.7268
1697801940,3571914,3574982,0.7259
1697802000,3575311,3575376,0.727
1697802060,3575375,3575820,0.7262
1697802120,3573666,3576475,0.7246
1697802180,3575025,3577093,0.7255
1697802240,3577399,3571580,0.7269
1697802300,3568812,3578611,0.7333
1697802360,3585334,3567816,0.7295
1697802420,3577872,3577087,0.7323
1697802480,3575118,3575487,0.7316
1697802540,3580636,3580409,0.7312
1697802600,3580149,3583104,0.7311
1697802660,3587092,3586477,0.7297
1697802720,3593404,3659704,0.731
1697802780,3656151,3676950,0.7326
1697802840,3675158,3673521,0.733
1697802900,3675477,3671148,0.7323
1697802960,3732181,3732181,0.7355
1697803020,3745568,3750935,0.732
1697803080,3761402,3753771,0.7308
1697803140,3753139,3752229,0.7304
1697803200,3755031,3765893,0.7296
1697803260,3767417,3770066,0.7296
1697803320,3774253,3774810,0.7325
1697803380,3765965,3764280,0.7332
1697803440,3764111,3766164,0.7342
1697803500,3785224,3784053,0.7333
1697803560,3785206,3786444,0.7347
1697803620,3786827,3790954,0.7353
1697803680,3806246,3803004,0.7335
1697803740,3806217,3806992,0.7324
1697803800,3808525,3811373,0.7336
1697803860,3811719,3810314,0.7342
1697803920,3812307,3815010,0.7348
1697803980,3814785,3816300,0.733
1697804040,3816483,3817296,0.7333
1697804100,3815155,3812800,0.7341
1697804160,3813824,3813824,0.7332
1697804220,3813375,3815451,0.7341
1697804280,3815651,3815871,0.7336
1697804340,3819666,3819683,0.7333
1697804400,3822002,3821165,0.7317
1697804460,3813621,3815099,0.7307
1697804520,3816438,3818577,0.7295
1697804580,3814747,3816098,0.7305
1697804640,3816812,3817425,0.7303
1697804700,3818101,3815914,0.7303
1697804760,3814330,3837731,0.7304
1697804820,3842857,3852495,0.7293
1697804880,3869373,3867314,0.729
1697804940,3867328,3879226,0.7269
1697805000,3880893,3881275,0.7278
1697805060,3881905,3887785,0.7295
1697805120,3887547,3889947,0.7289
1697805180,3887078,3884264,0.7299
1697805240,3884708,3886486,0.7283
1697805300,3878992,3882463,0.7283
1697805360,3881308,3881193,0.7293
1697805420,3883013,3882746,0.7292
1697805480,3882746,3881062,0.7299
1697805540,3880970,3879135,0.7337
1697805600,3884934,3885454,0.7313
1697805660,3877759,3881821,0.7311
1697805720,3882915,3882166,0.7319
1697805780,3885614,3886707,0.7308
1697805840,3889054,3887405,0.7312
1697805900,3887835,3890405,0.7303
1697805960,3888961,3896656,0.7286
1697806020,3896402,3889465,0.7282
1697806080,3889834,3888772,0.7273
1697806140,3888704,3888446,0.727
1697806200,3886719,3888092,0.7268
1697806260,3883178,3883194,0.7268
1697806320,3877802,3877802,0.7264
1697806380,3878326,3866697,0.7259
1697806440,3863885,3864856,0.7266
1697806500,3866066,3866610,0.7266
1697806560,3867007,3877028,0.7275
1697806620,3877289,3876007,0.7275
1697806680,3876939,3877475,0.7278
1697806740,3876775,3876671,0.7274
1697806800,3877966,3877405,0.7283
1697806860,3876712,3876959,0.7293
1697806920,3876031,3876092,0.7285
1697806980,3876903,3877079,0.7279
1697807040,3876940,3882338,0.7292
1697807100,3885370,3883001,0.7301
1697807160,3888527,3889404,0.7316
1697807220,3906856,3906929,0.7302
1697807280,3906723,3910624,0.7301
1697807340,3907960,3908102,0.7306
1697807400,3906267,3910071,0.7286
1697807460,3911176,3911762,0.7283
1697807520,3910506,3909945,0.7282
1697807580,3908058,3909361,0.7282
1697807640,3903474,3903158,0.7285
1697807700,3902723,3895199,0.7278
1697807760,3895322,3896167,0.7272
1697807820,3896372,3896171,0.7275
1697807880,3894164,3894450,0.7277
1697807940,3894200,3892651,0.7289
1697808000,3892548,3892497,0.7291
1697808060,3892735,3892453,0.7289
1697808120,3892628,3898237,0.7297
1697808180,3899051,3899182,0.7301
1697808240,3899455,3899455,0.7303
1697808300,3899999,3897930,0.7295
1697808360,3898221,3899989,0.7289
1697808420,3901374,3901355,0.7287
1697808480,3900136,3900835,0.7289
1697808540,3900445,3900675,0.7298
1697808600,3901169,3899576,0.7294
1697808660,3898935,3901754,0.7298
1697808720,3900819,3907783,0.7301
1697808780,3908167,3908990,0.7316
1697808840,3907986,3910206,0.7317
1697808900,3913972,3909062,0.732
1697808960,3908635,3907247,0.7341
1697809020,3906203,3913911,0.7336
1697809080,3921708,3922298,0.7347
1697809140,3922411,3922867,0.7338
1697809200,3926089,3928761,0.7327
1697809260,3930468,3930672,0.7334
1697809320,3930351,3931900,0.7334
1697809380,3931960,3929863,0.7344
1697809440,3930641,3930998,0.7329
1697809500,3931883,3932752,0.7323
1697809560,3932743,3936130,0.7334
1697809620,3935977,3933508,0.735
1697809680,3935220,3943651,0.7359
1697809740,3949877,3985665,0.736
1697809800,3995620,4001351,0.7371
1697809860,4014399,4044566,0.7378
1697809920,4050310,4094039,0.7391
1697809980,4093596,4122545,0.7392
1697810040,4124916,4128876,0.7387
1697810100,4129785,4133880,0.7407
1697810160,4146785,4146768,0.7404
1697810220,4148404,4167230,0.7417
1697810280,4168310,4175070,0.7412
1697810340,4177283,4173853,0.7417
1697810400,4182498,4192506,0.7405
1697810460,4192553,4204917,0.7415
1697810520,4210252,4220272,0.7428
1697810580,4226791,4228602,0.743
1697810640,4230043,4250156,0.743
1697810700,4251311,4228824,0.7422
1697810760,4217817,4222416,0.7433
1697810820,4227753,4237325,0.7434
1697810880,4241359,4241043,0.7433
1697810940,4238311,4246537,0.7428
1697811000,4250926,4255446,0.7395
1697811060,4256337,4257648,0.7404
1697811120,4257459,4253987,0.7394
1697811180,4249940,4235797,0.7373
1697811240,4241113,4236623,0.7365
1697811300,4240113,4233108,0.7374
1697811360,4234161,4233151,0.7378
1697811420,4238638,4237915,0.7386
1697811480,4234918,4234554,0.7394
1697811540,4232940,4264860,0.7417
1697811600,4267464,4268486,0.7409
1697811660,4264402,4264462,0.7422
1697811720,4267643,4270190,0.7432
1697811780,4273821,4280727,0.7424
1697811840,4286782,4289498,0.7422
1697811900,4308424,4305002,0.7421
1697811960,4304419,4298865,0.7419
1697812020,4298720,4296861,0.742
1697812080,4297544,4303293,0.7411
1697812140,4308495,4308495,0.741
1697812200,4315846,4324362,0.7391
1697812260,4322338,4309523,0.7383
1697812320,4279106,4274005,0.7385
1697812380,4271192,4271192,0.7382
1697812440,4269038,4269561,0.7396
1697812500,4275028,4271461,0.7393
1697812560,4271263,4276471,0.7391
1697812620,4282393,4277176,0.7407
1697812680,4275370,4280342,0.7412
1697812740,4278698,4278501,0.7411
1697812800,4278453,4277641,0.7397
1697812860,4277870,4276325,0.7403
1697812920,4275142,4275095,0.7407
1697812980,4275776,4276547,0.7402
1697813040,4284135,4283864,0.7393
1697813100,4282712,4286710,0.7409
1697813160,4288416,4301994,0.7417
1697813220,4304341,4307411,0.7415
1697813280,4306719,4308654,0.7424
1697813340,4306363,4306035,0.7415
1697813400,4301378,4301129,0.7424
1697813460,4300479,4300371,0.7417
1697813520,4300224,4302854,0.7437
1697813580,4306282,4328236,0.7452
1697813640,4319324,4322553,0.7459
1697813700,4322426,4321812,0.7443
1697813760,4320897,4314252,0.7437
1697813820,4314857,4323166,0.7445
1697813880,4323723,4322814,0.7428
1697813940,4324802,4321904,0.743
1697814000,4322197,4329846,0.7435
1697814060,4339776,4338389,0.7443
1697814120,4344512,4345417,0.7419
1697814180,4336332,4328155,0.7413
1697814240,4331211,4336907,0.7427
1697814300,4336753,4340255,0.7451
1697814360,4352639,4356735,0.7449
1697814420,4356695,4360550,0.7442
1697814480,4355714,4369889,0.745
1697814540,4371617,4383079,0.7447
1697814600,4385722,4385722,0.744
1697814660,4385261,4385731,0.745
1697814720,4385820,4383902,0.7442
1697814780,4384090,4384570,0.7441
1697814840,4383575,4383731,0.7433
1697814900,4386709,4386721,0.7444
1697814960,4385170,4384570,0.7441
1697815020,4385743,4389042,0.746
1697815080,4398966,4398521,0.745
1697815140,4399931,4406458,0.7442
1697815200,4406495,4419003,0.7433
1697815260,4330254,4320729,0.7399
1697815320,4319753,4321768,0.7402
1697815380,4324920,4323692,0.7415
1697815440,4323501,4323972,0.7408
1697815500,4324882,4326228,0.7412
1697815560,4325935,4323725,0.7402
1697815620,4324127,4314081,0.7408
1697815680,4313473,4313179,0.7404
1697815740,4313487,4310810,0.7394
1697815800,4311709,4311890,0.7398
1697815860,4312457,4307557,0.7382
1697815920,4307094,4302365,0.7384
1697815980,4278104,4277861,0.7392
1697816040,4280173,4279816,0.7404
1697816100,4277761,4278606,0.739
1697816160,4278419,4274880,0.7406
1697816220,4274478,4279698,0.7419
1697816280,4276218,4274269,0.743
1697816340,4275241,4278173,0.7423
1697816400,4278334,4279967,0.7407
1697816460,4281271,4280927,0.7398
1697816520,4282831,4283102,0.7405
1697816580,4287132,4290198,0.7389
1697816640,4283803,4288377,0.7371
1697816700,4287138,4290434,0.7387
1697816760,4293688,4286024,0.7374
1697816820,4286080,4285899,0.7375
1697816880,4283327,4282550,0.7388
1697816940,4283457,4282799,0.7388
1697817000,4283265,4280853,0.7387
1697817060,4280638,4281194,0.7385
1697817120,4280888,4281779,0.7392
1697817180,4281881,4285131,0.7388
1697817240,4282326,4283461,0.7406
1697817300,4286499,4288038,0.7395
1697817360,4287786,4292854,0.7411
1697817420,4294294,4293753,0.7409
1697817480,4295972,4295025,0.7418
1697817540,4298646,4297812,0.7427
1697817600,4296138,4295290,0.7411
1697817660,4293170,4294573,0.7413
1697817720,4294632,4298403,0.7388
1697817780,4314598,4314866,0.7406
1697817840,4315187,4323282,0.743
1697817900,4329782,4340265,0.7442
1697817960,4347730,4360768,0.7453
1697818020,4372833,4381492,0.745
1697818080,4398316,4417548,0.7456
1697818140,4475111,4479545,0.7452
1697818200,4482416,4479533,0.7452
1697818260,4476963,4473025,0.7445
1697818320,4472006,4470683,0.7452
1697818380,4468038,4468437,0.7447
1697818440,4469651,4459821,0.744
1697818500,4459915,4466544,0.7461
1697818560,4499579,4504596,0.7453
1697818620,4507767,4507767,0.7451
1697818680,4512225,4509982,0.746
1697818740,4512764,4514160,0.746
1697818800,4523557,4523987,0.7449
1697818860,4527615,4512287,0.7501
1697818920,4600923,4643473,0.7525
1697818980,4731908,4746781,0.7511
1697819040,4785235,4793114,0.7477
1697819100,4808482,4819427,0.7467
1697819160,4820036,4845706,0.7466
1697819220,4851418,4863166,0.7471
1697819280,4867887,4869048,0.7458
1697819340,4869150,4869150,0.7449
1697819400,4871820,4878137,0.7471
1697819460,4890808,4894976,0.7479
1697819520,4897227,4907454,0.7479
1697819580,4908648,4914888,0.746
1697819640,4918161,4920143,0.7468
1697819700,4923328,4920894,0.7451
1697819760,4922903,4924896,0.7463
1697819820,4924419,4920526,0.745
1697819880,4919727,4920603,0.745
1697819940,4924153,4929094,0.7455
1697820000,4929871,4932551,0.7449
1697820060,4931836,4930906,0.7444
1697820120,4937540,4942689,0.7445
1697820180,4949992,4953316,0.743
1697820240,4961183,4962520,0.7428
1697820300,4961976,4960655,0.7439
1697820360,4964901,4963036,0.7443
1697820420,4963630,4964087,0.7441
1697820480,4967168,4956089,0.7437
1697820540,4957336,4959633,0.7434
1697820600,4957838,4956448,0.7437
1697820660,4956432,4954003,0.7428
1697820720,4954786,4950562,0.7443
1697820780,4949775,4947958,0.7435
1697820840,4948273,4924295,0.7423
1697820900,4917777,4914999,0.7439
1697820960,4916527,4920927,0.7457
1697821020,4923584,4922626,0.7452
1697821080,4929195,4931012,0.7447
1697821140,4930981,4934741,0.7454
1697821200,4949904,4950341,0.745
1697821260,4951201,4949974,0.7443
1697821320,4950259,4950949,0.7459
1697821380,4951101,4949970,0.7453
1697821440,4949785,4948718,0.7443
1697821500,4946138,4938535,0.7418
1697821560,4937537,4929783,0.7431
1697821620,4930027,4932245,0.7445
1697821680,4933166,4941371,0.7435
1697821740,4940013,4940013,0.7416
1697821800,4943292,4944053,0.7423
1697821860,4945194,4947869,0.7426
1697821920,4947697,4954644,0.744
1697821980,4953864,4952814,0.7444
1697822040,4952824,4951959,0.7442
1697822100,4951522,4951869,0.7439
1697822160,4954098,4954170,0.7436
1697822220,4957188,4958003,0.7433
1697822280,4958109,4962593,0.742
1697822340,4963661,4959453,0.7424
1697822400,4959607,4960071,0.7418
1697822460,4960703,4962141,0.7429
1697822520,4961826,4956842,0.7442
1697822580,4957532,4957818,0.7438
1697822640,4958279,4958122,0.7432
1697822700,4958694,4965678,0.7434
1697822760,4967002,4967892,0.7436
1697822820,4966815,4967383,0.7443
1697822880,4966766,4974189,0.7447
1697822940,4975196,4975389,0.7453
1697823000,4978303,4984727,0.7459
1697823060,4984918,4989630,0.7452
1697823120,4989483,4996517,0.747
1697823180,5004542,5008997,0.7473
1697823240,4993952,4997282,0.745
1697823300,4993022,5001966,0.7467
1697823360,5018738,5034052,0.7487
1697823420,5052532,5055024,0.7479
1697823480,5063653,5061565,0.7478
1697823540,5062057,5067685,0.7474
1697823600,5068367,5081580,0.7466
1697823660,5082937,5085502,0.7468
1697823720,5086831,5092685,0.747
1697823780,5092685,5073644,0.7457
1697823840,5080380,5081759,0.7452
1697823900,5083122,5097415,0.7454
1697823960,5101458,5103051,0.7452
1697824020,5108556,5117366,0.7453
1697824080,5117119,5117560,0.7449
1697824140,5120546,5118501,0.745
1697824200,5121168,5121168,0.7455
1697824260,5125806,5124529,0.7449
1697824320,5124385,5124761,0.7446
1697824380,5127329,5128334,0.7447
1697824440,5128772,5132501,0.745
1697824500,5130319,5131176,0.7446
1697824560,5126064,5132601,0.7445
1697824620,5132958,5133406,0.7446
1697824680,5133409,5148957,0.7451
1697824740,5154414,5155160,0.7457
1697824800,5156527,5159104,0.7463
1697824860,5165262,5163558,0.7451
1697824920,5178541,5178355,0.7454
1697824980,5186421,5189337,0.7451
1697825040,5189623,5193078,0.7464
1697825100,5214883,5246633,0.7475
1697825160,5245448,5247115,0.7475
1697825220,5247129,5266503,0.7486
1697825280,5275248,5277957,0.7471
1697825340,5273479,5280809,0.7478
1697825400,5281113,5267557,0.7455
1697825460,5267303,5271378,0.745
1697825520,5270009,5266225,0.744
1697825580,5266040,5269582,0.7446
1697825640,5272894,5272631,0.745
1697825700,5270652,5271044,0.7446
1697825760,5273355,5274895,0.7441
1697825820,5276314,5279618,0.745
1697825880,5278515,5277347,0.7442
1697825940,5275581,5278344,0.7445
1697826000,5278813,5282350,0.7451
1697826060,5283766,5284328,0.7449
1697826120,5284235,5285816,0.7452
1697826180,5285522,5285930,0.745
1697826240,5289926,5290176,0.7449
1697826300,5290941,5293291,0.7442
1697826360,5291925,5290439,0.7446
1697826420,5290258,5291568,0.7449
1697826480,5290354,5288527,0.7447
1697826540,5289133,5289133,0.745
1697826600,5292171,5291907,0.7452
1697826660,5291927,5307502,0.7446
1697826720,5307634,5310565,0.7447
1697826780,5311137,5318985,0.7444
1697826840,5324741,5324741,0.7456
1697826900,5331115,5335802,0.7455
1697826960,5342255,5342255,0.7456
1697827020,5347424,5350786,0.7454
1697827080,5355689,5366625,0.7468
1697827140,5368389,5360386,0.7455
1697827200,5360316,5357791,0.7452
1697827260,5357685,5358673,0.7452
1697827320,5359326,5359815,0.7448
1697827380,5360771,5362019,0.7451
1697827440,5362411,5362411,0.746
1697827500,5365606,5367036,0.7455
1697827560,5367084,5367562,0.745
1697827620,5369235,5371072,0.7459
1697827680,5371361,5368680,0.7453
1697827740,5380090,5380184,0.7457
1697827800,5380163,5396737,0.7459
1697827860,5397240,5400515,0.746
1697827920,5400668,5402399,0.7457
1697827980,5404177,5406297,0.7453
1697828040,5407224,5407137,0.7449
1697828100,5406414,5407676,0.7446
1697828160,5407678,5410840,0.7447
1697828220,5411085,5412580,0.7444
1697828280,5412683,5415281,0.744
1697828340,5419054,5419035,0.7445
1697828400,5419717,5422364,0.7456
1697828460,5421486,5421633,0.7456
1697828520,5421828,5426569,0.7458
1697828580,5429024,5429127,0.7459
1697828640,5429717,5431331,0.7466
1697828700,5434587,5431711,0.7462
1697828760,5431538,5432690,0.7455
1697828820,5432828,5432139,0.7456
1697828880,5432804,5436821,0.7461
1697828940,5436985,5422024,0.7446
1697829000,5422040,5421387,0.7447
1697829060,5418295,5419489,0.7441
1697829120,5418956,5421364,0.7451
1697829180,5421372,5422060,0.7446
1697829240,5422494,5421944,0.7451
1697829300,5422309,5422180,0.7449
1697829360,5424028,5425783,0.7446
1697829420,5425537,5423414,0.7442
1697829480,5423623,5420275,0.7438
1697829540,5416774,5416528,0.7445
1697829600,5417861,5417874,0.7438
1697829660,5419417,5419160,0.743
1697829720,5419023,5426884,0.7422
1697829780,5423195,5415214,0.7413
1697829840,5414859,5413028,0.7416
1697829900,5411295,5411295,0.7406
1697829960,5397134,5366447,0.7385
1697830020,5367225,5371483,0.7374
1697830080,5373775,5398881,0.7355
1697830140,5391053,5396775,0.7342
1697830200,5388240,5382568,0.735
1697830260,5392378,5390886,0.7355
1697830320,5397515,5394393,0.7339
1697830380,5394669,5393181,0.7342
1697830440,5392289,5389358,0.7345
1697830500,5386126,5382991,0.7353
1697830560,5380896,5396359,0.7354
1697830620,5393989,5393689,0.7355
1697830680,5399018,5376152,0.7337
1697830740,5373645,5375448,0.7334
1697830800,5373838,5372341,0.7322
1697830860,5366308,5330780,0.7294
1697830920,5322937,5315124,0.7304
1697830980,5322827,5322431,0.7296
1697831040,5322311,5319464,0.73
1697831100,5318997,5318270,0.7302
1697831160,5320287,5311444,0.7319
1697831220,5304613,5305209,0.7319
1697831280,5300421,5300155,0.7325
1697831340,5300482,5299325,0.7317
1697831400,5292330,5285548,0.7318
1697831460,5284180,5281492,0.7316
1697831520,5277716,5274664,0.7328
1697831580,5273051,5265317,0.7335
1697831640,5264302,5260336,0.7329
1697831700,5258598,5257540,0.7321
1697831760,5257556,5254187,0.732
1697831820,5254118,5253241,0.7319
1697831880,5252670,5251814,0.7334
1697831940,5249182,5245674,0.7329
1697832000,5249291,5251964,0.7323
1697832060,5252554,5250858,0.7324
1697832120,5251455,5249887,0.7336
1697832180,5248869,5247815,0.7336
1697832240,5249356,5251889,0.7337
1697832300,5252780,5252777,0.7341
1697832360,5252250,5249512,0.734
1697832420,5248521,5250194,0.7341
1697832480,5252892,5256433,0.7344
1697832540,5255666,5253590,0.7352
1697832600,5253433,5254456,0.7346
1697832660,5253883,5250170,0.7345
1697832720,5250409,5251369,0.734
1697832780,5251367,5251593,0.7343
1697832840,5254238,5253553,0.7349
1697832900,5252043,5251294,0.734
1697832960,5252075,5251501,0.7346
1697833020,5251494,5252465,0.7352
1697833080,5249963,5249682,0.7359
1697833140,5248133,5248146,0.7355
1697833200,5245098,5248582,0.7356
1697833260,5248636,5247676,0.7358
1697833320,5250192,5250267,0.7361
1697833380,5251451,5251991,0.7365
1697833440,5251960,5248495,0.7368
1697833500,5248604,5248661,0.7361
1697833560,5248526,5247224,0.736
1697833620,5247365,5248230,0.7353
1697833680,5248359,5247767,0.7354
1697833740,5250422,5249913,0.7366
1697833800,5246739,5246188,0.7364
1697833860,5246284,5244862,0.7365
1697833920,5244983,5245173,0.7364
1697833980,5245201,5245131,0.7366
1697834040,5244373,5241117,0.7375
1697834100,5242851,5242775,0.7367
1697834160,5242629,5242732,0.7375
1697834220,5244151,5246115,0.7377
1697834280,5245991,5244265,0.7374
1697834340,5244293,5254020,0.7377
1697834400,5253487,5253463,0.7384
1697834460,5253646,5251250,0.7393
1697834520,5247895,5249757,0.7399
1697834580,5251089,5251089,0.7405
1697834640,5252397,5254289,0.7397
1697834700,5257471,5257324,0.7389
1697834760,5259734,5261512,0.739
1697834820,5261543,5256498,0.7383
1697834880,5256794,5256847,0.7384
1697834940,5256710,5258956,0.7381
1697835000,5265268,5263586,0.7379
1697835060,5264564,5264554,0.7369
1697835120,5263385,5264235,0.7365
1697835180,5265570,5265591,0.7363
1697835240,5263018,5261121,0.7351
1697835300,5261208,5260325,0.7351
1697835360,5262105,5261650,0.7354
1697835420,5258657,5257385,0.7347
1697835480,5257721,5257339,0.735
1697835540,5257339,5257405,0.7352
1697835600,5254565,5254223,0.7361
1697835660,5253418,5252722,0.7365
1697835720,5251771,5251771,0.7364
1697835780,5252952,5252667,0.7378
1697835840,5252483,5252112,0.7378
1697835900,5251845,5252311,0.7379
1697835960,5251509,5253470,0.739
1697836020,5253972,5255191,0.7391
1697836080,5258162,5258996,0.7392
1697836140,5259004,5259122,0.7395
1697836200,5257603,5257922,0.7393
1697836260,5258037,5264489,0.7378
1697836320,5269398,5276611,0.7344
1697836380,5283251,5283461,0.7343
1697836440,5284430,5288694,0.734
1697836500,5298033,5298108,0.7337
1697836560,5298039,5298822,0.7339
1697836620,5300359,5302081,0.7337
1697836680,5307118,5307179,0.7337
1697836740,5308255,5310572,0.7341
1697836800,5310769,5311963,0.7346
1697836860,5314079,5311257,0.7348
1697836920,5311320,5313013,0.7345
1697836980,5314389,5313504,0.7334
1697837040,5313526,5313753,0.7333
1697837100,5313889,5316293,0.7336
1697837160,5311721,5316346,0.7345
1697837220,5316451,5313218,0.7342
1697837280,5313291,5313819,0.7336
1697837340,5316312,5317403,0.7331
1697837400,5317915,5317915,0.7331
1697837460,5320325,5330253,0.7325
1697837520,5330317,5330487,0.7321
1697837580,5335332,5337295,0.7322
1697837640,5337076,5347663,0.7325
1697837700,5348933,5348625,0.7329
1697837760,5355800,5355517,0.7333
1697837820,5355636,5358118,0.734
1697837880,5358378,5358198,0.7341
1697837940,5358662,5358756,0.7341
1697838000,5358608,5360912,0.7343
1697838060,5360487,5358727,0.735
1697838120,5356407,5357007,0.7336
1697838180,5354279,5354452,0.7336
1697838240,5355078,5354853,0.733
1697838300,5354334,5354461,0.7329
1697838360,5354578,5354359,0.7327
1697838420,5354201,5352173,0.7329
1697838480,5352200,5351818,0.7328
1697838540,5351523,5350963,0.7332
1697838600,5350810,5350849,0.7334
1697838660,5350594,5350293,0.7334
1697838720,5350369,5350369,0.7327
1697838780,5350622,5350605,0.7328
1697838840,5350604,5350444,0.7327
1697838900,5350457,5350354,0.7333
1697838960,5349891,5348544,0.7331
1697839020,5348419,5347313,0.7329
1697839080,5347313,5347331,0.7332
1697839140,5342797,5341518,0.733
1697839200,5340758,5345219,0.7336
1697839260,5347572,5344892,0.7346
1697839320,5344891,5344723,0.7352
1697839380,5345934,5345905,0.7351
1697839440,5345742,5347118,0.7357
1697839500,5339198,5340112,0.7365
1697839560,5340282,5340282,0.7366
1697839620,5340423,5339664,0.737
1697839680,5340362,5341809,0.7376
1697839740,5339871,5337354,0.7385
1697839800,5333707,5334533,0.7392
1697839860,5334816,5333521,0.7399
1697839920,5333068,5333457,0.7397
1697839980,5331629,5330200,0.7413
1697840040,5326390,5319127,0.7421
1697840100,5319388,5307854,0.7407
1697840160,5306412,5305552,0.7405
1697840220,5303702,5310789,0.743
1697840280,5309737,5308555,0.742
1697840340,5308363,5308957,0.7413
1697840400,5309349,5310532,0.7411
1697840460,5310242,5310113,0.7398
1697840520,5309084,5307245,0.7404
1697840580,5307250,5307135,0.7397
1697840640,5304414,5304057,0.7407
1697840700,5302685,5302685,0.741
1697840760,5300594,5300977,0.7405
1697840820,5299730,5299712,0.742
1697840880,5298143,5298143,0.7415
1697840940,5299145,5299518,0.7416
1697841000,5298861,5298702,0.7411
1697841060,5296199,5295941,0.7411
1697841120,5294994,5295885,0.7422
1697841180,5296117,5301315,0.7429
1697841240,5305093,5305382,0.7433
1697841300,5302955,5313833,0.741
1697841360,5311546,5311382,0.7415
1697841420,5307341,5304630,0.7411
1697841480,5304634,5300434,0.7404
1697841540,5300902,5297584,0.7395
1697841600,5297516,5298185,0.7395
1697841660,5298190,5295010,0.7385
1697841720,5294161,5294993,0.7395
1697841780,5294869,5294869,0.7401
1697841840,5294814,5295231,0.7401
1697841900,5290178,5293598,0.74
1697841960,5293618,5294030,0.7395
1697842020,5294241,5294241,0.7395
1697842080,5294380,5293186,0.7404
1697842140,5292777,5291814,0.7402
1697842200,5291106,5291288,0.7404
1697842260,5290410,5286776,0.7406
1697842320,5287519,5286914,0.741
1697842380,5285990,5283269,0.7402
1697842440,5282997,5283194,0.7403
1697842500,5283564,5282310,0.7402
1697842560,5282062,5280421,0.7406
1697842620,5279832,5279981,0.7401
1697842680,5280571,5280932,0.7402
1697842740,5279231,5278592,0.7408
1697842800,5279020,5276239,0.7391
1697842860,5273744,5273241,0.7402
1697842920,5271897,5270872,0.74
1697842980,5269890,5273708,0.7396
1697843040,5274620,5274330,0.7399
1697843100,5273984,5274136,0.7399
1697843160,5273959,5269793,0.7409
1697843220,5269340,5270233,0.7409
1697843280,5270247,5268311,0.7412
1697843340,5268193,5271479,0.7404
1697843400,5270618,5271137,0.7402
1697843460,5271787,5271370,0.7408
1697843520,5271370,5271064,0.7411
1697843580,5271533,5271403,0.7417
1697843640,5271509,5279973,0.7411
1697843700,5280717,5281070,0.7407
1697843760,5280524,5279714,0.7406
1697843820,5279167,5281016,0.7397
1697843880,5280942,5274975,0.7404
1697843940,5274950,5274349,0.7404
1697844000,5272404,5272440,0.7399
1697844060,5272553,5272609,0.74
1697844120,5273697,5273669,0.7405
1697844180,5282750,5285005,0.739
1697844240,5285080,5285173,0.7383
1697844300,5285285,5285211,0.7386
1697844360,5285998,5261226,0.7348
1697844420,5260112,5263097,0.7361
1697844480,5262524,5262038,0.7367
1697844540,5263876,5263409,0.7366
1697844600,5260418,5259248,0.7371
1697844660,5261725,5260700,0.7375
1697844720,5261089,5260682,0.7376
1697844780,5259196,5259670,0.7375
1697844840,5259670,5258165,0.7372
1697844900,5258079,5262187,0.7365
1697844960,5265036,5260830,0.7356
1697845020,5259867,5261889,0.7369
1697845080,5259473,5258884,0.7369
1697845140,5259097,5258751,0.737
1697845200,5258558,5254702,0.7372
1697845260,5254710,5254710,0.7372
1697845320,5258117,5257873,0.7372
1697845380,5257810,5257810,0.7374
1697845440,5256693,5256761,0.7374
1697845500,5258327,5260393,0.7368
1697845560,5257893,5257317,0.7373
1697845620,5257917,5259510,0.7374
1697845680,5254504,5253916,0.737
1697845740,5253652,5253857,0.7379
1697845800,5254615,5258191,0.7373
1697845860,5258267,5257925,0.7362
1697845920,5258115,5257774,0.7361
1697845980,5258155,5256690,0.7355
1697846040,5255950,5255950,0.7356
1697846100,5256146,5256727,0.7362
1697846160,5256810,5258896,0.7361
1697846220,5258443,5257758,0.7364
1697846280,5257978,5259579,0.7369
1697846340,5261166,5263259,0.7368
1697846400,5261318,5258005,0.7367
1697846460,5256984,5258232,0.7371
1697846520,5259451,5260164,0.7374
1697846580,5260400,5260325,0.7379
1697846640,5260645,5263702,0.7374
1697846700,5262919,5261591,0.7355
1697846760,5259737,5260481,0.7352
1697846820,5252521,5251266,0.7339
1697846880,5237091,5231149,0.7331
1697846940,5230576,5228619,0.7327
1697847000,5228621,5228546,0.7321
1697847060,5230704,5230069,0.7337
1697847120,5225621,5225399,0.7337
1697847180,5225029,5223410,0.7346
1697847240,5219829,5219976,0.7352
1697847300,5218467,5216914,0.7352
1697847360,5217447,5216461,0.7364
1697847420,5214930,5214930,0.7369
1697847480,5205012,5204143,0.7369
1697847540,5204271,5202296,0.7357
1697847600,5201469,5202007,0.7367
1697847660,5201827,5202050,0.737
1697847720,5202066,5202219,0.7376
1697847780,5200860,5200844,0.7381
1697847840,5199620,5200285,0.738
1697847900,5200196,5200378,0.7386
1697847960,5200079,5199779,0.7386
1697848020,5199816,5199743,0.739
1697848080,5202412,5200166,0.7393
1697848140,5199968,5200474,0.7389
1697848200,5198989,5198110,0.7377
1697848260,5197986,5198016,0.7377
1697848320,5189610,5189605,0.7379
1697848380,5194571,5194004,0.7381
1697848440,5194287,5193792,0.7386
1697848500,5193562,5193398,0.7387
1697848560,5193421,5194325,0.7379
1697848620,5194269,5193771,0.7376
1697848680,5193456,5193368,0.7377
1697848740,5193381,5195428,0.7377
1697848800,5195568,5195922,0.7375
1697848860,5195461,5195461,0.7375
1697848920,5189012,5189012,0.7369
1697848980,5189009,5188727,0.7366
1697849040,5188727,5188070,0.7358
1697849100,5182768,5174602,0.737
1697849160,5173876,5173532,0.7369
1697849220,5172290,5171680,0.7361
1697849280,5168661,5168661,0.7378
1697849340,5167836,5167090,0.7368
1697849400,5164558,5167365,0.7382
1697849460,5167464,5166143,0.738
1697849520,5165283,5165349,0.7383
1697849580,5165333,5164970,0.7386
1697849640,5165085,5165657,0.7387
1697849700,5165179,5164714,0.7385
1697849760,5163580,5165851,0.7387
1697849820,5165243,5165275,0.739
1697849880,5165255,5167789,0.7381
1697849940,5167611,5167627,0.7379
1697850000,5166684,5165212,0.7378
1697850060,5165149,5163573,0.7382
1697850120,5163559,5160977,0.7384
1697850180,5160951,5160768,0.7382
1697850240,5160586,5160586,0.7386
1697850300,5160221,5160498,0.7384
1697850360,5162038,5161608,0.7374
1697850420,5161609,5161803,0.7377
1697850480,5161795,5161233,0.7383
1697850540,5160981,5160817,0.7388
1697850600,5160787,5161247,0.7393
1697850660,5161667,5161396,0.7395
1697850720,5161756,5164691,0.7393
1697850780,5164351,5164219,0.7394
1697850840,5164200,5164175,0.7398
1697850900,5164555,5159732,0.7406
1697850960,5161004,5161133,0.7415
1697851020,5164132,5161642,0.7407
1697851080,5161322,5161303,0.7406
1697851140,5161437,5163657,0.74
1697851200,5163801,5163535,0.7392
1697851260,5163418,5164111,0.7398
1697851320,5164120,5163845,0.7393
1697851380,5160837,5160346,0.739
1697851440,5160557,5160557,0.7393
1697851500,5160514,5160484,0.739
1697851560,5160484,5151256,0.7385
1697851620,5145887,5145887,0.7389
1697851680,5145959,5145326,0.7387
1697851740,5145288,5145188,0.7385
1697851800,5145176,5145209,0.7391
1697851860,5145326,5145249,0.7393
1697851920,5145159,5144672,0.7393
1697851980,5143926,5144040,0.7378
1697852040,5143921,5143947,0.7376
1697852100,5143947,5145736,0.7369
1697852160,5145877,5146699,0.7362
1697852220,5145783,5146075,0.7362
1697852280,5146075,5146402,0.7358
1697852340,5139395,5133764,0.7341
1697852400,5134531,5126781,0.7348
1697852460,5130000,5130071,0.7339
1697852520,5130626,5130626,0.7338
1697852580,5132373,5132373,0.7335
1697852640,5132606,5130319,0.7328
1697852700,5120721,5120721,0.7333
1697852760,5118756,5118941,0.733
1697852820,5118983,5116055,0.7334
1697852880,5116439,5116439,0.7331
1697852940,5116213,5116361,0.7332
1697853000,5116309,5115731,0.7334
1697853060,5115312,5115904,0.7328
1697853120,5117462,5117612,0.7326
1697853180,5117778,5117655,0.7324
1697853240,5114289,5111638,0.7318
1697853300,5107023,5106781,0.7312
1697853360,5101276,5102332,0.7317
1697853420,5103207,5103229,0.7313
1697853480,5103103,5102903,0.732
1697853540,5102602,5103155,0.7327
1697853600,5101355,5099202,0.7321
1697853660,5095152,5091715,0.7322
1697853720,5092012,5090573,0.7311
1697853780,5090375,5088719,0.7312
1697853840,5090209,5090195,0.7304
1697853900,5090561,5093172,0.7311
1697853960,5095012,5094826,0.731
1697854020,5094839,5096035,0.7316
1697854080,5096121,5095923,0.7325
1697854140,5094337,5088574,0.7311
1697854200,5086416,5086016,0.7308
1697854260,5086016,5084129,0.7313
1697854320,5083704,5082718,0.7311
1697854380,5081755,5081734,0.7316
1697854440,5081664,5081664,0.732
1697854500,5081612,5081624,0.7311
1697854560,5081599,5081603,0.731
1697854620,5080639,5072017,0.733
1697854680,5071828,5070869,0.7328
1697854740,5070939,5070498,0.7324
1697854800,5070070,5069711,0.7318
1697854860,5068796,5068621,0.7321
1697854920,5068553,5064706,0.733
1697854980,5064458,5052960,0.7324
1697855040,5052907,5057447,0.7312
1697855100,5055906,5055876,0.7312
1697855160,5056381,5056177,0.7315
1697855220,5055092,5054715,0.7312
1697855280,5054394.5,5054189,0.7314
1697855340,5053697,5053663,0.7315
1697855400,5053601,5053635,0.7318
1697855460,5053038,5053936,0.7316
1697855520,5053936,5054284,0.7315
1697855580,5054147,5053815,0.7308
1697855640,5053269,5051882,0.7305
1697855700,5052132,5052486,0.7298
1697855760,5053133,5064463,0.7292
1697855820,5047436,5053081,0.7285
1697855880,5050838,5047514,0.7283
1697855940,5044328,5042532,0.7279
1697856000,5036850,5036766,0.7282
1697856060,5036766,5032398,0.7286
1697856120,5031992,5032778,0.729
1697856180,5038879,5047174,0.7304
1697856240,5046586,5048868,0.7305
1697856300,5050416,5050039,0.7294
1697856360,5047474,5044754,0.7295
1697856420,5044195,5044185,0.7295
1697856480,5044030,5043470,0.7294
1697856540,5043340,5043316,0.7291
1697856600,5041989,5037827,0.7294
1697856660,5037312,5038477,0.7294
1697856720,5038456,5039100,0.7293
1697856780,5038548,5037668,0.7287
1697856840,5037615,5036579,0.7286
1697856900,5036159,5035513,0.7283
1697856960,5035183,5036637,0.7285
1697857020,5036455,5036108,0.7288
1697857080,5035652,5035200,0.7297
1697857140,5034981,5034513,0.7298
1697857200,5034830,5035902,0.7301
1697857260,5035929,5035199,0.7302
1697857320,5035212,5035413,0.7302
1697857380,5035215,5035112,0.7296
1697857440,5035042,5034805,0.7297
1697857500,5044874,5042066,0.7284
1697857560,5042046,5042202,0.728
1697857620,5041834,5041628,0.7278
1697857680,5039430,5038623,0.7268
1697857740,5035181,5034216,0.7269
1697857800,5032049,5031759,0.727
1697857860,5031901,5031047,0.7266
1697857920,5030959,5031010,0.7264
1697857980,5030876,5025809,0.7263
1697858040,5026196,5023354,0.7267
1697858100,5023525,5022728,0.7278
1697858160,5020988,5017214,0.7288
1697858220,5015327,5015345,0.7292
1697858280,5017063,5016797,0.7289
1697858340,5016156,5016156,0.7291
1697858400,5015020,5014945,0.7291
1697858460,5014890,5014541,0.729
1697858520,5015984,5016296,0.7295
1697858580,5016555,5016464,0.7293
1697858640,5016432,5016470,0.7293
1697858700,5015840,5013147,0.7296
1697858760,5013046,5013559,0.7296
1697858820,5014089,5013799,0.7293
1697858880,5013799,5013464,0.7293
1697858940,5012592,5012310,0.7293
1697859000,5012310,5011164,0.7299
1697859060,5012025,5011379,0.7299
1697859120,5011054,5010716,0.7297
1697859180,5010716,5012119,0.7302
1697859240,5012151,5011611,0.7305
1697859300,5011927,5010509,0.7306
1697859360,5009948,5010720,0.7308
1697859420,5010605,5012495,0.7312
1697859480,5013103,5009607,0.7316
1697859540,5009607,5013134,0.7317
1697859600,5013304,4989060,0.7294
1697859660,4988715,4988612,0.7293
1697859720,4988487,4987426,0.7291
1697859780,4987496,4987496,0.7293
