"OI_open","OI_close","timestamp","price_open","price_close"
161691301,161792154,1698212760,0.2802,0.2798
161817279,161969737,1698212820,0.2798,0.2796
161964088,161916625,1698212880,0.2796,0.2795
161933361,161910612,1698212940,0.2795,0.2798
161859131,161887628,1698213000,0.2798,0.2798
161887853,161862291,1698213060,0.2798,0.28
161880899,161893365,1698213120,0.28,0.2799
161898307,161887480,1698213180,0.2799,0.2802
161907867,161910703,1698213240,0.2802,0.2804
161885600,161890946,1698213300,0.2804,0.2804
161900123,161874183,1698213360,0.2805,0.2802
161886497,161875460,1698213420,0.2803,0.2803
161872807,161879405,1698213480,0.2803,0.2804
161879373,161922443,1698213540,0.2804,0.2804
161939689,161949999,1698213600,0.2804,0.2804
161945500,161953713,1698213660,0.2805,0.2806
161964143,161988311,1698213720,0.2807,0.2806
161929093,161902639,1698213780,0.2806,0.2809
161892165,161862144,1698213840,0.2809,0.2811
161832166,161887307,1698213900,0.2811,0.2809
161789051,161788206,1698213960,0.2809,0.2811
161774854,161907936,1698214020,0.2811,0.2811
161917334,162006100,1698214080,0.2811,0.2811
162004431,161987730,1698214140,0.2811,0.2811
161881354,161881375,1698214200,0.2812,0.2813
161891566,161880137,1698214260,0.2812,0.2815
161844401,161842163,1698214320,0.2815,0.2815
161911945,161925952,1698214380,0.2815,0.2814
162079163,162079163,1698214440,0.2814,0.2814
161984384,161978756,1698214500,0.2813,0.2816
161970545,161986101,1698214560,0.2816,0.2818
161966229,161913800,1698214620,0.2818,0.2817
161867973,161853333,1698214680,0.2816,0.2818
161854944,161866908,1698214740,0.2818,0.2816
161782375,161795891,1698214800,0.2817,0.2815
161558280,161553765,1698214860,0.2815,0.2813
161294176,161375524,1698214920,0.2813,0.2817
161351968,161335044,1698214980,0.2817,0.2818
161327290,161371983,1698215040,0.2817,0.2818
161619951,161641096,1698215100,0.2819,0.2823
161636508,161667698,1698215160,0.2823,0.2821
161708904,161684916,1698215220,0.2821,0.2822
161699203,161752594,1698215280,0.2823,0.2824
161756844,161800260,1698215340,0.2824,0.2823
161770528,161658541,1698215400,0.2822,0.2825
161669061,161666426,1698215460,0.2825,0.2822
161671837,161654200,1698215520,0.2823,0.2824
161651524,161655165,1698215580,0.2823,0.2823
161681706,161571682,1698215640,0.2822,0.2822
161558594,161558594,1698215700,0.2822,0.2824
161573198,161545559,1698215760,0.2824,0.2826
161582299,161528787,1698215820,0.2825,0.2827
161548466,161588365,1698215880,0.2827,0.2827
161582258,161557834,1698215940,0.2826,0.2827
161425843,161395235,1698216000,0.2827,0.2828
161384078,161452123,1698216060,0.2828,0.2827
161470279,161479257,1698216120,0.2827,0.2822
161479550,161508057,1698216180,0.2823,0.2822
161496842,161547835,1698216240,0.2822,0.2825
161519584,161482278,1698216300,0.2826,0.2826
161483482,161543625,1698216360,0.2826,0.2821
161545900,161515311,1698216420,0.2822,0.2823
161500539,161444265,1698216480,0.2823,0.2825
161438159,161421517,1698216540,0.2825,0.2827
161415775,161417881,1698216600,0.2827,0.2824
161059767,161140507,1698216660,0.2823,0.2822
161133333,161093981,1698216720,0.2821,0.2821
160981322,160963228,1698216780,0.282,0.2821
160961778,160952681,1698216840,0.2821,0.2822
160951528,160945749,1698216900,0.2821,0.2823
160965973,160974040,1698216960,0.2822,0.282
160960007,161002455,1698217020,0.282,0.2822
161011905,160999574,1698217080,0.2822,0.282
160993584,160982044,1698217140,0.282,0.2822
160959546,160955408,1698217200,0.2822,0.2823
160962020,160957467,1698217260,0.2824,0.2823
161102127,161102127,1698217320,0.2824,0.2824
161114667,161136625,1698217380,0.2824,0.2828
161123777,161151620,1698217440,0.2829,0.2824
161166638,161144763,1698217500,0.2825,0.2822
161109121,161109121,1698217560,0.2822,0.2826
161092191,161097226,1698217620,0.2827,0.283
161137544,161173815,1698217680,0.283,0.2827
161155357,161133814,1698217740,0.2828,0.2828
161161048,161174108,1698217800,0.2827,0.2824
161217408,161227643,1698217860,0.2825,0.2822
161216360,161221075,1698217920,0.2822,0.282
161193191,161174193,1698217980,0.2819,0.2818
160956955,160924622,1698218040,0.2818,0.282
160907291,160914226,1698218100,0.282,0.2818
160839476,160834627,1698218160,0.2817,0.2821
160865023,160837492,1698218220,0.282,0.2819
160848174,160781558,1698218280,0.2819,0.2819
160764760,160762853,1698218340,0.2819,0.2817
160769904,160738267,1698218400,0.2817,0.2818
160729606,161488529,1698218460,0.2819,0.2814
160658064,160639592,1698218520,0.2814,0.2805
160605498,160640510,1698218580,0.2805,0.2803
160604256,160593224,1698218640,0.2804,0.2806
160566894,160591897,1698218700,0.2806,0.2805
160612891,160569527,1698218760,0.2805,0.2801
160600500,160729664,1698218820,0.2801,0.2799
160750124,160854791,1698218880,0.2799,0.2796
160906644,160988025,1698218940,0.2795,0.2787
160610475,160815370,1698219000,0.2787,0.2787
160786953,160948172,1698219060,0.2787,0.2794
160895237,160923361,1698219120,0.2794,0.2797
160900141,160956789,1698219180,0.2797,0.2795
161046205,160956195,1698219240,0.2795,0.2794
160992498,161053110,1698219300,0.2793,0.279
161005816,161008317,1698219360,0.279,0.2791
160913248,160941445,1698219420,0.2791,0.2788
160691388,160479193,1698219480,0.2789,0.2786
160573450,160579480,1698219540,0.2787,0.2787
160608067,160600248,1698219600,0.2788,0.2791
160472899,160455978,1698219660,0.2791,0.2787
160460375,160465415,1698219720,0.2787,0.2784
160298358,160384352,1698219780,0.2784,0.278
159679922,159721484,1698219840,0.2779,0.2781
159638607,159653394,1698219900,0.2781,0.2778
159816383,159671391,1698219960,0.2778,0.2766
159923914,160045191,1698220020,0.2766,0.2766
160116469,160149212,1698220080,0.2766,0.2766
160200413,160425137,1698220140,0.2766,0.2774
160404209,160077573,1698220200,0.2774,0.2775
160310687,160348559,1698220260,0.2776,0.2773
160312721,160585900,1698220320,0.2773,0.2776
160567881,160486591,1698220380,0.2775,0.2781
160498000,160498000,1698220440,0.2781,0.2781
160512747,160552699,1698220500,0.2781,0.2782
160540582,160688074,1698220560,0.2783,0.2783
160672891,160822279,1698220620,0.2782,0.2782
160856687,160613234,1698220680,0.2782,0.2783
160582869,160606611,1698220740,0.2782,0.2782
160487612,160339025,1698220800,0.2782,0.2788
159955644,160047730,1698220860,0.2788,0.2784
160078458,160098030,1698220920,0.2784,0.2781
160130751,159972301,1698220980,0.278,0.2773
159945434,159946306,1698221040,0.2774,0.2775
159946084,159802764,1698221100,0.2775,0.2774
159810856,159895301,1698221160,0.2775,0.2771
160154515,160154523,1698221220,0.2772,0.2768
160194873,160221690,1698221280,0.2768,0.2771
160157009,160154466,1698221340,0.277,0.277
160108676,160074770,1698221400,0.277,0.2769
160043158,160047142,1698221460,0.2769,0.2769
160163894,160290169,1698221520,0.2768,0.277
160239483,160257064,1698221580,0.2769,0.2765
160234351,160192101,1698221640,0.2765,0.2766
159901350,159935655,1698221700,0.2766,0.277
159901775,160239145,1698221760,0.277,0.2773
160210850,160133446,1698221820,0.2774,0.2774
160143257,160114748,1698221880,0.2773,0.2774
160110664,160082277,1698221940,0.2774,0.2775
160077663,160190946,1698222000,0.2775,0.2776
160199379,160199379,1698222060,0.2776,0.2778
160021646,160060698,1698222120,0.2778,0.2777
160039287,160022631,1698222180,0.2776,0.2777
160025949,159987583,1698222240,0.2778,0.278
160052101,160082790,1698222300,0.278,0.2781
159892796,159881565,1698222360,0.2781,0.278
159869591,159893772,1698222420,0.2779,0.2777
159912733,159906805,1698222480,0.2777,0.2778
159915553,159937536,1698222540,0.2779,0.2779
159852274,159848591,1698222600,0.278,0.2781
159858785,159929473,1698222660,0.2781,0.2784
159942149,159908452,1698222720,0.2784,0.2785
159910558,159853471,1698222780,0.2785,0.2784
159852992,159867408,1698222840,0.2784,0.2786
160045368,160112811,1698222900,0.2786,0.2788
160110481,160123282,1698222960,0.2787,0.2789
160141753,160136185,1698223020,0.2789,0.279
160138526,160167841,1698223080,0.279,0.279
160171785,160118836,1698223140,0.279,0.2789
160019824,160033903,1698223200,0.279,0.2789
160123744,160100222,1698223260,0.2789,0.2789
160054864,160035633,1698223320,0.279,0.2792
159999887,160009943,1698223380,0.2792,0.2793
160065156,160052508,1698223440,0.2793,0.2789
159654769,159668518,1698223500,0.2789,0.2786
160091415,160020091,1698223560,0.2787,0.279
160245760,160183771,1698223620,0.2791,0.2789
160179155,160114804,1698223680,0.2789,0.2792
160125732,160108341,1698223740,0.2791,0.2788
160063317,160056503,1698223800,0.2787,0.2788
160090078,160073646,1698223860,0.2787,0.2785
160054379,160058025,1698223920,0.2784,0.2786
159780034,159790695,1698223980,0.2785,0.2782
159796045,159813913,1698224040,0.2782,0.2782
159764109,159781702,1698224100,0.2781,0.2784
159811643,159852589,1698224160,0.2784,0.2783
159857529,159866995,1698224220,0.2783,0.2782
159846825,159858591,1698224280,0.2781,0.2782
159902466,159878618,1698224340,0.2783,0.2785
159925389,159931445,1698224400,0.2785,0.278
159961108,159867622,1698224460,0.2781,0.2783
159909928,159886697,1698224520,0.2782,0.2782
159700999,159687447,1698224580,0.2783,0.2785
159685302,159856393,1698224640,0.2785,0.2787
159943081,159946342,1698224700,0.2786,0.2788
159924368,159939931,1698224760,0.2787,0.2788
159910572,159922354,1698224820,0.2788,0.2789
159931405,159665671,1698224880,0.279,0.2794
159678660,159671618,1698224940,0.2795,0.2796
159707062,159762871,1698225000,0.2796,0.2796
159783728,159811290,1698225060,0.2796,0.2796
159805370,159708543,1698225120,0.2796,0.2797
159704404,159597122,1698225180,0.2797,0.2801
159613453,159582649,1698225240,0.2801,0.2805
159717363,159406149,1698225300,0.2804,0.2807
159379701,159414911,1698225360,0.2807,0.2807
159408732,159402222,1698225420,0.2807,0.2807
159585905,159534026,1698225480,0.2807,0.2804
159568250,159512353,1698225540,0.2804,0.2804
159504225,159469937,1698225600,0.2803,0.2806
159489098,159481627,1698225660,0.2806,0.2802
159457741,159398917,1698225720,0.2802,0.2801
159388350,159351795,1698225780,0.2801,0.2803
159354211,159467787,1698225840,0.2802,0.2802
159494207,159506377,1698225900,0.2802,0.2806
159498014,159493769,1698225960,0.2806,0.2808
159490920,159536166,1698226020,0.2809,0.2807
159546971,159540977,1698226080,0.2808,0.2811
159527230,159485966,1698226140,0.2811,0.2816
159466793,159492161,1698226200,0.2815,0.2811
159508631,159360690,1698226260,0.281,0.2816
159359516,159359516,1698226320,0.2815,0.2812
159331450,159369044,1698226380,0.2813,0.2814
159498503,159666435,1698226440,0.2815,0.2815
159662159,159742144,1698226500,0.2814,0.282
159592308,159634892,1698226560,0.282,0.2821
159625150,159626413,1698226620,0.2821,0.2815
159604522,159592025,1698226680,0.2814,0.2814
159595718,159618788,1698226740,0.2814,0.2811
159771501,159774264,1698226800,0.2811,0.2809
159763063,159719692,1698226860,0.2808,0.2806
159726340,159729684,1698226920,0.2806,0.2807
159729318,159736757,1698226980,0.2808,0.2808
159772222,159782986,1698227040,0.2808,0.2809
159829010,159813905,1698227100,0.2809,0.2808
159804985,159773546,1698227160,0.2808,0.2808
159787405,159821337,1698227220,0.2808,0.2808
159816205,159856192,1698227280,0.2808,0.2806
159859349,159820503,1698227340,0.2806,0.2804
159827115,159828363,1698227400,0.2804,0.2805
159862986,159862986,1698227460,0.2804,0.2805
159901189,159892806,1698227520,0.2805,0.2804
159864028,159864028,1698227580,0.2803,0.2808
159865926,159880627,1698227640,0.2808,0.2805
159811724,159806549,1698227700,0.2804,0.2804
159808602,159816751,1698227760,0.2804,0.2802
159809773,159797077,1698227820,0.2802,0.2802
159732705,159737322,1698227880,0.2803,0.2802
159735208,159677552,1698227940,0.2802,0.28
159527110,159532637,1698228000,0.28,0.2801
159451812,159387897,1698228060,0.2801,0.28
159289437,159142301,1698228120,0.28,0.2797
159020779,158884520,1698228180,0.2796,0.2797
159046283,159047907,1698228240,0.2797,0.2797
159115834,159111702,1698228300,0.2797,0.2798
159102467,159010223,1698228360,0.2799,0.2797
158976533,159047135,1698228420,0.2797,0.2795
158933744,158924649,1698228480,0.2795,0.2796
158922021,158921897,1698228540,0.2797,0.2796
158846288,158869939,1698228600,0.2796,0.2796
158834158,158835698,1698228660,0.2796,0.2797
158848724,158815927,1698228720,0.2798,0.2799
158807962,158803476,1698228780,0.2799,0.2799
158803476,158676269,1698228840,0.2799,0.28
158710876,158696712,1698228900,0.28,0.28
158707171,158764104,1698228960,0.28,0.2805
158764880,158791938,1698229020,0.2805,0.2804
158794513,158907218,1698229080,0.2804,0.2801
158881033,158921632,1698229140,0.2802,0.2803
158918071,158946885,1698229200,0.2803,0.2806
158905212,158836400,1698229260,0.2806,0.2804
158851044,158854507,1698229320,0.2805,0.2799
158788861,158769087,1698229380,0.28,0.2797
158765095,158720760,1698229440,0.2797,0.28
158720406,158720882,1698229500,0.2799,0.28
158724682,158726423,1698229560,0.28,0.2803
158724911,158794446,1698229620,0.2803,0.2803
158817680,158840089,1698229680,0.2804,0.2803
158819269,158867225,1698229740,0.2802,0.2805
158866951,158835208,1698229800,0.2804,0.2805
158795614,158825754,1698229860,0.2806,0.2803
158802448,159014678,1698229920,0.2803,0.2803
159016428,158944181,1698229980,0.2804,0.2805
158943498,158969331,1698230040,0.2805,0.2804
158969331,159114329,1698230100,0.2803,0.28
159135508,159148815,1698230160,0.28,0.2802
159110118,159117582,1698230220,0.2802,0.28
159112963,159107637,1698230280,0.2801,0.2804
159108226,159108226,1698230340,0.2804,0.2804
159131225,159137289,1698230400,0.2804,0.2804
159144083,159144083,1698230460,0.2804,0.2806
159050895,159268055,1698230520,0.2806,0.2808
159243103,159269104,1698230580,0.2808,0.2811
159247199,159259354,1698230640,0.2811,0.2808
159265549,159264691,1698230700,0.2808,0.281
159259181,159280189,1698230760,0.281,0.2805
159283443,159257080,1698230820,0.2806,0.2805
159098496,159051921,1698230880,0.2805,0.2807
158938515,158902351,1698230940,0.2806,0.2809
158899345,158873388,1698231000,0.2809,0.2807
158894813,158895233,1698231060,0.2806,0.2808
158866698,158861504,1698231120,0.2809,0.2807
158890170,158893879,1698231180,0.2808,0.2805
158894117,158897598,1698231240,0.2804,0.2804
158896903,158898787,1698231300,0.2804,0.2805
158899834,158855789,1698231360,0.2806,0.2809
158851094,158838614,1698231420,0.2809,0.2808
158838596,158868434,1698231480,0.2808,0.2805
158872999,158940889,1698231540,0.2805,0.2807
158994999,159014744,1698231600,0.2806,0.2804
159088795,159088795,1698231660,0.2804,0.2804
159028520,159015169,1698231720,0.2803,0.2804
159021968,159001169,1698231780,0.2804,0.2801
159014790,159052856,1698231840,0.2801,0.2803
159042944,159051233,1698231900,0.2802,0.2806
159052967,159049316,1698231960,0.2806,0.2807
159049312,159129802,1698232020,0.2808,0.281
159130409,159141673,1698232080,0.281,0.2808
159170513,159164548,1698232140,0.2808,0.2811
159362517,159391792,1698232200,0.2812,0.2807
159381992,159399431,1698232260,0.2807,0.2806
159388827,159357700,1698232320,0.2806,0.2808
159316529,159348493,1698232380,0.2809,0.2808
159402752,159412832,1698232440,0.2809,0.2808
159489195,159340965,1698232500,0.2808,0.2805
159218945,159226489,1698232560,0.2805,0.2808
159216955,159302896,1698232620,0.2808,0.2813
159238953,159271353,1698232680,0.2813,0.2804
159199688,159154501,1698232740,0.2803,0.28
159252424,159048291,1698232800,0.2801,0.28
158917267,158874403,1698232860,0.2799,0.2804
158896460,158914099,1698232920,0.2804,0.2804
158906009,158907494,1698232980,0.2804,0.2799
158853579,158845691,1698233040,0.2799,0.2801
158848418,158892878,1698233100,0.2802,0.2803
158892285,158928661,1698233160,0.2803,0.2803
158916414,158946419,1698233220,0.2804,0.2805
159541672,159543063,1698233280,0.2806,0.2801
159541828,159536511,1698233340,0.2801,0.28
159492952,159641188,1698233400,0.2801,0.2797
159772134,159798912,1698233460,0.2798,0.2801
159752527,159743058,1698233520,0.2801,0.2802
159677572,159637427,1698233580,0.2802,0.2799
159623958,159605325,1698233640,0.2799,0.28
159543335,159551636,1698233700,0.2799,0.2802
159547656,159542147,1698233760,0.2801,0.2804
159516231,159607360,1698233820,0.2804,0.2802
159612396,159619710,1698233880,0.2802,0.2802
159612554,159643617,1698233940,0.2803,0.2804
159656577,159690657,1698234000,0.2803,0.2802
159729471,159730500,1698234060,0.2802,0.2799
159826776,159821761,1698234120,0.2799,0.2801
159807034,159793031,1698234180,0.2801,0.2799
159785570,159760741,1698234240,0.2799,0.2799
159905203,159902280,1698234300,0.2798,0.2797
159901758,159897932,1698234360,0.2798,0.2798
159897509,159828363,1698234420,0.2798,0.2799
159859417,159886897,1698234480,0.28,0.28
159891362,159765685,1698234540,0.2799,0.2797
159840068,159840068,1698234600,0.2796,0.2797
159841994,159827730,1698234660,0.2797,0.2796
159827812,159843962,1698234720,0.2797,0.2797
159836989,159863285,1698234780,0.2797,0.2797
159956177,159956900,1698234840,0.2797,0.2796
159948507,159942591,1698234900,0.2795,0.2798
159940191,159931857,1698234960,0.2798,0.2798
159925942,159926692,1698235020,0.2797,0.2798
159956062,159858184,1698235080,0.2798,0.2797
160005602,160003825,1698235140,0.2797,0.2795
160290227,160539887,1698235200,0.2794,0.28
160517029,160507464,1698235260,0.28,0.2803
160405352,160416454,1698235320,0.2803,0.2799
160532314,160403219,1698235380,0.2799,0.2804
160419636,160382583,1698235440,0.2804,0.2805
160379587,160423608,1698235500,0.2805,0.2803
160488750,160493201,1698235560,0.2803,0.2805
160516074,160431578,1698235620,0.2804,0.2807
160619497,160584671,1698235680,0.2807,0.2807
160580114,160652741,1698235740,0.2807,0.2805
160574327,160584093,1698235800,0.2805,0.2805
160562744,160556559,1698235860,0.2804,0.2804
160588083,160589993,1698235920,0.2804,0.2806
160603445,160653159,1698235980,0.2806,0.2808
160684953,160671757,1698236040,0.2807,0.2812
160589753,160892105,1698236100,0.2812,0.2813
160872607,160872607,1698236160,0.2814,0.2813
160871495,160915090,1698236220,0.2813,0.2809
161015997,160891439,1698236280,0.2806,0.2806
160890538,160860135,1698236340,0.2806,0.2811
160861542,160869188,1698236400,0.281,0.2813
160873353,160882806,1698236460,0.2812,0.2808
160868852,160866471,1698236520,0.2808,0.2808
160862165,160843996,1698236580,0.2809,0.2809
160833984,160819263,1698236640,0.2808,0.2812
160779518,160745675,1698236700,0.2813,0.2814
160881313,160883021,1698236760,0.2814,0.2817
160932393,160914913,1698236820,0.2818,0.2814
160922877,160890014,1698236880,0.2814,0.2812
161070903,161063797,1698236940,0.2812,0.2812
161266694,161324642,1698237000,0.2812,0.2814
161113979,161084417,1698237060,0.2813,0.2816
161027754,161003481,1698237120,0.2816,0.2811
161060896,160959905,1698237180,0.2811,0.2809
160949484,160904303,1698237240,0.2809,0.281
160849578,160876589,1698237300,0.2809,0.281
160845963,160810902,1698237360,0.2809,0.2804
160799455,160792687,1698237420,0.2805,0.2807
160786036,160763503,1698237480,0.2806,0.2808
160757297,160757799,1698237540,0.2807,0.2808
160716849,160728004,1698237600,0.2808,0.2806
160820086,160785074,1698237660,0.2807,0.2808
160770538,160787825,1698237720,0.2809,0.2812
160805239,160829162,1698237780,0.2812,0.2811
160833987,160839664,1698237840,0.2812,0.2811
161041114,161044136,1698237900,0.2811,0.2811
161049874,161185869,1698237960,0.2811,0.2812
161175249,161191549,1698238020,0.2811,0.2811
161220959,161221257,1698238080,0.2812,0.2813
161304547,161321334,1698238140,0.2813,0.2812
161326089,161337883,1698238200,0.2812,0.2808
161354233,161312634,1698238260,0.2808,0.281
161307688,161388932,1698238320,0.281,0.281
161365852,161342298,1698238380,0.281,0.2815
161368246,161442645,1698238440,0.2815,0.2814
161458980,161370748,1698238500,0.2815,0.2813
161369899,161403087,1698238560,0.2813,0.2814
161423623,161411510,1698238620,0.2814,0.2815
161394470,161388648,1698238680,0.2814,0.2814
161397621,161394746,1698238740,0.2813,0.2812
161625843,161590012,1698238800,0.2811,0.2816
161821231,161864937,1698238860,0.2816,0.2818
161915181,161907459,1698238980,0.2818,0.2816
161935035,161959555,1698239040,0.2816,0.2815
161880710,161893808,1698239100,0.2816,0.2816
161914040,161811424,1698239160,0.2817,0.2816
161844915,161757378,1698239220,0.2816,0.2816
161785332,161789559,1698239280,0.2817,0.282
161791125,161791125,1698239340,0.2819,0.2819
161826998,161834780,1698239400,0.2818,0.2821
161837558,161906465,1698239460,0.2821,0.2822
161925817,161916381,1698239520,0.2822,0.2825
161893752,161889348,1698239580,0.2825,0.2827
161899850,162322994,1698239640,0.2827,0.2828
162406772,162408836,1698239700,0.283,0.2829
162344034,162331032,1698239760,0.2829,0.2824
162268978,162261279,1698239820,0.2825,0.2825
162288900,162255562,1698239880,0.2825,0.2828
162197244,162184912,1698239940,0.2829,0.2829
162153766,162059516,1698240000,0.2829,0.283
162063196,161997349,1698240060,0.2831,0.2831
162077439,162170988,1698240120,0.283,0.2833
162182788,162207353,1698240180,0.2833,0.2839
162143229,162137161,1698240240,0.284,0.2835
161913037,161930177,1698240300,0.2834,0.2832
161888013,161988812,1698240360,0.2831,0.2828
161990701,161965463,1698240420,0.2827,0.2828
161770143,161830770,1698240780,0.282,0.2818
161731404,161723534,1698240840,0.2818,0.282
161785184,161797426,1698240900,0.282,0.2817
161864416,161733680,1698240960,0.2817,0.2815
161675309,161675309,1698241020,0.2815,0.2815
161751122,161833280,1698241080,0.2816,0.2818
161830908,161981478,1698241140,0.2818,0.2818
162018717,162014089,1698241200,0.2819,0.2814
162004132,161761138,1698241260,0.2814,0.2808
161633274,161630089,1698241320,0.2808,0.2813
161581293,161581873,1698241380,0.2813,0.2809
161620627,161659565,1698241440,0.2808,0.2807
161621035,161654728,1698241500,0.2807,0.2811
161669044,161679952,1698241560,0.2811,0.2812
161691563,161740981,1698241620,0.2812,0.2813
161714205,161737892,1698241680,0.2813,0.2814
161829275,161831485,1698241740,0.2814,0.2813
161887730,161872687,1698241800,0.2813,0.2814
161855528,161836132,1698241860,0.2814,0.2817
161867501,162010163,1698241920,0.2816,0.2817
162015575,162043316,1698241980,0.2817,0.2815
161991641,161991641,1698242040,0.2815,0.2821
161968520,161947384,1698242100,0.2821,0.2822
161905131,161895589,1698242160,0.2822,0.2824
161907345,161907345,1698242220,0.2824,0.2823
161888435,161890964,1698242280,0.2823,0.2824
161891609,161901830,1698242340,0.2825,0.2824
161882185,161899872,1698242400,0.2824,0.2823
161873789,161897501,1698242460,0.2823,0.2822
162032816,162053060,1698242520,0.2822,0.2822
161967862,161928591,1698242580,0.2822,0.2824
161940728,161940728,1698242640,0.2824,0.2823
163360681,163360681,1698242700,0.2828,0.2828
163361426,163305128,1698242760,0.2828,0.2825
163389235,163389235,1698242820,0.2827,0.2827
163498427,163442943,1698242880,0.2827,0.283
163470580,163470580,1698242940,0.2829,0.2829
163436772,163354074,1698243000,0.2832,0.2832
163377609,163467407,1698243060,0.2832,0.283
163485618,163505244,1698243120,0.283,0.2837
163878076,163680238,1698243180,0.2837,0.2844
163918120,163956072,1698243240,0.2845,0.2844
163901760,164006719,1698243300,0.2844,0.2851
163977314,163968228,1698243360,0.2852,0.2842
163848358,164022503,1698243420,0.2842,0.2842
163895341,163910333,1698243480,0.2842,0.2837
163912271,163773818,1698243540,0.2837,0.2835
164224490,164238214,1698243600,0.2835,0.2841
164132462,164087723,1698243660,0.2841,0.2844
164105114,164039997,1698243720,0.2844,0.2842
164045383,164010017,1698243780,0.2842,0.284
163996352,163985687,1698243840,0.2841,0.2843
163986421,164001279,1698243900,0.2843,0.2847
163986569,164063080,1698243960,0.2846,0.2849
164006778,164026462,1698244020,0.2848,0.2844
164032741,164066860,1698244080,0.2844,0.2843
164105220,164078474,1698244140,0.2844,0.2842
164027088,163951424,1698244200,0.2842,0.2844
163894691,163802689,1698244260,0.2844,0.2844
163822166,163828734,1698244320,0.2844,0.2845
163808181,163803647,1698244380,0.2846,0.2847
163837338,163837338,1698244440,0.2847,0.2851
163866605,163785094,1698244500,0.2851,0.2853
163662305,163697825,1698244560,0.2853,0.2847
163519978,163506652,1698244620,0.2846,0.2846
163457146,163457146,1698244680,0.2847,0.2847
163432714,163142429,1698244740,0.2846,0.285
163080949,163057748,1698244800,0.2849,0.285
163011099,163044050,1698244860,0.2849,0.2853
163007606,163186945,1698244920,0.2854,0.2852
163148914,163140851,1698244980,0.2851,0.2853
163140183,163105524,1698245040,0.2854,0.2852
163097385,163099829,1698245100,0.2852,0.2848
163061295,163019387,1698245160,0.2848,0.2852
163005489,163008840,1698245220,0.2852,0.2851
163003183,163053707,1698245280,0.2851,0.2857
163046523,163061491,1698245340,0.2856,0.2855
163062013,163067824,1698245400,0.2855,0.2852
163000991,162401993,1698245460,0.2851,0.2846
162357938,162357938,1698245520,0.2846,0.2849
162385542,162393289,1698245580,0.285,0.2853
162423160,162413980,1698245640,0.2854,0.2854
162370810,162388696,1698245700,0.2853,0.2853
162383716,162383667,1698245760,0.2854,0.2854
162346737,162248714,1698245820,0.2853,0.2855
162225139,162224869,1698245940,0.2855,0.2852
162291803,162341817,1698246000,0.2851,0.2853
162479530,162457033,1698246060,0.2852,0.2846
162395287,162381787,1698246120,0.2846,0.2848
162368479,162340548,1698246180,0.2847,0.2849
162359625,162414933,1698246240,0.2848,0.2847
162541770,162502135,1698246300,0.2847,0.2851
162520836,162506039,1698246360,0.2852,0.2854
162487479,162496675,1698246420,0.2855,0.2856
162459168,162541287,1698246480,0.2856,0.2854
162604351,162650635,1698246540,0.2853,0.2856
162534913,162580095,1698246600,0.2855,0.285
162600825,162617469,1698246660,0.2849,0.2846
162608712,162581735,1698246720,0.2846,0.285
162590196,162606747,1698246780,0.2849,0.2844
162504087,162497681,1698246840,0.2845,0.2848
162490892,162515650,1698246900,0.2848,0.2846
162540781,162482888,1698246960,0.2846,0.2845
162340414,162354237,1698247020,0.2845,0.2845
162318962,162241203,1698247080,0.2845,0.2847
162220681,162235039,1698247140,0.2846,0.2849
162318857,162301872,1698247200,0.285,0.2853
162414696,162437307,1698247260,0.2853,0.2854
162421853,162460510,1698247320,0.2853,0.2845
162441409,162472349,1698247380,0.2846,0.2848
162536362,162528910,1698247440,0.2849,0.2852
162497758,162497758,1698247500,0.2852,0.2852
162484633,162617911,1698247560,0.2853,0.2853
162686296,162660997,1698247620,0.2852,0.2855
162670069,162678176,1698247680,0.2856,0.2856
162673220,162676534,1698247740,0.2856,0.2857
162629316,162726588,1698247800,0.2857,0.2862
162377478,162345701,1698247860,0.2861,0.2862
162313091,162423066,1698247920,0.2862,0.2867
162375184,162349960,1698247980,0.2867,0.2873
162250071,162247660,1698248040,0.2872,0.287
162291147,162333452,1698248100,0.2871,0.2864
162334640,162334833,1698248160,0.2865,0.2867
162315376,162346108,1698248220,0.2867,0.2866
162284309,162337950,1698248280,0.2866,0.2868
162323347,162315994,1698248340,0.2868,0.2868
162243690,161894900,1698248400,0.2867,0.2865
161989407,161943014,1698248460,0.2865,0.2867
161942470,161914013,1698248520,0.2866,0.2867
161903332,161865958,1698248580,0.2868,0.2871
161905771,161935392,1698248640,0.2871,0.2873
161904261,162163698,1698248700,0.2873,0.2881
162347224,162633379,1698248760,0.2881,0.2877
162670258,162666856,1698248820,0.2877,0.288
162597372,162562011,1698248880,0.2881,0.2884
162682902,162894990,1698248940,0.2883,0.2885
163089708,163242760,1698249000,0.2886,0.2884
163266756,163266756,1698249060,0.2884,0.2879
163315931,163549177,1698249120,0.2879,0.2881
163543293,163558899,1698249180,0.2882,0.2879
163573368,163602214,1698249240,0.2878,0.2878
163569542,163595479,1698249300,0.2878,0.2875
163549302,163513355,1698249360,0.2875,0.2873
163477299,163477718,1698249420,0.2873,0.2881
163446680,163554686,1698249480,0.288,0.2882
163621948,163605460,1698249540,0.2883,0.2883
163638668,163722092,1698249600,0.2883,0.2884
163580350,163577850,1698249660,0.2884,0.2891
163550806,163550806,1698249720,0.289,0.2886
163568851,163531602,1698249780,0.2886,0.2888
163449223,163526892,1698249840,0.2888,0.2881
163464942,163415727,1698249900,0.288,0.2883
163343225,163364650,1698249960,0.2883,0.2878
163352345,163351213,1698250020,0.2878,0.2882
163374996,163363455,1698250080,0.2882,0.288
163435077,163424459,1698250140,0.288,0.2881
163543547,163605203,1698250200,0.2881,0.2883
163625064,163867046,1698250260,0.2883,0.2886
163862617,163808278,1698250320,0.2887,0.2888
163860382,163860382,1698250380,0.2887,0.289
163941250,163931819,1698250440,0.2889,0.2893
163839105,163851299,1698250500,0.2894,0.2892
163823630,163920580,1698250560,0.2892,0.2898
163924668,163890584,1698250620,0.2898,0.2889
164061947,164110794,1698250680,0.2889,0.2875
164118986,164145026,1698250740,0.2876,0.2876
164162222,164178522,1698250800,0.2877,0.2883
164357324,164324289,1698250860,0.2884,0.288
164295690,164248245,1698250920,0.288,0.287
164084322,163861180,1698250980,0.287,0.2875
163926917,163962890,1698251040,0.2875,0.2872
163919659,163870208,1698251100,0.2872,0.2872
163786594,163787692,1698251160,0.2873,0.2866
163728559,163699895,1698251220,0.2866,0.2867
163937631,164179550,1698251280,0.2867,0.2862
164108260,163643490,1698251340,0.2862,0.285
163553960,163659423,1698251400,0.2849,0.2857
163749956,163771742,1698251460,0.2858,0.2857
163827825,163805076,1698251520,0.2857,0.2857
163738861,163723195,1698251580,0.2858,0.2852
163807928,163805239,1698251640,0.2853,0.2857
163811266,163785577,1698251700,0.2857,0.2848
163727649,163727649,1698251760,0.2849,0.2852
163752788,163630203,1698251820,0.2851,0.2846
163750518,163747626,1698251880,0.2846,0.2847
163727268,163477014,1698251940,0.2847,0.2833
163660968,163592400,1698252000,0.2832,0.2831
163709226,163649026,1698252060,0.283,0.2822
163472441,163434891,1698252120,0.2822,0.2825
163478555,163628527,1698252180,0.2825,0.2831
163750065,163750065,1698252240,0.2831,0.2834
163717689,163697252,1698252300,0.2835,0.2837
163800838,163781021,1698252360,0.2837,0.2836
163747612,163862852,1698252420,0.2836,0.2839
163984765,163813552,1698252480,0.284,0.2838
163794316,163802466,1698252540,0.2838,0.2841
163827268,163573618,1698252600,0.2841,0.2833
163725420,163815220,1698252660,0.2833,0.283
163960081,164085812,1698252720,0.2831,0.2832
164232988,164208420,1698252780,0.2831,0.2824
164317666,164360122,1698252840,0.2825,0.2826
164365121,164360065,1698252900,0.2826,0.2826
164355517,164348029,1698252960,0.2825,0.2827
164378608,164333098,1698253020,0.2827,0.2829
164322261,164322261,1698253080,0.283,0.2827
164454008,164453264,1698253140,0.2826,0.2821
164443278,164342712,1698253200,0.2822,0.2825
164432106,164413193,1698253260,0.2824,0.2815
164291046,164257659,1698253320,0.2814,0.2818
164213765,164209874,1698253380,0.2819,0.2824
164210273,164250125,1698253440,0.2824,0.2826
164202868,164229763,1698253500,0.2826,0.2826
164262334,164257915,1698253560,0.2825,0.2827
164363859,164393390,1698253620,0.2827,0.2831
164568484,164715210,1698253680,0.283,0.2831
164908231,164809741,1698253740,0.2832,0.2835
164921365,164921365,1698253800,0.2835,0.2836
164999906,164933529,1698253860,0.2836,0.2839
164768191,164770282,1698253920,0.2839,0.284
164789083,164789083,1698253980,0.2839,0.284
164805729,165035459,1698254040,0.284,0.2838
165048629,165089637,1698254100,0.2839,0.2841
165141686,165091294,1698254160,0.2841,0.2842
165103043,165086309,1698254220,0.2842,0.2834
165073132,165116925,1698254280,0.2834,0.2835
165238266,165125318,1698254340,0.2834,0.2832
165136716,165194927,1698254400,0.2831,0.2834
165124148,165214648,1698254460,0.2834,0.2835
165133555,165134309,1698254520,0.2835,0.2837
164990316,165034113,1698254580,0.2838,0.2838
164923745,164894483,1698254640,0.2839,0.284
164835220,164840527,1698254700,0.284,0.2837
164847877,164833458,1698254760,0.2837,0.2832
164819989,164824998,1698254820,0.2832,0.2833
164818084,164805263,1698254880,0.2833,0.2833
164778644,164778688,1698254940,0.2834,0.2835
164749246,164745203,1698255000,0.2835,0.2836
164777933,164777933,1698255060,0.2835,0.2839
164763869,164856167,1698255120,0.2838,0.284
164622888,164663101,1698255180,0.284,0.2841
164631165,164619050,1698255240,0.2841,0.2843
164643950,164679821,1698255300,0.2843,0.2842
164710172,164800083,1698255360,0.2842,0.2843
164706211,164703485,1698255420,0.2843,0.2839
164678485,164683897,1698255480,0.2839,0.2842
164878268,164820388,1698255540,0.2842,0.2839
164938533,164941387,1698255600,0.2839,0.2838
164752287,164426379,1698255660,0.2838,0.2832
164366536,164331542,1698255720,0.2832,0.2833
164296665,164235858,1698255780,0.2833,0.2833
164224599,164195569,1698255840,0.2833,0.2833
164195562,164105002,1698255900,0.2832,0.2834
164235688,164230472,1698255960,0.2834,0.2835
164204239,164178454,1698256020,0.2835,0.284
164117939,164152576,1698256080,0.2839,0.2844
164179705,164168370,1698256140,0.2844,0.2842
164182187,164246242,1698256200,0.2842,0.2839
164223187,164264634,1698256260,0.2839,0.2837
164262601,164237325,1698256320,0.2837,0.2834
164196075,164203812,1698256380,0.2833,0.2834
164178360,164125323,1698256440,0.2834,0.2834
164107144,164106052,1698256500,0.2835,0.2834
164084421,164092135,1698256560,0.2834,0.2833
164088214,164088214,1698256620,0.2833,0.2833
164040459,164194185,1698256680,0.2833,0.2835
164263149,164270566,1698256740,0.2836,0.2837
164283072,164325270,1698256800,0.2837,0.2841
164312160,164164910,1698256860,0.2841,0.2842
164158648,164130977,1698256920,0.2842,0.284
164069663,163901298,1698256980,0.284,0.2842
163906732,163763534,1698257040,0.2842,0.284
163714645,163717614,1698257100,0.2841,0.284
163733241,163742993,1698257160,0.2841,0.284
163749849,163778652,1698257220,0.2839,0.2837
163811907,163824213,1698257280,0.2837,0.2833
163852960,163829794,1698257340,0.2833,0.2835
163829802,163891071,1698257400,0.2834,0.2834
163901664,163887179,1698257460,0.2833,0.283
163793356,163682414,1698257520,0.283,0.2827
163652272,163662880,1698257580,0.2826,0.2826
163560129,163593507,1698257640,0.2826,0.2829
163633717,163551207,1698257700,0.2829,0.2829
163562309,163632795,1698257760,0.2829,0.2826
163658123,163639156,1698257820,0.2826,0.2829
163646064,163645448,1698257880,0.2828,0.2829
163717639,163733571,1698257940,0.283,0.2825
163718432,163718432,1698258000,0.2826,0.2826
163705813,163717367,1698258060,0.2826,0.2825
163993965,164024978,1698258120,0.2825,0.2821
164086266,164115860,1698258180,0.2821,0.2822
164058349,164026737,1698258240,0.2823,0.2821
164025086,163951636,1698258300,0.2821,0.2823
163950516,164004096,1698258360,0.2823,0.2818
163994992,163947438,1698258420,0.2818,0.2818
163983451,163977985,1698258480,0.2818,0.282
163936375,163975564,1698258540,0.2821,0.2815
163972077,163939060,1698258600,0.2816,0.2816
163905524,163896673,1698258660,0.2815,0.2811
163891068,163944357,1698258720,0.2819,0.2818
163872579,163903428,1698258780,0.2818,0.2823
163966103,164031086,1698258840,0.2823,0.2822
164114178,164110234,1698258900,0.2822,0.2818
164134256,164059262,1698258960,0.2817,0.2814
164091843,164108607,1698259020,0.2815,0.2814
164133347,164136132,1698259080,0.2814,0.2815
164088806,164045768,1698259140,0.2814,0.2812
163928718,164005329,1698259200,0.2811,0.2811
164064027,164092260,1698259260,0.281,0.2812
164091730,164162036,1698259320,0.2812,0.2812
164165546,164191388,1698259380,0.2813,0.2809
164210195,164131887,1698259440,0.2809,0.2809
164152737,164137577,1698259500,0.2809,0.2811
164127786,164127786,1698259560,0.2811,0.2808
164189852,164180192,1698259620,0.2809,0.2808
164204234,164226072,1698259680,0.2809,0.281
164238848,164253652,1698259740,0.2811,0.281
164262394,164286509,1698259800,0.281,0.2811
164317574,164301435,1698259860,0.2811,0.2815
164352069,164283133,1698259920,0.2816,0.2818
164297115,164290798,1698259980,0.2818,0.2818
164291352,164325041,1698260040,0.2818,0.2817
164331993,164322667,1698260100,0.2817,0.2818
164479714,164320204,1698260160,0.2818,0.2818
164399328,164379517,1698260220,0.2819,0.2821
164449080,164419969,1698260280,0.282,0.282
164423479,164436276,1698260340,0.282,0.2818
164370516,164378585,1698260400,0.2818,0.2814
164451958,164487266,1698260460,0.2813,0.2813
164502702,164479732,1698260520,0.2814,0.2812
164482141,164525396,1698260580,0.2811,0.2808
164497248,164497353,1698260640,0.2807,0.2808
164495886,164476119,1698260700,0.2808,0.281
164481391,164512892,1698260760,0.281,0.2812
164531581,164592726,1698260820,0.2812,0.2808
164606738,164589475,1698260880,0.2808,0.2806
164558490,164558525,1698260940,0.2806,0.2808
164540715,164540715,1698261000,0.281,0.281
164510802,164594588,1698261060,0.281,0.281
164590272,164586317,1698261120,0.281,0.2811
164587915,164723198,1698261180,0.2811,0.2812
164752118,164795836,1698261240,0.2812,0.2811
164721331,164727298,1698261300,0.281,0.2807
164738860,164737031,1698261360,0.2807,0.2802
164640504,164688129,1698261420,0.2803,0.2807
164625122,164623583,1698261480,0.2806,0.2803
164650034,164511440,1698261540,0.2803,0.2803
164558443,164694598,1698261600,0.2803,0.2804
164692138,164735593,1698261660,0.2803,0.2803
164727780,164634546,1698261720,0.2803,0.2801
164636303,164449647,1698261780,0.2801,0.28
164459135,164533677,1698261840,0.28,0.2802
164576693,164546565,1698261900,0.2801,0.2802
164570178,164727434,1698261960,0.2802,0.2799
164657837,164662157,1698262020,0.2799,0.2801
164679095,164681929,1698262080,0.28,0.2801
164685550,164688753,1698262140,0.2802,0.2803
164599128,164612697,1698262200,0.2803,0.2803
164695422,164697298,1698262260,0.2803,0.2802
164713910,164698845,1698262320,0.2803,0.2802
164713598,164724220,1698262380,0.2801,0.2804
164892242,164890028,1698262440,0.2804,0.2806
164901355,165038808,1698262500,0.2806,0.2805
165065241,165058476,1698262560,0.2804,0.2803
165049958,165052318,1698262620,0.2804,0.2806
165027573,165023274,1698262680,0.2806,0.2809
165146122,165187745,1698262740,0.2809,0.2806
165201843,165285729,1698262800,0.2806,0.2806
165274314,165350919,1698262860,0.2807,0.2808
165363745,165381385,1698262920,0.2807,0.2803
165381366,165358894,1698262980,0.2803,0.2801
165274337,165266518,1698263040,0.2801,0.2799
165385316,165372913,1698263100,0.2798,0.2798
165363653,165367188,1698263160,0.2799,0.2799
165406427,165376809,1698263220,0.2799,0.2801
165382019,165381793,1698263280,0.2801,0.2803
165346367,165368802,1698263340,0.2802,0.28
165362285,165347835,1698263400,0.2801,0.2802
165414103,165427175,1698263460,0.2801,0.28
165597024,165755078,1698263520,0.2801,0.2799
165794108,165781411,1698263580,0.2799,0.2804
165787636,165820550,1698263640,0.2804,0.2804
165813590,165835281,1698263700,0.2804,0.2805
165855435,165920815,1698263760,0.2805,0.2805
165910223,165922363,1698263820,0.2806,0.2807
165823038,165835553,1698263880,0.2807,0.2808
165799568,165912191,1698263940,0.2808,0.2805
165877580,166071686,1698264000,0.2806,0.2804
166182611,166318741,1698264060,0.2805,0.2807
166479016,166479016,1698264120,0.2807,0.2807
166507087,166485554,1698264180,0.2807,0.2806
166419896,166416946,1698264240,0.2807,0.2809
166426825,166681643,1698264300,0.2808,0.2804
166448693,166458645,1698264360,0.2804,0.2805
166329027,166345273,1698264420,0.2805,0.2805
166353065,166343413,1698264480,0.2805,0.2806
166380294,166361248,1698264540,0.2806,0.2806
166360653,166381265,1698264600,0.2807,0.2808
166390280,166431094,1698264660,0.2808,0.281
166616055,166661115,1698264720,0.2809,0.281
166787744,166794813,1698264780,0.2809,0.2808
166796071,166900784,1698264840,0.2809,0.281
166877121,166847785,1698264900,0.2809,0.2804
166883319,166862685,1698264960,0.2804,0.2802
166848108,166888022,1698265020,0.2801,0.2805
166882551,166849869,1698265080,0.2805,0.2803
166791297,166801839,1698265140,0.2803,0.2802
166788218,166811900,1698265200,0.2802,0.2802
166861963,166825918,1698265260,0.2801,0.2799
166831714,166863670,1698265320,0.28,0.28
166887243,166890179,1698265380,0.2799,0.28
166888215,166897313,1698265440,0.28,0.2799
166869597,166881810,1698265500,0.28,0.2799
166892991,166588842,1698265560,0.2799,0.2794
166580362,166398630,1698265620,0.2794,0.2796
166356332,166394533,1698265680,0.2797,0.2793
166505772,166332751,1698265740,0.2793,0.2793
166336488,166258044,1698265800,0.2794,0.2793
166155807,165712711,1698265860,0.2794,0.2796
165586127,165549416,1698265920,0.2796,0.2797
165503939,165509756,1698265980,0.2797,0.2799
165550492,165509879,1698266040,0.2799,0.2796
165372050,165416943,1698266100,0.2796,0.2797
165363604,165336161,1698266160,0.2796,0.2798
165336161,165314868,1698266220,0.2798,0.28
165341775,165324645,1698266280,0.2799,0.2798
165343164,165338393,1698266340,0.2798,0.2798
165370769,165386100,1698266400,0.2798,0.2798
165418352,165380156,1698266460,0.2798,0.28
165466413,165448407,1698266520,0.28,0.28
165447282,165456853,1698266580,0.28,0.28
165456871,165444304,1698266640,0.2801,0.2801
165331963,165332700,1698266700,0.2801,0.28
165317731,165291789,1698266760,0.2799,0.2797
165205125,165184313,1698266820,0.2797,0.2797
165190047,165187764,1698266880,0.2797,0.2796
165195804,165243088,1698266940,0.2797,0.2795
165267927,165267927,1698267000,0.2794,0.2793
165312797,165225344,1698267060,0.2793,0.2796
165228274,165228274,1698267120,0.2795,0.2792
165253079,165257523,1698267180,0.2792,0.2788
165106204,164982013,1698267240,0.2788,0.2787
165011650,164996979,1698267300,0.2788,0.2786
165004190,165006266,1698267360,0.2787,0.2785
164885461,164760108,1698267420,0.2786,0.2788
164799090,164793657,1698267480,0.2788,0.2788
164814857,164790750,1698267540,0.2788,0.2786
164656508,164752288,1698267600,0.2786,0.2784
164780187,164893772,1698267660,0.2783,0.2787
164879882,164835969,1698267720,0.2787,0.2789
164830595,164792164,1698267780,0.2788,0.279
164794490,164800016,1698267840,0.279,0.2788
164856217,164950767,1698267900,0.2788,0.279
164973951,164952570,1698267960,0.279,0.2792
164914690,164914555,1698268020,0.2792,0.2792
164936124,164916825,1698268080,0.2792,0.2792
164916674,164924308,1698268140,0.2793,0.2794
164918551,164949172,1698268200,0.2794,0.2793
164949172,164918643,1698268260,0.2793,0.2795
164943205,164960624,1698268320,0.2794,0.2792
164928031,164919292,1698268380,0.2793,0.2791
164914554,164918333,1698268440,0.2791,0.2792
164953210,164888633,1698268500,0.2792,0.279
164831831,164815326,1698268560,0.2791,0.2794
164782844,164693107,1698268620,0.2794,0.2798
164828867,164778776,1698268680,0.2797,0.2798
164779648,164766498,1698268740,0.2798,0.2797
164757311,164745777,1698268800,0.2797,0.2797
164735073,164711320,1698268860,0.2797,0.2796
164697738,164515350,1698268920,0.2795,0.2798
164482875,164578523,1698268980,0.2798,0.2799
164576350,164591546,1698269040,0.2799,0.28
164595923,164595562,1698269100,0.2801,0.2801
164592627,164568918,1698269160,0.2801,0.2803
164560483,164597316,1698269220,0.2803,0.2804
164582037,164626507,1698269280,0.2804,0.2806
164627724,164632707,1698269340,0.2806,0.2806
164607697,164563678,1698269400,0.2805,0.2802
164545912,164505868,1698269460,0.2802,0.2798
164469670,164456025,1698269520,0.2798,0.28
164423939,164403392,1698269580,0.2799,0.2796
164341539,164376007,1698269640,0.2796,0.2788
164178030,164318926,1698269700,0.2789,0.2787
164138454,164222173,1698269760,0.2788,0.279
164218232,164227747,1698269820,0.2789,0.2785
164281900,164274910,1698269880,0.2785,0.2784
164287561,164185288,1698269940,0.2783,0.2783
164200537,164246913,1698270000,0.2782,0.278
164094731,164082945,1698270060,0.278,0.2783
164082945,164121931,1698270120,0.2783,0.2786
164121036,164130758,1698270180,0.2786,0.2786
164054222,164054222,1698270240,0.2786,0.2788
164047311,163976276,1698270300,0.2787,0.2788
163815792,163782590,1698270360,0.2788,0.2787
163758869,163785332,1698270420,0.2786,0.2786
163786628,163803673,1698270480,0.2787,0.2786
163863603,163907756,1698270540,0.2786,0.2788
163912141,163916229,1698270600,0.2788,0.2788
163911340,163920415,1698270660,0.2788,0.2791
163967235,163968433,1698270720,0.2792,0.279
163844037,163850178,1698270780,0.2791,0.279
163850136,163840983,1698270840,0.279,0.2792
163764233,163736389,1698270900,0.2792,0.2793
163736743,163734139,1698270960,0.2794,0.2796
163739480,163737595,1698271020,0.2796,0.2797
163743769,163806439,1698271080,0.2797,0.2799
163738577,163766778,1698271140,0.28,0.28
163772630,163670516,1698271200,0.28,0.2797
163658476,163688540,1698271260,0.2798,0.2795
163707053,163753718,1698271320,0.2795,0.2797
163743696,163671185,1698271380,0.2797,0.2797
163673809,163700436,1698271440,0.2797,0.2796
163700238,163715066,1698271500,0.2796,0.2797
163709944,163713082,1698271560,0.2797,0.2796
163741877,163754359,1698271620,0.2797,0.2794
163722621,163699866,1698271680,0.2794,0.2796
163681039,163694967,1698271740,0.2795,0.2798
163694184,163674373,1698271800,0.2798,0.2798
163655899,163655899,1698271860,0.2799,0.28
163666562,163658757,1698271920,0.28,0.2801
163717010,163707615,1698271980,0.28,0.2804
163709195,163644077,1698272040,0.2804,0.2804
163531045,163542959,1698272100,0.2805,0.2806
163542427,163463785,1698272160,0.2806,0.2806
163439911,163429564,1698272220,0.2806,0.2805
163385660,163132017,1698272280,0.2804,0.2801
163025565,163021386,1698272340,0.28,0.2801
163011347,163064207,1698272400,0.2801,0.2801
163045850,163017331,1698272460,0.2802,0.2801
163001030,162985552,1698272520,0.2801,0.2801
162970356,162950184,1698272580,0.28,0.2799
162981519,162949234,1698272640,0.2799,0.2798
162951418,162953562,1698272700,0.2798,0.28
162965199,162938963,1698272760,0.2799,0.2799
162930402,162918356,1698272820,0.28,0.2799
162931204,162931256,1698272880,0.28,0.2802
162910615,162898785,1698272940,0.2801,0.2802
162856590,162839769,1698273000,0.2802,0.2804
162911290,162906322,1698273060,0.2804,0.2801
162884651,162853005,1698273120,0.28,0.2798
162873108,162921422,1698273180,0.2798,0.2802
162924719,162924228,1698273240,0.2801,0.2804
162924818,162968032,1698273300,0.2804,0.2804
162970535,162976775,1698273360,0.2805,0.2806
162967203,162966695,1698273420,0.2806,0.2807
163291369,163293836,1698273480,0.2807,0.2807
163320344,163320344,1698273540,0.2807,0.2809
163328951,163314449,1698273600,0.2808,0.2811
163411696,163394919,1698273660,0.2811,0.2811
163392173,163340261,1698273720,0.2811,0.281
163338036,163343826,1698273780,0.2811,0.2812
163347947,163362442,1698273840,0.2811,0.281
163269246,163316445,1698273900,0.281,0.2809
163332347,163357472,1698273960,0.2809,0.2806
163358788,163326433,1698274020,0.2805,0.2802
163307052,163306460,1698274080,0.2802,0.2803
163330003,163336327,1698274140,0.2803,0.2804
163371348,163383539,1698274200,0.2804,0.2804
163387291,163378515,1698274260,0.2804,0.2806
163355575,163368356,1698274320,0.2805,0.2802
163377347,163385901,1698274380,0.2803,0.2803
163373621,163329534,1698274440,0.2804,0.2808
163313884,163323812,1698274500,0.2808,0.281
163323258,163312556,1698274560,0.281,0.2811
163288359,163267582,1698274620,0.281,0.2809
163243201,163243201,1698274680,0.2808,0.2808
163257917,163259130,1698274740,0.2809,0.2809
163170791,163177086,1698274800,0.2809,0.2804
163227041,163227837,1698274860,0.2804,0.2808
163184037,163159317,1698274920,0.2809,0.2804
163128836,163057893,1698274980,0.2804,0.2796
163031437,162928284,1698275040,0.2796,0.2794
163190885,163166267,1698275100,0.2794,0.2795
163179175,163167578,1698275160,0.2794,0.2796
163191678,163213406,1698275220,0.2795,0.279
163234855,163234855,1698275280,0.279,0.2796
163233893,163138075,1698275340,0.2796,0.2797
163123969,163139126,1698275400,0.2797,0.2795
163131138,163079632,1698275460,0.2794,0.2799
163084292,163095534,1698275520,0.2798,0.2796
163080574,163073648,1698275580,0.2796,0.2796
163021755,162996449,1698275640,0.2797,0.2798
162926737,162861422,1698275700,0.2798,0.2799
162835355,162810661,1698275760,0.2799,0.2803
162774703,162825205,1698275820,0.2803,0.2803
162891640,162922065,1698275880,0.2803,0.2802
162914651,162856839,1698275940,0.2802,0.2803
162882750,162902740,1698276000,0.2803,0.2804
162913151,162956761,1698276060,0.2804,0.2804
162939734,162944841,1698276120,0.2805,0.2805
162933691,162955803,1698276180,0.2804,0.2806
162945667,162940498,1698276240,0.2805,0.2804
162945744,162962318,1698276300,0.2805,0.2805
162969113,162980743,1698276360,0.2805,0.2803
162984621,162994964,1698276420,0.2803,0.2803
162993791,163000131,1698276480,0.2804,0.2803
163014826,162974552,1698276540,0.2803,0.2803
162949546,162927226,1698276600,0.2802,0.2804
162942897,162940536,1698276660,0.2805,0.2805
162968582,162968345,1698276720,0.2805,0.2808
162965300,162982822,1698276780,0.2808,0.2805
162990138,162992201,1698276840,0.2805,0.2807
162991466,162992096,1698276900,0.2807,0.2804
162978059,163001353,1698276960,0.2804,0.2804
163015565,162799962,1698277020,0.2804,0.2799
162767489,162676600,1698277080,0.28,0.28
162754424,162778330,1698277140,0.28,0.28
162827303,162520368,1698277200,0.2799,0.28
162543393,162562952,1698277260,0.28,0.2804
162648876,162673488,1698277320,0.2804,0.2803
162660992,162674818,1698277380,0.2803,0.2804
162638274,162674717,1698277440,0.2805,0.2804
162671897,162649014,1698277500,0.2804,0.2804
162690817,162685695,1698277560,0.2804,0.2804
162673824,162644398,1698277620,0.2803,0.28
162653379,162640440,1698277680,0.28,0.28
162635826,162630020,1698277740,0.28,0.2799
162623295,162617438,1698277800,0.28,0.28
162632942,162650775,1698277860,0.2801,0.2803
162651475,162652147,1698277920,0.2803,0.2802
162654279,162677656,1698277980,0.2803,0.2802
162680989,162651875,1698278040,0.2802,0.2804
162631467,162627897,1698278100,0.2803,0.2803
162601906,162601586,1698278160,0.2804,0.2805
162599670,162596883,1698278220,0.2805,0.2807
162597078,162597499,1698278280,0.2807,0.2807
162589345,162588778,1698278340,0.2807,0.2808
162572702,162676530,1698278400,0.2808,0.2807
162652718,162657099,1698278460,0.2806,0.2802
162635566,162685807,1698278520,0.2803,0.2805
162673689,162632421,1698278580,0.2805,0.2805
162590031,162577627,1698278640,0.2805,0.2802
162556866,162560178,1698278700,0.2803,0.2807
162550040,162552060,1698278760,0.2806,0.2807
162558013,162555774,1698278820,0.2807,0.2803
162611337,162578128,1698278880,0.2803,0.2808
162584173,162555491,1698278940,0.2808,0.2807
162486050,162521805,1698279000,0.2806,0.2803
162484220,162480355,1698279060,0.2804,0.2807
162594936,162608640,1698279120,0.2808,0.2811
162614628,162566472,1698279180,0.2811,0.2811
162586606,162579729,1698279240,0.2811,0.281
162551466,162536318,1698279300,0.281,0.2807
162536318,162576143,1698279360,0.2808,0.281
162349721,162367921,1698279420,0.281,0.2811
162407443,162420601,1698279480,0.2811,0.2812
162442139,162423576,1698279540,0.2812,0.281
162438494,162395769,1698279600,0.2811,0.2812
162387732,162368563,1698279660,0.2812,0.2813
162367624,162348011,1698279720,0.2812,0.2814
162388107,162387341,1698279780,0.2813,0.2813
162387833,162336790,1698279840,0.2813,0.2814
162248781,162214860,1698279900,0.2815,0.2818
162199121,162235959,1698279960,0.2817,0.2819
162203189,162193439,1698280020,0.2818,0.2818
162264271,162242592,1698280080,0.2818,0.2821
162256037,162258585,1698280140,0.2821,0.282
162425882,162442089,1698280200,0.282,0.2823
162484430,162575313,1698280260,0.2823,0.2824
162488547,162471002,1698280320,0.2825,0.2821
162504712,162508333,1698280380,0.282,0.2823
162523939,162588046,1698280440,0.2823,0.2823
162582568,162569830,1698280500,0.2823,0.2821
162635895,162677868,1698280560,0.2821,0.282
162668636,162646352,1698280620,0.2821,0.2817
162682592,162672801,1698280680,0.2817,0.2819
162666531,162642686,1698280740,0.2819,0.2823
162622976,162632184,1698280800,0.2823,0.2822
162601889,162679913,1698280860,0.2822,0.282
162669743,162650153,1698280920,0.282,0.2817
162668295,162668295,1698280980,0.2817,0.282
162651503,162681996,1698281040,0.2819,0.2818
162680410,162640708,1698281100,0.2817,0.2815
162613397,162652520,1698281160,0.2815,0.281
162613129,162674972,1698281220,0.2809,0.2806
162574931,162564359,1698281280,0.2805,0.2801
162509028,162502896,1698281340,0.2802,0.2804
162494908,162466252,1698281400,0.2805,0.2805
162433408,162437716,1698281460,0.2805,0.2805
162474570,162500407,1698281520,0.2805,0.2807
162509122,162482347,1698281580,0.2807,0.2812
162556784,162598446,1698281640,0.2812,0.2816
162887210,162816230,1698281700,0.2816,0.2818
162826477,162829880,1698281760,0.2818,0.2817
162885885,163064486,1698281820,0.2817,0.2823
163021044,162998442,1698281880,0.2824,0.2823
162745192,162742821,1698281940,0.2823,0.2822
162801605,162782942,1698282000,0.2821,0.2822
162792356,162707886,1698282060,0.2821,0.2824
162714640,163042583,1698282120,0.2825,0.2823
163042724,162989395,1698282180,0.2823,0.2821
162999662,163005540,1698282240,0.2821,0.2814
162951221,162969102,1698282300,0.2814,0.2815
163138182,163169147,1698282360,0.2816,0.2818
163153377,163151978,1698282420,0.2818,0.2817
163177465,163202374,1698282480,0.2816,0.2819
163259661,163336660,1698282540,0.2818,0.2815
163304935,163282221,1698282600,0.2814,0.2818
163287542,163309166,1698282660,0.2818,0.2815
163345425,163342675,1698282720,0.2815,0.2816
163351328,163340121,1698282780,0.2816,0.2814
163310600,163314128,1698282840,0.2814,0.2813
163337453,163301882,1698282900,0.2813,0.2816
163346276,163340739,1698282960,0.2816,0.2816
163333278,163303431,1698283020,0.2815,0.2815
163285588,163294938,1698283080,0.2815,0.2816
163288491,163294881,1698283140,0.2816,0.2815
163305922,163328328,1698283200,0.2814,0.2816
163325689,163316218,1698283260,0.2815,0.2817
163320684,163324698,1698283320,0.2817,0.2815
163308545,163286271,1698283380,0.2816,0.282
163302556,163315911,1698283440,0.2821,0.2823
163317818,163282429,1698283500,0.2823,0.2824
163300384,163298394,1698283560,0.2825,0.2824
163300996,163315358,1698283620,0.2823,0.2824
163312424,163283209,1698283680,0.2824,0.2826
163277701,163258705,1698283740,0.2827,0.2825
163238685,163043574,1698283800,0.2826,0.2827
163044018,163022877,1698283860,0.2828,0.2828
163042055,163018156,1698283920,0.2828,0.2827
163064923,163067007,1698283980,0.2826,0.2824
163056259,163054870,1698284040,0.2824,0.2822
163073518,163084974,1698284100,0.2821,0.2824
163122834,163175790,1698284160,0.2824,0.2826
163190934,163153817,1698284220,0.2826,0.2826
163183405,163228198,1698284280,0.2827,0.2828
163278703,163275435,1698284340,0.2828,0.2827
163230320,163193914,1698284400,0.2826,0.2829
163174639,163140259,1698284460,0.2829,0.2822
163083103,163063355,1698284520,0.2822,0.2819
163041435,162987797,1698284580,0.2819,0.2819
162948082,162867440,1698284640,0.2819,0.2813
162791873,162798480,1698284700,0.2812,0.2809
162806923,162839039,1698284760,0.281,0.2819
162858085,162808874,1698284820,0.2818,0.2814
162859348,162765602,1698284880,0.2813,0.2819
162746791,162731307,1698284940,0.2819,0.282
162803694,162823064,1698285000,0.282,0.282
162834481,162778419,1698285060,0.282,0.2817
162761814,162762694,1698285120,0.2817,0.2817
162762387,162762387,1698285180,0.2817,0.2818
162781175,162783168,1698285240,0.2818,0.2818
162794075,162807477,1698285300,0.2819,0.2822
162804499,162803055,1698285360,0.2821,0.2822
162808921,162898171,1698285420,0.2822,0.2822
162898568,162888412,1698285480,0.2821,0.2823
162932383,162935301,1698285540,0.2823,0.2823
162949004,162967661,1698285600,0.2822,0.2821
163011259,162993548,1698285660,0.2821,0.2823
162942101,162936429,1698285720,0.2823,0.2816
162929977,162798158,1698285780,0.2816,0.2815
162816234,162841293,1698285840,0.2815,0.2819
162835010,162827565,1698285900,0.2818,0.2821
162838019,162827437,1698285960,0.2821,0.282
162857769,162877485,1698286020,0.2819,0.2814
162874420,162934214,1698286080,0.2814,0.2817
162957586,162935829,1698286140,0.2818,0.2821
162924871,162901914,1698286200,0.2821,0.2818
162889803,162852711,1698286260,0.2818,0.2819
162814158,162818198,1698286320,0.2819,0.2817
162817813,162824004,1698286380,0.2816,0.2815
162837969,162803862,1698286440,0.2815,0.2815
162811572,162827110,1698286500,0.2815,0.2816
162801194,162785170,1698286560,0.2815,0.2815
162776760,162796203,1698286620,0.2816,0.2815
162785791,162778254,1698286680,0.2815,0.2818
162776780,162752823,1698286740,0.2819,0.2816
162765030,162767182,1698286800,0.2815,0.2814
162685904,162820793,1698286860,0.2813,0.2816
162809803,162894452,1698286920,0.2816,0.2813
162894011,162951024,1698286980,0.2813,0.2813
162943232,162971460,1698287040,0.2813,0.2817
162981214,162937951,1698287100,0.2818,0.2814
162934986,162966778,1698287160,0.2815,0.2814
162954774,162971062,1698287220,0.2814,0.2813
162987891,163020690,1698287280,0.2812,0.2814
163028325,163023120,1698287340,0.2813,0.2812
162960918,162936703,1698287400,0.2813,0.2819
162892775,162865814,1698287460,0.2819,0.2819
162818218,162809633,1698287520,0.2818,0.2822
162829869,162747390,1698287580,0.2822,0.2824
162745638,162744946,1698287640,0.2824,0.2825
162747148,162754694,1698287700,0.2825,0.2827
162685791,162615443,1698287760,0.2827,0.2831
162705373,162728095,1698287820,0.2831,0.2831
162720310,162949602,1698287880,0.283,0.2835
162928782,162981114,1698287940,0.2836,0.2837
162946957,162901976,1698288000,0.2837,0.284
162903423,162702489,1698288060,0.284,0.284
162706309,162720629,1698288120,0.2839,0.2838
162687484,162673701,1698288180,0.2837,0.2838
162632037,162866645,1698288240,0.2838,0.2839
162838046,162835117,1698288300,0.2839,0.2838
162699462,162683220,1698288360,0.2838,0.2837
162529051,162439809,1698288420,0.2837,0.2836
162442779,162300777,1698288480,0.2836,0.2834
162321166,162200481,1698288540,0.2834,0.2833
162221067,162289029,1698288600,0.2832,0.2836
162446163,162420145,1698288660,0.2836,0.2837
162425159,162404710,1698288720,0.2838,0.2837
162467988,162484117,1698288780,0.2836,0.2837
162518112,162502297,1698288840,0.2837,0.2838
162493084,162528207,1698288900,0.2838,0.2837
162535550,162568361,1698288960,0.2838,0.2838
162564293,162564473,1698289020,0.2839,0.2839
162565234,162579341,1698289080,0.2839,0.284
162575212,162575212,1698289140,0.2839,0.2844
162886277,162846385,1698289200,0.2844,0.2845
162826398,162915439,1698289260,0.2844,0.2849
162931634,162971750,1698289320,0.2849,0.2847
162961279,162958471,1698289380,0.2848,0.2849
162995205,162998179,1698289440,0.2849,0.285
162927047,162937778,1698289500,0.285,0.2852
162935827,162969778,1698289560,0.2852,0.2855
162987973,163501148,1698289620,0.2854,0.2857
163499243,163557740,1698289680,0.2856,0.2859
163581147,163778412,1698289740,0.2858,0.2861
163779219,163818248,1698289800,0.2862,0.2865
163820460,163923537,1698289860,0.2866,0.2866
163913633,163799732,1698289920,0.2866,0.2865
163840826,163827341,1698289980,0.2866,0.2865
163868972,164091942,1698290040,0.2866,0.2868
164157583,164252103,1698290100,0.2867,0.2871
164338252,164264517,1698290160,0.287,0.2867
164092530,163826125,1698290220,0.2866,0.2864
163768364,163705021,1698290280,0.2863,0.2865
163712178,163997628,1698290340,0.2866,0.2871
164156912,164373997,1698290400,0.2871,0.2876
164472185,164808797,1698290460,0.2876,0.2877
164714846,164707454,1698290520,0.2876,0.288
164652217,164693139,1698290580,0.2879,0.2883
164649281,164789886,1698290640,0.2884,0.2883
164765748,164941562,1698290700,0.2883,0.2889
164759504,164674204,1698290760,0.2888,0.2887
164706396,164736882,1698290820,0.2888,0.2885
164815461,164828513,1698290880,0.2884,0.2884
164782010,164773616,1698290940,0.2883,0.2878
164711202,164869830,1698291000,0.2878,0.2877
165014800,165037445,1698291060,0.2878,0.2882
165175028,165149678,1698291120,0.2882,0.2878
165166953,165128667,1698291180,0.2878,0.2875
165025735,165031090,1698291240,0.2874,0.2877
165077196,165162217,1698291300,0.2878,0.288
165141721,165190789,1698291360,0.288,0.288
165159117,165110656,1698291420,0.288,0.2878
165086662,165130176,1698291480,0.2878,0.2878
165076505,165038663,1698291540,0.2879,0.2878
165230140,165248781,1698291600,0.2878,0.2881
165475436,165491661,1698291660,0.288,0.2884
165520482,165697509,1698291720,0.2885,0.2888
165749419,165844449,1698291780,0.2887,0.2893
165834350,165895794,1698291840,0.2893,0.2895
165967680,166011884,1698291900,0.2894,0.2889
165990346,165977520,1698291960,0.2888,0.2888
166024122,165978061,1698292020,0.2887,0.2888
165975807,165950960,1698292080,0.2888,0.2886
165929772,165997277,1698292140,0.2885,0.2887
166140735,166156925,1698292200,0.2886,0.2885
166150635,166138280,1698292260,0.2886,0.2884
166077736,166279577,1698292320,0.2883,0.2882
166216495,166366852,1698292380,0.2882,0.2889
166365471,166363100,1698292440,0.2889,0.2892
166354795,166254930,1698292500,0.2892,0.2894
166259864,166382174,1698292560,0.2894,0.2896
166473203,166453480,1698292620,0.2896,0.2899
166565472,166600483,1698292680,0.2899,0.2898
166635735,166663629,1698292740,0.2899,0.2899
166678974,166742632,1698292800,0.2899,0.2901
166766963,166572651,1698292860,0.2901,0.2903
166558014,166124323,1698292920,0.2903,0.2899
166108624,166154083,1698292980,0.2898,0.2899
166138705,166164080,1698293040,0.2899,0.2894
166108235,166131118,1698293100,0.2894,0.2893
166104447,166118093,1698293160,0.2893,0.2894
166052020,166093521,1698293220,0.2894,0.2894
166311975,166290190,1698293280,0.2894,0.2891
166303350,166290472,1698293340,0.2891,0.289
166240690,166486665,1698293400,0.289,0.289
166377747,166261988,1698293460,0.289,0.2884
166083562,165959464,1698293520,0.2884,0.2885
165948539,165928059,1698293580,0.2886,0.2883
165924275,166012501,1698293640,0.2883,0.2885
165985777,165953304,1698293700,0.2885,0.2888
165990460,166042297,1698293760,0.2888,0.2893
166139410,166036649,1698293820,0.2893,0.2888
165914611,165921930,1698293880,0.2887,0.2889
165772128,165755443,1698293940,0.289,0.2895
165740290,165735862,1698294000,0.2895,0.2899
165788806,165768479,1698294060,0.2899,0.2902
165952452,165992349,1698294120,0.2902,0.2905
165905499,165845526,1698294180,0.2905,0.2902
165844599,165936882,1698294240,0.2902,0.2908
165910513,166109444,1698294300,0.2907,0.2906
166362821,166430529,1698294360,0.2907,0.2903
166391791,166339164,1698294420,0.2902,0.2904
166308004,166321471,1698294480,0.2903,0.2905
166279016,166303451,1698294540,0.2905,0.2908
166357692,166266183,1698294600,0.2907,0.2907
166272717,166379571,1698294660,0.2907,0.2905
166355901,166377724,1698294720,0.2905,0.2901
166377951,166282979,1698294780,0.29,0.2898
166289549,166392923,1698294840,0.2898,0.2901
166403866,166476230,1698294900,0.2902,0.2902
166450151,166436136,1698294960,0.2903,0.2902
166439199,166450098,1698295020,0.2903,0.2907
166439826,166379265,1698295080,0.2907,0.291
166342998,166383949,1698295140,0.291,0.2907
166277042,166122014,1698295200,0.2906,0.2899
166073008,165938452,1698295260,0.2898,0.2896
166333653,166391312,1698295320,0.2896,0.2899
166383638,166374047,1698295380,0.2899,0.2902
166409166,166376651,1698295440,0.2902,0.2898
166374657,166487971,1698295500,0.2898,0.2895
166393086,166418736,1698295560,0.2895,0.2897
166384838,166422516,1698295620,0.2897,0.2895
166408310,166443818,1698295680,0.2895,0.29
166480131,166594323,1698295740,0.29,0.2905
166488188,166462106,1698295800,0.2905,0.2905
166525631,166549215,1698295860,0.2904,0.2903
166537634,166629602,1698295920,0.2903,0.2906
166717354,166652215,1698295980,0.2906,0.2911
166636428,166619411,1698296040,0.2911,0.2909
166617622,166611287,1698296100,0.291,0.2909
166622574,166651689,1698296160,0.2908,0.2906
166694450,166662742,1698296220,0.2905,0.2905
166637739,166626448,1698296280,0.2904,0.2905
166594375,166585968,1698296340,0.2905,0.2907
166592978,166564161,1698296400,0.2906,0.2904
166493686,166509527,1698296460,0.2905,0.2904
166550674,166550726,1698296520,0.2904,0.2906
166592504,166904698,1698296580,0.2906,0.2913
166794869,166769981,1698296640,0.2914,0.2915
166760012,166809602,1698296700,0.2914,0.2919
166815381,166945728,1698296760,0.2918,0.2917
166623290,166652766,1698296820,0.2916,0.2911
166667554,166540950,1698296880,0.2911,0.2913
166567087,166517127,1698296940,0.2914,0.2916
166700621,167222267,1698297000,0.2916,0.2916
167255681,167353108,1698297060,0.2916,0.2921
167396955,167405519,1698297120,0.2921,0.292
167377166,167374818,1698297180,0.292,0.2923
167441417,167250419,1698297240,0.2924,0.2927
167337500,167344664,1698297300,0.2928,0.2925
167327186,167312836,1698297360,0.2926,0.2924
167035549,167126297,1698297420,0.2924,0.2913
166943029,166885093,1698297480,0.2913,0.2908
166857532,166837261,1698297540,0.2907,0.2909
166841395,166860022,1698297600,0.2908,0.2904
166879767,166967292,1698297660,0.2904,0.2908
166975976,167074236,1698297720,0.2908,0.2909
167144874,167152083,1698297780,0.2908,0.2907
167171008,167228762,1698297840,0.2907,0.2905
167239543,167275393,1698297900,0.2905,0.2903
167278325,167245837,1698297960,0.2904,0.2903
167384363,167272956,1698298020,0.2903,0.2905
167289758,167236271,1698298080,0.2905,0.2902
167263332,166959934,1698298140,0.2902,0.2901
166935026,166913068,1698298200,0.2902,0.2899
166902956,166925868,1698298260,0.2899,0.29
166904444,166877741,1698298320,0.29,0.2899
166880712,166894417,1698298380,0.29,0.2897
166702930,166654686,1698298440,0.2897,0.2896
166610739,166582413,1698298500,0.2896,0.2896
166554576,166546711,1698298560,0.2896,0.2895
166368114,166346841,1698298620,0.2894,0.2893
166303236,166360959,1698298680,0.2892,0.2896
166337021,166021035,1698298740,0.2896,0.2893
166026012,166023094,1698298800,0.2893,0.289
165971839,165967590,1698298860,0.289,0.2893
165622956,165636768,1698298920,0.2893,0.2891
165653822,165615211,1698298980,0.2891,0.2891
165620623,165586754,1698299040,0.2892,0.2893
165626367,165628099,1698299100,0.2893,0.2894
165662808,165061495,1698299160,0.2893,0.2891
165071482,165169268,1698299220,0.2891,0.2891
165170968,165041446,1698299280,0.2891,0.2886
165194115,165194115,1698299340,0.2886,0.2885
165132137,165124852,1698299400,0.2885,0.2884
164948746,164911120,1698299460,0.2884,0.2881
164976964,165007293,1698299520,0.2881,0.2885
164942772,164888679,1698299580,0.2886,0.2881
164874245,164943765,1698299640,0.2881,0.2884
164904744,164998569,1698299700,0.2885,0.2887
165018450,164985327,1698299760,0.2886,0.2883
164951824,164951518,1698299820,0.2882,0.288
164977403,164937318,1698299880,0.2881,0.288
164940871,164892367,1698299940,0.288,0.288
164906451,164903182,1698300000,0.2879,0.2882
164939632,164929601,1698300060,0.2883,0.2882
164904304,164906658,1698300120,0.2882,0.288
164935839,164777656,1698300180,0.2879,0.2876
164740406,164546691,1698300240,0.2876,0.287
164421673,164381074,1698300300,0.2871,0.2873
164364284,164405669,1698300360,0.2873,0.2867
164451079,164468039,1698300420,0.2866,0.2865
164505785,164471810,1698300480,0.2865,0.2868
164526420,164602335,1698300540,0.2868,0.2872
164568882,164554084,1698300600,0.2872,0.2869
164539699,164495675,1698300660,0.2868,0.2871
164426525,164465720,1698300720,0.2871,0.2878
164559860,164531536,1698300780,0.2877,0.2877
164604831,164611027,1698300840,0.2877,0.2878
164639520,164704169,1698300900,0.2878,0.2876
164756388,164772445,1698300960,0.2876,0.2881
164766580,164800919,1698301020,0.2881,0.2883
164910554,164934252,1698301080,0.2884,0.2883
164887140,164932316,1698301140,0.2883,0.2886
164892543,164928496,1698301200,0.2886,0.2884
164943498,164968886,1698301260,0.2884,0.2883
164995099,164899312,1698301320,0.2883,0.2884
164889324,164887353,1698301380,0.2885,0.2886
164974569,165044174,1698301440,0.2886,0.289
164967814,164967814,1698301500,0.2891,0.2887
164991094,164995463,1698301560,0.2886,0.2884
164995317,165004545,1698301620,0.2884,0.2886
165023230,165023230,1698301680,0.2885,0.2888
165026670,165119185,1698301740,0.2888,0.2886
165209762,165035171,1698301800,0.2885,0.2883
165063956,165040718,1698301860,0.2884,0.289
165060132,165066843,1698301920,0.289,0.289
165264832,165291733,1698301980,0.289,0.2886
165153110,165055785,1698302040,0.2886,0.2888
165069577,165037597,1698302100,0.2887,0.2888
165031105,165033133,1698302160,0.2888,0.2892
165024277,164940416,1698302220,0.2892,0.2895
164918620,164903000,1698302280,0.2895,0.2894
165085451,165006264,1698302340,0.2894,0.2899
165066887,165027013,1698302400,0.2899,0.2902
164957911,164953961,1698302460,0.2901,0.2907
164911209,164848707,1698302520,0.2907,0.2908
164839026,165057780,1698302580,0.2908,0.2908
165015378,165079602,1698302640,0.2909,0.2908
165246404,165323005,1698302700,0.2908,0.2909
165319528,165340417,1698302760,0.2909,0.2913
165564178,165628147,1698302820,0.2914,0.2919
165610096,165682497,1698302880,0.292,0.2923
165785161,165838292,1698302940,0.2923,0.2924
166100094,166150084,1698303000,0.2924,0.2923
166157388,166240312,1698303060,0.2924,0.2923
166188445,166066056,1698303120,0.2923,0.2922
166108609,166083053,1698303180,0.2921,0.2924
166096644,166140922,1698303240,0.2924,0.292
165929443,165673387,1698303300,0.292,0.2922
165688970,165653632,1698303360,0.2922,0.2924
165670977,165688662,1698303420,0.2923,0.2926
165736791,165810118,1698303480,0.2926,0.2927
165814856,165795851,1698303540,0.2926,0.2928
165789529,165863556,1698303600,0.2928,0.2933
166309560,166309560,1698303660,0.2932,0.2927
166094914,166117985,1698303720,0.2927,0.2925
165853732,165836588,1698303780,0.2925,0.2925
165786501,165711749,1698303840,0.2926,0.2918
165757284,165451869,1698303900,0.2918,0.2918
165510432,165936376,1698303960,0.2919,0.2922
166062972,166065918,1698304020,0.2921,0.2917
166080174,166073802,1698304080,0.2918,0.2922
166131843,166152543,1698304140,0.2921,0.2919
166106099,166103310,1698304200,0.2918,0.2917
166114714,166125874,1698304260,0.2917,0.292
166136586,166073177,1698304320,0.292,0.2921
165979413,166039986,1698304380,0.292,0.2926
166062762,165976182,1698304440,0.2925,0.2927
166026898,166006165,1698304500,0.2927,0.2926
165980003,166115644,1698304560,0.2926,0.2928
166187775,166110105,1698304620,0.2928,0.2927
166098232,166098232,1698304680,0.2928,0.293
166144162,165991326,1698304740,0.293,0.2929
165933839,165922810,1698304800,0.2928,0.2932
165898622,165875481,1698304860,0.2932,0.2929
165561662,165558536,1698304920,0.2929,0.2927
165446158,165525117,1698304980,0.2927,0.2926
165563423,165393194,1698305040,0.2926,0.2926
165368283,165262910,1698305100,0.2925,0.2931
165258639,165241872,1698305160,0.293,0.2929
165245922,165037692,1698305220,0.2929,0.2933
165159119,165144308,1698305280,0.2932,0.2928
165120592,165073572,1698305340,0.2929,0.2936
165020104,165075067,1698305400,0.2937,0.2931
165123033,165205053,1698305460,0.293,0.2934
165221433,165163348,1698305520,0.2934,0.2935
165154459,165196513,1698305580,0.2935,0.2935
165227995,165272559,1698305640,0.2935,0.2936
165288285,165394423,1698305700,0.2936,0.2934
165246307,165276434,1698305760,0.2933,0.2938
165326578,165341045,1698305820,0.2938,0.2938
165340831,165259220,1698305880,0.2939,0.2943
165223588,165106451,1698305940,0.2943,0.2949
165347480,165447882,1698306000,0.2948,0.295
165404164,165424173,1698306060,0.2949,0.295
165435682,165288770,1698306120,0.2951,0.2952
165281729,165162769,1698306180,0.2951,0.295
165005582,164865117,1698306240,0.295,0.2944
164977609,165010978,1698306300,0.2943,0.2941
165010978,165010978,1698238920,0.2818,0.2815
165010978,165010978,1698245880,0.2854,0.2855
165010978,165010978,1698306360,0.2941,0.2943
