"OI_open","OI_close","timestamp","price_open","price_close"
1428668522,1428888643,1698853680,0.01828,0.01826
1429073384,1429802131,1698853740,0.01827,0.01822
1429821563,1429736670,1698853800,0.01822,0.01822
1428248823,1427539427,1698853860,0.01821,0.01819
1427076858,1427076858,1698853920,0.01819,0.01824
1427668262,1427342141,1698853980,0.01825,0.0183
1426773534,1426677444,1698854040,0.0183,0.01831
1426712255,1426269669,1698854100,0.01831,0.01834
1425913806,1426155544,1698854160,0.01835,0.01836
1425871984,1426537302,1698854220,0.01836,0.01831
1426320253,1426299205,1698854280,0.01831,0.0183
1426147544,1426071902,1698854340,0.0183,0.0183
1425716204,1425592010,1698854400,0.01829,0.01829
1425387590,1425320055,1698854460,0.0183,0.01828
1425076737,1425577150,1698854520,0.01828,0.01831
1425800287,1427111752,1698854580,0.01832,0.01827
1426893441,1426766823,1698854640,0.01828,0.01824
1426865504,1426651743,1698854700,0.01824,0.01823
1426858680,1427109772,1698854760,0.01824,0.01824
1427351492,1427337437,1698854820,0.01825,0.0183
1427058505,1426861093,1698854880,0.01831,0.01828
1427145106,1427306000,1698854940,0.01828,0.01831
1428144201,1427821305,1698855000,0.01831,0.01834
1427290269,1426294113,1698855060,0.01834,0.01832
1426804791,1426663946,1698855120,0.01833,0.01835
1427124233,1427461496,1698855180,0.01835,0.01837
1427221775,1427546825,1698855240,0.01837,0.01837
1427529939,1428665162,1698855300,0.01836,0.01835
1428637733,1428937946,1698855360,0.01835,0.01838
1429073334,1429068138,1698855420,0.01838,0.01838
1429563909,1429674514,1698855480,0.01837,0.01841
1429334090,1429334090,1698855540,0.01841,0.01839
1429375226,1429081318,1698855600,0.0184,0.0184
1429038814,1429102712,1698855660,0.0184,0.01835
1428991263,1429300400,1698855720,0.01834,0.01831
1428979871,1428836261,1698855780,0.01831,0.01834
1427872880,1428382601,1698855840,0.01834,0.01836
1427809245,1427283078,1698855900,0.01835,0.01837
1426951095,1426344029,1698855960,0.01836,0.0184
1426572624,1426196066,1698856020,0.01839,0.01841
1427336426,1427312621,1698856080,0.0184,0.01842
1427683170,1427941355,1698856140,0.01842,0.0184
1426607686,1425661318,1698856200,0.0184,0.01842
1425483214,1425643970,1698856260,0.01842,0.01842
1425820022,1425375125,1698856320,0.01843,0.01843
1425619305,1425605477,1698856380,0.01844,0.01845
1425355569,1425345622,1698856440,0.01844,0.01846
1425408908,1425656727,1698856500,0.01845,0.01846
1424674806,1424752304,1698856560,0.01847,0.01848
1425172370,1425963164,1698856620,0.01849,0.01844
1425931262,1425929367,1698856680,0.01843,0.01842
1425040773,1425040773,1698856740,0.01841,0.01839
1423705584,1423543544,1698856800,0.01838,0.01834
1423123569,1423056360,1698856860,0.01833,0.01839
1423933351,1424454416,1698856920,0.01839,0.01841
1424534174,1424791570,1698856980,0.0184,0.01837
1425255236,1425255188,1698857040,0.01837,0.01837
1424811492,1424494815,1698857100,0.01837,0.01836
1424475310,1424408751,1698857160,0.01837,0.01836
1424286653,1424098723,1698857220,0.01837,0.01837
1423748148,1423944323,1698857280,0.01836,0.01838
1424524363,1427881884,1698857340,0.01837,0.01839
1427561605,1427763081,1698857400,0.01839,0.01836
1427531116,1428106345,1698857460,0.01837,0.01841
1428175549,1428636165,1698857520,0.0184,0.01835
1428501546,1428772615,1698857580,0.01835,0.01837
1429014143,1429031768,1698857640,0.01836,0.01836
1429106447,1429252282,1698857700,0.01835,0.01834
1429720275,1429348438,1698857760,0.01833,0.01834
1429414171,1428658858,1698857820,0.01834,0.01832
1428307606,1428220322,1698857880,0.01833,0.01836
1428154112,1427305014,1698857940,0.01835,0.01834
1428185422,1428427333,1698858000,0.01834,0.01834
1429127958,1428698305,1698858060,0.01834,0.01838
1428585720,1428585720,1698858120,0.01838,0.01837
1428811290,1429143000,1698858180,0.01838,0.01835
1428976515,1429817079,1698858240,0.01835,0.01831
1430422435,1428629151,1698858300,0.0183,0.0183
1428660497,1429683546,1698858360,0.0183,0.01834
1429899821,1430039113,1698858420,0.01834,0.01836
1430091215,1430015135,1698858480,0.01835,0.01836
1430324877,1430643005,1698858540,0.01835,0.01836
1430680931,1430454782,1698858600,0.01836,0.01837
1430683253,1430689967,1698858660,0.01836,0.01836
1430781363,1431318485,1698858720,0.01837,0.01838
1431538610,1431583852,1698858780,0.01838,0.01837
1431325381,1431289520,1698858840,0.01838,0.01838
1429741934,1430113904,1698858900,0.01838,0.01841
1430170418,1430019965,1698858960,0.01841,0.01842
1430254113,1430065320,1698859020,0.01841,0.01838
1429983614,1430176030,1698859080,0.01838,0.01839
1429246107,1429887973,1698859140,0.0184,0.01834
1429118005,1429016529,1698859200,0.01834,0.01833
1429285641,1428895522,1698859260,0.01834,0.01834
1429381622,1430150881,1698859320,0.01834,0.01836
1429643988,1429643988,1698859380,0.01835,0.01832
1429830232,1429766404,1698859440,0.01832,0.01833
1429895320,1429331363,1698859500,0.01833,0.01832
1430063754,1429891159,1698859560,0.01832,0.01836
1429277873,1429277873,1698859620,0.01837,0.0184
1429118868,1428777516,1698859680,0.01839,0.01842
1428586569,1428717066,1698859740,0.01841,0.01839
1428378595,1429083225,1698859800,0.01839,0.01838
1428466159,1428359186,1698859860,0.01839,0.01834
1428397801,1428494005,1698859920,0.01833,0.01833
1428575690,1427879240,1698859980,0.01832,0.01833
1427971242,1427775171,1698860040,0.01833,0.01833
1427610035,1428607543,1698860100,0.01834,0.01836
1428742748,1429365066,1698860160,0.01836,0.0184
1429941244,1429794622,1698860220,0.01839,0.01841
1429935712,1429217248,1698860280,0.01841,0.0184
1430171157,1430403627,1698860340,0.0184,0.01836
1430150653,1430173533,1698860400,0.01836,0.01838
1430134337,1429731508,1698860460,0.01837,0.0184
1429646519,1428979228,1698860520,0.01841,0.01837
1428797944,1428354677,1698860580,0.01838,0.01842
1428468048,1429033547,1698860640,0.01841,0.01842
1429287649,1429287649,1698860700,0.01842,0.0184
1428759696,1428814360,1698860760,0.01841,0.01842
1428843585,1428843585,1698860820,0.01842,0.01843
1428805147,1428944580,1698860880,0.01842,0.01842
1429454979,1429935866,1698860940,0.01842,0.01841
1430063607,1430472980,1698861000,0.01841,0.01841
1430439065,1431412760,1698861060,0.01841,0.01845
1432379746,1432098850,1698861120,0.01845,0.01846
1432191858,1429523456,1698861180,0.01846,0.01857
1426042241,1426178563,1698861240,0.01857,0.01854
1426544761,1425641861,1698861300,0.01855,0.01853
1425129282,1424253656,1698861360,0.01852,0.01854
1424440001,1423122296,1698861420,0.01853,0.01854
1423613192,1423262502,1698861480,0.01854,0.01855
1423525507,1422923258,1698861540,0.01854,0.01858
1422620478,1422457683,1698861600,0.01859,0.01864
1423212670,1424385302,1698861660,0.01864,0.01853
1421616937,1422124727,1698861720,0.01853,0.01862
1421762277,1421796165,1698861780,0.01863,0.01865
1422402022,1422949274,1698861840,0.01865,0.01863
1422218905,1421868776,1698861900,0.01863,0.01861
1422653588,1422954773,1698861960,0.01861,0.01865
1421675330,1421675330,1698862020,0.01864,0.01864
1421596438,1421001760,1698862080,0.01864,0.01864
1419472459,1416749271,1698862140,0.01864,0.01871
1416894140,1417419091,1698862200,0.01871,0.01877
1416360535,1415684238,1698862260,0.01878,0.01881
1415129770,1415485817,1698862320,0.0188,0.01882
1413012334,1413821780,1698862380,0.01883,0.01878
1413551839,1414141818,1698862440,0.01879,0.01878
1413756567,1413037410,1698862500,0.01879,0.01876
1413190143,1413220121,1698862560,0.01875,0.01878
1413114843,1413488304,1698862620,0.01879,0.01881
1413166884,1412662988,1698862680,0.0188,0.01884
1410360138,1411900937,1698862740,0.01884,0.01888
1414226666,1414368924,1698862800,0.01889,0.01891
1413985899,1407990980,1698862860,0.01891,0.01892
1407681765,1408058187,1698862920,0.01891,0.01898
1407985595,1408461073,1698862980,0.01897,0.01897
1410597286,1411397240,1698863040,0.01897,0.01897
1412981640,1413579687,1698863100,0.01897,0.01899
1413433358,1414417689,1698863160,0.019,0.01904
1414561542,1413322803,1698863220,0.01904,0.01907
1414276799,1415036130,1698863280,0.01907,0.01902
1413059518,1413059518,1698863340,0.01902,0.01896
1412902356,1412286027,1698863400,0.01897,0.01897
1412651604,1412088925,1698863460,0.01898,0.01899
1411167222,1410844653,1698863520,0.01898,0.01901
1411863291,1411804211,1698863580,0.01902,0.01906
1410989640,1412130319,1698863640,0.01906,0.01919
1412802183,1413017811,1698863700,0.01919,0.01918
1421010109,1416534854,1698863760,0.01918,0.01932
1414339240,1415749910,1698863820,0.01933,0.01928
1417480009,1419900469,1698863880,0.01928,0.01917
1419203921,1415681704,1698863940,0.01918,0.01916
1416293791,1416430665,1698864000,0.01917,0.01911
1413840947,1414103312,1698864060,0.0191,0.01906
1410688825,1404526420,1698864120,0.01906,0.01896
1405603520,1407520889,1698864180,0.01896,0.019
1407808481,1408294747,1698864240,0.01901,0.01901
1408534541,1409650098,1698864300,0.01902,0.01904
1410162084,1409816345,1698864360,0.01904,0.01897
1408692348,1409009424,1698864420,0.01897,0.01898
1405525990,1405766990,1698864480,0.01898,0.01892
1404342420,1404715693,1698864540,0.01892,0.01897
1406090087,1406090087,1698864600,0.01896,0.019
1406169094,1406116031,1698864660,0.01901,0.01898
1406392045,1406462980,1698864720,0.01897,0.01898
1406431406,1407647186,1698864780,0.01898,0.01903
1407537134,1407823484,1698864840,0.01902,0.01899
1406899404,1407002163,1698864900,0.01899,0.01903
1407038233,1407733355,1698864960,0.01904,0.01911
1407398469,1406929810,1698865020,0.01911,0.01913
1405974046,1406169461,1698865080,0.01913,0.01912
1406438203,1405031212,1698865140,0.01911,0.01908
1404713275,1404124899,1698865200,0.01908,0.01914
1404021974,1404190776,1698865260,0.01913,0.01914
1403721823,1403022412,1698865320,0.01915,0.01918
1402660959,1402870067,1698865380,0.01919,0.01921
1402391387,1402463580,1698865440,0.01921,0.01924
1403569796,1403835388,1698865500,0.01924,0.01919
1404631054,1404325063,1698865560,0.01918,0.01925
1404801954,1405590124,1698865620,0.01925,0.01915
1405056959,1403062942,1698865680,0.01915,0.01917
1400124445,1401596191,1698865740,0.01917,0.01915
1402815439,1403041128,1698865800,0.01914,0.01914
1402475219,1401987697,1698865860,0.01914,0.01914
1401649218,1401570747,1698865920,0.01915,0.01909
1401820740,1404668839,1698865980,0.01909,0.01904
1405669550,1405669550,1698866040,0.01903,0.01899
1406563990,1406929475,1698866100,0.01899,0.019
1407491486,1408814655,1698866160,0.019,0.01905
1408614694,1409321473,1698866220,0.01904,0.01905
1410639530,1411314624,1698866280,0.01906,0.01908
1412220133,1412858887,1698866340,0.01908,0.01904
1413049024,1413309570,1698866400,0.01905,0.01909
1412917336,1413002408,1698866460,0.01908,0.01907
1415790405,1415928475,1698866520,0.01907,0.01909
1416343147,1415444749,1698866580,0.01909,0.01915
1414904746,1414838320,1698866640,0.01915,0.01917
1415045131,1414309154,1698866700,0.01918,0.0192
1415235064,1414528171,1698866760,0.01919,0.01921
1413890994,1412604148,1698866820,0.01921,0.01926
1410127278,1408594353,1698866880,0.01926,0.01932
1410337595,1409900718,1698866940,0.01931,0.01936
1410374740,1409963623,1698867000,0.01936,0.01937
1412931013,1413111837,1698867060,0.01937,0.01931
1411831296,1412994433,1698867120,0.01931,0.01924
1409055547,1409970425,1698867180,0.01924,0.01927
1413612434,1413234087,1698867240,0.01928,0.01928
1413338678,1413104245,1698867300,0.01927,0.01924
1412988676,1412676368,1698867360,0.01924,0.01925
1411549809,1411549809,1698867420,0.01925,0.01932
1411066197,1408591971,1698867480,0.01931,0.01923
1409102957,1408409231,1698867540,0.01922,0.01924
1407468381,1406839458,1698867600,0.01925,0.01911
1400741524,1400411332,1698867660,0.01911,0.01918
1401362656,1401521358,1698867720,0.01918,0.01918
1400888356,1400378884,1698867780,0.01918,0.01921
1400550775,1399620594,1698867840,0.01921,0.01919
1400380823,1400434692,1698867900,0.0192,0.01924
1401067851,1400962518,1698867960,0.01924,0.01925
1400722495,1400135260,1698868020,0.01924,0.01929
1400214850,1400594096,1698868080,0.01928,0.01927
1400790919,1399796176,1698868140,0.01928,0.0192
1399526814,1399634883,1698868200,0.0192,0.01915
1399517950,1397860923,1698868260,0.01916,0.01907
1397268471,1397421990,1698868320,0.01908,0.01907
1397312496,1397076668,1698868380,0.01907,0.01912
1397318408,1396086423,1698868440,0.01913,0.01916
1396357324,1396584275,1698868500,0.01915,0.01923
1395888669,1395445129,1698868560,0.01922,0.01924
1395243800,1395896596,1698868620,0.01925,0.01922
1396233607,1396483348,1698868680,0.01922,0.01928
1396702036,1396702036,1698868740,0.01929,0.01929
1397063853,1396967017,1698868800,0.01928,0.01939
1395429497,1396017104,1698868860,0.01938,0.01949
1395578905,1398872150,1698868920,0.01949,0.01957
1402309035,1404381424,1698868980,0.01957,0.0195
1401790007,1401893333,1698869040,0.0195,0.01954
1402214885,1401687855,1698869100,0.01953,0.01954
1401658384,1399801240,1698869160,0.01955,0.01956
1399751296,1400214341,1698869220,0.01956,0.0196
1401504724,1404837418,1698869280,0.01961,0.01966
1409836961,1415494207,1698869340,0.01966,0.0196
1415158774,1413319381,1698869400,0.01961,0.01961
1414999545,1418477004,1698869460,0.01961,0.01966
1420686997,1420721652,1698869520,0.01967,0.01968
1421219579,1424038235,1698869580,0.01967,0.01962
1422736988,1416180373,1698869640,0.01963,0.01956
1414187872,1414937098,1698869700,0.01955,0.01955
1414923144,1414646001,1698869760,0.01955,0.0196
1414267525,1414519106,1698869820,0.01961,0.01959
1413887748,1412437156,1698869880,0.0196,0.01965
1413849209,1413693213,1698869940,0.01966,0.01966
1415451734,1415270604,1698870000,0.01967,0.0197
1413848412,1413848412,1698870060,0.0197,0.01969
1413744226,1413452287,1698870120,0.01968,0.01969
1414102422,1415037917,1698870180,0.0197,0.01958
1413378851,1409301679,1698870240,0.01958,0.01956
1408652602,1408881120,1698870300,0.01956,0.01959
1409995101,1410063113,1698870360,0.01959,0.01967
1409352191,1409847738,1698870420,0.01966,0.01964
1410126685,1410203238,1698870480,0.01963,0.0196
1411678803,1410043308,1698870540,0.0196,0.01959
1410486867,1410494426,1698870600,0.01959,0.01958
1410135129,1410120573,1698870660,0.01958,0.01957
1408401397,1407626732,1698870720,0.01957,0.01957
1407055515,1407591699,1698870780,0.01956,0.01963
1404697779,1404740471,1698870840,0.01963,0.01965
1405071873,1405860809,1698870900,0.01964,0.01962
1406128359,1405652901,1698870960,0.01962,0.01964
1405860653,1412631353,1698871020,0.01963,0.01967
1412293183,1412099961,1698871080,0.01967,0.01965
1411741960,1411289922,1698871140,0.01964,0.01962
1411881806,1411755619,1698871200,0.01961,0.01964
1412006396,1411763692,1698871260,0.01964,0.01963
1411570758,1412115702,1698871320,0.01963,0.01965
1413301390,1412910768,1698871380,0.01965,0.0196
1413895961,1413895961,1698871440,0.0196,0.0196
1413575539,1413237232,1698871500,0.0196,0.01958
1412969697,1414913256,1698871560,0.01958,0.01961
1415163489,1415951654,1698871620,0.01961,0.01956
1415816709,1416216782,1698871680,0.01956,0.01956
1415746849,1415941722,1698871740,0.01956,0.0196
1415546544,1415972781,1698871800,0.01959,0.01959
1416055451,1415794074,1698871860,0.0196,0.01958
1416158780,1416583183,1698871920,0.01958,0.01956
1417602457,1417359253,1698871980,0.01956,0.01951
1414981339,1415474535,1698872040,0.01951,0.01952
1416162335,1416193512,1698872100,0.01952,0.01956
1415658354,1413884641,1698872160,0.01956,0.01951
1414892254,1415154138,1698872220,0.01951,0.01953
1415228146,1414868364,1698872280,0.01953,0.01965
1412734904,1412127080,1698872340,0.01964,0.01974
1413552621,1413155427,1698872400,0.01974,0.01965
1413670552,1413905834,1698872460,0.01964,0.0196
1414250831,1413754890,1698872520,0.0196,0.01969
1413902713,1414888436,1698872580,0.0197,0.01964
1415824711,1415306239,1698872640,0.01964,0.01967
1415732779,1417834452,1698872700,0.01966,0.01967
1420927081,1420036930,1698872760,0.01966,0.01965
1419706558,1419706558,1698872820,0.01965,0.01956
1418114555,1417783543,1698872880,0.01957,0.01951
1417724087,1415856027,1698872940,0.01951,0.01952
1412634107,1412894674,1698873000,0.01952,0.01955
1412989534,1413623331,1698873060,0.01955,0.01952
1413883614,1414570853,1698873120,0.01952,0.01956
1413855701,1413453043,1698873180,0.01955,0.01953
1412897052,1413302496,1698873240,0.01954,0.01959
1415150913,1414977666,1698873300,0.01958,0.01961
1415369425,1417426285,1698873360,0.0196,0.01959
1418438033,1418392329,1698873420,0.01959,0.01965
1418287209,1418247190,1698873480,0.01964,0.01964
1418369930,1418087588,1698873540,0.01965,0.01968
1417602833,1418177799,1698873600,0.01967,0.01965
1418092196,1418054689,1698873660,0.01966,0.01964
1418059492,1417937893,1698873720,0.01965,0.01961
1418870101,1418694619,1698873780,0.01962,0.01961
1418436624,1418970733,1698873840,0.01961,0.01956
1418451065,1417004523,1698873900,0.01956,0.01952
1417247938,1417155389,1698873960,0.01952,0.01956
1417357790,1417508501,1698874020,0.01955,0.01956
1417209761,1417145831,1698874080,0.01957,0.01961
1416958800,1417900856,1698874140,0.01961,0.01954
1417923791,1417923791,1698874200,0.01955,0.01953
1419467214,1419551113,1698874260,0.01953,0.01955
1419765720,1419612635,1698874320,0.01955,0.01954
1420173877,1419342043,1698874380,0.01954,0.01955
1419547427,1419596744,1698874440,0.01955,0.01954
1419702547,1419570306,1698874500,0.01955,0.01958
1418942478,1418430786,1698874560,0.01957,0.01961
1418371523,1417452209,1698874620,0.01961,0.01962
1417268282,1417013624,1698874680,0.01963,0.01964
1416629899,1417594472,1698874740,0.01964,0.01966
1418458469,1418295452,1698874800,0.01966,0.01964
1418243304,1418493712,1698874860,0.01963,0.01963
1418440095,1420816731,1698874920,0.01963,0.01962
1421111915,1420130879,1698874980,0.01961,0.01953
1420478821,1420667387,1698875040,0.01954,0.01954
1420660817,1421243622,1698875100,0.01955,0.01953
1421745784,1421376611,1698875160,0.01952,0.01953
1421591591,1421316608,1698875220,0.01953,0.01952
1420693221,1420721609,1698875280,0.01952,0.01952
1420529495,1420363235,1698875340,0.01952,0.01952
1420002057,1421334073,1698875400,0.01952,0.01956
1420825756,1420731204,1698875460,0.01957,0.0196
1420754188,1420350278,1698875520,0.0196,0.01959
1420196406,1420196406,1698875580,0.0196,0.01964
1419863670,1419868318,1698875640,0.01965,0.01962
1420140741,1419849361,1698875700,0.01961,0.01969
1420149071,1419809405,1698875760,0.01968,0.01971
1419121108,1420574660,1698875820,0.01972,0.01972
1420322969,1421193667,1698875880,0.01971,0.01972
1420842211,1419928426,1698875940,0.01972,0.01969
1419022776,1418026903,1698876000,0.01969,0.01972
1418609171,1416878577,1698876060,0.01971,0.01973
1416403840,1416377707,1698876120,0.01974,0.01976
1417940738,1416399263,1698876180,0.01977,0.01981
1417920914,1417307746,1698876240,0.01981,0.01977
1421733337,1421972439,1698876300,0.01977,0.01976
1422446808,1423285297,1698876360,0.01976,0.01973
1419978874,1419577000,1698876420,0.01974,0.01968
1419702355,1420182015,1698876480,0.01968,0.0197
1420351488,1420592355,1698876540,0.0197,0.0197
1420713159,1421095035,1698876600,0.0197,0.01968
1420222471,1420014349,1698876660,0.01968,0.01966
1420028760,1419988998,1698876720,0.01965,0.01969
1419926055,1420226528,1698876780,0.01968,0.01964
1419991401,1419997544,1698876840,0.01965,0.01964
1419595462,1420196761,1698876900,0.01964,0.01964
1420350545,1420350545,1698876960,0.01964,0.01967
1419765911,1419257743,1698877020,0.01967,0.01968
1419147920,1419296317,1698877080,0.01968,0.0197
1419841423,1420091464,1698877140,0.01969,0.01971
1420038484,1420381634,1698877200,0.01972,0.0197
1420552537,1420702601,1698877260,0.01969,0.0197
1420425122,1420232179,1698877320,0.01969,0.01966
1419932166,1419759964,1698877380,0.01966,0.01965
1419147500,1420178524,1698877440,0.01966,0.01969
1420216426,1420717151,1698877500,0.01969,0.01964
1419166109,1418535811,1698877560,0.01965,0.01961
1419155527,1419147818,1698877620,0.01961,0.01959
1419999427,1419318822,1698877680,0.01959,0.01961
1419620799,1420076155,1698877740,0.01961,0.01967
1420199843,1421213241,1698877800,0.01967,0.01969
1421399616,1421872836,1698877860,0.01969,0.01974
1422718847,1423821463,1698877920,0.01974,0.01969
1423121894,1423286066,1698877980,0.0197,0.01963
1422985864,1422740206,1698878040,0.01963,0.01967
1422639095,1423721270,1698878100,0.01966,0.01963
1423884032,1423951830,1698878160,0.01963,0.01964
1423800646,1423491897,1698878220,0.01963,0.01962
1423430805,1423127566,1698878280,0.01962,0.01964
1422426834,1422426834,1698878340,0.01964,0.01963
1419586570,1419638516,1698878400,0.01963,0.01962
1419463874,1419130513,1698878460,0.01962,0.0196
1423198957,1421974999,1698878520,0.0196,0.01958
1421647196,1421532205,1698878580,0.01958,0.01962
1421215122,1421839253,1698878640,0.01961,0.01962
1422156812,1422517085,1698878700,0.01962,0.01963
1422159393,1422202522,1698878760,0.01962,0.01965
1423062191,1422677746,1698878820,0.01964,0.01961
1422513691,1422628024,1698878880,0.0196,0.01957
1423983332,1423771680,1698878940,0.01957,0.01958
1423601146,1426869763,1698879000,0.01957,0.01947
1423583456,1423892882,1698879060,0.01946,0.0195
1423265777,1423192521,1698879120,0.0195,0.0195
1422993699,1423361074,1698879180,0.0195,0.01947
1423401786,1422848601,1698879240,0.01947,0.01946
1421731494,1422006518,1698879300,0.01946,0.0195
1421388995,1421271221,1698879360,0.0195,0.01947
1421158916,1421086573,1698879420,0.01946,0.01947
1421697633,1420373077,1698879480,0.01947,0.01946
1420295860,1420009148,1698879540,0.01945,0.01949
1420100470,1420203616,1698879600,0.01949,0.01944
1421632273,1421632273,1698879660,0.01945,0.01948
1422295863,1422675816,1698879720,0.01949,0.01945
1422802524,1423279839,1698879780,0.01945,0.01946
1422968664,1423080313,1698879840,0.01947,0.01948
1423278888,1423566034,1698879900,0.01948,0.01949
1423320887,1424541897,1698879960,0.01949,0.01948
1424219678,1424548069,1698880020,0.01948,0.0195
1424598877,1424619599,1698880080,0.01951,0.0195
1424605955,1426438171,1698880140,0.0195,0.01949
1426687835,1426592051,1698880200,0.01948,0.01948
1428301135,1428563928,1698880260,0.01948,0.0195
1428554599,1428443894,1698880320,0.0195,0.01948
1428758046,1428790688,1698880380,0.01948,0.01946
1427812747,1427945221,1698880440,0.01947,0.01948
1427290124,1426977655,1698880500,0.01947,0.01948
1426905848,1426808873,1698880560,0.01948,0.01951
1426270820,1424568278,1698880620,0.01952,0.01945
1423772674,1423266187,1698880680,0.01946,0.0194
1423704921,1423591665,1698880740,0.0194,0.01939
1424525099,1423593780,1698880800,0.0194,0.01943
1422780209,1421853222,1698880860,0.01942,0.01943
1422089558,1421982883,1698880920,0.01943,0.01942
1421165372,1420996624,1698880980,0.01942,0.01944
1421201020,1421201020,1698881040,0.01944,0.01944
1421498129,1421445636,1698881100,0.01945,0.01945
1421656950,1422730062,1698881160,0.01945,0.01946
1423139804,1423453204,1698881220,0.01946,0.01947
1423972874,1424629630,1698881280,0.01947,0.01948
1424859385,1425068384,1698881340,0.01948,0.01949
1425012266,1425600577,1698881400,0.01949,0.0195
1425374749,1425344785,1698881460,0.01949,0.01949
1425094183,1425489732,1698881520,0.01948,0.01947
1425692583,1425775296,1698881580,0.01948,0.01947
1425707347,1426308502,1698881640,0.01947,0.01946
1426106324,1426260855,1698881700,0.01947,0.01948
1426384169,1426537479,1698881760,0.01947,0.01942
1426285009,1425738805,1698881820,0.01943,0.01941
1425175503,1424438647,1698881880,0.01941,0.01944
1424373569,1424118090,1698881940,0.01944,0.01944
1425022402,1425125403,1698882000,0.01944,0.01948
1425100419,1425158649,1698882060,0.01947,0.01948
1424676566,1424930521,1698882120,0.01948,0.01949
1425022221,1424159423,1698882180,0.01948,0.01951
1423986936,1424324770,1698882240,0.01952,0.01952
1424267439,1424003949,1698882300,0.01952,0.01956
1424278191,1424278191,1698882360,0.01957,0.01957
1423571792,1423351428,1698882420,0.01956,0.01956
1423183976,1422911622,1698882480,0.01956,0.01957
1422483143,1422575694,1698882540,0.01958,0.01957
1423466328,1422958317,1698882600,0.01958,0.01959
1423027658,1423804952,1698882660,0.01959,0.01962
1423888862,1423825421,1698882720,0.01962,0.01964
1424470341,1424810938,1698882780,0.01963,0.01963
1425159098,1425026985,1698882840,0.01963,0.01963
1425058189,1424918409,1698882900,0.01963,0.01965
1424920494,1425590035,1698882960,0.01965,0.01963
1425534151,1425464457,1698883020,0.01963,0.01966
1425427401,1424813213,1698883080,0.01966,0.01966
1424816080,1425288566,1698883140,0.01966,0.01967
1424777434,1423764225,1698883200,0.01967,0.01975
1424110918,1424402550,1698883260,0.01975,0.01977
1424330564,1424990972,1698883320,0.01976,0.01979
1425726230,1426920962,1698883380,0.01979,0.01976
1427223321,1429242728,1698883440,0.01977,0.01972
1429688475,1428799768,1698883500,0.01972,0.01969
1429848053,1430393487,1698883560,0.01968,0.01971
1429742996,1429227775,1698883620,0.01972,0.01972
1429608501,1428950832,1698883680,0.01971,0.01966
1429548995,1428787772,1698883740,0.01966,0.01965
1428832585,1428832585,1698883800,0.01964,0.01969
1428798086,1428463293,1698883860,0.01968,0.01968
1428230143,1429248371,1698883920,0.01968,0.01973
1429423564,1429748113,1698883980,0.01973,0.01976
1429627838,1430322517,1698884040,0.01976,0.01979
1430225292,1429793602,1698884100,0.01979,0.01979
1430326247,1431159809,1698884160,0.01979,0.01975
1431920286,1432722787,1698884220,0.01976,0.01981
1434395961,1434517404,1698884280,0.01981,0.01975
1433775857,1433814991,1698884340,0.01975,0.01974
1433009935,1434276237,1698884400,0.01973,0.01973
1434037723,1434043278,1698884460,0.01973,0.01975
1433958949,1434002389,1698884520,0.01975,0.01975
1433895173,1434710956,1698884580,0.01975,0.01981
1435922882,1436217223,1698884640,0.01981,0.01982
1436548702,1436501217,1698884700,0.01981,0.01982
1436334806,1436759284,1698884760,0.01982,0.01982
1437175500,1438344182,1698884820,0.01983,0.01985
1438471252,1438549421,1698884880,0.01984,0.01986
1439590673,1439055154,1698884940,0.01986,0.01982
1439737190,1439962596,1698885000,0.01982,0.0198
1439842101,1439231231,1698885060,0.01979,0.01981
1439994378,1439994378,1698885120,0.0198,0.01978
1441491719,1440168301,1698885180,0.01978,0.01976
1440632061,1440632061,1698885240,0.01976,0.01979
1441717236,1441017875,1698885300,0.01979,0.01978
1441316766,1441714518,1698885360,0.01979,0.01978
1440785956,1440823464,1698885420,0.01978,0.01974
1441786967,1441579364,1698885480,0.01973,0.0197
1441709989,1441631172,1698885540,0.01971,0.01968
1440358405,1441893460,1698885600,0.01969,0.01972
1441485801,1440615261,1698885660,0.01972,0.01969
1439908855,1439274839,1698885720,0.01969,0.01966
1438838658,1438118883,1698885780,0.01965,0.01961
1438403226,1438872977,1698885840,0.01961,0.01963
1440281876,1440613492,1698885900,0.01964,0.01963
1440794843,1441064372,1698885960,0.01964,0.01968
1441370569,1441726614,1698886020,0.01969,0.01969
1442503104,1442697836,1698886080,0.0197,0.01972
1442206638,1442087470,1698886140,0.01972,0.01978
1441719192,1438969341,1698886200,0.01977,0.01989
1440720167,1441187503,1698886260,0.01989,0.01992
1442635390,1443643494,1698886320,0.01993,0.01996
1440562265,1440349032,1698886380,0.01996,0.0199
1441912928,1441912928,1698886440,0.01989,0.01992
1440821589,1440862545,1698886500,0.01992,0.01986
1441085084,1439308959,1698886560,0.01985,0.01977
1437582688,1436296502,1698886620,0.01978,0.01976
1436888896,1437373843,1698886680,0.01976,0.01978
1436460503,1437999066,1698886740,0.01978,0.01983
1438233402,1438745826,1698886800,0.01983,0.01982
1439120044,1440487736,1698886860,0.01982,0.01996
1440003417,1442194157,1698886920,0.01996,0.01996
1442032005,1442613073,1698886980,0.01996,0.01992
1442974731,1443804036,1698887040,0.01992,0.01996
1443600653,1444300343,1698887100,0.01995,0.01994
1444612242,1445220742,1698887160,0.01994,0.01992
1445420285,1444827437,1698887220,0.01993,0.01991
1445037126,1444579943,1698887280,0.01991,0.01988
1445230429,1445416639,1698887340,0.01988,0.01991
1445843505,1447456109,1698887400,0.0199,0.0199
1448298631,1447543355,1698887460,0.01991,0.01989
1448661148,1447934275,1698887520,0.01989,0.01988
1448514364,1448960812,1698887580,0.01988,0.01993
1450038423,1450097998,1698887640,0.01993,0.01996
1450125183,1450125183,1698887700,0.01996,0.01999
1450063619,1446865470,1698887760,0.02,0.01999
1447893720,1447893720,1698887820,0.01999,0.02001
1448578787,1450470569,1698887880,0.02,0.02001
1450576976,1450635648,1698887940,0.02001,0.01995
1455550214,1454800509,1698888000,0.01995,0.01999
1454642873,1454350365,1698888060,0.01999,0.02007
1455014942,1456009852,1698888120,0.02008,0.02004
1456934688,1458325574,1698888180,0.02003,0.02006
1459378196,1460164035,1698888240,0.02006,0.02009
1461093610,1461456031,1698888300,0.02009,0.02006
1461568087,1461907381,1698888360,0.02006,0.02006
1462238793,1463062524,1698888420,0.02006,0.02005
1463001315,1463349823,1698888480,0.02005,0.02014
1464416431,1465849476,1698888540,0.02014,0.02013
1465191666,1466479575,1698888600,0.02014,0.02005
1467959869,1468637867,1698888660,0.02006,0.02004
1469331052,1471034223,1698888720,0.02004,0.02005
1472281020,1472551187,1698888780,0.02005,0.02005
1474839029,1475718736,1698888840,0.02005,0.0201
1477770093,1480974738,1698888900,0.0201,0.02013
1484196291,1486945064,1698888960,0.02013,0.02022
1486370210,1487592408,1698889020,0.02023,0.02028
1490417334,1490664018,1698889080,0.02028,0.02033
1490314573,1490314573,1698889140,0.02033,0.02028
1491199513,1488535845,1698889200,0.02027,0.02036
1490917753,1492636613,1698889260,0.02036,0.02022
1493698763,1496429280,1698889320,0.02021,0.02025
1495569532,1495680349,1698889380,0.02025,0.02025
1496579114,1494352765,1698889440,0.02025,0.02027
1495337372,1503563998,1698889500,0.02027,0.02039
1509839054,1511916624,1698889560,0.02039,0.02024
1509086865,1509377715,1698889620,0.02024,0.02022
1510837936,1511113021,1698889680,0.02021,0.02024
1511524762,1509440891,1698889740,0.02024,0.02018
1510416643,1510431218,1698889800,0.02019,0.02016
1510506990,1512010938,1698889860,0.02017,0.02018
1511910331,1512077809,1698889920,0.02017,0.02017
1511903270,1511896570,1698889980,0.02018,0.02012
1512706393,1512609676,1698890040,0.02013,0.02014
1512884334,1512035616,1698890100,0.02015,0.02018
1511935146,1512321489,1698890160,0.02018,0.02017
1512150325,1509810512,1698890220,0.02017,0.02009
1509396009,1509426787,1698890280,0.02009,0.0201
1509469418,1509333725,1698890340,0.0201,0.02011
1508954797,1508954797,1698890400,0.0201,0.02014
1508031747,1507994949,1698890460,0.02014,0.02015
1508629598,1507585341,1698890520,0.02015,0.02011
1508074779,1509071941,1698890580,0.02011,0.02011
1510866425,1513018041,1698890640,0.02011,0.02003
1506785204,1503142306,1698890700,0.02003,0.02
1502965015,1503553411,1698890760,0.02,0.01997
1503484719,1502647634,1698890820,0.01997,0.01998
1502811542,1502738345,1698890880,0.01998,0.01995
1503233696,1502717318,1698890940,0.01996,0.01996
1503508738,1503043197,1698891000,0.01996,0.01996
1502983417,1502075762,1698891060,0.01996,0.01996
1502153896,1499328278,1698891120,0.01996,0.01993
1497156349,1497568819,1698891180,0.01994,0.01995
1497717544,1498092127,1698891240,0.01994,0.01999
1497453801,1498356748,1698891300,0.01999,0.02001
1498184592,1498799763,1698891360,0.02001,0.01999
1498288533,1497541164,1698891420,0.01999,0.01999
1497965943,1497656641,1698891480,0.01999,0.01996
1497437221,1497810111,1698891540,0.01995,0.01997
1497512288,1498994440,1698891600,0.01997,0.01995
1498588446,1498114150,1698891660,0.01996,0.01992
1495459402,1495474676,1698891720,0.01993,0.01991
1496825092,1496825092,1698891780,0.01991,0.01989
1496533193,1495478632,1698891840,0.01989,0.01989
1493442929,1485829681,1698891900,0.01989,0.01983
1484593493,1484420363,1698891960,0.01984,0.01985
1483342807,1483750842,1698892020,0.01985,0.01984
1482318628,1482295007,1698892080,0.01984,0.01986
1482111061,1482384423,1698892140,0.01986,0.0198
1483989410,1483789182,1698892200,0.01981,0.01984
1483877565,1484182769,1698892260,0.01984,0.01988
1484260533,1485000695,1698892320,0.01987,0.01983
1485578428,1486038162,1698892380,0.01983,0.01984
1486257080,1486873202,1698892440,0.01984,0.01982
1487045816,1487214756,1698892500,0.01982,0.01982
1487352281,1487347097,1698892560,0.01981,0.01982
1487290880,1487332446,1698892620,0.01982,0.01983
1487327888,1487910371,1698892680,0.01982,0.01987
1488787730,1490839171,1698892740,0.01988,0.01991
1491304739,1492005740,1698892800,0.01991,0.01993
1492368359,1489230353,1698892860,0.01993,0.01992
1489278679,1490002237,1698892920,0.01992,0.01985
1489083480,1488533788,1698892980,0.01984,0.0199
1488020170,1488314782,1698893040,0.0199,0.01989
1489423956,1489423956,1698893100,0.0199,0.01992
1488779347,1488955973,1698893160,0.01993,0.02
1488820068,1489308043,1698893220,0.02,0.02
1489073010,1490233851,1698893280,0.02,0.02
1489842314,1490128592,1698893340,0.01999,0.02
1490021660,1490465188,1698893400,0.02001,0.01999
1491008746,1492071329,1698893460,0.01999,0.02002
1492040061,1491760349,1698893520,0.02003,0.02
1490698076,1490657730,1698893580,0.02,0.02
1490029968,1488919013,1698893640,0.02,0.02003
1488359434,1490722642,1698893700,0.02003,0.02006
1491994685,1493005100,1698893760,0.02006,0.02004
1493091677,1492742935,1698893820,0.02003,0.02001
1492459856,1492111964,1698893880,0.02001,0.01999
1490468961,1490449547,1698893940,0.01999,0.01998
1489360231,1490038237,1698894000,0.01997,0.01995
1490624995,1490709236,1698894060,0.01994,0.01995
1491208916,1491411277,1698894120,0.01995,0.01995
1491593063,1492032301,1698894180,0.01996,0.01992
1492008344,1490535280,1698894240,0.01992,0.01993
1490210420,1492441832,1698894300,0.01994,0.02003
1492426607,1492426607,1698894360,0.02004,0.02014
1493467718,1491761474,1698894420,0.02014,0.02008
1489196040,1487726508,1698894480,0.02007,0.02003
1480972978,1480705062,1698894540,0.02002,0.02
1479860388,1481206846,1698894600,0.02,0.01999
1480574860,1480078335,1698894660,0.01998,0.01999
1479794369,1478813480,1698894720,0.01999,0.02006
1478975505,1478965129,1698894780,0.02005,0.02008
1479439022,1479221337,1698894840,0.02008,0.02008
1479084506,1479182901,1698894900,0.02008,0.02008
1479220184,1479120862,1698894960,0.02009,0.02005
1479086339,1480422892,1698895020,0.02005,0.02009
1482872789,1482426149,1698895080,0.02009,0.02014
1481078918,1481266313,1698895140,0.02013,0.02012
1481440007,1481174454,1698895200,0.02013,0.02012
1480696881,1480279871,1698895260,0.02012,0.02012
1480239910,1480086956,1698895320,0.02012,0.02007
1480146736,1479855744,1698895380,0.02008,0.02002
1479737736,1479581425,1698895440,0.02002,0.02
1479655403,1478929364,1698895500,0.02001,0.02001
1478992506,1479591082,1698895560,0.02,0.02003
1478828278,1478966079,1698895620,0.02002,0.02001
1479045608,1478683517,1698895680,0.02,0.01997
1478907994,1483137074,1698895740,0.01997,0.01993
1483250571,1483250571,1698895800,0.01993,0.01989
1482379214,1482426422,1698895860,0.01989,0.01993
1482650517,1482283222,1698895920,0.01993,0.01994
1482373319,1482373319,1698895980,0.01993,0.01993
1482400121,1482965054,1698896040,0.01993,0.01992
1482871013,1481331217,1698896100,0.01993,0.01996
1481142845,1480973791,1698896160,0.01996,0.01995
1480935891,1480627706,1698896220,0.01996,0.01995
1480342174,1480736977,1698896280,0.01995,0.01993
1480501831,1480969240,1698896340,0.01993,0.01993
1480891701,1481227272,1698896400,0.01994,0.01995
1481170377,1481236304,1698896460,0.01994,0.01994
1481320080,1480903669,1698896520,0.01993,0.01991
1480665964,1480331248,1698896580,0.01992,0.01989
1480287086,1479929643,1698896640,0.01989,0.01989
1480224073,1480521555,1698896700,0.01989,0.01991
1479773072,1479890466,1698896760,0.01991,0.01986
1480899115,1481172000,1698896820,0.01987,0.01982
1480871169,1480854586,1698896880,0.01982,0.01985
1480855076,1480781708,1698896940,0.01985,0.01985
1480065034,1480079849,1698897000,0.01986,0.01987
1480065518,1474533955,1698897060,0.01987,0.01982
1474136455,1472045101,1698897120,0.01983,0.01982
1469899827,1469216233,1698897180,0.01982,0.01982
1469228689,1469228689,1698897240,0.01983,0.01986
1468658919,1468552158,1698897300,0.01986,0.01986
1468241532,1467662563,1698897360,0.01985,0.01986
1467349339,1467778968,1698897420,0.01987,0.01982
1467479412,1467928649,1698897480,0.01982,0.01982
1467920482,1468013103,1698897540,0.01981,0.01982
1467774053,1466675568,1698897600,0.01982,0.01985
1466470596,1466585678,1698897660,0.01984,0.01985
1466460089,1467028231,1698897720,0.01984,0.01981
1467963987,1467124686,1698897780,0.01982,0.01985
1465745889,1465508244,1698897840,0.01985,0.01981
1465815509,1467097388,1698897900,0.01981,0.01982
1466979750,1466289275,1698897960,0.01982,0.01977
1462508733,1461572369,1698898020,0.01977,0.01972
1460580465,1459781222,1698898080,0.01973,0.01977
1459100982,1459230628,1698898140,0.01976,0.0198
1459015728,1458802559,1698898200,0.0198,0.01984
1458739459,1458928933,1698898260,0.01983,0.01986
1458776052,1458427271,1698898320,0.01987,0.01987
1459020539,1460223382,1698898380,0.01988,0.01987
1460462075,1459550347,1698898440,0.01988,0.01985
1459449256,1459449256,1698898500,0.01984,0.01984
1459528616,1459523793,1698898560,0.01984,0.01987
1459336616,1459656333,1698898620,0.01987,0.01987
1460086375,1460499007,1698898680,0.01987,0.01981
1460511513,1459751227,1698898740,0.01981,0.01982
1461447022,1461515091,1698898800,0.01982,0.0198
1460550405,1460834320,1698898860,0.0198,0.01978
1460511677,1460648595,1698898920,0.01977,0.01977
1460852145,1460564835,1698898980,0.01977,0.01981
1460307927,1461009463,1698899040,0.0198,0.01979
1460887244,1460668212,1698899100,0.01979,0.01978
1463708736,1464311977,1698899160,0.01978,0.01979
1464279214,1464111386,1698899220,0.01979,0.01977
1463565364,1462808538,1698899280,0.01978,0.01975
1462958273,1463073550,1698899340,0.01974,0.01976
1463270908,1464224470,1698899400,0.01975,0.01976
1464576503,1464917275,1698899460,0.01976,0.01978
1465324193,1465908569,1698899520,0.01979,0.01979
1465516595,1466029784,1698899580,0.01978,0.01981
1465943709,1466454027,1698899640,0.01981,0.01979
1466707561,1466233188,1698899700,0.01979,0.01977
1466316906,1466207315,1698899760,0.01977,0.01976
1466422648,1466422648,1698899820,0.01976,0.01976
1465951507,1465748342,1698899880,0.01976,0.01981
1465086557,1466102092,1698899940,0.0198,0.01979
1465667247,1466500404,1698900000,0.01979,0.01979
1466909027,1466909027,1698900060,0.01979,0.01976
1466480309,1466401824,1698900120,0.01975,0.01973
1465614230,1465758836,1698900180,0.01972,0.0197
1465379497,1463303486,1698900240,0.0197,0.01965
1465958501,1465454441,1698900300,0.01964,0.01967
1467412618,1468507143,1698900360,0.01967,0.01966
1467635052,1468430235,1698900420,0.01966,0.01969
1468184669,1467522534,1698900480,0.01969,0.01969
1468363382,1468331715,1698900540,0.01969,0.01969
1467666836,1465194795,1698900600,0.01969,0.01963
1463959605,1463933283,1698900660,0.01964,0.01966
1463320461,1462165739,1698900720,0.01965,0.0196
1461757781,1460801386,1698900780,0.01959,0.0196
1460286348,1459262533,1698900840,0.0196,0.0196
1458828945,1458625577,1698900900,0.01961,0.01961
1458797969,1456924763,1698900960,0.01961,0.01956
1455584370,1455184505,1698901020,0.01956,0.01957
1454607463,1454400398,1698901080,0.01957,0.01957
1454185002,1453944774,1698901140,0.01957,0.0196
1452344347,1452344347,1698901200,0.0196,0.0196
1451761061,1451934841,1698901260,0.01961,0.01958
1451616624,1451544667,1698901320,0.01957,0.01959
1451079694,1449702674,1698901380,0.01958,0.01959
1449944968,1450373773,1698901440,0.01959,0.01958
1450219664,1449931893,1698901500,0.01958,0.01953
1450011911,1448059146,1698901560,0.01953,0.01953
1447662693,1447313276,1698901620,0.01954,0.01953
1445997201,1445474251,1698901680,0.01952,0.0195
1443536572,1443659775,1698901740,0.0195,0.01951
1443692184,1442245920,1698901800,0.01952,0.01946
1442524315,1442968265,1698901860,0.01946,0.01944
1442773076,1443642352,1698901920,0.01945,0.01943
1437803522,1435722658,1698901980,0.01942,0.01941
1435343508,1435147577,1698902040,0.01942,0.01938
1434949130,1427804529,1698902100,0.01937,0.0193
1428209004,1428442809,1698902160,0.0193,0.01938
1428410621,1427960079,1698902220,0.01937,0.01942
1427616559,1427863612,1698902280,0.01942,0.01947
1428011342,1427816560,1698902340,0.01947,0.01946
1428333124,1428920517,1698902400,0.01946,0.01947
1429343825,1429646737,1698902460,0.01947,0.01945
1430204968,1430191426,1698902520,0.01946,0.01943
1429799886,1429799886,1698902580,0.01943,0.01944
1429743102,1428862532,1698902640,0.01944,0.01942
1430375083,1431569838,1698902700,0.01942,0.01942
1431381845,1431836279,1698902760,0.01943,0.01934
1433021754,1432198126,1698902820,0.01934,0.01936
1432503097,1432032797,1698902880,0.01936,0.01935
1433563366,1434455968,1698902940,0.01935,0.01938
1434514179,1435387945,1698903000,0.01938,0.01938
1435414801,1435092443,1698903060,0.01938,0.01942
1435441852,1436129141,1698903120,0.01942,0.01941
1435707481,1437058063,1698903180,0.01942,0.01944
1437450671,1437765484,1698903240,0.01945,0.01944
1437820311,1437755749,1698903300,0.01943,0.01942
1438144487,1437150572,1698903360,0.01943,0.01937
1437078947,1437575030,1698903420,0.01936,0.01935
1426696853,1426494868,1698903480,0.01935,0.01937
1426889724,1426519606,1698903540,0.01937,0.01939
1426375324,1426798022,1698903600,0.01939,0.0194
1427005430,1427417158,1698903660,0.0194,0.01941
1426917902,1426853660,1698903720,0.01941,0.01945
1426169241,1426169241,1698903780,0.01946,0.01945
1426340759,1425856397,1698903840,0.01944,0.01943
1425159306,1425118203,1698903900,0.01942,0.01939
1426781436,1426777787,1698903960,0.01938,0.01941
1426031637,1426079624,1698904020,0.01941,0.01943
1426981579,1426050701,1698904080,0.01943,0.01939
1426691742,1426935696,1698904140,0.0194,0.01938
1425938232,1425938232,1698904200,0.01938,0.01937
1426332955,1426501378,1698904260,0.01936,0.01938
1425490588,1425708103,1698904320,0.01937,0.01937
1425760215,1425530491,1698904380,0.01938,0.01934
1425517316,1425765398,1698904440,0.01933,0.01934
1425799405,1425735044,1698904500,0.01933,0.01932
1426106020,1425837425,1698904560,0.01932,0.01939
1425846571,1427137407,1698904620,0.01939,0.01935
1425322333,1426503633,1698904680,0.01935,0.01938
1427254828,1426667974,1698904740,0.01937,0.01934
1426591115,1426976710,1698904800,0.01934,0.01932
1426345429,1426276598,1698904860,0.01931,0.01939
1426798318,1427669785,1698904920,0.01939,0.01938
1427357407,1429445935,1698904980,0.01938,0.01936
1429212211,1428921334,1698905040,0.01936,0.01937
1428741556,1427545925,1698905100,0.01938,0.01942
1428345372,1428272309,1698905160,0.01942,0.0194
1427778478,1427778478,1698905220,0.0194,0.01943
1427409041,1427208385,1698905280,0.01943,0.0194
1427200897,1426926020,1698905340,0.0194,0.01941
1426602425,1427175238,1698905400,0.01942,0.01937
1426853769,1426489117,1698905460,0.01937,0.01941
1426458178,1426334552,1698905520,0.01941,0.0194
1426349882,1426727546,1698905580,0.01941,0.01939
1428165208,1428638360,1698905640,0.0194,0.01936
1428883454,1427116144,1698905700,0.01936,0.01939
1426687716,1426700997,1698905760,0.01939,0.01939
1426328316,1426276662,1698905820,0.01939,0.01942
1426468962,1427683746,1698905880,0.01943,0.01944
1428339002,1430080708,1698905940,0.01944,0.01941
1430263700,1429727407,1698906000,0.01942,0.01943
1429173073,1429573394,1698906060,0.01942,0.01937
1430497583,1430151796,1698906120,0.01938,0.01943
1429648702,1429516162,1698906180,0.01942,0.01945
1429019595,1428179133,1698906240,0.01945,0.01946
1428998996,1429315842,1698906300,0.01946,0.01947
1429550696,1430645398,1698906360,0.01946,0.01948
1430573626,1429128386,1698906420,0.01948,0.01948
1429421610,1429421610,1698906480,0.01949,0.01948
1429324484,1429189492,1698906540,0.01949,0.01948
1430032068,1431024632,1698906600,0.01949,0.01949
1431188479,1431188479,1698906660,0.01949,0.01952
1430454803,1429869379,1698906720,0.01952,0.01954
1430499021,1431135360,1698906780,0.01954,0.01954
1431039795,1431582203,1698906840,0.01953,0.01951
1431649939,1432098244,1698906900,0.01951,0.01951
1432571736,1432465860,1698906960,0.0195,0.0195
1432329859,1431886564,1698907020,0.0195,0.01951
1431709342,1431921117,1698907080,0.01952,0.01951
1432672674,1432840090,1698907140,0.01951,0.01946
1431598600,1430597106,1698907200,0.01947,0.01945
1430331061,1431530869,1698907260,0.01945,0.01944
1431408137,1431206177,1698907320,0.01944,0.01945
1430819675,1430928361,1698907380,0.01945,0.01942
1431648293,1431858121,1698907440,0.01942,0.01943
1431689990,1431823246,1698907500,0.01944,0.01947
1431616515,1431531226,1698907560,0.01946,0.01946
1431875164,1432278131,1698907620,0.01946,0.01946
1431453403,1431605429,1698907680,0.01945,0.01943
1431423658,1431375127,1698907740,0.01943,0.01942
1431299126,1430951895,1698907800,0.01942,0.01942
1430981797,1431638541,1698907860,0.01942,0.01944
1432000836,1431747935,1698907920,0.01945,0.01947
1431759872,1431608910,1698907980,0.01946,0.01949
1431239832,1431239832,1698908040,0.01949,0.01949
1430956574,1431086984,1698908100,0.01949,0.0195
1431079925,1430716784,1698908160,0.0195,0.01946
1430722526,1429903097,1698908220,0.01947,0.01948
1429314727,1429398512,1698908280,0.01948,0.01948
1429509085,1429211504,1698908340,0.01947,0.01948
1429385531,1429290690,1698908400,0.01948,0.01951
1429359712,1430027040,1698908460,0.01951,0.01952
1430252945,1430390811,1698908520,0.01952,0.01954
1429711939,1429672784,1698908580,0.01954,0.01953
1430052705,1431097200,1698908640,0.01953,0.01956
1430885411,1431184463,1698908700,0.01955,0.01954
1430819008,1430963085,1698908760,0.01954,0.01953
1431679250,1431711400,1698908820,0.01953,0.01953
1431861287,1432108508,1698908880,0.01952,0.01954
1431681207,1431593935,1698908940,0.01954,0.01953
1430737863,1430476666,1698909000,0.01953,0.01952
1430701154,1430746771,1698909060,0.01953,0.01952
1430680738,1430680738,1698909120,0.01951,0.01952
1430276454,1430237741,1698909180,0.01952,0.01953
1430181255,1430749870,1698909240,0.01953,0.01953
1429444972,1429444972,1698909300,0.01952,0.01948
1429749654,1429638677,1698909360,0.01948,0.01947
1430229868,1429878995,1698909420,0.01947,0.01947
1429720179,1429882732,1698909480,0.01946,0.01946
1430509249,1430734677,1698909540,0.01946,0.01944
1431023196,1431532967,1698909600,0.01945,0.01941
1429408595,1429657443,1698909660,0.01942,0.0194
1429681849,1430161672,1698909720,0.01941,0.01942
1430190104,1429941693,1698909780,0.01942,0.01942
1430351413,1429873493,1698909840,0.01942,0.01943
1429851033,1429654934,1698909900,0.01943,0.01942
1429932057,1429960114,1698909960,0.01941,0.01939
1427812837,1427572828,1698910020,0.01939,0.01942
1427701027,1426873114,1698910080,0.01942,0.01944
1425912893,1425994675,1698910140,0.01944,0.01944
1425561235,1426614201,1698910200,0.01945,0.01944
1426582402,1426340042,1698910260,0.01944,0.01948
1425708140,1425633179,1698910320,0.01948,0.01951
1425717569,1425639159,1698910380,0.01951,0.01952
1425247356,1425615553,1698910440,0.01951,0.01952
1425521065,1425661995,1698910500,0.01952,0.01954
1425073860,1425073860,1698910560,0.01954,0.01956
1424871260,1425071392,1698910620,0.01955,0.01956
1424856736,1425215060,1698910680,0.01957,0.01954
1425300755,1425300755,1698910740,0.01953,0.01952
1425681881,1426173702,1698910800,0.01952,0.0195
1426425966,1426899020,1698910860,0.0195,0.01948
1427417341,1427448912,1698910920,0.01948,0.01948
1427390695,1427766047,1698910980,0.01947,0.01945
1428564881,1429902296,1698911040,0.01944,0.01947
1429883789,1430154041,1698911100,0.01947,0.01946
1429749153,1429850976,1698911160,0.01946,0.01946
1430845742,1430660476,1698911220,0.01946,0.01949
1430454122,1430494206,1698911280,0.01949,0.01948
1430395189,1430242832,1698911340,0.01947,0.01946
1427775046,1427692172,1698911400,0.01947,0.01944
1426085361,1425778448,1698911460,0.01944,0.01943
1425037995,1425244677,1698911520,0.01944,0.01944
1425554210,1426107203,1698911580,0.01944,0.01947
1425692537,1425428751,1698911640,0.01947,0.01942
1425351199,1425590421,1698911700,0.01943,0.01943
1425576575,1426292538,1698911760,0.01943,0.01944
1425545909,1425693491,1698911820,0.01944,0.01947
1426540521,1426540521,1698911880,0.01946,0.01949
1427229509,1427094248,1698911940,0.0195,0.0195
1423080700,1423080700,1698912000,0.0195,0.0195
1422249209,1422829837,1698912060,0.0195,0.01948
1422453154,1422089479,1698912120,0.01949,0.01944
1421756962,1421671280,1698912180,0.01943,0.01943
1421144744,1421208615,1698912240,0.01943,0.01939
1421515370,1420945840,1698912300,0.01939,0.01941
1420532827,1420732322,1698912360,0.01942,0.0194
1418074015,1417790173,1698912420,0.01939,0.01935
1418122531,1417757427,1698912480,0.01935,0.01934
1417680323,1417256199,1698912540,0.01933,0.01931
1416162669,1411917273,1698912600,0.0193,0.01923
1410700203,1409247122,1698912660,0.01924,0.01924
1409157329,1409112740,1698912720,0.01923,0.01931
1408371662,1406970723,1698912780,0.01931,0.01934
1407012530,1407204407,1698912840,0.01933,0.01935
1407944264,1407364785,1698912900,0.01934,0.01935
1406859339,1406659977,1698912960,0.01936,0.01936
1406780220,1406560826,1698913020,0.01936,0.01938
1406855653,1407181970,1698913080,0.01938,0.01939
1406634269,1406760271,1698913140,0.0194,0.01942
1407440182,1407403948,1698913200,0.01941,0.0194
1407128013,1406952881,1698913260,0.0194,0.01937
1407220521,1407220521,1698913320,0.01938,0.0194
1408040140,1408475450,1698913380,0.01939,0.01942
1408280554,1408218647,1698913440,0.01942,0.01943
1407788111,1407703648,1698913500,0.01942,0.01944
1407864908,1409548955,1698913560,0.01943,0.01942
1409508444,1410550942,1698913620,0.01942,0.01941
1411259586,1411292280,1698913680,0.0194,0.01937
1410898022,1410899984,1698913740,0.01938,0.01936
1410729215,1410998418,1698913800,0.01936,0.01938
1410786579,1411142185,1698913860,0.01938,0.01936
1411381977,1411716840,1698913920,0.01936,0.01936
1411802146,1411536092,1698913980,0.01937,0.01936
1411681130,1412115740,1698914040,0.01937,0.01939
1412760306,1413893540,1698914100,0.01938,0.01938
1413544642,1413114902,1698914160,0.01938,0.01943
1413055570,1413280491,1698914220,0.01942,0.01945
1413647403,1413480243,1698914280,0.01944,0.01947
1413433408,1412908045,1698914340,0.01946,0.01944
1412955604,1413421575,1698914400,0.01946,0.01945
1413785158,1413278243,1698914460,0.01944,0.0194
1412579362,1412579362,1698914520,0.0194,0.01944
1412157356,1411443493,1698914580,0.01945,0.01942
1411266635,1411266635,1698914640,0.01942,0.01945
1410964950,1410391314,1698914700,0.01945,0.01947
1408888902,1408604609,1698914760,0.01946,0.01948
1408805524,1408837582,1698914820,0.01948,0.01949
1408809885,1408760994,1698914880,0.01948,0.01948
1408801308,1408862171,1698914940,0.01947,0.01948
1408702351,1409010115,1698915000,0.01948,0.01948
1409036813,1408559656,1698915060,0.01948,0.0195
1408459535,1408053886,1698915120,0.0195,0.01951
1408120928,1407851356,1698915180,0.01951,0.01951
1407482303,1407224645,1698915240,0.01951,0.01952
1407729993,1408079041,1698915300,0.01952,0.01953
1411019771,1411288478,1698915360,0.01953,0.01958
1411088096,1410176393,1698915420,0.01958,0.01954
1409242693,1409382389,1698915480,0.01955,0.01956
1409629580,1413704156,1698915540,0.01955,0.01959
1412455870,1411625121,1698915600,0.01958,0.0196
1411701016,1411527869,1698915660,0.0196,0.01956
1411833364,1411593207,1698915720,0.01955,0.01955
1412311015,1412311015,1698915780,0.01954,0.01952
1412595234,1412512889,1698915840,0.01952,0.01952
1413906470,1414462782,1698915900,0.01951,0.01952
1414384191,1414354663,1698915960,0.01952,0.01954
1414103976,1414288384,1698916020,0.01954,0.01956
1414527476,1414841533,1698916080,0.01956,0.01956
1415408124,1415639642,1698916140,0.01956,0.01957
1416492869,1416413892,1698916200,0.01957,0.01953
1416158675,1415958253,1698916260,0.01953,0.01955
1417038092,1416548824,1698916320,0.01955,0.01953
1415887281,1415711714,1698916380,0.01952,0.0195
1415856075,1415680794,1698916440,0.0195,0.01953
1415640408,1415082943,1698916500,0.01953,0.01952
1415161734,1414490799,1698916560,0.01953,0.01951
1414282001,1414243070,1698916620,0.01952,0.01952
1414330219,1414925329,1698916680,0.01952,0.01952
1414987337,1415582927,1698916740,0.01952,0.01949
1415507428,1415620400,1698916800,0.01948,0.01946
1415533594,1414995179,1698916860,0.01946,0.01945
1414951448,1414842184,1698916920,0.01945,0.01945
1414838282,1414802959,1698916980,0.01945,0.01948
1414322383,1414754252,1698917040,0.01948,0.01949
1414832744,1414966775,1698917100,0.01949,0.01952
1415114690,1415114690,1698917160,0.01951,0.01953
1415289614,1416056925,1698917220,0.01953,0.01954
1416261792,1416261792,1698917280,0.01954,0.01953
1416124444,1416275879,1698917340,0.01952,0.01951
1416553950,1416703408,1698917400,0.01951,0.01949
1417026735,1416048965,1698917460,0.01948,0.01948
1415743395,1415742271,1698917520,0.01948,0.01949
1415526310,1415725349,1698917580,0.01949,0.01947
1415947888,1415970700,1698917640,0.01947,0.01946
1415910413,1416321566,1698917700,0.01946,0.01943
1417351482,1417874398,1698917760,0.01943,0.01944
1417858784,1418038945,1698917820,0.01944,0.01942
1418440794,1417854833,1698917880,0.01942,0.01944
1417970643,1417750778,1698917940,0.01945,0.01943
1417969660,1417297779,1698918000,0.01943,0.01948
1416869723,1416508152,1698918060,0.01948,0.01946
1416655844,1417088686,1698918120,0.01947,0.01948
1417265328,1416787150,1698918180,0.01948,0.01949
1416371532,1417230677,1698918240,0.0195,0.01952
1417401870,1418019660,1698918300,0.01952,0.01952
1418040557,1418231218,1698918360,0.01952,0.01948
1417869927,1417594637,1698918420,0.01949,0.01948
1418720894,1418720894,1698918480,0.01948,0.01945
1418839088,1418647971,1698918540,0.01946,0.01948
1418667899,1418812905,1698918600,0.01948,0.01949
1419235556,1419323257,1698918660,0.01949,0.01948
1418936989,1418426073,1698918720,0.01948,0.01948
1418275198,1418094116,1698918780,0.01947,0.0195
1418325833,1418144690,1698918840,0.01951,0.0195
1417830401,1418430990,1698918900,0.0195,0.0195
1418595468,1418608384,1698918960,0.01949,0.0195
1419577220,1419997070,1698919020,0.0195,0.01945
1419842767,1419783505,1698919080,0.01946,0.01947
1419812783,1419812783,1698919140,0.01947,0.01944
1419907244,1420594490,1698919200,0.01944,0.01941
1420301998,1420554784,1698919260,0.0194,0.01941
1419855905,1419855905,1698919320,0.0194,0.01941
1419819169,1419472378,1698919380,0.01941,0.0194
1419345789,1419667101,1698919440,0.0194,0.01943
1419750560,1419782502,1698919500,0.01943,0.01943
1419552156,1420430450,1698919560,0.01942,0.01942
1420306093,1420279096,1698919620,0.01942,0.01943
1420345697,1420386350,1698919680,0.01943,0.01943
1420097499,1420038288,1698919740,0.01943,0.01944
1419441126,1420200209,1698919800,0.01945,0.01948
1420039078,1419873474,1698919860,0.01947,0.01947
1419821640,1420453567,1698919920,0.01946,0.01947
1420634074,1421137507,1698919980,0.01947,0.01946
1421252746,1421109184,1698920040,0.01946,0.01946
1421859176,1421702758,1698920100,0.01946,0.01949
1421683388,1421910537,1698920160,0.01948,0.01948
1422175059,1421824539,1698920220,0.01948,0.01948
1421820823,1421418641,1698920280,0.01948,0.01948
1421537930,1421215942,1698920340,0.01947,0.01949
1420802660,1420547757,1698920400,0.01949,0.01948
1419864404,1419800340,1698920460,0.01947,0.01949
1419857088,1419916439,1698920520,0.01948,0.01949
1419583808,1419633094,1698920580,0.01949,0.01948
1419678737,1419678737,1698920640,0.01947,0.01947
1419453221,1420115192,1698920700,0.01948,0.01947
1420576512,1420346409,1698920760,0.01947,0.01951
1421368965,1421586814,1698920820,0.01951,0.0195
1421648587,1421487633,1698920880,0.01951,0.0195
1420939165,1421021509,1698920940,0.01951,0.01952
1420943271,1420914902,1698921000,0.01952,0.01946
1421825529,1422138345,1698921060,0.01947,0.01946
1422053930,1421749070,1698921120,0.01946,0.01943
1421555812,1421422702,1698921180,0.01943,0.01944
1421588058,1421431985,1698921240,0.01943,0.01943
1421589172,1422053676,1698921300,0.01943,0.01941
1421445128,1421310013,1698921360,0.01941,0.0194
1421211790,1420917343,1698921420,0.0194,0.0194
1420913972,1420104984,1698921480,0.0194,0.0194
1420005643,1419257605,1698921540,0.0194,0.0194
1419902954,1420163306,1698921600,0.01939,0.0194
1420447788,1420736231,1698921660,0.0194,0.01943
1421644472,1421954744,1698921720,0.01942,0.01941
1421408573,1421224216,1698921780,0.01942,0.01941
1421042081,1420760683,1698921840,0.01942,0.01945
1420594079,1420507161,1698921900,0.01945,0.01942
1421529512,1421850923,1698921960,0.01943,0.01937
1422333055,1422027201,1698922020,0.01938,0.01938
1421492965,1421492965,1698922080,0.01938,0.01936
1421452488,1422117019,1698922140,0.01935,0.01937
1421003018,1421003018,1698922200,0.01937,0.01934
1420920413,1420386880,1698922260,0.01934,0.01937
1420251960,1420283912,1698922320,0.01937,0.01933
1420154391,1417277327,1698922380,0.01933,0.01932
1417412123,1416642548,1698922440,0.01932,0.01931
1416532923,1416766918,1698922500,0.01931,0.01932
1417652928,1417608527,1698922560,0.01933,0.01934
1417777571,1417190534,1698922620,0.01934,0.01936
1417208715,1417747004,1698922680,0.01936,0.01937
1418386118,1418718797,1698922740,0.01937,0.01933
1419159048,1419427289,1698922800,0.01934,0.01933
1420902335,1421827655,1698922860,0.01933,0.01933
1421836389,1422218694,1698922920,0.01932,0.01935
1423819054,1423830798,1698922980,0.01935,0.01932
1423720086,1424559244,1698923040,0.01933,0.01937
1424086946,1423784204,1698923100,0.01936,0.01935
1423872964,1423237734,1698923160,0.01935,0.01937
1422912323,1423241234,1698923220,0.01936,0.01934
1423341376,1423563769,1698923280,0.01934,0.01933
1423292906,1423378203,1698923340,0.01933,0.0193
1423572469,1424524403,1698923400,0.0193,0.01931
1423954475,1423954475,1698923460,0.01931,0.01928
1424876502,1424995633,1698923520,0.01929,0.01929
1425403664,1425403664,1698923580,0.01928,0.01929
1424741947,1424033897,1698923640,0.01929,0.01927
1424627127,1424035620,1698923700,0.01927,0.01928
1424074506,1423588139,1698923760,0.01928,0.01929
1423667930,1424116733,1698923820,0.01929,0.01932
1423867783,1423813112,1698923880,0.01932,0.01934
1423753051,1424048020,1698923940,0.01935,0.01935
1423941536,1424134067,1698924000,0.01935,0.01937
1424336106,1423741728,1698924060,0.01938,0.01937
1424162852,1424056824,1698924120,0.01937,0.01933
1423904112,1423972418,1698924180,0.01933,0.01933
1423956153,1424022435,1698924240,0.01934,0.01933
1424216013,1424024092,1698924300,0.01934,0.01933
1424155640,1423835272,1698924360,0.01932,0.0193
1424778761,1424622697,1698924420,0.01931,0.01928
1425062142,1425844099,1698924480,0.01929,0.0193
1426594577,1426594577,1698924540,0.0193,0.01931
1426710478,1426770749,1698924600,0.01932,0.0193
1427236835,1427236835,1698924660,0.0193,0.0193
1427356941,1427125501,1698924720,0.0193,0.01931
1426909207,1427112932,1698924780,0.01931,0.01933
1427403414,1427334150,1698924840,0.01933,0.01935
1427387106,1426524643,1698924900,0.01935,0.01937
1426439786,1426730804,1698924960,0.01937,0.01939
1426111881,1425326415,1698925020,0.01938,0.01942
1425379418,1425590473,1698925080,0.01941,0.01943
1425318716,1425237384,1698925140,0.01943,0.01945
1425790548,1425719990,1698925200,0.01944,0.01942
1424686951,1424719365,1698925260,0.01942,0.01944
1425361016,1425426479,1698925320,0.01943,0.01943
1429172513,1429484632,1698925380,0.01943,0.01943
1429458346,1429025081,1698925440,0.01944,0.01944
1427435104,1427114361,1698925500,0.01944,0.0194
1427645028,1427217827,1698925560,0.01939,0.01937
1429026950,1429059822,1698925620,0.01937,0.01937
1429074059,1428383814,1698925680,0.01937,0.01935
1428391471,1428420105,1698925740,0.01934,0.01933
1428202791,1428128964,1698925800,0.01933,0.01934
1427626431,1427566796,1698925860,0.01934,0.01932
1427585285,1427585285,1698925920,0.01931,0.01936
1427789136,1427131879,1698925980,0.01936,0.01936
1427103545,1427103545,1698926040,0.01936,0.01937
1426813650,1427124266,1698926100,0.01937,0.01938
1427107035,1427127568,1698926160,0.01938,0.01937
1427063047,1427063047,1698926220,0.01938,0.01938
1426948487,1426925381,1698926280,0.01938,0.0194
1426746866,1426351360,1698926340,0.01939,0.01939
1425969986,1425858262,1698926400,0.01939,0.01934
1426590185,1426064937,1698926460,0.01935,0.01934
1425940232,1425388982,1698926520,0.01934,0.01933
1425306281,1425207058,1698926580,0.01933,0.0193
1424979326,1419059183,1698926640,0.01931,0.01931
1418969331,1419491068,1698926700,0.01931,0.0193
1419758549,1419293181,1698926760,0.0193,0.0193
1418633751,1418275102,1698926820,0.0193,0.0193
1418357027,1418277924,1698926880,0.01931,0.01931
1418658346,1418950127,1698926940,0.0193,0.01932
1418973708,1418884622,1698927000,0.01932,0.01936
1418896427,1418918409,1698927060,0.01937,0.01938
1418659053,1418978511,1698927120,0.01938,0.0194
1418648871,1417848187,1698927180,0.01939,0.01938
1417151394,1416921629,1698927240,0.01938,0.0194
1416710882,1416848628,1698927300,0.0194,0.01939
1416841868,1416706253,1698927360,0.01939,0.0194
1416642521,1416559710,1698927420,0.01941,0.01941
1416624372,1416385106,1698927480,0.01941,0.0194
1416805021,1416805021,1698927540,0.01939,0.01941
1416768603,1417047480,1698927600,0.01941,0.01939
1417082734,1416560420,1698927660,0.0194,0.01937
1416762117,1416762117,1698927720,0.01936,0.01935
1416681889,1416803518,1698927780,0.01936,0.01937
1416853106,1418861970,1698927840,0.01937,0.01939
1418423502,1418327532,1698927900,0.01939,0.01938
1418261863,1418066150,1698927960,0.01938,0.01937
1418116228,1418213398,1698928020,0.01937,0.01933
1417697619,1418034871,1698928080,0.01933,0.01931
1417677473,1415209234,1698928140,0.0193,0.01926
1415338414,1416385139,1698928200,0.01925,0.01932
1416155318,1417016692,1698928260,0.01931,0.0193
1418330865,1418086791,1698928320,0.0193,0.01931
1418054043,1418023462,1698928380,0.0193,0.01935
1420771459,1420646276,1698928440,0.01934,0.0194
1422453663,1424995558,1698928500,0.0194,0.01936
1424529384,1424314246,1698928560,0.01935,0.01936
1423993369,1424290098,1698928620,0.01936,0.01937
1424096332,1424084154,1698928680,0.01936,0.01936
1423646850,1423750843,1698928740,0.01936,0.01938
1423402152,1423253046,1698928800,0.01938,0.01939
1424287210,1423773531,1698928860,0.01939,0.01938
1423801771,1423942913,1698928920,0.01937,0.01939
1424390694,1424315879,1698928980,0.01939,0.0194
1424164179,1424164179,1698929040,0.0194,0.0194
1424036642,1423244260,1698929100,0.0194,0.0194
1423345357,1423136574,1698929160,0.01939,0.01942
1423027175,1422908999,1698929220,0.01943,0.01942
1422788279,1423097502,1698929280,0.01942,0.0195
1422898484,1423129502,1698929340,0.0195,0.01951
1423560212,1424288883,1698929400,0.0195,0.01946
1424414119,1420923163,1698929460,0.01947,0.01946
1420838982,1422670056,1698929520,0.01946,0.01948
1422694581,1421682098,1698929580,0.01948,0.01943
1428587868,1428643765,1698929640,0.01944,0.01945
1428893388,1428864106,1698929700,0.01944,0.01942
1427406255,1427188966,1698929760,0.01941,0.01941
1427267673,1427037308,1698929820,0.01941,0.01938
1426867684,1426847416,1698929880,0.01938,0.01937
1425744765,1426222623,1698929940,0.01937,0.01935
1425799431,1425621288,1698930000,0.01934,0.01931
1426503469,1425975101,1698930060,0.01932,0.01935
1428851093,1428285889,1698930120,0.01935,0.01939
1428255058,1428553707,1698930180,0.01939,0.01939
1429351916,1429629216,1698930240,0.01939,0.01936
1430437347,1430437347,1698930300,0.01936,0.01933
1430487113,1430994264,1698930360,0.01933,0.01911
1414806132,1405731629,1698930420,0.0191,0.019
1411581102,1401356564,1698930480,0.019,0.01889
1399892721,1397062288,1698930540,0.0189,0.01895
1392834936,1390367165,1698930600,0.01895,0.01885
1389064264,1387985544,1698930660,0.01884,0.01891
1389298812,1386927346,1698930720,0.01891,0.01882
1386072067,1378796810,1698930780,0.01881,0.01866
1377395942,1376532306,1698930840,0.01867,0.01877
1374523339,1374886650,1698930900,0.01877,0.01875
1375618882,1376459474,1698930960,0.01874,0.01881
1377532684,1375694714,1698931020,0.01882,0.01886
1375787016,1376286122,1698931080,0.01886,0.01888
1376303826,1377062732,1698931140,0.01888,0.01892
1375584583,1374940303,1698931200,0.01892,0.01893
1374381707,1374531810,1698931260,0.01892,0.01899
1374283266,1372287606,1698931320,0.01898,0.01892
1372210427,1372111216,1698931380,0.01893,0.01891
1369604305,1369453231,1698931440,0.01892,0.01888
1369309799,1369597073,1698931500,0.01887,0.01891
1370190601,1369929728,1698931560,0.01891,0.01893
1370068734,1372602575,1698931620,0.01893,0.01888
1371996780,1371589174,1698931680,0.01888,0.01889
1370980313,1370273055,1698931740,0.01889,0.01887
1369644259,1369644259,1698931800,0.01887,0.01881
1365013683,1369802258,1698931860,0.01882,0.01892
1369575543,1369575543,1698931920,0.01891,0.01893
1369996806,1371118860,1698931980,0.01894,0.01893
1373903461,1374277313,1698932040,0.01894,0.01896
1373643485,1373393196,1698932100,0.01896,0.01898
1373273276,1373642885,1698932160,0.01897,0.01898
1374556415,1375135620,1698932220,0.01898,0.01899
1376150620,1375352491,1698932280,0.01899,0.01899
1375446091,1375631320,1698932340,0.01899,0.01894
1375523242,1376169696,1698932400,0.01894,0.01891
1377634545,1377001035,1698932460,0.0189,0.01886
1376171807,1376612963,1698932520,0.01886,0.01885
1377007010,1376534582,1698932580,0.01886,0.01882
1379146740,1369278698,1698932640,0.01882,0.01877
1367573382,1366065969,1698932700,0.01877,0.01876
1366804838,1367497030,1698932760,0.01876,0.01882
1364050580,1364114362,1698932820,0.01882,0.01881
1364114362,1364114362,1698932880,0.01881,0.01882
