"timestamp","OI_open","OI_close","price_close"
1697934960,8881857.6,8880189,5.467
1697935020,8885086.3,8889046.6,5.476
1697935080,8888823.7,8889272.6,5.475
1697935140,8887088.7,8888118.5,5.474
1697935200,8887410.5,8891281.5,5.477
1697935260,8893242.8,8890446.3,5.489
1697935320,8887425.1,8883581,5.492
1697935380,8876594.2,8877045.6,5.496
1697935440,8889797.6,8889797.6,5.499
1697935500,8878483.8,8874625.6,5.51
1697935560,8867304.5,8864887.2,5.516
1697935620,8863678.2,8870463.3,5.52
1697935680,8869866.5,8867310.5,5.531
1697935740,8871867.5,8858934,5.532
1697935800,8851869.2,8852778.4,5.543
1697935860,8853195.4,8841708.2,5.548
1697935920,8850868.5,8852878.5,5.553
1697935980,8859435.8,8862950.1,5.552
1697936040,8870558.3,8876736.9,5.55
1697936100,8876935.1,8876607.4,5.546
1697936160,8878881.5,8867116.3,5.542
1697936220,8863906.1,8854381.5,5.556
1697936280,8856202.2,8853006.1,5.565
1697936340,8849595.1,8856409.5,5.565
1697936400,8859004.4,8856719.7,5.557
1697936460,8852835.4,8849193.5,5.559
1697936520,8844706.6,8838419.2,5.559
1697936580,8844392.6,8858613.2,5.577
1697936640,8850961.4,8840815.2,5.589
1697936700,8845312.6,8839029.8,5.586
1697936760,8832444.2,8830181.5,5.573
1697936820,8833734.4,8831901.5,5.579
1697936880,8831329.1,8833064.8,5.583
1697936940,8832584.7,8831583.4,5.581
1697937000,8832474.6,8829297.4,5.59
1697937060,8824124.6,8827041.9,5.599
1697937120,8819888.9,8818054.2,5.593
1697937180,8803289.1,8798876.4,5.587
1697937240,8792910,8793799.6,5.59
1697937300,8791037.5,8790375.9,5.582
1697937360,8789652.6,8789652.6,5.573
1697937420,8789479.5,8786203,5.565
1697937480,8783341.1,8783341.1,5.561
1697937540,8782536,8729831.9,5.547
1697937600,8721777.3,8720267.6,5.554
1697937660,8725539.6,8727613.4,5.555
1697937720,8730747.2,8734295.7,5.562
1697937780,8734046,8734593.9,5.56
1697937840,8733696.4,8732640.9,5.551
1697937900,8733394.2,8732392.4,5.549
1697937960,8730155.3,8729943.3,5.548
1697938020,8736112.2,8733739.2,5.544
1697938080,8732268.9,8733288.4,5.543
1697938140,8728998.5,8731087.7,5.543
1697938200,8735497.1,8737866.3,5.55
1697938260,8737821.2,8739002.3,5.557
1697938320,8739438.6,8741060.4,5.555
1697938380,8741505.9,8742262.9,5.555
1697938440,8743968.2,8745852.6,5.549
1697938500,8740343.3,8737164.9,5.538
1697938560,8736384.6,8738698.6,5.542
1697938620,8740072.9,8743469.5,5.538
1697938680,8742728.5,8741959.2,5.543
1697938740,8740465.9,8759823.7,5.538
1697938800,8757754,8758321.6,5.538
1697938860,8757340.2,8759897.2,5.533
1697938920,8757716.6,8770062.1,5.523
1697938980,8768053.9,8766626.8,5.524
1697939040,8767161.8,8768527.2,5.517
1697939100,8768472.1,8765749.4,5.525
1697939160,8757114.5,8764609.6,5.538
1697939220,8762948.1,8759685.6,5.537
1697939280,8760971.1,8763647.6,5.542
1697939340,8760436.7,8760045.7,5.552
1697939400,8759951.2,8761291.1,5.546
1697939460,8762991.2,8762991.2,5.56
1697939520,8761054.4,8761792.5,5.556
1697939580,8761786.5,8761786.5,5.547
1697939640,8762703.5,8761695.8,5.554
1697939700,8761437.2,8757536,5.566
1697939760,8757677.5,8756337.7,5.576
1697939820,8755968.3,8754850.9,5.573
1697939880,8754967,8755478.3,5.571
1697939940,8755866.3,8756749.2,5.571
1697940000,8757898.1,8754632.6,5.566
1697940060,8755066.7,8756394.9,5.569
1697940120,8756123.4,8756436.2,5.566
1697940180,8755850.5,8755526.4,5.564
1697940240,8756525.1,8758414.9,5.56
1697940300,8791822.6,8782716.2,5.563
1697940360,8785574,8786767.9,5.555
1697940420,8787577.1,8789705.4,5.554
1697940480,8789733.6,8793682.1,5.552
1697940540,8789175.4,8789627.8,5.546
1697940600,8789129.8,8789185.7,5.552
1697940660,8797092.2,8801184.9,5.559
1697940720,8802091,8799850.3,5.561
1697940780,8801819.1,8809498.8,5.562
1697940840,8810952.2,8813055.5,5.567
1697940900,8812212.6,8811816.1,5.562
1697940960,8811010.8,8811480.3,5.548
1697941020,8811485.8,8807467.7,5.546
1697941080,8808428.6,8788269.7,5.536
1697941140,8776923.3,8776923.3,5.529
1697941200,8773179.5,8773629.4,5.537
1697941260,8772092.7,8773114.3,5.54
1697941320,8776952.2,8779364.4,5.535
1697941380,8777790,8785234.4,5.54
1697941440,8792244.1,8792579.1,5.54
1697941500,8793412.7,8792926.4,5.541
1697941560,8792987.6,8788589.6,5.541
1697941620,8788593.6,8783990.5,5.529
1697941680,8779739.7,8779796.7,5.536
1697941740,8780845.1,8780086,5.537
1697941800,8780500.5,8780439.3,5.542
1697941860,8781688.7,8789360.8,5.556
1697941920,8789503.4,8789123.4,5.562
1697941980,8789903.3,8789901.4,5.564
1697942040,8791046.2,8790527.5,5.561
1697942100,8791445.2,8790777.1,5.559
1697942160,8792445.4,8791266.3,5.561
1697942220,8791301.3,8805456.9,5.563
1697942280,8811715,8813385.2,5.572
1697942340,8812260.6,8830065.9,5.572
1697942400,8831319.7,8831580.1,5.579
1697942460,8831760.1,8826871.8,5.585
1697942520,8821674.7,8825026.9,5.59
1697942580,8824777.7,8829005.8,5.587
1697942640,8828996.1,8838095.4,5.596
1697942700,8832370.2,8832441.5,5.596
1697942760,8827385.1,8827385.1,5.597
1697942820,8817580.7,8818519,5.585
1697942880,8823847.9,8819002.2,5.577
1697942940,8817198.1,8818223.3,5.583
1697943000,8817361.2,8817223,5.578
1697943060,8817585.8,8816876.8,5.588
1697943120,8816534,8816047.2,5.59
1697943180,8816580.1,8814777.9,5.584
1697943240,8812608.7,8813382.4,5.579
1697943300,8812649.1,8813086.8,5.586
1697943360,8813941.9,8813830.5,5.587
1697943420,8813910.6,8810959.1,5.587
1697943480,8810737.8,8810101.1,5.59
1697943540,8811920.3,8813436.3,5.591
1697943600,8811753.7,8811478.6,5.58
1697943660,8813318.8,8805625.2,5.573
1697943720,8805621.2,8804040.5,5.571
1697943780,8799719.5,8791469.8,5.565
1697943840,8788181.7,8785721.6,5.563
1697943900,8785330.7,8784753.7,5.565
1697943960,8785254,8785198.5,5.567
1697944020,8784546,8783553.9,5.564
1697944080,8782493.7,8783075.9,5.571
1697944140,8781905.5,8781743.2,5.572
1697944200,8782403.8,8781733.7,5.563
1697944260,8799515.5,8796831.2,5.566
1697944320,8796848.9,8796445,5.562
1697944380,8793499.4,8793101.4,5.566
1697944440,8795906.1,8799379,5.569
1697944500,8808332.8,8828435.6,5.591
1697944560,8828926,8839898.1,5.599
1697944620,8846435,8841529.5,5.598
1697944680,8829387.7,8824016.1,5.608
1697944740,8823884,8823884,5.609
1697944800,8834358,8839143.2,5.601
1697944860,8836389.9,8835735.5,5.587
1697944920,8821484.2,8819823.1,5.583
1697944980,8820131.2,8816468.4,5.581
1697945040,8817206.1,8834626.1,5.578
1697945100,8832485.2,8833181,5.579
1697945160,8832777.6,8833067.3,5.579
1697945220,8834311.9,8844765.7,5.583
1697945280,8842418.9,8840968.4,5.582
1697945340,8836082.9,8832343,5.576
1697945400,8824757,8812155.5,5.571
1697945460,8807253.2,8806199.8,5.562
1697945520,8798985.9,8785582.4,5.546
1697945580,8785044.8,8783606.4,5.552
1697945640,8783376.5,8784371.7,5.547
1697945700,8782841.4,8784349.2,5.546
1697945760,8784806.3,8783853.3,5.542
1697945820,8786117.9,8786693,5.539
1697945880,8785914.5,8783999.2,5.543
1697945940,8785142.1,8788804.3,5.545
1697946000,8789591.1,8790232.2,5.544
1697946060,8795116.1,8795067.8,5.551
1697946120,8793679.5,8793642.1,5.548
1697946180,8792707.5,8794474.7,5.55
1697946240,8793681.7,8793562.8,5.546
1697946300,8794039.3,8793250.6,5.549
1697946360,8790609.8,8792493.3,5.548
1697946420,8792212.3,8791423.3,5.543
1697946480,8790407.8,8790407.8,5.543
1697946540,8790895.2,8793473,5.542
1697946600,8792957.6,8792957.6,5.536
1697946660,8793081.7,8792557.5,5.539
1697946720,8794317.5,8792694.9,5.534
1697946780,8794001.5,8793119.2,5.538
1697946840,8792485.4,8791838.9,5.539
1697946900,8790824.9,8793628.3,5.544
1697946960,8797699.5,8798323.1,5.547
1697947020,8800533.6,8799119.9,5.554
1697947080,8801016.2,8808606.8,5.552
1697947140,8808085.6,8812314,5.553
1697947200,8811150.5,8812182.4,5.552
1697947260,8813808.4,8821698.6,5.548
1697947320,8829363.8,8828738.3,5.552
1697947380,8831173.3,8831540,5.553
1697947440,8823984.1,8828898,5.547
1697947500,8834793.3,8833406,5.546
1697947560,8834127.3,8833707.6,5.557
1697947620,8834437,8842553.7,5.577
1697947680,8848320,8851056,5.573
1697947740,8847512.2,8845675,5.58
1697947800,8844967,8867015.2,5.602
1697947860,8873148.6,8886836.3,5.604
1697947920,8893609,8893609,5.604
1697947980,8903318.1,8905770.1,5.62
1697948040,8909123.8,8914156.6,5.611
1697948100,8919781.8,8919781.8,5.632
1697948160,8933809.8,8942264.5,5.633
1697948220,8940536.7,8922454.8,5.651
1697948280,8917851.1,8913390.2,5.64
1697948340,8909189,8905831.1,5.647
1697948400,8912379.8,8914567.9,5.642
1697948460,8911045.6,8912629.1,5.646
1697948520,8908595.4,8901124.6,5.659
1697948580,8896851.7,8916017.4,5.646
1697948640,8916048.9,8915112.9,5.643
1697948700,8906844.4,8886257.5,5.652
1697948760,8885475,8885830.3,5.643
1697948820,8888770.9,8887901.7,5.658
1697948880,8885441,8903019.1,5.676
1697948940,8901685.3,8907297.2,5.687
1697949000,8908449,8901663,5.679
1697949060,8898756.1,8895169.2,5.667
1697949120,8897228.9,8897310.7,5.667
1697949180,8902172.3,8899926.7,5.658
1697949240,8901448.9,8902465.2,5.664
1697949300,8895639.8,8894128.7,5.679
1697949360,8909386.6,8910523,5.682
1697949420,8898962.2,8900955,5.685
1697949480,8899381.5,8899158.5,5.678
1697949540,8895959.5,8891239.5,5.672
1697949600,8891658.2,8891629.1,5.682
1697949660,8897040.3,8897947.8,5.68
1697949720,8897362,8901333.6,5.671
1697949780,8905530.3,8908005.1,5.679
1697949840,8908129.6,8908129.6,5.673
1697949900,8906452.7,8903103.8,5.673
1697949960,8903293.3,8903371.7,5.677
1697950020,8903288.5,8899999,5.67
1697950080,8899704.7,8897481.7,5.681
1697950140,8899097.1,8901229.8,5.689
1697950200,8910094.9,8909065.1,5.689
1697950260,8908095.9,8910228.3,5.673
1697950320,8905731.5,8897862.5,5.666
1697950380,8899847.5,8895759.5,5.658
1697950440,8892729.3,8892868.9,5.654
1697950500,8894146,8893106.5,5.663
1697950560,8896114.8,8893072.5,5.666
1697950620,8894926.1,8892631.2,5.662
1697950680,8893398.8,8892352.4,5.671
1697950740,8893062.9,8894288,5.666
1697950800,8890877.6,8892600.8,5.673
1697950860,8891675.1,8891304.2,5.664
1697950920,8892521.3,8893459.8,5.667
1697950980,8894797.1,8895423.1,5.665
1697951040,8892966.1,8891796.4,5.661
1697951100,8898803.6,8899554.4,5.67
1697951160,8899907.7,8900154.8,5.659
1697951220,8900468.1,8895855,5.65
1697951280,8889887.3,8880867.5,5.643
1697951340,8866067,8866556,5.651
1697951400,8866030.9,8868434.3,5.65
1697951460,8866903.2,8867088.7,5.658
1697951520,8866275.8,8866809.3,5.652
1697951580,8865735.5,8865357.4,5.645
1697951640,8863605.4,8863822.1,5.649
1697951700,8863784.3,8864779.7,5.653
1697951760,8864841.8,8866712.6,5.661
1697951820,8867553.8,8868815,5.664
1697951880,8872326.3,8879229.8,5.682
1697951940,8879029.7,8879029.7,5.676
1697952000,8878091,8883369.5,5.679
1697952060,8884643.5,8877814.9,5.673
1697952120,8875360,8873612.7,5.669
1697952180,8870790.3,8870844.8,5.683
1697952240,8874439,8879087,5.682
1697952300,8881784.1,8882551.4,5.678
1697952360,8877559.2,8876377.9,5.678
1697952420,8878347.1,8877867,5.674
1697952480,8879079.5,8879163,5.67
1697952540,8879884,8880386.8,5.667
1697952600,8881786.2,8880078.9,5.668
1697952660,8880583.6,8879799.3,5.666
1697952720,8882049.6,8881838.4,5.658
1697952780,8875569.3,8877366.2,5.669
1697952840,8877969.6,8881331.7,5.661
1697952900,8879654.7,8882268.1,5.665
1697952960,8880674.6,8882517.4,5.659
1697953020,8884566.8,8886160.2,5.662
1697953080,8884646.5,8884259,5.657
1697953140,8885742.4,8890974.5,5.674
1697953200,8889997.8,8890561.8,5.676
1697953260,8891438.2,8891518.8,5.672
1697953320,8900119.5,8905872.7,5.674
1697953380,8905128.6,8905882.7,5.669
1697953440,8903806.1,8906036.4,5.665
1697953500,8905721.8,8906479.1,5.675
1697953560,8905656.4,8925759.9,5.69
1697953620,8937737.9,8937737.9,5.694
1697953680,8944467.2,8948014.4,5.698
1697953740,8955663.8,8959969.8,5.714
1697953800,8967730.8,8980794.7,5.722
1697953860,8988582.2,9003082.1,5.716
1697953920,9007723.9,9003056.4,5.744
1697953980,8996940.3,8972195.1,5.818
1697954040,8980003.8,8977857.6,5.842
1697954100,8982550.8,8997174.2,5.855
1697954160,9016103.1,9004543.5,5.841
1697954220,8985696.2,8982375.5,5.818
1697954280,8968807.3,8971211.8,5.806
1697954340,8958134.2,8961606.7,5.802
1697954400,8928452.4,8942526.1,5.808
1697954460,8948020.1,8949942.5,5.838
1697954520,8954236,8953804.6,5.817
1697954580,8963032.1,8971396.1,5.822
1697954640,8968993.1,8971663,5.833
1697954700,8976337.5,8971726.7,5.811
1697954760,8975971.1,8979041.9,5.822
1697954820,8980176.2,8980662.5,5.821
1697954880,8977516.1,8971933.1,5.807
1697954940,8969860.5,8971117.1,5.809
1697955000,8976213.3,8983988.2,5.811
1697955060,8985532,8984107.9,5.818
1697955120,8991720.6,8975434.1,5.798
1697955180,8983001.4,8972644.8,5.788
1697955240,8970982.6,8965838.6,5.785
1697955300,8963696.8,8964421.2,5.78
1697955360,8966132.5,8988281.1,5.793
1697955420,8989695.5,8989695.5,5.769
1697955480,8979938.2,8975123.6,5.762
1697955540,8976983.1,8976692.3,5.769
1697955600,8976261.1,8976261.1,5.764
1697955660,8974401.7,8976484.2,5.747
1697955720,8967028.3,8951088.1,5.74
1697955780,8955180.9,8954543.8,5.732
1697955840,8942556.2,8944406.1,5.73
1697955900,8944138.9,8946415.5,5.723
1697955960,8944955.4,8943724.9,5.733
1697956020,8951565.3,8963054.5,5.737
1697956080,8963036.9,8962557.9,5.743
1697956140,8961706.5,8972900.3,5.734
1697956200,8977382.3,8983895.9,5.729
1697956260,8986779.2,8987302.4,5.743
1697956320,8989460.1,8988814.1,5.732
1697956380,8991127.6,8993073.9,5.74
1697956440,8993648,8993724.8,5.732
1697956500,8994032.8,8994669.3,5.741
1697956560,8994537.7,8994735.6,5.741
1697956620,8995145.5,8993883.5,5.748
1697956680,8994046.7,8976730,5.756
1697956740,8977980.2,8977362.1,5.761
1697956800,8978362,8971211.1,5.752
1697956860,8971364.1,8970398.9,5.752
1697956920,8970504.1,8973415.2,5.755
1697956980,8971762.2,8974780.2,5.753
1697957040,8974634,8974187.3,5.753
1697957100,8976084.5,8972261.7,5.752
1697957160,8971623.9,8970332.2,5.761
1697957220,8974083.2,8976796,5.768
1697957280,8978019.5,8996695.2,5.739
1697957340,8995475.9,8995705.6,5.747
1697957400,8998922.9,9000935.8,5.76
1697957460,8999341.8,8999341.8,5.767
1697957520,8996391.5,8997225.3,5.757
1697957580,8997411,8997411,5.755
1697957640,8999406.5,8999119.2,5.781
1697957700,8974756.8,8975338.8,5.787
1697957760,8977265.3,8976841.6,5.794
1697957820,8978888.1,8989990.1,5.807
1697957880,8996123.6,8998082.1,5.807
1697957940,9001326.6,9007307.4,5.807
1697958000,9014073.1,9022693.5,5.82
1697958060,9022041.3,9027127.1,5.83
1697958120,9031119.7,9044325.3,5.819
1697958180,9044547.9,9039733.7,5.812
1697958240,9039608.9,9036600,5.819
1697958300,9036521,9036035.3,5.797
1697958360,9037248.5,9010644.3,5.799
1697958420,9008397.9,9025126.1,5.836
1697958480,9040410.3,9069886.8,5.815
1697958540,9072987.5,9123847.8,5.852
1697958600,9137741.9,9137902.4,5.925
1697958660,9120292.9,9109774.6,5.951
1697958720,9149143.2,9124693.6,5.977
1697958780,9121659.3,9127322.9,5.961
1697958840,9124121.4,9142854.7,5.966
1697958900,9159291.2,9180264,5.98
1697958960,9213793.3,9171664.7,6.031
1697959020,9210405.1,9238405.5,6.057
1697959080,9260050.6,9318497,6.058
1697959140,9328743.2,9365624.1,6.053
1697959200,9369812,9355103.8,6.158
1697959260,9392886.6,9332699.5,6.229
1697959320,9340346.2,9369159.6,6.202
1697959380,9371516.4,9353414.4,6.201
1697959440,9381012.4,9387516.8,6.147
1697959500,9353493.2,9371131.7,6.178
1697959560,9356482.8,9364042.8,6.207
1697959620,9423660.5,9412034.6,6.172
1697959680,9406354.7,9403175.8,6.166
1697959740,9414759.7,9414759.7,6.153
1697959800,9415090,9434284.4,6.174
1697959860,9435271,9435271,6.113
1697959920,9372920.6,9370236.1,6.114
1697959980,9338579.9,9338579.9,6.112
1697960040,9328948.2,9343978.3,6.121
1697960100,9363935.5,9351092.6,6.107
1697960160,9353858.8,9324010.3,6.086
1697960220,9317564.3,9320636.7,6.077
1697960280,9289365.3,9296079.2,6.09
1697960340,9310432.9,9299199.2,6.047
1697960400,9256571,9242519.9,5.984
1697960460,9148337.5,9142045.2,6.018
1697960520,9171053.6,9158149.6,6
1697960580,9165944.1,9183652.9,6.044
1697960640,9182608.3,9179755.4,6.04
1697960700,9200235,9222189.4,6.053
1697960760,9238577.1,9243568.2,6.068
1697960820,9230667.8,9230812.7,6.068
1697960880,9243826.9,9243649.9,6.06
1697960940,9242254,9253295.6,6.067
1697961000,9255965.2,9259508.4,6.052
1697961060,9247981,9216704,6.059
1697961120,9230811.6,9237945.4,6.033
1697961180,9241116.2,9247409,6.014
1697961240,9252071.9,9252232.1,6.01
1697961300,9235275.4,9242542.6,6.011
1697961360,9246253.3,9242141.2,6.004
1697961420,9250395.2,9239767.6,6.025
1697961480,9238599.6,9235442.2,6.012
1697961540,9246439.1,9252288,6.024
1697961600,9255439.6,9254360.3,6.045
1697961660,9266699.8,9276629.8,6.066
1697961720,9284599,9290927.2,6.077
1697961780,9289920.4,9315087.9,6.084
1697961840,9357381.4,9402051.9,6.075
1697961900,9401479.9,9402561.8,6.068
1697961960,9407795.6,9403995.5,6.067
1697962020,9381586.4,9366390,6.036
1697962080,9370474.2,9379754.4,6.036
1697962140,9383227.6,9374321.1,6.029
1697962200,9368056.6,9372899.1,6.023
1697962260,9376805.8,9376805.8,6.033
1697962320,9381032.6,9381905.2,6.019
1697962380,9382473.6,9371986,6.037
1697962440,9371305.7,9372446.2,6.023
1697962500,9380360.1,9380360.1,6.02
1697962560,9384636.2,9382091.4,6.058
1697962620,9390437.6,9397873.2,6.063
1697962680,9397277.1,9401673.8,6.065
1697962740,9406575.6,9413750.8,6.051
1697962800,9418179.9,9422283.2,6.04
1697962860,9421938.5,9422860,6.02
1697962920,9426399.1,9408768.1,5.976
1697962980,9409157.6,9340982.4,5.931
1697963040,9342048.1,9324807.7,5.928
1697963100,9332909.1,9312052.6,5.893
1697963160,9311179.6,9313067.5,5.899
1697963220,9310096.5,9312221.1,5.858
1697963280,9270732,9265600.9,5.862
1697963340,9274640,9274754.5,5.848
1697963400,9287086.4,9290861.6,5.842
1697963460,9288812.7,9291656.8,5.84
1697963520,9280730.9,9304196.1,5.847
1697963580,9276353.3,9286187.9,5.853
1697963640,9299156.8,9304096.1,5.858
1697963700,9321728.2,9330568,5.876
1697963760,9347908.3,9357517.8,5.875
1697963820,9361030.8,9370888.6,5.863
1697963880,9371235.3,9376428.7,5.879
1697963940,9365969.4,9389765.3,5.916
1697964000,9396355.2,9401093.8,5.935
1697964060,9406970,9421267.8,5.924
1697964120,9424256.1,9411386.9,5.917
1697964180,9406024.7,9405584.6,5.927
1697964240,9403181.6,9403181.6,5.922
1697964300,9402223.7,9410015.9,5.97
1697964360,9463242.7,9491879.3,5.958
1697964420,9485767.2,9481805.6,5.955
1697964480,9496398.5,9502354.1,5.957
1697964540,9503689,9501154.6,5.957
1697964600,9506614.2,9507800.2,5.954
1697964660,9514560.1,9523899.5,5.948
1697964720,9524082.4,9528257.6,5.953
1697964780,9535557.2,9538281.9,5.948
1697964840,9547770.1,9548900.9,5.932
1697964900,9602615.6,9580476.4,5.914
1697964960,9586088.8,9581238.3,5.929
1697965020,9584074.6,9584984.3,5.951
1697965080,9581893,9579258.8,5.934
1697965140,9581821.7,9581245.9,5.925
1697965200,9585671.3,9590324.9,5.927
1697965260,9588832.3,9590892.8,5.955
1697965320,9612836.2,9622272.1,5.937
1697965380,9624710.6,9622158.2,5.942
1697965440,9625346.6,9627795.4,5.937
1697965500,9629438.2,9617739.3,5.931
1697965560,9615092.8,9620492.8,5.928
1697965620,9625331.5,9622615.7,5.931
1697965680,9621897.5,9620754.3,5.91
1697965740,9592136.1,9588509.8,5.927
1697965800,9592175.8,9596887.1,5.951
1697965860,9601220.5,9602496.4,5.948
1697965920,9605692.9,9613183.3,5.96
1697965980,9611521.6,9610666.8,5.961
1697966040,9614671.3,9617257,5.954
1697966100,9620432,9622008.5,5.96
1697966160,9625768,9630870.5,5.988
1697966220,9637101.8,9647686.2,5.983
1697966280,9665098.4,9747190,6.023
1697966340,9763442.2,9763442.2,6.005
1697966400,9769209.7,9808005,6.023
1697966460,9802989.1,9816038.6,6.02
1697966520,9817265.4,9817209.9,6.009
1697966580,9821307.8,9828994.9,6.02
1697966640,9829500.6,9831924.5,6.02
1697966700,9844899.7,9839977.2,6.021
1697966760,9849399.6,9842465.4,6.033
1697966820,9844081.1,9843734.2,6.027
1697966880,9849661.9,9854722.5,6.011
1697966940,9852614.3,9863181.2,6.016
1697967000,9861891.1,9869900.3,6.018
1697967060,9873353.3,9888367.7,6.053
1697967120,9899096.6,9897850.6,6.033
1697967180,9907857.4,9898033.7,6.016
1697967240,9897877.8,9877117.2,5.991
1697967300,9872021.8,9879048.5,5.988
1697967360,9881177.7,9868623.1,6
1697967420,9878126.8,9885594,6.012
1697967480,9889125.4,9887356.6,6.007
1697967540,9888538.4,9888852.2,5.999
1697967600,9887904.9,9887651.2,6.005
1697967660,9900431.5,9904025.1,6.023
1697967720,9900591.6,9904651.6,6.03
1697967780,9911118.5,9910890,6.021
1697967840,9910050.1,9909243.5,6.023
1697967900,9896188.7,9898773.5,6.034
1697967960,9899213,9897990.3,6.027
1697968020,9900349.2,9900447.1,6.001
1697968080,9891393.3,9893219.5,5.995
1697968140,9894777.9,9897382.1,5.997
1697968200,9902278.8,9902225.6,5.995
1697968260,9901396.6,9903936,6.014
1697968320,9902840.8,9901757.9,5.999
1697968380,9906473.1,9906473.1,6.009
1697968440,9908281.1,9920021,6.009
1697968500,9925490.8,9925490.8,6.006
1697968560,9924900.6,9930704.2,5.991
1697968620,9934780.8,9934027.7,6.001
1697968680,9932002.4,9930371.5,5.99
1697968740,9932352.5,9934215.3,5.973
1697968800,9916983.4,9919631,5.983
1697968860,9919546.9,9902376.3,6.006
1697968920,9908614.4,9900109.2,6.015
1697968980,9910345.1,9918648.4,6.003
1697969040,9922509.1,9926401.1,5.991
1697969100,9928965.1,9926967.2,5.978
1697969160,9925838.6,9925134.7,5.987
1697969220,9921886.2,9920527.1,5.986
1697969280,9922218.2,9921333.4,5.98
1697969340,9921293.8,9918771.1,5.988
1697969400,9917250.6,9920509.7,5.994
1697969460,9918925.5,9919913.1,6.004
1697969520,9915661.2,9917460.1,6.01
1697969580,9919079.3,9918952.8,6.008
1697969640,9915436.5,9915711.5,6.011
1697969700,9917682.1,9923177.2,6.025
1697969760,9925917.9,9937217.9,6.046
1697969820,9937815.1,9939813.2,6.039
1697969880,9944650.6,9947964.5,6.065
1697969940,9944349.1,9940822.5,6.053
1697970000,9952523.5,9956361.3,6.09
1697970060,9969095.5,9975388.3,6.068
1697970120,9976610.9,9981215.1,6.063
1697970180,10020133.2,10013836.8,6.049
1697970240,10026565.6,10023759.4,6.038
1697970300,10025409.2,10048191.5,6.061
1697970360,10072236.5,10070494.2,6.056
1697970420,10073773.3,10090031,6.084
1697970480,10103120.7,10104563,6.083
1697970540,10110926.6,10118195.3,6.082
1697970600,10115692.1,10138815.9,6.096
1697970660,10166947.3,10166947.3,6.131
1697970720,10170848.6,10241630.4,6.157
1697970780,10285063.7,10285063.7,6.179
1697970840,10295387.5,10295842.5,6.168
1697970900,10290167.8,10282979.7,6.242
1697970960,10300686.9,10337767.7,6.255
1697971020,10393004.2,10415992.2,6.241
1697971080,10465850.3,10421597.1,6.192
1697971140,10405732.9,10425317.3,6.201
1697971200,10414629.6,10388961.2,6.178
1697971260,10391396.2,10398562.6,6.189
1697971320,10408058,10419397.1,6.174
1697971380,10429988.1,10445863.2,6.193
1697971440,10460346.4,10473240.5,6.178
1697971500,10474638.6,10482445.4,6.197
1697971560,10510014.7,10525069.2,6.184
1697971620,10516509,10415989.4,6.142
1697971680,10385432.8,10387076.7,6.139
1697971740,10394518.4,10395840.7,6.142
1697971800,10393602.3,10402582.7,6.137
1697971860,10408996.6,10412553.1,6.136
1697971920,10419592.2,10420420,6.117
1697971980,10386446.2,10384436.5,6.128
1697972040,10384197.9,10391463.9,6.134
1697972100,10385613.3,10407831.9,6.132
1697972160,10391543,10382371.1,6.113
1697972220,10382754.4,10376244.6,6.118
1697972280,10374976.9,10375357.1,6.115
1697972340,10374032.6,10374420.4,6.116
1697972400,10383838,10361546.8,6.129
1697972460,10364840.2,10370728.6,6.143
1697972520,10383915.6,10380095.7,6.114
1697972580,10396994.7,10424619.6,6.103
1697972640,10417826.2,10395415.5,6.097
1697972700,10391639.4,10395686.1,6.065
1697972760,10396154,10401118.5,6.071
1697972820,10397140.2,10392799.7,6.061
1697972880,10386726.9,10379083.8,6.06
1697972940,10341910.8,10347144,6.05
1697973000,10361238.1,10366893.2,6.055
1697973060,10371657.2,10371657.2,6.072
1697973120,10356963.6,10354619.7,6.06
1697973180,10354643.6,10358998.1,6.071
1697973240,10378337.6,10377671.4,6.08
1697973300,10369933.2,10373722.3,6.088
1697973360,10368136.6,10373229.7,6.084
1697973420,10376511.9,10377377.2,6.09
1697973480,10381425.9,10388625.3,6.104
1697973540,10395031.3,10404649.9,6.094
1697973600,10397393.1,10399747.9,6.085
1697973660,10397463.3,10393917.9,6.083
1697973720,10399024.8,10400009.5,6.106
1697973780,10400602.8,10399378.3,6.088
1697973840,10385745.7,10390375.8,6.09
1697973900,10391134.4,10393659.1,6.099
1697973960,10395271.4,10402017.6,6.108
1697974020,10402856.8,10406164.5,6.113
1697974080,10416674.6,10418166.4,6.103
1697974140,10409487.1,10394484.3,6.053
1697974200,10352162.5,10330941.3,6.02
1697974260,10323125.3,10320712.9,6.012
1697974320,10320171.6,10315184.6,6.025
1697974380,10304809.3,10292675.9,6.004
1697974440,10294334.8,10294742.8,6.015
1697974500,10298625.7,10290910.3,6.005
1697974560,10273639.7,10263136.3,5.987
1697974620,10271984.7,10264986.5,5.996
1697974680,10270383.9,10269017.2,5.993
1697974740,10266393.1,10268113.9,5.993
1697974800,10271498.9,10267203.9,6.004
1697974860,10270981.7,10287487.3,6.013
1697974920,10288383.3,10284221.3,6.011
1697974980,10282737.5,10284508.3,6.011
1697975040,10288228.2,10290756.3,6.017
1697975100,10286011.7,10288263,6.034
1697975160,10286996.1,10286672.9,6.028
1697975220,10295874.4,10295874.4,6.03
1697975280,10302643.7,10305337.7,6.027
1697975340,10305560.3,10304114.5,6.02
1697975400,10300013.3,10298649.5,6.001
1697975460,10295759.7,10302775.8,5.994
1697975520,10310200,10318408.4,6.013
1697975580,10315137.4,10326985.2,6.034
1697975640,10355481.7,10360392.7,6.048
1697975700,10364064.2,10364772.2,6.062
1697975760,10361992.1,10368639.1,6.054
1697975820,10379524,10380614,6.062
1697975880,10374246.7,10368013,6.059
1697975940,10370625.7,10370967.6,6.064
1697976000,10376094.4,10373544.1,6.064
1697976060,10365745.2,10372056.9,6.067
1697976120,10377956.3,10383625.3,6.069
1697976180,10384089.3,10395852.2,6.068
1697976240,10396557.5,10391175.4,6.073
1697976300,10391910.2,10396406,6.087
1697976360,10398125.1,10394927,6.092
1697976420,10398665.7,10405288,6.103
1697976480,10405469.1,10438912.8,6.086
1697976540,10442463.8,10456016.4,6.063
1697976600,10443256.4,10445590.3,6.084
1697976660,10446908.7,10455979.7,6.094
1697976720,10464912.6,10467532.3,6.094
1697976780,10466260.4,10469460.9,6.093
1697976840,10471397.6,10474202.2,6.085
1697976900,10473512.3,10475401.4,6.082
1697976960,10475478.3,10473268.8,6.076
1697977020,10473039.3,10472200.2,6.097
1697977080,10479515.5,10481195.9,6.094
1697977140,10485671.1,10485960.2,6.089
1697977200,10483519,10486118.8,6.081
1697977260,10487043.7,10495972.8,6.095
1697977320,10487988.6,10488297.9,6.094
1697977380,10486877.2,10487980.6,6.089
1697977440,10488105.8,10490984.7,6.104
1697977500,10481971.8,10485920.2,6.094
1697977560,10486663.7,10489579.7,6.093
1697977620,10490886.1,10490886.1,6.086
1697977680,10489191.2,10486345.6,6.082
1697977740,10485341.8,10489505.7,6.095
1697977800,10493681.1,10494190.3,6.087
1697977860,10494909.5,10494750.9,6.076
1697977920,10476893.6,10459854.4,6.042
1697977980,10445021,10449653.8,6.049
1697978040,10447916.8,10452229.8,6.05
1697978100,10451515,10462060.9,6.046
1697978160,10465042.8,10456489,6.048
1697978220,10458575.6,10458064.8,6.053
1697978280,10456355.5,10452977.9,6.051
1697978340,10453535.9,10447300,6.078
1697978400,10442851.2,10457506.3,6.091
1697978460,10459814.7,10466421.4,6.102
1697978520,10462057,10470361.1,6.119
1697978580,10479927.5,10481719.2,6.109
1697978640,10492719.5,10497442,6.117
1697978700,10501663.6,10504177.7,6.117
1697978760,10511958.7,10511187.2,6.099
1697978820,10500628.3,10501380.1,6.103
1697978880,10506726.7,10507165.7,6.104
1697978940,10503925.4,10506689.3,6.106
1697979000,10513442,10522725.5,6.103
1697979060,10517161.1,10515506.3,6.096
1697979120,10525331.4,10533979.4,6.116
1697979180,10535724.7,10536215.3,6.123
1697979240,10545415.9,10546546.4,6.116
1697979300,10550080.6,10556721.9,6.108
1697979360,10563823.5,10569191.7,6.105
1697979420,10580713.3,10580713.3,6.089
1697979480,10562230.6,10526469.2,6.08
1697979540,10539704.8,10539704.8,6.077
1697979600,10545157.6,10539030.8,6.103
1697979660,10543096.4,10547157.6,6.099
1697979720,10554962.9,10550416.1,6.106
1697979780,10548167.5,10547643.1,6.107
1697979840,10549271.8,10550879.1,6.116
1697979900,10551744,10553080.7,6.116
1697979960,10564030,10561364.5,6.113
1697980020,10558143.9,10560094.2,6.131
1697980080,10560122.4,10561842.1,6.135
1697980140,10567779.6,10530878.6,6.136
1697980200,10530563.4,10528662.1,6.129
1697980260,10527896.4,10533128.8,6.117
1697980320,10540918.3,10538669.5,6.127
1697980380,10537425.7,10541961.8,6.12
1697980440,10538074,10543162.7,6.126
1697980500,10543889.1,10550389,6.159
1697980560,10534914.5,10538197.4,6.155
1697980620,10537604.9,10536449.7,6.157
1697980680,10540593.9,10547509,6.146
1697980740,10543556.8,10549201.3,6.154
1697980800,10550271,10551683.2,6.149
1697980860,10549897.4,10551663.8,6.149
1697980920,10552496.8,10568927.5,6.154
1697980980,10571757.4,10577121.8,6.154
1697981040,10583830.9,10602861.9,6.157
1697981100,10600168.1,10601174.7,6.15
1697981160,10595095.8,10597263.9,6.161
1697981220,10599847.5,10609059.7,6.166
1697981280,10608147,10611401.9,6.163
1697981340,10604529.5,10607066.1,6.152
1697981400,10585945.2,10555618,6.134
1697981460,10515749,10521371.3,6.115
1697981520,10515424,10520591.5,6.122
1697981580,10536782.6,10542761.5,6.125
1697981640,10550136.8,10548199,6.121
1697981700,10548848.4,10541524,6.124
1697981760,10543348.9,10540701.1,6.114
1697981820,10535493.9,10535493.9,6.117
1697981880,10536869.9,10537865.3,6.117
1697981940,10539567.3,10538860.3,6.123
1697982000,10537282.8,10538616.1,6.111
1697982060,10532289.4,10532555.4,6.121
1697982120,10532375.2,10533581.4,6.113
1697982180,10532316.6,10534876.7,6.101
1697982240,10531183.5,10530942.2,6.086
1697982300,10523935,10525198.6,6.093
1697982360,10530917.3,10526184.4,6.084
1697982420,10489651,10493148.3,6.093
1697982480,10495392.4,10492664.9,6.076
1697982540,10475825.6,10479207.1,6.065
1697982600,10471876.5,10472110,6.069
1697982660,10473806.2,10479264.4,6.069
1697982720,10481252,10482521.4,6.063
1697982780,10490993.2,10486642.9,6.064
1697982840,10484269.5,10481058.9,6.058
1697982900,10482284.5,10479385.6,6.072
1697982960,10477825.7,10480486.7,6.076
1697983020,10490790.6,10485890.1,6.079
1697983080,10494850.5,10496036.5,6.075
1697983140,10498838.5,10504645.9,6.078
1697983200,10498561.3,10497122.5,6.081
1697983260,10496137.1,10499840.1,6.072
1697983320,10500067.4,10499319.8,6.057
1697983380,10514466.8,10526707.1,6.071
1697983440,10528571.9,10513762.1,6.073
1697983500,10506830.6,10508187.9,6.083
1697983560,10500939.6,10504433.8,6.088
1697983620,10494178.9,10500456.1,6.089
1697983680,10502780.6,10507000.1,6.097
1697983740,10514586.6,10498165,6.115
1697983800,10500703.4,10505239.3,6.111
1697983860,10510084.2,10509046.5,6.109
1697983920,10494331.8,10491413.2,6.093
1697983980,10489973.3,10495362.1,6.093
1697984040,10499837,10480988.5,6.087
1697984100,10478057.7,10477984.2,6.08
1697984160,10471987.3,10477032.5,6.074
1697984220,10475535.9,10475535.9,6.081
1697984280,10473302.5,10452370.2,6.1
1697984340,10451830.9,10451675.1,6.101
1697984400,10459272.7,10454520,6.087
1697984460,10450965.2,10438733,6.041
1697984520,10407513.7,10360879.7,6.01
1697984580,10331691,10328984.9,6.02
1697984640,10343499.6,10330075.6,6.023
1697984700,10325654.9,10326065.7,6.003
1697984760,10291949.8,10294635.6,6.008
1697984820,10297669.4,10302274.8,6.004
1697984880,10301837.5,10285851.2,5.988
1697984940,10254662.6,10249405.3,5.997
1697985000,10246743.7,10244723.3,5.983
1697985060,10219737.2,10203806.2,5.986
1697985120,10207171.6,10206722.3,5.988
1697985180,10203418.5,10203189,5.996
1697985240,10208269.2,10211689.8,6.008
1697985300,10210706.8,10211819.4,6
1697985360,10204641.3,10208361.3,6.004
1697985420,10207901.1,10210185.5,6.003
1697985480,10212079.9,10212738.6,6.003
1697985540,10212692.1,10210746.2,5.989
1697985600,10206920.6,10210713.1,5.99
1697985660,10217586.9,10221971,5.994
1697985720,10224035.3,10229111.9,6.005
1697985780,10236437.5,10239456.7,5.988
1697985840,10243979.7,10240440.6,6.002
1697985900,10254851.1,10259225.9,6.009
1697985960,10265368.9,10225074.4,5.963
1697986020,10201552.3,10150964.4,5.959
1697986080,10146149.9,10139357.1,5.945
1697986140,10126739.4,10115419.7,5.933
1697986200,10105185.9,10117046.6,5.945
1697986260,10126693.3,10125731.9,5.952
1697986320,10123209.1,10119151.5,5.955
1697986380,10122854.5,10124767.6,5.951
1697986440,10125692.1,10127575.3,5.96
1697986500,10137983,10145176.6,5.959
1697986560,10148771.5,10146263.5,5.962
1697986620,10142217.9,10161967.4,5.961
1697986680,10157723.1,10157723.1,5.954
1697986740,10159951.5,10164801.4,5.956
1697986800,10169148.9,10169148.9,5.953
1697986860,10168817.8,10157546.6,5.938
1697986920,10150380.3,10140177.1,5.932
1697986980,10129794.5,10125161.6,5.956
1697987040,10125109.2,10122620.7,5.945
1697987100,10122722.8,10123354.6,5.943
1697987160,10126112.8,10105350.2,5.917
1697987220,10087296.2,10088066.1,5.935
1697987280,10090454,10090255.9,5.937
1697987340,10088760.4,10084276.3,5.943
1697987400,10085528.8,10082424.5,5.937
1697987460,10081920.1,10085397.2,5.926
1697987520,10094505.4,10087304.3,5.91
1697987580,10069251.6,10063746.5,5.913
1697987640,10064699.7,10049158.5,5.912
1697987700,10049301.1,10041834.4,5.932
1697987760,10002497.1,9998576.2,5.929
1697987820,9985311.1,9988995.7,5.938
1697987880,9998963.3,10009489.3,5.934
1697987940,10007634.1,10009434,5.938
1697988000,10016722,10014927.2,5.921
1697988060,10016776.2,10018858.8,5.918
1697988120,10015036,10016072.4,5.903
1697988180,9992156.1,9974035.3,5.867
1697988240,9967004.3,9947715,5.868
1697988300,9943773.8,9951000.2,5.878
1697988360,9953696.9,9951906.4,5.875
1697988420,9969553.6,9979951,5.881
1697988480,9986698.3,9989817.1,5.875
1697988540,9975775.6,9973491.6,5.886
1697988600,9971733.3,9959551.1,5.895
1697988660,9958876,9955675.5,5.891
1697988720,9961237.9,9963735.2,5.889
1697988780,9965150.1,9964878.4,5.884
1697988840,9966060.1,9968127.7,5.88
1697988900,9970951.5,9967367.2,5.878
1697988960,9965915.7,9965771.2,5.892
1697989020,9964002.1,9967008.1,5.884
1697989080,9965052.8,9963530.2,5.897
1697989140,9955982.2,9955343.2,5.915
1697989200,9934218.7,9936122.1,5.927
1697989260,9937656.1,9937656.1,5.914
1697989320,9940679.4,9940248.6,5.918
1697989380,9940371.2,9938653.4,5.914
1697989440,9940052.7,9941040.9,5.917
1697989500,9940135.5,9937024.1,5.937
1697989560,9921533.1,9926751.3,5.927
1697989620,9928015.2,9935290.8,5.915
1697989680,9941821.2,9940370.6,5.93
1697989740,9942872.8,9914189.8,5.996
1697989800,9909105.6,9896011.9,6.015
1697989860,9891088.1,9857169,5.989
1697989920,9863292.4,9866497,5.968
1697989980,9875513.8,9881075.8,5.973
1697990040,9882025,9874354.7,5.953
1697990100,9878710.7,9881459.1,5.95
1697990160,9884295,9889921,5.946
1697990220,9890825.4,9891287.6,5.947
1697990280,9899717.7,9898888.8,5.955
1697990340,9898928.1,9901703.5,5.955
1697990400,9878615.9,9872707.2,5.936
1697990460,9856305.3,9848411.3,5.921
1697990520,9850968.9,9852355.9,5.934
1697990580,9858060.5,9865502.5,5.933
1697990640,9874102.1,9874838,5.939
1697990700,9879707.4,9881917.6,5.929
1697990760,9885667.9,9885002,5.926
1697990820,9885702.4,9878922.6,5.926
1697990880,9878401.8,9877260,5.936
1697990940,9881672.9,9882049,5.933
1697991000,9881807,9882883.1,5.952
1697991060,9889746,9883214.7,5.964
1697991120,9879226.5,9879426.8,5.967
1697991180,9882730.9,9880887.1,5.954
1697991240,9879211.4,9880267.3,5.972
1697991300,9882099.7,9845234.4,5.991
1697991360,9851655.8,9851655.8,5.986
1697991420,9853866.5,9852598.9,5.991
1697991480,9854424,9857334.5,5.989
1697991540,9853166.1,9859524.8,5.978
1697991600,9860200.3,9859549.4,5.986
1697991660,9858906,9857336.8,5.976
1697991720,9856677.6,9855563.3,5.977
1697991780,9856533.2,9857320.2,5.98
1697991840,9856131.3,9858560.5,5.976
1697991900,9862344.9,9859205.7,5.958
1697991960,9861580.8,9861971.5,5.966
1697992020,9859894.7,9859261.6,5.971
1697992080,9858772.1,9857544.7,5.975
1697992140,9856011.1,9866850.4,5.973
1697992200,9864587.8,9866243.7,5.974
1697992260,9867592.2,9877974.5,5.987
1697992320,9873671,9880019.7,6.026
1697992380,9866004.8,9865103.8,6.012
1697992440,9866457,9868132.1,6.026
1697992500,9865441.6,9873053.3,6.005
1697992560,9864091.4,9871237.4,6.009
1697992620,9877164.8,9876443.1,6.01
1697992680,9877186.3,9882529.6,6.018
1697992740,9892570,9904800.8,6.043
1697992800,9949836,9952914.8,6.025
1697992860,9951169.6,9950822,6.011
1697992920,9943340.8,9945033,6.023
1697992980,9941133.9,9957023.5,6.016
1697993040,9954700.8,9952153.1,6.01
1697993100,9949768.4,9942431.5,6.032
1697993160,9940054.1,9942870.3,6.025
1697993220,9943848.9,9950546.8,6.007
1697993280,9951625,9947164.9,5.997
1697993340,9948717.6,9949403.4,5.999
1697993400,9949755.8,9955759,5.997
1697993460,9948115.3,9917963.2,5.981
1697993520,9901926.6,9902454.5,5.986
1697993580,9902127.4,9902416.7,5.987
1697993640,9901925.6,9901925.6,5.986
1697993700,9901991.9,9900552.9,5.986
1697993760,9910957.5,9910957.5,5.984
1697993820,9905630.6,9902077.6,5.968
1697993880,9910299.4,9929521.8,5.972
1697993940,9925643.8,9927772.9,5.985
1697994000,9925990.1,9925990.1,5.982
1697994060,9924172.1,9924220.5,5.976
1697994120,9921960.2,9917290.4,5.974
1697994180,9916649.9,9921041.1,5.977
1697994240,9922104.7,9918534.6,5.977
1697994300,9919414.9,9919295.8,5.978
1697994360,9917952.8,9915315,5.972
1697994420,9915529.4,9912414.9,5.974
1697994480,9914161.7,9902181.4,6.017
1697994540,9906613.8,9907103.5,6.009
1697994600,9907935.9,9910852.2,6.027
1697994660,9906467.3,9913690.9,6.032
1697994720,9914321.6,9910686.2,6.03
1697994780,9909691,9912407.1,6.015
1697994840,9913364.2,9912450.5,6.032
1697994900,9913091.8,9918157.1,6.014
1697994960,9915470.1,9917529.8,6.016
1697995020,9919495.5,9926221.8,6.018
1697995080,9924508.1,9923761.1,6.012
1697995140,9930157.5,9930007.2,6.012
1697995200,9931097,9932312.4,6.007
1697995260,9934146.4,9929233.4,6.01
1697995320,9928718.4,9929586.3,6.01
1697995380,9957413.4,9953220.4,6.017
1697995440,9953842.3,9953842.3,6.005
1697995500,9949191.2,9949509.1,6.003
1697995560,9947693.9,9949286.4,6.016
1697995620,9950249.7,9949766.3,6.022
1697995680,9948819,9938539,6.019
1697995740,9939005,9936132.2,5.999
1697995800,9921782.1,9908502.8,5.98
1697995860,9908485.6,9904257.9,5.981
1697995920,9900863.3,9911212.6,5.987
1697995980,9911767.8,9909555.4,5.984
1697996040,9907151.3,9914008.8,5.993
1697996100,9917550.6,9895095.2,6.017
1697996160,9886494.5,9884621.4,5.991
1697996220,9886374.4,9885634.9,5.999
1697996280,9885634.9,9885634.9,5.988
1697996340,9889426.7,9880586.4,5.982
1697996400,9881779.5,9892965.4,5.993
1697996460,9895544.3,9895544.3,5.987
1697996520,9901944.6,9881262.2,5.983
1697996580,9881371.4,9892162.3,5.966
1697996640,9884500.6,9872269.2,5.98
1697996700,9838007.5,9833317.9,5.99
1697996760,9836382.4,9835586,6.01
1697996820,9834962.8,9837956.6,6.017
1697996880,9844726.7,9847170,6.008
1697996940,9846729.4,9845790.9,6.015
1697997000,9845475.8,9845085.9,5.999
1697997060,9845774.2,9844557,6.008
1697997120,9844711.4,9844909.5,6.009
1697997180,9845392.1,9843268.9,6.009
1697997240,9842452.6,9841943.3,6.012
1697997300,9842995.5,9841770.7,6.01
1697997360,9841916,9843957.4,5.998
1697997420,9847063.5,9842427.3,5.983
1697997480,9844419.9,9844560,5.988
1697997540,9846882.6,9845713.2,5.98
1697997600,9854847.4,9854710.8,5.999
1697997660,9840362.5,9830666.8,5.983
1697997720,9812921.7,9811464,5.97
1697997780,9813476.8,9841358.5,5.977
1697997840,9835721.7,9790718.1,5.96
1697997900,9820390.4,9806940.8,5.959
1697997960,9802531.9,9772046.9,5.97
1697998020,9750898.4,9747127.6,5.966
1697998080,9745599.8,9739671.1,5.981
1697998140,9736618,9734805.4,5.989
1697998200,9736203.7,9736461.2,5.984
1697998260,9737432.8,9736388.1,5.996
1697998320,9737684.9,9739923.5,5.998
1697998380,9741777.4,9785277.3,6.024
1697998440,9784288,9780142,6.016
1697998500,9777506.7,9779437,6.023
1697998560,9787057.8,9785746.7,6.017
1697998620,9789092.5,9800824.8,6.021
1697998680,9811583.2,9810939.6,6.004
1697998740,9810690,9810690,6.013
1697998800,9810180.5,9807617.8,6.006
1697998860,9806096,9806096,6.016
1697998920,9808193.7,9807729.2,6.013
1697998980,9808415.4,9808415.4,6.02
1697999040,9808026.1,9861202.8,6.038
1697999100,9857409,9881249.4,6.03
1697999160,9884957.9,9872525.8,6.018
1697999220,9867116.1,9866455.3,6.021
1697999280,9866327.9,9866004.6,6.027
1697999340,9869895.1,9866522,6.014
1697999400,9860860.3,9859193.2,6.004
1697999460,9829979.9,9830142.2,6.002
1697999520,9828939.8,9828465.3,6
1697999580,9824206.3,9823664.6,5.992
1697999640,9791415.8,9786777.2,5.974
1697999700,9786483.8,9785899.9,5.973
1697999760,9783306.3,9782618.6,5.969
1697999820,9782349.1,9779167.5,5.964
1697999880,9783435.7,9784871.2,5.966
1697999940,9782925.9,9783971.5,5.967
1698000000,9780027.9,9779654.9,5.967
1698000060,9779851.9,9776843.8,5.966
1698000120,9774276,9761991.3,5.971
1698000180,9765348.9,9766472.3,5.975
1698000240,9761774.8,9760944.8,5.97
1698000300,9761644.5,9766334.3,5.962
1698000360,9765331.3,9766909.3,5.953
1698000420,9765627.3,9766201.3,5.955
1698000480,9764386.3,9765864,5.97
1698000540,9763337.7,9762818.5,5.971
1698000600,9770079.3,9768273.3,5.961
1698000660,9768038.3,9768472.9,5.962
1698000720,9767011.1,9768003.7,5.97
1698000780,9767194.8,9765336.9,5.966
1698000840,9765450.5,9765575.7,5.957
1698000900,9760553.2,9762196.8,5.966
1698000960,9761818.3,9761818.3,5.963
1698001020,9761856.5,9760612.3,5.96
1698001080,9762104.6,9762104.6,5.959
1698001140,9759785.7,9744004.4,5.963
1698001200,9743670.3,9744036.2,5.958
1698001260,9743365.8,9743135.9,5.954
1698001320,9744117.1,9738055.3,5.951
1698001380,9739822.7,9742271.6,5.961
1698001440,9741531.4,9734037.5,5.972
1698001500,9735255.9,9729342.2,5.975
1698001560,9730578.2,9734126.4,5.969
1698001620,9733722,9733015.9,5.972
1698001680,9734524.8,9733592,5.971
1698001740,9733044.6,9733133.4,5.952
1698001800,9730871,9732265.3,5.943
1698001860,9726755.3,9728740.5,5.95
1698001920,9728172.8,9729412.4,5.959
1698001980,9730883.4,9730670.7,5.947
1698002040,9728437.5,9725035.7,5.949
1698002100,9726899.4,9722859,5.959
1698002160,9720870.8,9719628.7,5.966
1698002220,9720617.8,9722134.5,5.974
1698002280,9718517.9,9717189,5.978
1698002340,9712772.9,9712327,5.98
1698002400,9709365.3,9707223.9,5.977
1698002460,9707310,9709158.5,5.988
1698002520,9707973.8,9698584.5,5.971
1698002580,9700327.1,9701975.4,5.968
1698002640,9708180.1,9712778.1,5.959
1698002700,9710258.8,9707728,5.955
1698002760,9708854.5,9708915.5,5.957
1698002820,9718118.3,9718554.6,5.968
1698002880,9718831.5,9719548.2,5.97
1698002940,9722588.3,9721771.9,5.974
1698003000,9722027.4,9721038.6,5.971
1698003060,9719205.6,9721343.5,5.955
1698003120,9720781.5,9719534,5.951
1698003180,9721221.6,9721221.6,5.988
1698003240,9717258.5,9722862.8,5.979
1698003300,9770255.6,9767896,5.994
1698003360,9766573.6,9775820.1,5.995
1698003420,9772917.3,9768444.5,5.989
1698003480,9766936.4,9760013.1,5.984
1698003540,9761723.2,9767818,5.973
1698003600,9767904.6,9768940.8,5.985
1698003660,9769506.7,9768342.2,5.976
1698003720,9774253.2,9772847,5.98
1698003780,9773658.4,9774495.6,5.999
1698003840,9774578.9,9773084.8,5.994
1698003900,9775881.1,9775168.5,5.992
1698003960,9776603.9,9787582.2,5.993
1698004020,9788387,9788542.9,5.984
1698004080,9788134.6,9787434.3,5.988
1698004140,9786911.4,9788585,5.987
1698004200,9793687.2,9794231,5.977
1698004260,9790074.7,9790218.3,5.965
1698004320,9784384.2,9783022.4,5.956
1698004380,9781733.6,9781228.1,5.951
1698004440,9782861.9,9783246.9,5.953
1698004500,9788376.7,9789735.6,5.953
1698004560,9793347,9791880.6,5.941
1698004620,9792621.5,9791872.9,5.946
1698004680,9792873.1,9793900.2,5.948
1698004740,9792619,9792536.5,5.955
1698004800,9793900,9794575.1,5.941
1698004860,9790949.4,9793062.9,5.948
1698004920,9798913.1,9798084.6,5.949
1698004980,9796630.1,9801922.8,5.952
1698005040,9801764,9800705.5,5.948
1698005100,9796603,9794204.6,5.939
1698005160,9793494.8,9787170.5,5.951
1698005220,9785638.4,9792718.1,5.953
1698005280,9791814.2,9791814.2,5.946
1698005340,9790454.1,9786815.9,5.937
1698005400,9789421.1,9793624.3,5.941
1698005460,9794720,9794720,5.946
1698005520,9793532.4,9791119.3,5.948
1698005580,9795481,9796376.4,5.956
1698005640,9792430,9791359.3,5.96
1698005700,9790553.9,9790696.9,5.961
1698005760,9788808.1,9791996,5.949
1698005820,9796811.3,9796236.4,5.951
1698005880,9798337.1,9798097.4,5.964
1698005940,9803029.5,9803775.7,5.968
1698006000,9804980.7,9804672.5,5.97
1698006060,9801273.1,9801478,5.941
1698006120,9797111,9796846.4,5.946
1698006180,9795519.3,9795114.6,5.949
1698006240,9795253.5,9795133.3,5.956
1698006300,9793616.5,9788621.4,5.946
1698006360,9787008.2,9783312.3,5.941
1698006420,9782555.5,9783349.5,5.945
1698006480,9785189.9,9786449.8,5.95
1698006540,9787460.4,9787191.9,5.956
1698006600,9786102.8,9785591.3,5.941
1698006660,9784014.7,9784442.3,5.948
1698006720,9785332.1,9783789,5.95
1698006780,9783453.8,9782931.5,5.952
1698006840,9783653,9785912,5.964
1698006900,9784952,9782177,5.966
1698006960,9784010.9,9779965.5,5.969
1698007020,9783160,9783633,5.97
1698007080,9783307.2,9785184.6,5.961
1698007140,9784864.6,9778512.3,5.969
1698007200,9772541.2,9773238.3,5.965
1698007260,9770896.3,9770246.8,5.974
1698007320,9770269.7,9765259.3,5.968
1698007380,9764986.5,9764640.9,5.955
1698007440,9766058.2,9765392.9,5.958
1698007500,9766410.5,9765984.1,5.966
1698007560,9766324.2,9768970.9,5.971
1698007620,9770747.9,9767813.8,5.978
1698007680,9775926.5,9773510.4,5.968
1698007740,9772954.6,9772954.6,5.975
1698007800,9777431.8,9776607.1,5.974
1698007860,9776767.4,9767000.7,5.982
1698007920,9767925.7,9766508.7,5.976
1698007980,9767737.2,9770317.2,5.978
1698008040,9774290.3,9773836.8,5.973
1698008100,9773854.7,9776629,5.968
1698008160,9776833.3,9777281.3,5.969
1698008220,9779680.7,9779781,5.972
1698008280,9779794.6,9778506.3,5.972
1698008340,9777605.2,9777965,5.973
1698008400,9775962.2,9775638.9,5.959
1698008460,9778902.4,9775003.6,5.944
1698008520,9772653.2,9714450.6,5.914
1698008580,9697183.8,9683006.8,5.913
1698008640,9683236.7,9677258,5.919
1698008700,9678043.2,9685823.6,5.917
1698008760,9685533,9685177.9,5.909
1698008820,9689170.8,9688125.1,5.915
1698008880,9696362,9700959,5.914
1698008940,9702788.1,9693243.6,5.915
1698009000,9694569.4,9693971.7,5.913
1698009060,9690933.7,9690933.7,5.912
1698009120,9690355.4,9688480.6,5.912
1698009180,9686845.6,9685995.6,5.906
1698009240,9677725.5,9677725.5,5.906
1698009300,9680189.7,9679751.1,5.906
1698009360,9682778,9682279.2,5.913
1698009420,9675467.2,9673020.2,5.91
1698009480,9668243.7,9667024.8,5.888
1698009540,9647583.9,9645421.1,5.9
1698009600,9645671.8,9642795.5,5.91
1698009660,9644370,9644375.3,5.91
1698009720,9638875,9636627.4,5.898
1698009780,9636640.6,9637503.3,5.894
1698009840,9635153.2,9636059,5.899
1698009900,9635244.6,9634529.1,5.903
1698009960,9634519.1,9636238.4,5.903
1698010020,9636817.2,9637466.2,5.901
1698010080,9637571.8,9637005.4,5.903
1698010140,9633612.2,9633268.6,5.902
1698010200,9633891.7,9634536.2,5.903
1698010260,9635216.7,9635610.6,5.91
1698010320,9633903.7,9631556.2,5.915
1698010380,9632619.2,9633162.1,5.916
1698010440,9629336.7,9629856.2,5.92
1698010500,9630558.5,9623643.7,5.922
1698010560,9623762,9624201.5,5.92
1698010620,9626216.6,9626188.3,5.914
1698010680,9628391.5,9629291.2,5.916
1698010740,9630032.1,9633727.9,5.904
1698010800,9633698,9633238.8,5.904
1698010860,9632608.7,9631986.1,5.91
1698010920,9630951.3,9631587.5,5.915
1698010980,9631026.9,9630912.4,5.917
1698011040,9631277.4,9634860.1,5.897
1698011100,9647389.3,9647389.3,5.901
1698011160,9648907.5,9651067,5.893
1698011220,9649845.1,9649845.1,5.892
1698011280,9651296.4,9654083.4,5.898
1698011340,9653845.1,9653845.1,5.898
1698011400,9653745,9654462.5,5.892
1698011460,9641403.6,9640982.8,5.894
1698011520,9642603.1,9644855.9,5.898
1698011580,9644894.4,9647570.4,5.9
1698011640,9648462.3,9648318.3,5.904
1698011700,9648978.3,9651617.9,5.89
1698011760,9654565.1,9655162.2,5.894
1698011820,9656257.8,9651580.8,5.897
1698011880,9655568,9655856,5.895
1698011940,9656370.9,9656293.3,5.884
1698012000,9659274,9658829.3,5.892
1698012060,9660632.6,9661036.5,5.891
1698012120,9661089.6,9656872.7,5.876
1698012180,9657478.1,9657928.2,5.892
1698012240,9658846.8,9660289.8,5.9
1698012300,9656464.4,9649912,5.898
1698012360,9651015.5,9654400.4,5.911
1698012420,9655445.2,9653505,5.908
1698012480,9653069.1,9651330.4,5.913
1698012540,9653077,9653799.7,5.914
1698012600,9653733.6,9652044.8,5.916
1698012660,9652320.1,9652444.7,5.919
1698012720,9656301.8,9656160.2,5.917
1698012780,9656356.5,9655370.6,5.922
1698012840,9655678.4,9657221.8,5.921
1698012900,9657796.5,9657451.9,5.925
1698012960,9658447.4,9658510.3,5.924
1698013020,9657069.3,9657069.3,5.931
1698013080,9657077.9,9673772.3,5.937
1698013140,9674072.4,9674072.4,5.935
1698013200,9674958.3,9675624.5,5.928
1698013260,9674956.6,9674723,5.93
1698013320,9674529.5,9675917.8,5.934
1698013380,9678958.8,9680310.7,5.937
1698013440,9681860.3,9682080.3,5.935
1698013500,9682685.6,9690097.2,5.938
1698013560,9690300,9687162.5,5.932
1698013620,9686430.2,9686441.7,5.935
1698013680,9688150.9,9690350.9,5.932
1698013740,9685264.5,9683445.4,5.932
1698013800,9683818.2,9690495.6,5.928
1698013860,9690317.2,9691690.8,5.926
1698013920,9691007.6,9694908,5.922
1698013980,9695442.2,9696001,5.927
1698014040,9694924.3,9696475.6,5.928
1698014100,9698019.3,9700025.2,5.933
1698014160,9698762.1,9697742.6,5.937
1698014220,9696809,9696191.8,5.941
1698014280,9693177.2,9693672.8,5.944
1698014340,9699519.9,9692944.1,5.967
1698014400,9691151,9690021.3,5.968
1698014460,9691592.6,9691816.6,5.971
1698014520,9695547.6,9695173.3,5.978
1698014580,9701240.3,9654992.4,6.019
1698014640,9661525.9,9654085.6,6
1698014700,9660081.5,9656865.9,6.011
1698014760,9664158.3,9669886.8,5.994
1698014820,9671789.3,9673304.8,6.012
1698014880,9679586.4,9701367.5,6.008
1698014940,9710814.5,9713498.7,6.018
1698015000,9719508.8,9726477,6.023
1698015060,9734520,9737855.6,6.028
1698015120,9736024.2,9736084.1,6.032
1698015180,9738693.5,9736829.4,6.028
1698015240,9729038.3,9733907,6.042
1698015300,9779752.5,9785767.2,6.043
1698015360,9789464.1,9793188.7,6.036
1698015420,9797723.2,9797990.4,6.042
1698015480,9800283.5,9800283.5,6.047
1698015540,9806255.3,9811516,6.043
1698015600,9814859.1,9810377.9,6.04
1698015660,9805885.6,9803312.4,6.031
1698015720,9801705.9,9801555.5,6.039
1698015780,9801959.7,9802958,6.027
1698015840,9803074.3,9800746.3,6.034
1698015900,9799748.8,9796482.8,6.022
1698015960,9795078.5,9790472.3,6.017
1698016020,9787001.3,9795073.6,6.045
1698016080,9797086.9,9790657.9,6.069
1698016140,9793767.8,9790535.3,6.073
1698016200,9790083.5,9795205.9,6.075
1698016260,9795672.1,9797841.5,6.08
1698016320,9801849.5,9804457.4,6.076
1698016380,9812055.3,9818566.9,6.082
1698016440,9827259.7,9829689.6,6.075
1698016500,9825277.1,9806070.6,6.069
1698016560,9804349.8,9808510.3,6.055
1698016620,9808577,9808245.5,6.052
1698016680,9805499.4,9806515.1,6.066
1698016740,9805619.4,9804103.8,6.056
1698016800,9804478.6,9819041.8,6.065
1698016860,9822088.3,9824734.3,6.083
1698016920,9837386.5,9833722.8,6.073
1698016980,9845214.8,9850149.7,6.093
1698017040,9844935.6,9846132.8,6.092
1698017100,9847362.4,9847212.1,6.097
1698017160,9835704,9844319.5,6.113
1698017220,9847475.5,9852257.1,6.15
1698017280,9889604.3,9898382.9,6.145
1698017340,9901949.3,9858108,6.129
1698017400,9874492.8,9899975,6.122
1698017460,9906804.7,9906804.7,6.127
1698017520,9906699.1,9902653.4,6.101
1698017580,9906069.6,9907238.9,6.108
1698017640,9909650.3,9918391.3,6.109
1698017700,9915968.4,9919269.4,6.107
1698017760,9920627.3,9920958.5,6.106
1698017820,9922832.5,9919126.5,6.106
1698017880,9920595,9921618.5,6.104
1698017940,9922270.6,9939275.4,6.111
1698018000,9940859.1,9942984.7,6.124
1698018060,9913498.1,9914077,6.119
1698018120,9921758.1,9919811.7,6.114
1698018180,9921064.5,9920676.2,6.118
1698018240,9922516.5,9926063.1,6.127
1698018300,9920223.3,9916748.6,6.108
1698018360,9911146.4,9909755.4,6.11
1698018420,9908736.2,9904950.9,6.129
1698018480,9904788.8,9878513.6,6.104
1698018540,9880971.4,9881756.8,6.108
1698018600,9882446.1,9882984.7,6.112
1698018660,9885192.3,9893617.7,6.124
1698018720,9910992.5,9904778.1,6.135
1698018780,9888679.6,9884340.7,6.13
1698018840,9883152.4,9882369.1,6.118
1698018900,9879900.9,9883396,6.142
1698018960,9882712,9887868.1,6.144
1698019020,9874131.7,9878056.6,6.125
1698019080,9880687.4,9885755.8,6.127
1698019140,9896297.6,9897722.6,6.154
1698019200,9912870,9910994.6,6.113
1698019260,9903018.7,9910935.3,6.09
1698019320,9913664.7,9912376.9,6.099
1698019380,9912815.2,9920516.6,6.126
1698019440,9924884.8,9926735.8,6.13
1698019500,9922061.7,9922061.7,6.141
1698019560,9928159.9,9937082.2,6.179
1698019620,9919069.7,9911230.2,6.101
1698019680,9910466.9,9889105.6,6.085
1698019740,9874911.8,9882394.3,6.081
1698019800,9881252.4,9881022.9,6.066
1698019860,9877032.9,9882855.9,6.076
1698019920,9881512.7,9882337.6,6.081
1698019980,9872876,9872138.2,6.072
1698020040,9871775.8,9874580.7,6.087
1698020100,9877780.1,9879100.3,6.092
1698020160,9876600.4,9873817.1,6.071
1698020220,9880981.2,9877715.4,6.07
1698020280,9885529.1,9878963.7,6.124
1698020340,9890079.4,9901171.6,6.11
1698020400,9899060.9,9910322,6.089
1698020460,9927836.6,9922113.9,6.109
1698020520,9922834.8,9916050.3,6.062
1698020580,9909421.3,9897453.9,6.051
1698020640,9902945.8,9902272,6.04
1698020700,9900482.9,9903166,6.038
1698020760,9907185.9,9917315.9,6.021
1698020820,9895118.4,9900503.4,6.039
1698020880,9892972.5,9893303.9,6.038
1698020940,9899610.3,9905118.6,6.039
1698021000,9901773.2,9904951.7,6.024
1698021060,9906854,9907883.3,6.027
1698021120,9908962.7,9909731.1,6.037
1698021180,9911456.1,9914107.6,6.038
1698021240,9916277.3,9916588.5,6.041
1698021300,9914626.6,9916168.1,6.034
1698021360,9916361,9921845.3,6.02
1698021420,9920724.9,9925305.5,6.028
1698021480,9925141.8,9925163.4,6.035
1698021540,9922013.1,9910490.5,6.051
1698021600,9914884.6,9922645.8,6.058
1698021660,9922092.3,9922092.3,6.068
1698021720,9932172.4,9933815.9,6.052
1698021780,9933239.5,9938121.8,6.063
1698021840,9939292.8,9937925.3,6.062
1698021900,9938670.4,9945958.2,6.071
1698021960,9952756.8,9956318.7,6.062
1698022020,9960549.8,9962277.3,6.079
1698022080,9966939.4,9967146.9,6.112
1698022140,9974427.7,9976203.9,6.114
1698022200,9976247.5,9971282.2,6.124
1698022260,9976460.1,9972326.5,6.121
1698022320,9969496.8,9981122.5,6.097
1698022380,9979821.8,9982190.4,6.107
1698022440,9982304.1,9981545.6,6.092
1698022500,9989610,9989997.9,6.091
1698022560,10001750.1,10000477.1,6.101
1698022620,9998575.5,9984768,6.128
1698022680,10001183.5,9999538,6.176
1698022740,10017421.1,10011993.2,6.14
1698022800,10005723.7,10004039,6.126
1698022860,9993133.3,10016249.4,6.123
1698022920,10023299.5,10020071.7,6.11
1698022980,10022098.6,9987408.6,6.107
1698023040,10008767,10009814.4,6.087
1698023100,9984774.9,9987939.3,6.077
1698023160,9971943.4,9972591,6.09
1698023220,9976909.4,9977532,6.094
1698023280,9977824.7,9977005.4,6.097
1698023340,9969768.9,9970787.4,6.098
1698023400,9960174.6,9971439.8,6.12
1698023460,9976022.8,9990634.8,6.123
1698023520,9975203.1,9973089.4,6.142
1698023580,9971936.7,9972757.8,6.136
1698023640,9988639.9,9994632.5,6.143
1698023700,10006442.3,10019451.8,6.171
1698023760,10015759.1,10019760.4,6.178
1698023820,10033003.4,10033003.4,6.188
1698023880,10052586.5,10062312.1,6.23
1698023940,10039362.8,10034993.7,6.294
1698024000,10019465.4,10011331.4,6.29
1698024060,9989735,9974385.9,6.297
1698024120,9970248.9,9982888.8,6.285
1698024180,9975153.3,9977035.2,6.302
1698024240,9987188.4,10009561,6.301
1698024300,10049666.1,10076360.1,6.34
1698024360,10086649.9,10055675.7,6.367
1698024420,10036739.8,10028093.9,6.371
1698024480,10029042.5,9983667,6.359
1698024540,9975655.2,9941518.9,6.284
1698024600,9911142.5,9952107.8,6.287
1698024660,9940344,9982782.4,6.272
1698024720,9986775.2,9981085.3,6.276
1698024780,9978160.2,9985116.3,6.235
1698024840,9965296.2,9945918.9,6.209
1698024900,9958796.3,9960729.8,6.229
1698024960,9960019.5,9961505.1,6.238
1698025020,9961851.2,9962561.9,6.241
1698025080,9980327.6,9979647.8,6.242
1698025140,9995112.1,10000962.1,6.27
1698025200,10004065.9,10017539.5,6.255
1698025260,10014897.5,10026118.5,6.227
1698025320,10028042.8,10030456.2,6.236
1698025380,10032248.8,10048390,6.243
1698025440,10044711.2,10050525.9,6.244
1698025500,10050028.5,10050143.3,6.256
1698025560,10054594.7,10054133.5,6.203
1698025620,10016379.5,10016081.1,6.217
1698025680,10021273.8,10003823.5,6.194
1698025740,10007309.7,10021579.6,6.208
1698025800,10033690.4,10034510.5,6.192
1698025860,10035247.5,10035247.5,6.197
1698025920,10050749.7,10048748.8,6.192
1698025980,10050907.1,10050883.1,6.2
1698026040,10055887,10055887,6.196
1698026100,10054229.1,10056618.7,6.2
1698026160,10057765.5,10053825.2,6.195
1698026220,10050736.7,10051613.5,6.191
1698026280,10050530.5,10047215.3,6.214
1698026340,10056694.7,10058546.2,6.221
1698026400,10059623.3,10066988.6,6.213
1698026460,10083580.1,10081385.9,6.205
1698026520,10088412.5,10086443.4,6.185
1698026580,10060573.1,10060561.5,6.183
1698026640,10057874.6,10059706.1,6.188
1698026700,10059392.7,10059039.7,6.197
1698026760,10077648.7,10086054.6,6.179
1698026820,10083057.5,10078478.4,6.185
1698026880,10075662.7,10076309.5,6.183
1698026940,10078611.9,10079328.8,6.196
1698027000,10084707.9,10084352.1,6.2
1698027060,10094599.5,10096548.2,6.2
1698027120,10096238.6,10096930.9,6.205
1698027180,10097698.4,10094942.6,6.212
1698027240,10084359.2,10087532.8,6.196
1698027300,10095006.4,10092424.5,6.176
1698027360,10092011.2,10090057.3,6.19
1698027420,10091924.6,10100764.8,6.187
1698027480,10100738.7,10099764.8,6.19
1698027540,10098804,10097488.2,6.19
1698027600,10097642.9,10099490.5,6.204
1698027660,10102273.3,10105075.7,6.199
1698027720,10107879.4,10107170.1,6.211
1698027780,10107118,10110357.3,6.214
1698027840,10111775.1,10111424.6,6.209
1698027900,10114398.9,10107837.2,6.216
1698027960,10106191.1,10105888.9,6.208
1698028020,10104047.8,10104047.8,6.213
1698028080,10106660.8,10104837.9,6.22
1698028140,10107930.8,10106670,6.222
1698028200,10107585.2,10103894.1,6.211
1698028260,10099961.2,10099049.6,6.218
1698028320,10112927.4,10116623.8,6.222
1698028380,10118665.4,10120341.4,6.222
1698028440,10120458.7,10123359,6.218
1698028500,10128290.1,10134773.8,6.228
1698028560,10135407.1,10135407.1,6.228
