"OI_open","OI_close","timestamp","price_open","price_close"
21431355,21431528,1698241620,0.4521,0.4521
21428729,21432061,1698241680,0.4521,0.4518
21423990,21418566,1698241740,0.4518,0.4518
21408247,21403455,1698241800,0.4518,0.4523
21398683,21401341,1698241860,0.4524,0.4526
21399997,21404570,1698241920,0.4525,0.4524
21405518,21405518,1698241980,0.4524,0.4522
21405122,21412068,1698242040,0.4522,0.4522
21413042,21413042,1698242100,0.4522,0.4531
21407336,21406769,1698242160,0.4531,0.4533
21405525,21405375,1698242220,0.4534,0.4536
21401723,21395472,1698242280,0.4535,0.4539
21393323,21393323,1698242340,0.454,0.4538
21399356,21397908,1698242400,0.4539,0.4535
21395258,21405816,1698242460,0.4536,0.4533
21409695,21414116,1698242520,0.4531,0.4534
21407111,21406546,1698242580,0.4536,0.4537
21406386,21406386,1698242640,0.4536,0.4534
21407832,21403038,1698242700,0.4542,0.4541
21402171,21402129,1698242760,0.4541,0.4538
21412234,21408889,1698242820,0.454,0.4539
21412804,21412804,1698242880,0.4539,0.4545
21413738,21418731,1698242940,0.4546,0.4545
21415823,21418728,1698243000,0.4548,0.4546
21427516,21431793,1698243060,0.4547,0.4547
21443880,21444055,1698243120,0.4546,0.455
21441787,21455983,1698243180,0.455,0.4556
21459301,21460390,1698243240,0.4556,0.4557
21461164,21464762,1698243300,0.4556,0.4555
21467820,21472592,1698243360,0.4555,0.4554
21475220,21500692,1698243420,0.4553,0.4554
21501372,21550036,1698243480,0.4554,0.455
21553833,21554480,1698243540,0.4551,0.4548
21562413,21565860,1698243600,0.4549,0.4561
21617130,21613242,1698243660,0.4561,0.4566
21615427,21634713,1698243720,0.4567,0.4565
21620182,21627226,1698243780,0.4565,0.4569
21627296,21629298,1698243840,0.4568,0.457
21635057,21634104,1698243900,0.457,0.4571
21645505,21680210,1698243960,0.457,0.4578
21681472,21721191,1698244020,0.4577,0.4577
21722469,21722469,1698244080,0.4577,0.458
21751932,21754965,1698244140,0.4581,0.4582
21782906,21789803,1698244200,0.4581,0.4579
21787533,21799371,1698244260,0.4579,0.458
21800112,21804467,1698244320,0.4579,0.4578
21802137,21805243,1698244380,0.4578,0.4581
21806430,21804985,1698244440,0.4581,0.4582
21803838,21811268,1698244500,0.4583,0.4588
21859829,21841556,1698244560,0.4588,0.4581
21830947,21829585,1698244620,0.458,0.4584
21829499,21828193,1698244680,0.4585,0.4587
21851674,21851674,1698244740,0.4585,0.4595
21859868,21869294,1698244800,0.4594,0.4596
22138487,22160655,1698244860,0.4595,0.4617
22160682,22159713,1698244920,0.4617,0.4612
22172027,22178388,1698244980,0.461,0.4615
22185965,22185965,1698245040,0.4617,0.4614
22197896,22196480,1698245100,0.4613,0.4613
22201062,22206245,1698245160,0.4613,0.4618
22207558,22211618,1698245220,0.4618,0.4618
22212090,22212688,1698245280,0.4619,0.4623
22281172,22289018,1698245340,0.4622,0.4621
22292473,22292298,1698245400,0.462,0.4614
22297034,22296782,1698245460,0.4615,0.4609
22242339,22242417,1698245520,0.461,0.4604
22233996,22232574,1698245580,0.461,0.4613
22233993,22233069,1698245640,0.4614,0.4611
22222974,22214742,1698245700,0.4611,0.46
22207334,22204624,1698245760,0.4601,0.4603
22200325,22200325,1698245820,0.4604,0.4607
22197384,22192902,1698245880,0.4606,0.461
22189529,22186286,1698245940,0.461,0.4604
22181625,22180969,1698246000,0.4603,0.4605
22181254,22181019,1698246060,0.4605,0.4592
22101207,22074423,1698246120,0.459,0.4593
22037945,22033314,1698246180,0.4594,0.4598
22012361,22012811,1698246240,0.4597,0.4591
21986483,21989773,1698246300,0.4592,0.4612
22005490,22003001,1698246360,0.4613,0.4621
21994516,21997313,1698246420,0.4621,0.4625
22004601,22005439,1698246480,0.4627,0.4623
21991107,21992538,1698246540,0.4623,0.462
21993383,21978941,1698246600,0.462,0.4612
21977048,21936845,1698246660,0.4612,0.459
21924284,21916716,1698246720,0.4591,0.4606
21915729,21917265,1698246780,0.4606,0.4598
21906253,21907281,1698246840,0.4598,0.4605
21909640,21909640,1698246900,0.4605,0.4594
21910500,21916643,1698246960,0.4594,0.4591
21920089,21913426,1698247020,0.4592,0.4579
21917803,21920209,1698247080,0.458,0.458
21920129,21926231,1698247140,0.4579,0.4588
21916149,21914257,1698247200,0.4587,0.4593
21908271,21906332,1698247260,0.4593,0.4595
21900908,21897549,1698247320,0.4595,0.4574
21905121,21908376,1698247380,0.4573,0.4577
21907107,21903235,1698247440,0.4577,0.4577
21897394,23614963,1698247500,0.4576,0.4756
23789372,24614659,1698247560,0.4758,0.4736
24605595,24694239,1698247620,0.4735,0.4732
24749521,24889759,1698247680,0.4731,0.4847
24990665,25240375,1698247740,0.4847,0.483
25116010,25303635,1698247800,0.4829,0.482
25290813,25337130,1698247860,0.4819,0.4854
25387209,25730480,1698247920,0.4856,0.4881
25764411,25780299,1698247980,0.4881,0.4902
25869500,25908266,1698248040,0.4901,0.4895
25890808,25582573,1698248100,0.4895,0.4833
25530558,25489806,1698248160,0.4834,0.4819
25485939,25088092,1698248220,0.4819,0.4781
24997455,24997455,1698248280,0.4781,0.4758
25051776,25054072,1698248340,0.4758,0.4778
25317657,25383866,1698248400,0.4777,0.4837
25637296,25637642,1698248460,0.4837,0.4867
26023896,26031111,1698248520,0.486,0.4901
26292038,26214714,1698248580,0.4902,0.4885
26240227,26149584,1698248640,0.4885,0.4836
26145877,26116957,1698248700,0.4836,0.4835
26144990,26222971,1698248760,0.4835,0.4841
26255080,26255910,1698248820,0.4841,0.4858
26299427,26366970,1698248880,0.4858,0.4901
26255457,26304896,1698248940,0.4903,0.488
26239090,26195539,1698249000,0.488,0.486
26176945,26206177,1698249060,0.4862,0.4864
26396586,26590237,1698249120,0.4863,0.4938
26505369,26519754,1698249180,0.4938,0.4923
26553791,26648319,1698249240,0.4922,0.4983
26655589,26740224,1698249300,0.4982,0.5014
26756014,26825238,1698249360,0.5014,0.5037
26795334,26867054,1698249420,0.5038,0.5034
26840675,26681455,1698249480,0.5033,0.4995
26625195,26498694,1698249540,0.4996,0.4955
26472574,26425695,1698249600,0.4955,0.4958
26468323,26484179,1698249660,0.4957,0.4956
26458471,26460264,1698249720,0.4956,0.4951
26465972,26446969,1698249780,0.4951,0.4948
26423779,26382329,1698249840,0.4947,0.4923
26371357,26334111,1698249900,0.4909,0.494
26338738,26330288,1698249960,0.494,0.4901
26271992,26255611,1698250020,0.49,0.4911
26246790,26230442,1698250080,0.4911,0.491
26243301,26234316,1698250140,0.491,0.4919
26200252,26088728,1698250200,0.4919,0.489
25966059,25856253,1698250260,0.4891,0.4878
25867722,25793814,1698250320,0.4876,0.4881
25816807,25792812,1698250380,0.4881,0.4891
25776611,25769988,1698250440,0.4894,0.4883
25772003,25771067,1698250500,0.4884,0.4875
25750261,25753658,1698250560,0.4876,0.4853
25714860,25714860,1698250620,0.4853,0.4833
25661489,25605371,1698250680,0.4834,0.4819
25598979,25627039,1698250740,0.4819,0.4823
25613894,25630341,1698250800,0.4824,0.4856
25627530,25619878,1698250860,0.4856,0.4856
25612602,25602117,1698250920,0.4855,0.4808
25538046,25525146,1698250980,0.4807,0.4815
25501559,25473267,1698251040,0.4815,0.4794
25444183,25422731,1698251100,0.4793,0.4798
25403726,25376689,1698251160,0.4798,0.4788
25399519,25399519,1698251220,0.4785,0.4785
25317726,25348786,1698251280,0.4785,0.4772
25339877,25271971,1698251340,0.4772,0.4735
25198885,25179025,1698251400,0.4735,0.4769
25180360,25198927,1698251460,0.4767,0.4764
25210558,25222234,1698251520,0.4763,0.4763
25199160,25182252,1698251580,0.4764,0.4762
25204202,25208742,1698251640,0.4762,0.4771
25209705,25194442,1698251700,0.4772,0.4757
25209756,25208112,1698251760,0.476,0.4767
25190820,25184050,1698251820,0.4767,0.475
25177667,25199144,1698251880,0.4748,0.4745
25168296,25128564,1698251940,0.4744,0.4724
25001659,25041128,1698252000,0.4723,0.4722
25030236,24990367,1698252060,0.4723,0.4686
24992502,24964762,1698252120,0.4687,0.471
24971947,24999473,1698252180,0.471,0.4724
24999334,25021767,1698252240,0.4723,0.4736
25021732,25035245,1698252300,0.4736,0.4736
25036505,25055823,1698252360,0.4738,0.4733
25053848,25049581,1698252420,0.4732,0.4739
24926237,24923305,1698252480,0.4738,0.4715
24927824,24927557,1698252540,0.4714,0.4726
24940188,24936054,1698252600,0.4724,0.4716
24896185,24874258,1698252660,0.4717,0.4688
24876003,24835152,1698252720,0.4688,0.4695
24825256,24823161,1698252780,0.4694,0.4683
24796083,24746011,1698252840,0.4682,0.4687
24734608,24724837,1698252900,0.4687,0.4688
24732797,24733940,1698252960,0.4688,0.469
24733307,24729954,1698253020,0.469,0.4689
24733875,24735039,1698253080,0.469,0.4685
24711897,24697494,1698253140,0.4684,0.467
24802935,24705795,1698253200,0.467,0.4676
24678533,24637206,1698253260,0.4677,0.4651
24634795,24628935,1698253320,0.4651,0.4661
24626653,24615978,1698253380,0.4663,0.4667
24603504,24616985,1698253440,0.4667,0.4664
24626609,24617051,1698253500,0.4665,0.4659
24615585,24607744,1698253560,0.466,0.4653
24604276,24619591,1698253620,0.4653,0.4667
24622181,24635469,1698253680,0.4665,0.4651
24658056,24697559,1698253740,0.4651,0.4675
24727124,24738099,1698253800,0.4675,0.4679
24766464,24765345,1698253860,0.468,0.4676
24776654,24769416,1698253920,0.4676,0.4659
24778153,24777545,1698253980,0.4659,0.4665
24778523,24763051,1698254040,0.4665,0.4659
24749757,24746253,1698254100,0.4658,0.4662
24747437,24747728,1698254160,0.4663,0.4666
24748371,24746651,1698254220,0.4666,0.4626
24546088,24525591,1698254280,0.4627,0.4637
24515775,24301263,1698254340,0.4638,0.461
24118260,23978222,1698254400,0.4609,0.4581
23794944,23829532,1698254460,0.4581,0.4587
23829980,23867240,1698254520,0.4587,0.4597
23869504,23901869,1698254580,0.4597,0.4602
23900421,23897132,1698254640,0.4602,0.4612
23895264,23890984,1698254700,0.4612,0.4611
23890950,23898092,1698254760,0.4609,0.4632
23916071,23925491,1698254820,0.4632,0.4647
23940093,23944883,1698254880,0.4645,0.4651
24008255,24008255,1698254940,0.4651,0.4659
24019502,24020659,1698255000,0.4659,0.4663
24017121,24019723,1698255060,0.4663,0.4665
24086017,24125120,1698255120,0.4663,0.4675
24227379,24245797,1698255180,0.4676,0.4676
24321589,24665626,1698255240,0.4677,0.4708
24644141,24650002,1698255300,0.4707,0.472
24687007,24676787,1698255360,0.472,0.4712
24690226,24690226,1698255420,0.4712,0.4707
24731816,24708355,1698255480,0.4707,0.4708
24719553,24724621,1698255540,0.4708,0.471
24770194,24803771,1698255600,0.4709,0.4714
24812947,24890933,1698255660,0.4712,0.4749
25090010,25103909,1698255720,0.4749,0.4747
25139954,25172245,1698255780,0.4748,0.4755
25177436,25201211,1698255840,0.4755,0.4754
25257239,25290580,1698255900,0.4754,0.4766
25314102,25330074,1698255960,0.4766,0.477
25351128,25414809,1698256020,0.4771,0.4782
25398810,25474421,1698256080,0.4782,0.4792
25493251,25512315,1698256140,0.4793,0.4779
25489807,25461816,1698256200,0.4779,0.4774
25423915,25404371,1698256260,0.4774,0.477
25420593,25376288,1698256320,0.477,0.4748
25316649,25312356,1698256380,0.4749,0.4748
25313273,25315364,1698256440,0.4748,0.4768
25363612,25371462,1698256500,0.4768,0.4772
25383910,25395176,1698256560,0.4771,0.477
25405056,25448298,1698256620,0.477,0.476
25447502,25448092,1698256680,0.476,0.4762
25450987,25449436,1698256740,0.4762,0.4763
25448773,25453443,1698256800,0.4763,0.4759
25450365,25446956,1698256860,0.476,0.4777
25449191,25516210,1698256920,0.4776,0.4781
25510496,25543973,1698256980,0.478,0.4804
25563082,25574086,1698257040,0.4803,0.4794
25583051,25582547,1698257100,0.4793,0.4771
25595104,25634786,1698257160,0.4772,0.4772
25656701,25656560,1698257220,0.4773,0.4762
25657042,25591970,1698257280,0.4762,0.4754
25602308,25581987,1698257340,0.4753,0.4771
25607953,25609742,1698257400,0.4771,0.4767
25586811,25577006,1698257460,0.4771,0.4762
25578911,25562783,1698257520,0.4762,0.4758
25563212,25566752,1698257580,0.4758,0.4765
25571281,25571954,1698257640,0.4766,0.478
25591265,25601507,1698257700,0.4779,0.4786
25603482,25605330,1698257760,0.4786,0.478
25610116,25615646,1698257820,0.478,0.4786
25618075,25618075,1698257880,0.4786,0.4787
25621826,25621236,1698257940,0.4786,0.4778
25643654,25644510,1698258000,0.4778,0.4776
25667935,25663330,1698258060,0.4776,0.4773
25666607,25630861,1698258120,0.4773,0.4755
25628164,25626315,1698258180,0.4755,0.4754
25622345,25620660,1698258240,0.4754,0.4754
25623222,25622418,1698258300,0.4754,0.4755
25624344,25625055,1698258360,0.4755,0.4749
25626237,25628350,1698258420,0.4748,0.4747
25626637,25628144,1698258480,0.4747,0.475
25627194,25623009,1698258540,0.4751,0.4743
25619981,25606475,1698258600,0.4744,0.475
25608038,25623435,1698258660,0.4749,0.4745
25625772,25639697,1698258720,0.4744,0.474
25641631,25633675,1698258780,0.474,0.4743
25632887,25633804,1698258840,0.4743,0.4742
25625854,25622580,1698258900,0.4742,0.4738
25619419,25621818,1698258960,0.4738,0.4737
25618201,25613090,1698259020,0.4738,0.4734
25614299,25593383,1698259080,0.4734,0.4731
25593456,25590134,1698259140,0.4731,0.4724
25594100,25597547,1698259200,0.4724,0.4727
25596556,25595532,1698259260,0.4727,0.4728
25590322,25593107,1698259320,0.4728,0.4729
25586974,25582174,1698259380,0.4729,0.4729
25574066,25573709,1698259440,0.473,0.4728
25571277,25576326,1698259500,0.4728,0.4724
25560496,25428527,1698259560,0.4723,0.4709
25421294,25418028,1698259620,0.4712,0.4709
25420451,25424627,1698259680,0.4709,0.4713
25424083,25423929,1698259740,0.4714,0.4716
25421106,25413021,1698259800,0.4716,0.4718
25413021,25408879,1698259860,0.4719,0.4716
25410605,25408293,1698259920,0.4716,0.4718
25408447,25405462,1698259980,0.4719,0.4722
25405986,25413248,1698260040,0.4721,0.4729
25424499,25437692,1698260100,0.4729,0.473
25437777,25436056,1698260160,0.4729,0.4731
25437047,25438052,1698260220,0.4731,0.4735
25439451,25440727,1698260280,0.4734,0.4732
25438991,25439916,1698260340,0.4733,0.4732
25437086,25436283,1698260400,0.4732,0.4717
25434736,25403831,1698260460,0.4717,0.4714
25405258,25412956,1698260520,0.4713,0.4711
25412829,25382755,1698260580,0.471,0.4702
25385793,25400575,1698260640,0.4701,0.4694
25407282,25360772,1698260700,0.4694,0.4696
25360956,25360956,1698260760,0.4696,0.4705
25362787,25361397,1698260820,0.4705,0.4705
25374591,25372927,1698260880,0.4705,0.4705
25370148,25373237,1698260940,0.4707,0.4713
25390259,25390259,1698261000,0.4713,0.4721
25378782,25386481,1698261060,0.4721,0.4719
25382164,25384448,1698261120,0.4719,0.472
25382987,25380840,1698261180,0.4719,0.4721
25380698,25380819,1698261240,0.4719,0.4713
25381412,25373889,1698261300,0.4714,0.4706
25372728,25372087,1698261360,0.4706,0.4701
25372895,25375895,1698261420,0.4701,0.47
25377298,25376590,1698261480,0.4699,0.4695
25377684,25374618,1698261540,0.4695,0.4694
25377015,25375033,1698261600,0.4695,0.4692
25374846,25371984,1698261660,0.4693,0.4694
25369296,25367978,1698261720,0.4694,0.4691
25364212,25360380,1698261780,0.4692,0.4691
25357294,25357413,1698261840,0.4691,0.4691
25356256,25356716,1698261900,0.4691,0.4692
25348543,25348512,1698261960,0.4693,0.4691
25347469,25348201,1698262020,0.4691,0.4699
25345857,25346356,1698262080,0.4698,0.4705
25341528,25339434,1698262140,0.4705,0.4712
25339912,25340048,1698262200,0.4712,0.4711
25334903,25336259,1698262260,0.471,0.4713
25330924,25331986,1698262320,0.4714,0.4717
25330282,25328745,1698262380,0.4717,0.4731
25338635,25372704,1698262440,0.473,0.4746
25371846,25405602,1698262500,0.4746,0.4754
25399012,25416350,1698262560,0.4755,0.4756
25417438,25407623,1698262620,0.4757,0.476
25404664,25409122,1698262680,0.476,0.477
25408470,25405583,1698262740,0.477,0.4762
25400522,25391547,1698262800,0.4763,0.4759
25391639,25393352,1698262860,0.4759,0.4751
25394564,25408814,1698262920,0.4751,0.4751
25408872,25407057,1698262980,0.4751,0.4751
25406728,25410803,1698263040,0.4751,0.4745
25409741,25410204,1698263100,0.4746,0.4744
25399954,25398092,1698263160,0.4745,0.4744
25383930,25385071,1698263220,0.4743,0.4754
25386503,25395525,1698263280,0.4753,0.4766
25394615,25396090,1698263340,0.4766,0.4771
25399798,25404347,1698263400,0.4771,0.4776
25414571,25422298,1698263460,0.4776,0.4765
25411562,25406834,1698263520,0.4766,0.4759
25404185,25400608,1698263580,0.4759,0.4764
25397781,25398486,1698263640,0.4764,0.4761
25394567,25393870,1698263700,0.4761,0.4761
25380717,25393085,1698263760,0.476,0.4744
25420988,25420957,1698263820,0.4744,0.4741
25410564,25404535,1698263880,0.4741,0.4746
25404373,25404994,1698263940,0.4747,0.4751
25406079,25404544,1698264000,0.475,0.4747
25402856,25403143,1698264060,0.4747,0.4739
25411021,25405814,1698264120,0.4739,0.4735
25405538,25401743,1698264180,0.4736,0.473
25401676,25402365,1698264240,0.4729,0.4729
25401192,25421065,1698264300,0.4729,0.4722
25421592,25429561,1698264360,0.4722,0.4726
25437184,25440259,1698264420,0.4727,0.4731
25440789,25442639,1698264480,0.4733,0.4732
25451986,25449574,1698264540,0.4733,0.4738
25449974,25463864,1698264600,0.4737,0.4745
25466432,25466950,1698264660,0.4745,0.4746
25466941,25466905,1698264720,0.4747,0.4749
25467500,25465225,1698264780,0.4749,0.4744
25464458,25465112,1698264840,0.4743,0.4741
25457998,25458855,1698264900,0.4742,0.4736
25456844,25379568,1698264960,0.4735,0.4722
25380566,25381123,1698265020,0.4722,0.4731
25385395,25381038,1698265080,0.4731,0.4729
25381108,25374515,1698265140,0.4731,0.4731
25370182,25360641,1698265200,0.473,0.473
25361263,25360960,1698265260,0.4731,0.4732
25361255,25361225,1698265320,0.4732,0.4728
25365702,25368669,1698265380,0.4728,0.473
25401030,25404511,1698265440,0.473,0.4727
25402800,25402113,1698265500,0.4728,0.4726
25374943,25374730,1698265560,0.4726,0.4728
25363250,25362486,1698265620,0.4725,0.473
25360837,25360746,1698265680,0.473,0.4725
25361452,25360270,1698265740,0.4726,0.4724
25359954,25359954,1698265800,0.4724,0.4718
25358295,25350873,1698265860,0.472,0.4726
25351038,25349646,1698265920,0.4726,0.4723
25354556,25350956,1698265980,0.4723,0.4725
25351984,25349398,1698266040,0.4726,0.4723
25344935,25343576,1698266100,0.4725,0.4725
25346295,25345884,1698266160,0.4725,0.472
25344759,25345002,1698266220,0.4722,0.4723
25345392,25343684,1698266280,0.4723,0.4723
25339106,25339854,1698266340,0.4722,0.4722
25322700,25324851,1698266400,0.4722,0.472
25315662,25316416,1698266460,0.4721,0.4722
25312057,25312875,1698266520,0.4723,0.4732
25313518,25320044,1698266580,0.4732,0.4741
25324470,25324470,1698266640,0.4741,0.4745
25323128,25344344,1698266700,0.4744,0.4743
25348862,25348709,1698266760,0.4743,0.4737
25347475,25345736,1698266820,0.4738,0.4732
25343784,25344055,1698266880,0.4732,0.4731
25340563,25339947,1698266940,0.4731,0.4728
25317655,25314426,1698267000,0.4729,0.4719
25288087,25286170,1698267060,0.472,0.4724
25284461,25284322,1698267120,0.4726,0.4719
25283579,25284591,1698267180,0.4718,0.4715
25284031,25277749,1698267240,0.4715,0.471
25309069,25296731,1698267300,0.471,0.4709
25289363,25291280,1698267360,0.471,0.4707
25289239,25229278,1698267420,0.4708,0.4708
25223169,25217533,1698267480,0.4708,0.4711
25178076,25178076,1698267540,0.471,0.4699
25077204,25063943,1698267600,0.4698,0.4693
25062767,25057425,1698267660,0.4693,0.4703
25047196,25046689,1698267720,0.4703,0.4709
25042338,25038762,1698267780,0.4708,0.4717
25036082,25034029,1698267840,0.4718,0.4711
25022975,25022077,1698267900,0.471,0.4713
25022337,25021933,1698267960,0.4712,0.4717
25019059,25010457,1698268020,0.4718,0.4713
25002505,25001372,1698268080,0.4714,0.4715
25001763,24996748,1698268140,0.4716,0.4718
24993941,24997604,1698268200,0.4719,0.4718
24997734,24994887,1698268260,0.4719,0.4724
24995394,24995415,1698268320,0.4724,0.4718
24996539,24996475,1698268380,0.4717,0.4714
24996608,24995876,1698268440,0.4714,0.4716
24995393,24994083,1698268500,0.4715,0.4711
24992926,24993380,1698268560,0.4711,0.4722
24993380,24988058,1698268620,0.4722,0.4728
24988036,24989677,1698268680,0.4727,0.4729
24989677,24991611,1698268740,0.4729,0.4731
24994477,24993367,1698268800,0.4731,0.4732
24996611,25020544,1698268860,0.4733,0.4737
25020375,25033390,1698268920,0.4737,0.4737
25033270,25033269,1698268980,0.4737,0.474
25033166,25032326,1698269040,0.474,0.4742
25033086,25026985,1698269100,0.474,0.4733
25027716,25013925,1698269160,0.4733,0.4734
25014144,25008876,1698269220,0.4731,0.4729
25007479,25003006,1698269280,0.4729,0.4728
25003106,25006998,1698269340,0.4728,0.4729
25005290,24997768,1698269400,0.4729,0.4723
24998174,24997818,1698269460,0.4723,0.472
24992341,24981293,1698269520,0.4719,0.4719
24980971,24981425,1698269580,0.4718,0.4712
24980101,24970988,1698269640,0.4713,0.4698
24969529,25001365,1698269700,0.4697,0.4697
24998525,24944108,1698269760,0.4698,0.4697
24944914,24928767,1698269820,0.4696,0.4694
24926277,24924716,1698269880,0.4695,0.4687
24912955,24902536,1698269940,0.4688,0.4688
24896678,24892099,1698270000,0.4688,0.468
24883729,24883499,1698270060,0.4681,0.4682
24883255,24879215,1698270120,0.4682,0.4691
24877896,24877884,1698270180,0.4691,0.4695
24877202,24876604,1698270240,0.4694,0.4696
24879205,24878447,1698270300,0.4696,0.4697
24878166,24877811,1698270360,0.4698,0.4698
24856472,24855867,1698270420,0.4699,0.471
24864776,24863189,1698270480,0.4708,0.4713
24862455,24854711,1698270540,0.4713,0.4724
24860243,24854764,1698270600,0.4724,0.4716
24853736,24853928,1698270660,0.4716,0.4719
24854203,24832629,1698270720,0.4719,0.473
24831526,24827314,1698270780,0.4729,0.472
24828416,24830808,1698270840,0.472,0.4722
24830448,24829915,1698270900,0.4721,0.4727
24833405,24828957,1698270960,0.4728,0.4733
24827557,24826808,1698271020,0.4732,0.4733
24827276,24815064,1698271080,0.4734,0.4736
24806190,24804971,1698271140,0.4736,0.4734
24793299,24791770,1698271200,0.4735,0.4737
24790773,24792670,1698271260,0.4737,0.4732
24780147,24778269,1698271320,0.4733,0.4732
24778180,24779900,1698271380,0.4732,0.4737
24778594,24797672,1698271440,0.4737,0.4732
24804280,24807863,1698271500,0.4733,0.4732
24806391,24805325,1698271560,0.4731,0.4731
24805563,24798588,1698271620,0.4731,0.4721
24798470,24800846,1698271680,0.4721,0.4726
24803829,24801995,1698271740,0.4727,0.4729
24799181,24799181,1698271800,0.473,0.4732
24798492,24801182,1698271860,0.4731,0.4736
24801871,24802082,1698271920,0.4735,0.4739
24801897,24803451,1698271980,0.4739,0.4745
24797690,24798750,1698272040,0.4744,0.4745
24796352,24817434,1698272100,0.4746,0.475
24816386,24815971,1698272160,0.4748,0.4752
24810310,24810400,1698272220,0.4751,0.4744
24804738,24800817,1698272280,0.4744,0.474
24836692,24835546,1698272340,0.474,0.4747
24836346,24828228,1698272400,0.4747,0.4746
24824018,24823752,1698272460,0.4746,0.4744
24823732,24825119,1698272520,0.4744,0.4751
24818795,24815677,1698272580,0.475,0.4754
24815980,24819935,1698272640,0.4756,0.476
24830292,24850141,1698272700,0.4759,0.4767
24870601,24874046,1698272760,0.4767,0.4761
24875087,24880007,1698272820,0.4761,0.4761
24879027,24878351,1698272880,0.4762,0.4762
24877249,24870419,1698272940,0.4761,0.4765
24875588,24871305,1698273000,0.4766,0.4767
24874068,24872650,1698273060,0.4768,0.4767
24873643,24885278,1698273120,0.4767,0.4767
24890271,24932925,1698273180,0.4767,0.4777
24932207,24934749,1698273240,0.4777,0.478
24928222,24931343,1698273300,0.4779,0.4776
24931211,24930249,1698273360,0.4776,0.4776
24930899,24930424,1698273420,0.4777,0.4781
24933893,24935130,1698273480,0.4782,0.4776
24931915,24950210,1698273540,0.4776,0.4776
24953555,24953555,1698273600,0.4777,0.4779
24944671,24946578,1698273660,0.4779,0.478
24946636,24941477,1698273720,0.4779,0.4778
24941338,24939582,1698273780,0.4779,0.4779
24939552,24944738,1698273840,0.4779,0.4783
24948371,24953654,1698273900,0.4783,0.4784
24954009,24953845,1698273960,0.4784,0.4782
24962038,24957783,1698274020,0.4781,0.4776
24958468,24964811,1698274080,0.4778,0.4774
24965322,24987695,1698274140,0.4774,0.4779
24990618,24986828,1698274200,0.478,0.4777
24986949,24981717,1698274260,0.4777,0.478
25007733,25016826,1698274320,0.478,0.4779
25016733,25038977,1698274380,0.4779,0.4779
25040230,25052435,1698274440,0.478,0.4789
25061318,25073546,1698274500,0.479,0.4793
25076351,25077959,1698274560,0.4793,0.4792
25080578,25098068,1698274620,0.4793,0.478
25105038,25104400,1698274680,0.478,0.4782
25101851,25104631,1698274740,0.4782,0.4775
25104507,25065809,1698274800,0.4775,0.4768
25060501,25066168,1698274860,0.4768,0.4766
25063837,25034808,1698274920,0.4762,0.4754
25025351,25021237,1698274980,0.4752,0.4745
25005316,25001279,1698275040,0.4742,0.4739
25002117,24995604,1698275100,0.4739,0.4736
24999726,24992841,1698275160,0.4736,0.4734
24992750,25005295,1698275220,0.4735,0.4726
24961726,24965775,1698275280,0.4726,0.4727
24969692,24971605,1698275340,0.4727,0.4723
24966450,24957327,1698275400,0.4724,0.4719
24947515,24947515,1698275460,0.4718,0.4724
24944637,24945303,1698275520,0.4723,0.4722
24940583,24937457,1698275580,0.4723,0.4722
24938875,24935547,1698275640,0.4723,0.4724
24939750,24943732,1698275700,0.4725,0.4728
24945355,24949491,1698275760,0.4728,0.4733
24942034,24945658,1698275820,0.4734,0.4739
24932643,24938963,1698275880,0.474,0.4744
24944122,24946973,1698275940,0.4745,0.4751
24940420,24942524,1698276000,0.4751,0.4755
24942725,24942737,1698276060,0.4755,0.4756
24942449,24946230,1698276120,0.4756,0.4758
24946845,24946658,1698276180,0.4759,0.4758
24945492,24944099,1698276240,0.4758,0.4761
24949726,24966931,1698276300,0.4763,0.4765
24964096,24974271,1698276360,0.4765,0.4763
24974501,24974032,1698276420,0.4763,0.4762
24975518,24972290,1698276480,0.4763,0.476
24972143,24972143,1698276540,0.476,0.4762
24963041,24965871,1698276600,0.4763,0.4767
24965973,24963850,1698276660,0.4767,0.4771
24953184,24955421,1698276720,0.4771,0.4774
24949664,24949600,1698276780,0.4775,0.4771
24949411,24948854,1698276840,0.4771,0.477
24941568,24938005,1698276900,0.4772,0.4768
24931747,24926546,1698276960,0.4768,0.4764
24924535,24917487,1698277020,0.4764,0.4756
24920413,24912944,1698277080,0.4756,0.4755
24913681,24909866,1698277140,0.4756,0.4756
24912549,24939408,1698277200,0.4756,0.476
24937727,24931694,1698277260,0.4761,0.4764
24932397,24915446,1698277320,0.4763,0.4763
24915282,24915866,1698277380,0.4762,0.4767
24913777,24919573,1698277440,0.4767,0.4777
24924554,24925727,1698277500,0.4777,0.4779
24929675,24933823,1698277560,0.478,0.4781
24943660,24944019,1698277620,0.4781,0.4782
24949314,24980500,1698277680,0.4782,0.4792
25094860,25118888,1698277740,0.4792,0.4797
25236559,25250846,1698277800,0.4797,0.4793
25251341,25249414,1698277860,0.4793,0.4792
25259496,25263566,1698277920,0.4792,0.479
25268555,25260943,1698277980,0.479,0.479
25249409,25249279,1698278040,0.4791,0.479
25248985,25244717,1698278100,0.4791,0.4791
25282520,25282889,1698278160,0.4791,0.4797
25293748,25293018,1698278220,0.4798,0.4801
25294056,25294056,1698278280,0.48,0.4803
25295263,25286776,1698278340,0.4803,0.4806
25287162,25285881,1698278400,0.4807,0.4801
25277560,25278087,1698278460,0.4801,0.4788
25275164,25322138,1698278520,0.4787,0.4792
25319111,25319132,1698278580,0.4792,0.4798
25305053,25318768,1698278640,0.4797,0.4789
25323796,25321652,1698278700,0.479,0.4788
25328646,25324304,1698278760,0.4788,0.4783
25317756,25421032,1698278820,0.4784,0.4766
25422584,25432246,1698278880,0.4766,0.478
25428458,25428121,1698278940,0.478,0.4778
25424744,25429116,1698279000,0.4778,0.4771
25450271,25450768,1698279060,0.4769,0.4775
25445995,25443061,1698279120,0.4775,0.4789
25430128,25437957,1698279180,0.4789,0.4792
25385598,25397047,1698279240,0.4793,0.4797
25398473,25399351,1698279300,0.4795,0.4795
25397536,25363132,1698279360,0.4795,0.48
25361528,25357739,1698279420,0.4801,0.48
25365562,25365392,1698279480,0.4799,0.4801
25367859,25372561,1698279540,0.48,0.4799
25375273,25372003,1698279600,0.4799,0.4795
25371378,25376029,1698279660,0.4795,0.4801
25393829,25386869,1698279720,0.4801,0.4826
25401056,25398473,1698279780,0.4825,0.4819
25434423,25422011,1698279840,0.4819,0.4826
25429933,25437129,1698279900,0.4825,0.4822
25434268,25443281,1698279960,0.4822,0.4836
25446566,25447915,1698280020,0.4834,0.4833
25455526,25465437,1698280080,0.4833,0.4841
25476373,25484409,1698280140,0.484,0.4831
25526405,25535074,1698280200,0.4832,0.4838
25540439,25579378,1698280260,0.4839,0.4845
25595852,25600578,1698280320,0.4844,0.4847
25603941,25612041,1698280380,0.4847,0.4858
25652199,25700892,1698280440,0.4858,0.4863
25697940,25689084,1698280500,0.4863,0.4844
25695908,25752824,1698280560,0.4844,0.4855
25826679,25826679,1698280620,0.4856,0.4856
25811071,25811631,1698280680,0.4856,0.4851
25815475,25788647,1698280740,0.485,0.4857
25804062,25804043,1698280800,0.4858,0.4871
25849742,25871113,1698280860,0.4872,0.4878
25896139,25906215,1698280920,0.4876,0.4857
25913471,25952001,1698280980,0.4858,0.4855
25947430,25942604,1698281040,0.4854,0.4856
25951523,25840247,1698281100,0.4857,0.4831
25837077,25837485,1698281160,0.483,0.482
25824466,25809135,1698281220,0.4819,0.481
25775494,25775022,1698281280,0.4811,0.4804
25806510,25828453,1698281340,0.4805,0.4813
25823687,25789801,1698281400,0.4814,0.4811
25789847,25776263,1698281460,0.4812,0.4816
25785802,25787471,1698281520,0.4816,0.4831
25782567,25784341,1698281580,0.4831,0.4837
25784692,25798123,1698281640,0.4836,0.485
25808395,25820920,1698281700,0.4848,0.4848
25822476,25822728,1698281760,0.4848,0.4842
25823859,25823859,1698281820,0.4842,0.485
25832962,25827670,1698281880,0.485,0.4851
25826675,25837549,1698281940,0.4852,0.4852
25835385,25839091,1698282000,0.4851,0.4849
25839323,25847871,1698282060,0.485,0.4855
25844313,25849756,1698282120,0.4855,0.4854
25859647,25865774,1698282180,0.4854,0.485
25865232,25860972,1698282240,0.485,0.4838
25869878,25844714,1698282300,0.4837,0.4833
25855182,25866506,1698282360,0.4833,0.4835
25860408,25874547,1698282420,0.4835,0.4838
25875073,25924687,1698282480,0.4838,0.4854
25929966,25938265,1698282540,0.4853,0.4856
25957669,25958041,1698282600,0.4856,0.4862
25969196,25987340,1698282660,0.4862,0.4857
25995025,25999051,1698282720,0.4857,0.4848
25997697,25997700,1698282780,0.4847,0.4843
25994689,25994303,1698282840,0.4842,0.484
25996340,25979712,1698282900,0.4841,0.4847
25979937,25978010,1698282960,0.4848,0.4848
25982626,25999270,1698283020,0.4848,0.486
25997345,26004425,1698283080,0.486,0.4865
26007024,26029222,1698283140,0.4865,0.4867
26041159,26053020,1698283200,0.4867,0.4871
26072075,26081966,1698283260,0.487,0.4867
26080318,26140749,1698283320,0.4867,0.4877
26156016,26183091,1698283380,0.4876,0.4895
26186148,26184611,1698283440,0.4896,0.4892
26179279,26182719,1698283500,0.4892,0.489
26179468,26189407,1698283560,0.4889,0.4883
26237288,26234478,1698283620,0.4883,0.4879
26227099,26206754,1698283680,0.4879,0.4874
26188019,26188590,1698283740,0.4874,0.4874
26186477,26180861,1698283800,0.4873,0.4885
26181660,26186473,1698283860,0.4885,0.4887
26216797,26197728,1698283920,0.4888,0.4901
26218624,26237249,1698283980,0.49,0.4895
26242749,26261268,1698284040,0.4896,0.4895
26271166,26271166,1698284100,0.4894,0.4891
26269771,26258978,1698284160,0.4892,0.4889
26270451,26280244,1698284220,0.4889,0.4894
26246017,26260921,1698284280,0.4895,0.4904
26261044,26261386,1698284340,0.4905,0.4902
26265469,26277070,1698284400,0.4902,0.4894
26277066,26248586,1698284460,0.4895,0.4875
26248029,26229953,1698284520,0.4874,0.4865
26223704,26248941,1698284580,0.4864,0.4869
26237545,26239891,1698284640,0.4869,0.4854
26141237,26147867,1698284700,0.4853,0.4849
26143735,26147395,1698284760,0.4851,0.4871
26145226,26145651,1698284820,0.4872,0.487
26142463,26120215,1698284880,0.487,0.4883
26119425,26124082,1698284940,0.4883,0.4883
26138182,26137445,1698285000,0.4883,0.4876
26136562,26137517,1698285060,0.4877,0.4871
26135409,26122330,1698285120,0.4868,0.4864
26122835,26114591,1698285180,0.4864,0.4866
26114109,26124863,1698285240,0.4867,0.4863
26119476,26135312,1698285300,0.4863,0.4861
26134379,26131773,1698285360,0.4861,0.486
26130174,26106242,1698285420,0.4859,0.4849
26104118,26111344,1698285480,0.485,0.4858
26110657,26114084,1698285540,0.4859,0.4858
26127522,26130549,1698285600,0.4856,0.4848
26130354,26156213,1698285660,0.4849,0.4854
26161888,26155550,1698285720,0.4855,0.4843
26134089,26133356,1698285780,0.4842,0.4837
26122601,26105835,1698285840,0.4837,0.4838
26106342,26137673,1698285900,0.4838,0.4836
26121806,26117234,1698285960,0.4835,0.483
26116483,26084460,1698286020,0.483,0.4818
26075054,26068954,1698286080,0.482,0.4825
26054896,26057964,1698286140,0.4826,0.4831
26055974,26043209,1698286200,0.4832,0.4841
26044494,26048782,1698286260,0.484,0.4844
26049056,26051960,1698286320,0.4843,0.4845
26060134,26032618,1698286380,0.4844,0.4825
26027061,26024923,1698286440,0.4826,0.483
26029882,26023334,1698286500,0.483,0.4828
26021556,26019471,1698286560,0.4829,0.4832
26017906,26018194,1698286620,0.4832,0.4831
26016696,26024881,1698286680,0.4831,0.4831
26023247,26019991,1698286740,0.4831,0.4836
26027651,26024255,1698286800,0.4836,0.484
26041258,26043812,1698286860,0.484,0.4852
26044240,26059503,1698286920,0.4851,0.4852
26062295,26074058,1698286980,0.4853,0.4854
26108755,26098605,1698287040,0.4855,0.4861
26098997,26104143,1698287100,0.486,0.486
26093697,26090419,1698287160,0.4861,0.4856
26092672,26079337,1698287220,0.4855,0.4845
26077028,26085251,1698287280,0.4844,0.4849
26083911,26083831,1698287340,0.4848,0.4844
26085910,26090179,1698287400,0.4844,0.4847
26090715,26090341,1698287460,0.4847,0.4849
26087666,26082600,1698287520,0.4849,0.4858
26083924,26083875,1698287580,0.4859,0.4857
26075168,26093802,1698287640,0.4859,0.4861
26097507,26106340,1698287700,0.4862,0.4862
26105219,26105147,1698287760,0.4861,0.487
26106124,26107947,1698287820,0.4871,0.4874
26108103,26110303,1698287880,0.4874,0.4878
26120624,26112398,1698287940,0.4878,0.4878
26112769,26118456,1698288000,0.4878,0.4875
26121164,26121555,1698288060,0.4874,0.4877
26117490,26154398,1698288120,0.4877,0.4882
26154694,26148776,1698288180,0.4882,0.488
26152241,26145106,1698288240,0.4881,0.4878
26142754,26141301,1698288300,0.4877,0.4872
26141193,26148286,1698288360,0.4873,0.4876
26147009,26147599,1698288420,0.4876,0.4878
26176541,26165933,1698288480,0.4878,0.4879
26188672,26172407,1698288540,0.4879,0.4869
26173615,26172612,1698288600,0.487,0.486
26132795,26109188,1698288660,0.486,0.4854
26106174,26133619,1698288720,0.4853,0.4856
26135710,26129609,1698288780,0.4857,0.4859
26129609,26137957,1698288840,0.4859,0.486
26138109,26139391,1698288900,0.4861,0.486
26138985,26136709,1698288960,0.486,0.4856
26136827,26134749,1698289020,0.4856,0.4855
26135322,26109487,1698289080,0.4856,0.4847
26084837,26059183,1698289140,0.4846,0.4835
26072805,26066771,1698289200,0.4835,0.4842
26052841,26053316,1698289260,0.4843,0.4866
26057518,26067020,1698289320,0.4866,0.4858
26072186,26062789,1698289380,0.4857,0.488
26076133,26110849,1698289440,0.4879,0.4872
26080890,26080890,1698289500,0.4871,0.4855
26075863,26073379,1698289560,0.4855,0.4861
26070144,26070809,1698289620,0.4862,0.4868
26075225,26074254,1698289680,0.4869,0.4862
26063360,26084208,1698289740,0.4864,0.4872
26085044,26078817,1698289800,0.4873,0.4858
26060635,26061458,1698289860,0.4858,0.4852
26058290,26056130,1698289920,0.4853,0.4867
26044451,26026001,1698289980,0.4868,0.4867
26030365,26036503,1698290040,0.4865,0.4865
26034739,26038428,1698290100,0.4863,0.4871
26042273,26055001,1698290160,0.4871,0.4876
26057640,26057710,1698290220,0.4875,0.4877
26057345,26055894,1698290280,0.4876,0.4879
26061018,26061246,1698290340,0.4879,0.4885
26073781,26067319,1698290400,0.4886,0.4897
26064795,26074962,1698290460,0.4897,0.4908
26078231,26085736,1698290520,0.4909,0.4908
26101599,26112167,1698290580,0.4909,0.4916
26111816,26126028,1698290640,0.4916,0.4919
26160316,26178027,1698290700,0.4918,0.4928
26189556,26203886,1698290760,0.4929,0.493
26204238,26211724,1698290820,0.4928,0.4928
26211695,26214789,1698290880,0.4927,0.4933
26204576,26213647,1698290940,0.4934,0.4941
26226140,26233603,1698291000,0.4941,0.4941
26238408,26248213,1698291060,0.4942,0.495
26299565,26320102,1698291120,0.4949,0.4951
26333625,26358965,1698291180,0.495,0.4952
26388880,26439513,1698291240,0.4951,0.4967
26459085,26530515,1698291300,0.4967,0.4987
26603317,26620794,1698291360,0.4987,0.4987
26600837,26616256,1698291420,0.4986,0.4984
26630291,26685524,1698291480,0.4984,0.4972
26657136,26621842,1698291540,0.4973,0.4964
26606552,26587051,1698291600,0.4964,0.4962
26579316,26579392,1698291660,0.4962,0.4957
26577625,26577822,1698291720,0.4957,0.4964
26572706,26586152,1698291780,0.4963,0.4966
26578016,26562716,1698291840,0.4968,0.4971
26562783,26555848,1698291900,0.4972,0.4967
26550422,26550422,1698291960,0.4964,0.496
26559431,26571970,1698292020,0.496,0.4962
26571925,26568819,1698292080,0.4962,0.4951
26554771,26565719,1698292140,0.4952,0.4954
26578556,26567091,1698292200,0.4959,0.4959
26564655,26567711,1698292260,0.4959,0.4958
26557230,26553947,1698292320,0.4959,0.4962
26555385,26551915,1698292380,0.496,0.4959
26549764,26557244,1698292440,0.4958,0.4956
26551482,26546030,1698292500,0.4957,0.4954
26544854,26543167,1698292560,0.4954,0.4953
26539862,26517907,1698292620,0.4954,0.4964
26518562,26514774,1698292680,0.4965,0.4972
26505848,26505284,1698292740,0.4971,0.4975
26507491,26506576,1698292800,0.4974,0.4982
26515264,26508028,1698292860,0.4982,0.4976
26508128,26509138,1698292920,0.4975,0.4971
26508843,26485909,1698292980,0.4971,0.4968
26483165,26477419,1698293040,0.4969,0.4959
26482853,26482853,1698293100,0.4959,0.4964
26474732,26478937,1698293160,0.4963,0.4959
26479232,26472111,1698293220,0.4958,0.495
26465168,26470527,1698293280,0.495,0.4956
26441741,26436512,1698293340,0.4956,0.4952
26438009,26444469,1698293400,0.4953,0.4955
26444064,26452992,1698293460,0.4954,0.4989
26506126,26520931,1698293520,0.499,0.4973
26510923,26515781,1698293580,0.4973,0.4971
26526807,26510985,1698293640,0.4971,0.496
26522425,26504468,1698293700,0.4959,0.4943
26479034,26483259,1698293760,0.4943,0.4942
26528230,26532707,1698293820,0.4941,0.4932
26532674,26519378,1698293880,0.4932,0.493
26516821,26515730,1698293940,0.4931,0.4945
26504394,26509510,1698294000,0.4943,0.4948
26506514,26500639,1698294060,0.4947,0.4941
26500523,26497753,1698294120,0.4942,0.4944
26503578,26506409,1698294180,0.4945,0.494
26508711,26508049,1698294240,0.4939,0.4945
26506873,26508116,1698294300,0.4943,0.4942
26512595,26513597,1698294360,0.4942,0.4941
26511673,26514699,1698294420,0.4941,0.4944
26513458,26516583,1698294480,0.4946,0.494
26519837,26517197,1698294540,0.4941,0.4945
26515442,26516948,1698294600,0.4944,0.4947
26517240,26513978,1698294660,0.4946,0.4943
26511023,26495354,1698294720,0.4943,0.4934
26493479,26493479,1698294780,0.4934,0.4924
26464447,26464417,1698294840,0.4924,0.4932
26465167,26401631,1698294900,0.4932,0.4928
26416569,26413627,1698294960,0.4928,0.4926
26414749,26421193,1698295020,0.4925,0.4938
26419794,26429712,1698295080,0.4939,0.4945
26431669,26431787,1698295140,0.4946,0.4946
26441889,26435237,1698295200,0.4946,0.4933
26428092,26399459,1698295260,0.4931,0.4929
26398244,26390901,1698295320,0.4928,0.4935
26381666,26382014,1698295380,0.4937,0.4944
26379156,26376229,1698295440,0.4942,0.4941
26368209,26368333,1698295500,0.4941,0.4935
26368862,26368862,1698295560,0.4935,0.4932
26371925,26373440,1698295620,0.4933,0.4931
26420163,26421374,1698295680,0.493,0.494
26423494,26423743,1698295740,0.494,0.4944
26449040,26459130,1698295800,0.4944,0.4957
26466248,26465713,1698295860,0.4957,0.4957
26468032,26471267,1698295920,0.4958,0.4954
26487487,26488074,1698295980,0.4955,0.4963
26494903,26501309,1698296040,0.4963,0.497
26528139,26528309,1698296100,0.4971,0.4971
26570836,26827225,1698296160,0.4969,0.4978
26836239,26831709,1698296220,0.4978,0.4973
26830249,26809652,1698296280,0.4972,0.4982
26809785,26833683,1698296340,0.4985,0.4985
26837559,26857666,1698296400,0.4983,0.4974
26858229,26847914,1698296460,0.4974,0.4961
26841739,26862043,1698296520,0.4962,0.4967
26861953,26859091,1698296580,0.4967,0.4973
26855859,26852424,1698296640,0.4972,0.4962
26873952,26873952,1698296700,0.4961,0.4954
26874437,26898574,1698296760,0.4954,0.4956
26900962,26874283,1698296820,0.4956,0.4947
26872179,26858434,1698296880,0.4946,0.4945
26852856,26852750,1698296940,0.4946,0.4947
26838908,26842743,1698297000,0.4948,0.4952
26842752,26845204,1698297060,0.4951,0.4965
26848685,26884982,1698297120,0.4965,0.4965
26885133,26886200,1698297180,0.4966,0.4969
26891266,26891142,1698297240,0.4968,0.497
26889519,26897558,1698297300,0.4969,0.4975
26895940,26904521,1698297360,0.4975,0.4979
26904403,26923788,1698297420,0.4978,0.4964
26878072,26936163,1698297480,0.4962,0.4955
26882753,26878938,1698297540,0.4954,0.4946
26880480,26879056,1698297600,0.4946,0.4951
26883834,26884289,1698297660,0.4951,0.4952
26882623,26887527,1698297720,0.4953,0.4962
26893558,26893799,1698297780,0.4961,0.4961
26894321,26906439,1698297840,0.4961,0.4954
26906020,26903574,1698297900,0.4954,0.495
26901577,26903963,1698297960,0.4951,0.4958
26920168,26917436,1698298020,0.4958,0.4955
26919063,26918106,1698298080,0.4956,0.4961
26936535,26935694,1698298140,0.496,0.496
26929076,26929110,1698298200,0.496,0.4956
26931851,26935651,1698298260,0.4956,0.4965
26954316,26955526,1698298320,0.4964,0.4958
26958074,26958074,1698298380,0.4958,0.4952
26951552,26936837,1698298440,0.4953,0.4948
26924272,26918456,1698298500,0.495,0.4956
26915393,26931395,1698298560,0.4957,0.4957
26930948,26943589,1698298620,0.4955,0.4956
26940399,26941526,1698298680,0.4956,0.4986
26979777,27053313,1698298740,0.4988,0.5021
27087897,27127283,1698298800,0.5022,0.5039
27170430,27168462,1698298860,0.5038,0.5029
27152656,27071062,1698298920,0.5028,0.5037
27127274,27157706,1698298980,0.5038,0.5036
27153846,27137525,1698299040,0.5037,0.5037
27143126,27155659,1698299100,0.5036,0.5033
27148142,27108417,1698299160,0.5034,0.5013
27108417,27108417,1698299220,0.5013,0.5016
