"OI_open","OI_close","timestamp","price_open","price_close"
43722.3,43720.5,1698209340,97.88,97.99
43713.3,43704.9,1698209400,97.96,97.89
43726.3,43722.4,1698209460,97.86,97.96
43700.7,43699.9,1698209520,97.94,97.89
43730.9,43727.4,1698209580,97.91,97.96
43713.5,43712.7,1698209640,97.96,97.96
43710.2,43684,1698209700,97.96,98.12
43687.5,43683.6,1698209760,98.12,98.14
43677.2,43674.6,1698209820,98.14,98.09
43669,43671.1,1698209880,98.09,98.17
43670.5,43659.2,1698209940,98.18,98.12
43648.9,43660.1,1698210000,98.13,98.09
43646.5,43655.5,1698210060,98.08,98.01
43650.9,43656.6,1698210120,98.02,98.15
43646.8,43636.1,1698210180,98.16,98.08
43640,43647.4,1698210240,98.08,98.03
43647.2,43648.6,1698210300,98.03,98.05
43644.8,43643.8,1698210360,98.06,98.03
43668.8,43670.9,1698210420,98.05,98.15
43672.9,43656.7,1698210480,98.17,98.21
43671.1,43659.8,1698210540,98.23,98.34
43660,43663.8,1698210600,98.34,98.45
43664.7,43669.3,1698210660,98.47,98.4
43670,43664.8,1698210720,98.39,98.47
43687.8,43699.3,1698210780,98.48,98.56
43672.8,43673.9,1698210840,98.57,98.6
43663.3,43663.3,1698210900,98.64,98.62
43676.3,43687,1698210960,98.62,98.37
43721.3,43700.8,1698211020,98.38,98.5
43712.2,43672.8,1698211080,98.47,98.24
43697.1,43697.2,1698211140,98.23,98.09
43730.5,43768.3,1698211200,98.1,98
43746.7,43778.5,1698211260,98,98.13
43800.3,43788.3,1698211320,98.14,98.03
43788.7,43768.5,1698211380,98.05,97.97
43768.4,43772.5,1698211440,97.98,97.9
43801.9,43781.8,1698211500,97.9,97.91
43781.8,43770.7,1698211560,97.91,98.05
43779.2,43789.1,1698211620,98.01,97.8
43812,43807.9,1698211680,97.79,97.98
43790.9,43790.9,1698211740,97.99,97.93
43793,43788.4,1698211800,97.9,97.98
43812.2,43814.2,1698211860,97.98,98.01
43808.5,43797.1,1698211920,98.03,97.91
43809.6,43803.1,1698211980,97.89,97.95
43822.1,43822.1,1698212040,97.97,98.08
43851.1,43833.2,1698212100,98.08,98.12
43835.6,43848.3,1698212160,98.12,98.05
43848.3,43835.3,1698212220,98.04,98.05
43835.3,43837.3,1698212280,98.04,98
43837.9,43875.4,1698212340,97.99,97.88
43879.9,43879.3,1698212400,97.82,97.86
43860.1,43854.7,1698212460,97.81,97.68
43854.1,43854.1,1698212520,97.67,97.6
43847.5,43852.5,1698212580,97.6,97.67
43841.2,43843.2,1698212640,97.61,97.5
43855.6,43854.1,1698212700,97.53,97.72
43854.1,43855.1,1698212760,97.73,97.52
43855.3,43858.5,1698212820,97.51,97.53
43858.9,43860.7,1698212880,97.52,97.53
43852.9,43869.8,1698212940,97.5,97.65
43865.9,43850.2,1698213000,97.66,97.65
43859.5,43846.7,1698213060,97.58,97.71
43823.2,43812,1698213120,97.72,97.63
43829,43824.2,1698213180,97.59,97.68
43834.5,43822,1698213240,97.7,97.69
43822.5,43855.8,1698213300,97.69,97.69
43853.9,43875.9,1698213360,97.7,97.67
43870.9,43888,1698213420,97.65,97.67
43885.4,43873.4,1698213480,97.69,97.73
43873.4,43873.4,1698213540,97.74,97.65
43875.1,43870.3,1698213600,97.65,97.67
43869.5,43876.3,1698213660,97.68,97.81
43873.7,43867.1,1698213720,97.82,97.8
43886.3,43880.3,1698213780,97.77,97.93
43827.3,43812.3,1698213840,97.91,97.99
43811.8,43813.6,1698213900,97.99,98.08
43809.1,43805.6,1698213960,98.08,98.16
43815.9,43801.4,1698214020,98.17,98.27
43800.1,43800.1,1698214080,98.27,98.27
43792,43792,1698214140,98.26,98.25
43794.4,43820.2,1698214200,98.25,98.34
43820,43819.8,1698214260,98.35,98.39
43816.9,43822.8,1698214320,98.4,98.34
43816.1,43815.5,1698214380,98.33,98.35
43815.2,43815.2,1698214440,98.36,98.33
43818.2,43818.2,1698214500,98.33,98.34
43829.2,43821.1,1698214560,98.33,98.44
43820.5,43823.2,1698214620,98.45,98.31
43826.1,43826.1,1698214680,98.32,98.33
43835.4,43836.7,1698214740,98.34,98.34
43836.7,43839.4,1698214800,98.35,98.31
43829.7,43829.6,1698214860,98.31,98.29
43829.6,43845.6,1698214920,98.31,98.41
43841,43842.9,1698214980,98.43,98.35
43823.2,43819.9,1698215040,98.35,98.37
43858.4,43852.8,1698215100,98.38,98.51
43839.6,43838,1698215160,98.51,98.52
43840.2,43840.7,1698215220,98.51,98.42
43856.9,43856.7,1698215280,98.42,98.48
43856.7,43857.3,1698215340,98.48,98.4
43857.6,43873.6,1698215400,98.41,98.45
43866.9,43871,1698215460,98.44,98.3
43881.3,43879.9,1698215520,98.31,98.36
43878.7,43878.7,1698215580,98.35,98.3
43885.7,43888.6,1698215640,98.29,98.29
43906.9,43907.4,1698215700,98.28,98.43
43907.4,43900.4,1698215760,98.43,98.39
43903.5,43903.5,1698215820,98.38,98.46
43926.1,43902.5,1698215880,98.48,98.43
43899.9,43899.9,1698215940,98.42,98.39
43916,43915.9,1698216000,98.39,98.49
43922,43936.8,1698216060,98.46,98.37
43951.9,43969.1,1698216120,98.38,98.32
43967.3,43975,1698216180,98.31,98.28
43979.8,43979.8,1698216240,98.28,98.4
43976.6,43976.2,1698216300,98.39,98.4
43997.3,43982.4,1698216360,98.42,98.43
43953.5,43936.2,1698216420,98.36,98.41
43960.2,43954,1698216480,98.41,98.48
43957.5,43943.1,1698216540,98.49,98.44
43954.1,43955.6,1698216600,98.44,98.44
43954.3,43954.4,1698216660,98.39,98.33
43953.2,43953.1,1698216720,98.32,98.33
43953.4,43953.4,1698216780,98.33,98.31
43948.1,43935.5,1698216900,98.29,98.39
43932.6,43954.8,1698216960,98.38,98.32
43954.8,43979.6,1698217020,98.3,98.37
43955.6,43955.6,1698217080,98.37,98.32
43970.7,43965.7,1698217140,98.32,98.33
43957.8,43991,1698217200,98.34,98.31
43991.2,44002.5,1698217260,98.31,98.3
44000.4,44002.6,1698217320,98.31,98.3
44002,44016.2,1698217380,98.29,98.42
44009.5,44006.1,1698217440,98.44,98.3
44014.1,44017.4,1698217500,98.25,98.15
44016.3,44013.2,1698217560,98.15,98.21
44050.9,44033.8,1698217620,98.23,98.31
44009.3,44008.3,1698217680,98.32,98.18
44009.7,44004.5,1698217740,98.17,98.23
44009.1,44009.1,1698217800,98.24,98.24
44007.5,44004.6,1698217860,98.23,98.11
44001.9,44003.5,1698217920,98.11,98.03
43981.8,43967.6,1698217980,98.03,98
43940.7,43940.7,1698218040,97.99,98.02
43966,43959.7,1698218100,98.02,97.94
43961.6,43965.8,1698218160,97.91,98.02
43970.5,43958.2,1698218220,98.06,97.98
43967.6,43959.7,1698218280,97.92,97.99
43959.7,43962.8,1698218340,97.97,97.93
43962.1,43930.4,1698218400,97.92,97.94
43913.3,43913.3,1698218460,97.87,97.72
43904.2,43885.4,1698218520,97.71,97.45
43888.8,43892,1698218580,97.46,97.51
43889.8,43902.2,1698218640,97.54,97.63
43895,43864,1698218700,97.59,97.63
43863.6,43839.2,1698218760,97.61,97.4
43860.8,43850.2,1698218820,97.4,97.24
43889.1,43885.4,1698218880,97.27,97.22
43887.8,43866.2,1698218940,97.19,96.87
43826.2,43835.7,1698219000,96.91,97.16
43825.7,43850.4,1698219060,97.17,97.22
43844.1,43850.7,1698219120,97.17,97.26
43838.9,43838.9,1698219180,97.27,97.13
43821.5,43844.4,1698219240,97.1,97.07
43830.2,43836.3,1698219300,97.06,97
43834.7,43835,1698219360,96.99,97.06
43841.9,43833.2,1698219420,97.06,97.1
43862.4,43878.3,1698219480,97.06,97.04
43900.7,43869.5,1698219540,97.03,97.02
43868.6,43870.3,1698219600,97.02,97.1
43887.8,43870.5,1698219660,97.09,96.98
43871.3,43860.1,1698219720,96.96,96.96
43855.2,43864.9,1698219780,96.96,96.77
43844,43856.7,1698219840,96.76,96.78
43873.6,43961.9,1698219900,96.78,96.75
43945.1,43827.8,1698219960,96.74,96.32
43825.6,43832.3,1698220020,96.3,96.7
43821.1,43827.4,1698220080,96.7,96.7
43795.2,43810.6,1698220140,96.7,96.53
43845.1,43854.2,1698220200,96.53,96.71
43760.2,43759.7,1698220260,96.7,96.64
43761.6,43750,1698220320,96.63,96.5
43766.3,43761.2,1698220380,96.52,96.69
43750.8,43754.8,1698220440,96.68,96.65
43743.5,43757.5,1698220500,96.7,96.76
43752.9,43761.5,1698220560,96.76,96.71
43784,43776.8,1698220620,96.69,96.74
43766.7,43780.5,1698220680,96.74,96.83
43768.6,43763,1698220740,96.81,96.77
43788.3,43828.8,1698220800,96.77,96.96
43821.9,43810.8,1698220860,96.99,96.98
43812.2,43823.3,1698220920,96.95,96.93
43805.7,43803.3,1698220980,96.88,96.59
43803.8,43807,1698221040,96.6,96.68
43798.3,43793.4,1698221100,96.67,96.63
43831.5,43802.9,1698221160,96.66,96.61
43802.9,43810.3,1698221220,96.61,96.39
43810.1,43849.5,1698221280,96.44,96.49
43849.5,43824.2,1698221340,96.45,96.51
43824.6,43824.5,1698221400,96.45,96.46
43853.1,43845.4,1698221460,96.45,96.48
43852.9,43881,1698221520,96.46,96.42
43873.9,43865,1698221580,96.4,96.24
43867.5,43859.5,1698221640,96.21,96.22
43869.7,43906.8,1698221700,96.23,96.4
43871.9,43898.5,1698221760,96.39,96.4
43879.7,43886.1,1698221820,96.4,96.46
43867.6,43852.6,1698221880,96.48,96.54
43861.6,43846.5,1698221940,96.54,96.61
43841.4,43843.9,1698222000,96.6,96.63
43854,43853.8,1698222060,96.59,96.7
43841.4,43832.5,1698222120,96.72,96.67
43834.4,43848.7,1698222180,96.65,96.69
43838,43831.8,1698222240,96.69,96.72
43832.7,43841.1,1698222300,96.72,96.8
43842.6,43839.6,1698222360,96.8,96.71
43846.9,43845.5,1698222420,96.7,96.68
43844.4,43844.2,1698222480,96.66,96.71
43844.4,43833,1698222540,96.71,96.7
43833,43860.6,1698222600,96.73,96.84
43852.7,43843.7,1698222660,96.85,96.91
43854.3,43852.3,1698222720,96.91,97.07
43851.5,43831.3,1698222780,97.05,96.94
43840.6,43838.2,1698222840,96.95,97.14
43819.3,43822.9,1698222900,97.13,97.1
43816.3,43820.5,1698222960,97.11,97.27
43799.6,43794.8,1698223020,97.29,97.34
43803.4,43790,1698223080,97.34,97.29
43794.7,43805.2,1698223140,97.29,97.33
43808.8,43808.6,1698223200,97.31,97.3
43805.5,43812,1698223260,97.26,97.24
43816.5,43822,1698223320,97.25,97.46
43815.3,43826.3,1698223380,97.46,97.42
43821.1,43817.9,1698223440,97.41,97.36
43823.6,43818.3,1698223500,97.34,97.32
43839.1,43822.2,1698223560,97.35,97.43
43826,43821.5,1698223620,97.43,97.33
43826.9,43826.9,1698223680,97.33,97.39
43813.5,43812.4,1698223740,97.41,97.34
43850.5,43844,1698223800,97.31,97.45
43835.4,43823.6,1698223860,97.47,97.27
43824.4,43849.9,1698223920,97.27,97.25
43849,43839,1698223980,97.23,97.13
43838.8,43847.3,1698224040,97.14,97.21
43832.3,43844.9,1698224100,97.19,97.28
43852,43853.6,1698224160,97.28,97.26
43858.4,43857.3,1698224220,97.28,97.27
43844.5,43858.3,1698224280,97.24,97.28
43875.4,43874,1698224340,97.31,97.43
43896.7,43904.9,1698224400,97.4,97.19
43904.2,43932.2,1698224460,97.2,97.29
43907.9,43905.8,1698224520,97.26,97.32
43898.2,43910.8,1698224580,97.33,97.44
43902.3,43908.3,1698224640,97.44,97.45
43913.8,43907.4,1698224700,97.47,97.46
43932.1,43934.5,1698224760,97.46,97.48
43924.7,43964,1698224820,97.52,97.49
43974.5,43971.3,1698224880,97.53,97.6
43966.5,43953.3,1698224940,97.6,97.57
43957.2,43990.6,1698225000,97.58,97.69
43995.3,44003.3,1698225060,97.69,97.74
43979.1,43978.8,1698225120,97.75,97.8
43971.3,44004.2,1698225180,97.79,97.89
44004.6,44000.4,1698225240,97.91,98.01
43985.2,44067,1698225300,98.01,98.17
44086.9,44106.9,1698225360,98.17,98.15
44207.3,44230.7,1698225420,98.15,98.15
44234.7,44302.5,1698225480,98.14,98.06
44302.6,44317.6,1698225540,98.05,98.06
44392.2,44392.2,1698225600,98.07,98.19
44405.1,44415.2,1698225660,98.2,98.16
44430.3,44441.6,1698225720,98.15,98.21
44495.3,44505.5,1698225780,98.21,98.22
44504.9,44515.3,1698225840,98.2,98.17
44525.9,44527.4,1698225900,98.17,98.3
44544.4,44543.9,1698225960,98.31,98.42
44585.2,44623,1698226020,98.41,98.45
44657.6,44659.2,1698226080,98.46,98.49
44652.7,44661.7,1698226140,98.5,98.55
44661.9,44684.8,1698226200,98.53,98.55
44687.7,44649.9,1698226260,98.53,98.5
44680.4,44669.4,1698226320,98.5,98.45
44720.3,44719.4,1698226380,98.46,98.53
44716.4,44717.1,1698226440,98.47,98.46
44743.7,44803.3,1698226500,98.46,98.72
45000.6,45015.8,1698226560,98.7,98.68
45042.9,45082.9,1698226620,98.68,98.6
45138.3,45146.3,1698226680,98.59,98.65
45135.8,45135.8,1698226740,98.64,98.5
45160.7,45162.5,1698226800,98.5,98.46
45175.8,45175.6,1698226860,98.48,98.47
45183,45182.4,1698226920,98.46,98.57
45204.9,45222,1698226980,98.57,98.56
45216.3,45227.1,1698227040,98.59,98.59
45218,45178.8,1698227100,98.58,98.51
45181.5,45175,1698227160,98.52,98.58
45174.8,45185.9,1698227220,98.59,98.57
45200.9,45200.3,1698227280,98.6,98.61
45214.5,45214.5,1698227340,98.52,98.44
45221.3,45200.4,1698227400,98.45,98.5
45188.9,45179.8,1698227460,98.49,98.45
45179.7,45179.1,1698227520,98.44,98.43
45177.8,45126.1,1698227580,98.43,98.46
45110.2,45120.9,1698227640,98.41,98.4
45124.1,45115.7,1698227700,98.41,98.49
45113.2,45091,1698227760,98.5,98.46
45090.6,45077.1,1698227820,98.4,98.36
45070.6,45070.6,1698227880,98.35,98.31
45044.6,45034.2,1698227940,98.31,98.32
45053.7,45045.5,1698228000,98.29,98.28
45015.6,44984.5,1698228060,98.25,98.15
44984.6,44978.7,1698228120,98.19,98.17
44974.8,45001.2,1698228180,98.13,98.22
45013.6,45020.3,1698228240,98.21,98.18
45009.7,44995,1698228300,98.19,98.24
44996.3,44986.7,1698228360,98.25,98.15
44978.3,44983.3,1698228420,98.15,98.14
44980.8,44980.4,1698228480,98.16,98.24
44971.1,44953.6,1698228540,98.25,98.2
44928.4,44911.5,1698228600,98.2,98.27
44895.4,44915.9,1698228660,98.28,98.32
44919,44918.7,1698228720,98.33,98.37
44914.4,44913.3,1698228780,98.36,98.46
44914.1,44915.1,1698228840,98.46,98.44
44907.8,44882.1,1698228900,98.45,98.41
44888.3,44876.6,1698228960,98.41,98.57
44858.8,44818.8,1698229020,98.58,98.5
44780.9,44789.6,1698229080,98.51,98.5
44790.1,44818.9,1698229140,98.52,98.46
44814.2,44814.2,1698229200,98.51,98.52
44799.1,44808.2,1698229260,98.52,98.54
44782.2,45020.2,1698229320,98.53,98.1
45046.4,45103.4,1698229380,98.13,98.16
45120.6,45159.6,1698229440,98.19,98.24
45148,45129.9,1698229500,98.25,98.32
45128.4,45126.1,1698229560,98.33,98.42
45097.5,45089.2,1698229620,98.43,98.43
45068.6,45060.6,1698229680,98.45,98.4
45065.4,45049.1,1698229740,98.38,98.36
45047.6,45070,1698229800,98.36,98.44
45042.7,45054.5,1698229860,98.43,98.39
45050.4,45027,1698229920,98.39,98.37
45019.7,45017.2,1698229980,98.37,98.41
45014.9,44978.8,1698230040,98.43,98.39
44991,44980.8,1698230100,98.4,98.32
44980.3,44980.3,1698230160,98.29,98.32
44979.4,44969.3,1698230220,98.32,98.34
44977.6,44992.3,1698230280,98.34,98.4
44992.3,44993.2,1698230340,98.36,98.39
44986.1,44993.3,1698230400,98.39,98.4
44998.2,44998.2,1698230460,98.4,98.41
45009.6,44997.8,1698230520,98.43,98.52
44995.6,45009.5,1698230580,98.52,98.55
44995,45000,1698230640,98.55,98.54
45004.5,45039.5,1698230700,98.54,98.64
45056,45096.8,1698230760,98.62,98.6
45116.2,45115.8,1698230820,98.6,98.6
45143,45231.3,1698230880,98.6,98.56
45228.1,45223.3,1698230940,98.55,98.65
45238.3,45242.9,1698231000,98.63,98.6
45266,45266,1698231060,98.6,98.63
45266.6,45272.3,1698231120,98.63,98.63
45285.5,45278.2,1698231180,98.62,98.61
45284.6,45284.6,1698231240,98.61,98.58
45285.3,45281.8,1698231300,98.57,98.6
45281.8,45300.2,1698231360,98.61,98.64
45300.3,45318,1698231420,98.64,98.67
45324.4,45324.4,1698231480,98.66,98.64
45326.7,45341.9,1698231540,98.64,98.66
45339.4,45340.8,1698231600,98.65,98.59
45344.7,45310.6,1698231660,98.6,98.63
45310.8,45309.8,1698231720,98.64,98.62
45360.7,45361,1698231780,98.62,98.61
45360.6,45407.5,1698231840,98.6,98.68
45407.6,45477.9,1698231900,98.68,98.71
45559.6,45556.4,1698231960,98.71,98.7
45573.3,45567.5,1698232020,98.72,98.71
45589.4,45593,1698232080,98.72,98.62
45592.8,45601,1698232140,98.65,98.71
45603.3,45630.6,1698232200,98.71,98.62
45641.8,45647,1698232260,98.62,98.54
45641.5,45645.4,1698232320,98.53,98.6
45654.5,45662.6,1698232380,98.61,98.61
45668.4,45682.8,1698232440,98.65,98.67
45691.8,45718.6,1698232500,98.67,98.64
45721.2,45715.8,1698232560,98.65,98.71
45714.4,45836,1698232620,98.71,98.91
45830.6,45909.5,1698232680,98.88,98.8
45949.5,45948.3,1698232740,98.8,98.79
45948.3,45942.4,1698232800,98.8,98.87
46021.3,46055.7,1698232860,98.88,98.99
46088.5,46080.4,1698232920,98.99,99.03
46092.3,46106.7,1698232980,99.02,98.93
46150.1,46150.7,1698233040,98.93,98.89
46153.5,46224.6,1698233100,98.88,98.84
46228.5,46222.3,1698233160,98.85,98.7
46234.7,46233.8,1698233220,98.7,98.62
46203.2,46174.5,1698233280,98.62,98.37
46210.1,46212.2,1698233340,98.37,98.4
46216.8,46182.6,1698233400,98.47,98.24
46206.1,46191.1,1698233460,98.24,98.44
46197.4,46166.1,1698233520,98.47,98.45
46159.6,46150.6,1698233580,98.44,98.37
46177.8,46153.7,1698233640,98.37,98.39
46152.9,46166,1698233700,98.38,98.47
46166.8,46167.8,1698233760,98.49,98.48
46192,46173.7,1698233820,98.49,98.45
46177.8,46175.3,1698233880,98.45,98.5
46175.3,46163.8,1698233940,98.5,98.48
46164.1,46132.4,1698234000,98.44,98.39
46131,46129.2,1698234060,98.39,98.27
46129.1,46133.7,1698234120,98.24,98.31
46121.1,46137.3,1698234180,98.33,98.3
46157.8,46127.8,1698234240,98.29,98.38
46141.3,46130.4,1698234300,98.34,98.31
46137.5,46129.7,1698234360,98.32,98.5
46131.6,46112.3,1698234420,98.51,98.65
46334.5,46334.5,1698234480,98.65,98.67
46359.8,46502.5,1698234540,98.68,98.67
46552.1,46577.5,1698234600,98.67,98.83
46578.4,46652.3,1698234660,98.84,98.83
46723.8,46739.8,1698234720,98.83,98.92
46731.1,46733.6,1698234780,98.91,98.89
46731.6,46770,1698234840,98.89,98.85
46747.7,46753.8,1698234900,98.84,98.78
46771.6,46772.2,1698234960,98.75,98.74
46731.2,46731.6,1698235020,98.72,98.67
46712.7,46710.7,1698235080,98.65,98.59
46684.3,46678.1,1698235140,98.58,98.6
46674.6,46639.6,1698235200,98.59,98.7
46633,46647.4,1698235260,98.7,98.82
46642,46636.9,1698235320,98.85,98.67
46636.4,46653.7,1698235380,98.66,98.78
46648.9,46665.9,1698235440,98.8,98.84
46648.2,46649.4,1698235500,98.85,98.79
46625.1,46646.7,1698235560,98.79,98.81
46655,46647.7,1698235620,98.8,98.91
46670.3,46865.5,1698235680,98.91,99.24
47052.5,47195.4,1698235740,99.25,99.46
47244.6,47260.8,1698235800,99.46,99.52
47409,47456,1698235860,99.52,99.44
47552.1,47584.3,1698235920,99.43,99.43
47580.4,47559.1,1698235980,99.44,99.38
47577.7,47570.3,1698236040,99.35,99.44
47604.9,47564,1698236100,99.44,99.55
47578.4,47604.2,1698236160,99.54,99.38
47570.4,47549.6,1698236220,99.37,99.2
47485.6,47468.1,1698236280,99.2,99.15
47468.9,47430.2,1698236340,99.15,99.26
47421.3,47419.3,1698236400,99.25,99.2
47420,47420.4,1698236460,99.21,99.02
47426.1,47435.7,1698236520,99.03,99.12
47433.3,47426.2,1698236580,99.14,99.1
47439.2,47456.9,1698236640,99.09,99.23
47456.9,47448.6,1698236700,99.23,99.22
47443.2,47451.4,1698236760,99.29,99.38
47458.9,47446.1,1698236820,99.37,99.4
47426.8,47405.4,1698236880,99.38,99.33
47401.6,47401.4,1698236940,99.25,99.23
47431,47427.6,1698237000,99.22,99.21
47442.7,47654.7,1698237060,99.21,99.07
47610,47653.3,1698237120,99.07,98.75
47662.9,47645.9,1698237180,98.75,98.82
47626,47611.5,1698237240,98.84,98.78
47606.9,47627,1698237300,98.8,98.77
47610.8,47593.6,1698237360,98.77,98.64
47594.8,47594.8,1698237420,98.66,98.71
47598.8,47606.9,1698237480,98.7,98.69
47606.9,47607.3,1698237540,98.7,98.71
47607.4,47619.2,1698237600,98.68,98.65
47605.1,47585.6,1698237660,98.64,98.68
47607.2,47607.2,1698237720,98.69,98.74
47613.5,47598.3,1698237780,98.75,98.56
47598.3,47600.7,1698237840,98.63,98.67
47594.5,47569.9,1698237900,98.63,98.59
47573.3,47573.3,1698237960,98.59,98.52
47576.3,47599.1,1698238020,98.49,98.51
47620.5,47620.5,1698238080,98.51,98.52
47615.3,47629.9,1698238140,98.51,98.54
47611.3,47603.3,1698238200,98.55,98.49
47631.6,47594.6,1698238260,98.48,98.49
47624.2,47623.9,1698238320,98.49,98.42
47642.3,47636.6,1698238380,98.44,98.47
47643.5,47665.8,1698238440,98.46,98.49
47665.9,47658.9,1698238500,98.49,98.43
47660.6,47654.1,1698238560,98.42,98.43
47648.1,47648.1,1698238620,98.43,98.43
47648.5,47657.4,1698238680,98.45,98.36
47689.6,47681,1698238800,98.36,98.39
47694.1,47708.5,1698238860,98.43,98.54
47688.1,47688.1,1698238920,98.53,98.53
47680.8,47636.1,1698238980,98.71,98.71
47634.1,47634.1,1698239040,98.71,98.72
47658.2,47659.1,1698239100,98.72,98.7
47668.8,47662.5,1698239160,98.7,98.84
47638.5,47581.6,1698239220,98.87,98.99
47575.3,47593.6,1698239280,99.07,99.12
47625.5,47634.8,1698239340,99.11,99.06
47616.9,47622.3,1698239400,99.07,99.09
47624.5,47624.5,1698239460,99.12,99.16
47633.3,47650.1,1698239520,99.15,99.24
47670.7,47691.6,1698239580,99.27,99.32
47726.1,47763.6,1698239640,99.35,99.33
47824.1,47815.3,1698239700,99.37,99.37
47796.4,47845.4,1698239760,99.37,99.36
47824,47823.7,1698239820,99.35,99.34
47821.7,47795.4,1698239880,99.34,99.39
47776.6,47784.6,1698239940,99.39,99.33
47805.5,47790.9,1698240000,99.33,99.36
47787.2,47787.7,1698240060,99.45,99.46
47804.1,47854.9,1698240120,99.47,99.61
47868.3,47875.3,1698240180,99.58,99.66
47865.7,47869.6,1698240240,99.67,99.71
47911.2,47911.2,1698240300,99.7,99.66
47929.1,47965.9,1698240360,99.58,99.57
47999,47999,1698240420,99.56,99.47
48190.5,48277.4,1698240780,99.44,99.44
48306,48306.7,1698240840,99.44,99.39
48328.5,48342.7,1698240900,99.39,99.32
48350.6,48381.1,1698240960,99.31,99.22
48463.8,48522.5,1698241020,99.24,99.16
48543.8,48564.5,1698241080,99.16,99.12
48569.3,48566.3,1698241140,99.17,99.21
48579,48591.1,1698241200,99.21,99.14
48591.9,48618,1698241260,99.13,98.94
48702.9,48738.7,1698241320,98.93,99.13
48761.3,48762.2,1698241380,99.12,99.11
48787.8,48811.9,1698241440,99.12,99.12
48843.8,48949.3,1698241500,99.12,99.08
48945.4,48982.9,1698241560,99.09,99.13
48996.6,49003.9,1698241620,99.13,99.2
48983.9,48973.8,1698241680,99.21,99.28
49112.1,49177.2,1698241740,99.28,99.28
49225.2,49227.2,1698241800,99.29,99.3
49238.4,49248.9,1698241860,99.31,99.35
49328.6,49356.4,1698241920,99.35,99.32
49393.3,49536.1,1698241980,99.32,99.33
49580.1,49605.6,1698242040,99.33,99.33
49624,49635.8,1698242100,99.33,99.36
49608.6,49625.5,1698242160,99.36,99.31
49649.2,49706.4,1698242220,99.32,99.34
49760.8,49789.9,1698242280,99.34,99.4
49773.7,49768.7,1698242340,99.4,99.46
49791.6,49781.3,1698242400,99.43,99.35
49801.2,49780.5,1698242460,99.36,99.35
49808.5,49916.1,1698242520,99.35,99.35
49915.4,49912.3,1698242580,99.36,99.4
49922.1,49917.4,1698242640,99.39,99.38
49927.7,49927.7,1698242700,99.4,99.38
49914.7,49914.2,1698242760,99.39,99.31
50026.4,50026.4,1698242820,99.36,99.36
50022.2,50021.1,1698242880,99.35,99.39
50020,50010.8,1698242940,99.39,99.41
50026.1,50002.9,1698243000,99.51,99.46
50006.3,49980.7,1698243060,99.47,99.51
50027.9,50056.9,1698243120,99.49,99.4
50024.8,50023.1,1698243180,99.38,99.38
50038.8,50065.5,1698243240,99.38,99.42
50061.8,50044.4,1698243300,99.4,99.48
50023.8,50108.8,1698243360,99.49,99.48
50143.3,50158.7,1698243420,99.49,99.51
50181.5,50203.8,1698243480,99.52,99.51
50220.5,50220.1,1698243540,99.5,99.5
50246.5,50270,1698243600,99.51,99.63
50289.2,50281.9,1698243660,99.63,99.72
50304.8,50324.3,1698243720,99.77,99.9
50381.4,50444.3,1698243780,99.9,100.01
50479.2,50532.3,1698243840,100,100.05
50520.5,50518.4,1698243900,100.04,100.1
50711.3,50748.1,1698243960,100.09,100.03
50750.6,50763,1698244020,100.02,100.07
50761.9,50770.8,1698244080,100.08,100.04
50782.4,50791.1,1698244140,100.03,100.11
50788.9,50811.4,1698244200,100.1,100.14
50782.3,50810.8,1698244260,100.16,100.23
50850.9,50850.2,1698244320,100.21,100.17
50851.8,50852.6,1698244380,100.18,100.17
50852.6,50915.8,1698244440,100.16,100.15
50954.9,50964,1698244500,100.15,100.26
51015.9,51016.5,1698244560,100.25,100.24
51039.7,51159.5,1698244620,100.24,100.26
51165.4,51181.6,1698244680,100.26,100.34
51182.3,51211.1,1698244740,100.34,100.47
51228.2,51191.1,1698244800,100.46,100.45
51215.3,51264.8,1698244860,100.44,100.51
51267.4,51267,1698244920,100.53,100.61
51258.3,51313.2,1698244980,100.57,100.69
51386.4,51411.1,1698245040,100.69,100.77
51538.2,51697.2,1698245100,100.78,100.95
51729.2,51819.4,1698245160,100.96,100.92
51902.3,51936.1,1698245220,100.91,100.78
51971.9,52026.1,1698245280,100.82,101.08
52019.8,52107.3,1698245340,101.06,101.11
52187.2,52182,1698245400,101.1,101.11
52243.5,52334.6,1698245460,101.12,100.95
52349.7,52356.9,1698245520,100.96,100.97
52414.7,52414.7,1698245580,100.95,100.98
52394.6,52410.6,1698245640,100.98,101.01
52398,52421.5,1698245700,101.01,100.96
52445.9,52446.1,1698245760,100.98,101
52480.5,52555.3,1698245820,101,101.03
52597.4,52592.7,1698245880,101.02,101.04
52688,52688,1698245940,101.04,101.1
52743.8,52760.5,1698246000,101.1,101.06
52811.5,52864.5,1698246060,101.06,100.93
52877.4,52916.3,1698246120,100.92,101.04
52979.7,53015.9,1698246180,101.04,101.27
53040.8,53084.2,1698246240,101.26,101.28
53170.4,53169.9,1698246300,101.29,101.48
53236,53260.8,1698246360,101.53,101.7
53268,53412.9,1698246420,101.69,101.62
53412.9,53467.1,1698246480,101.62,101.72
53509.2,53591.7,1698246540,101.75,101.81
53628.7,53682.1,1698246600,101.81,101.77
53754.6,53823.2,1698246660,101.76,101.6
53850.3,53976.6,1698246720,101.59,101.66
54034.9,54097.9,1698246780,101.66,101.61
54112.7,54119.3,1698246840,101.61,101.81
54191.2,54253.3,1698246900,101.79,101.79
54281.5,54310.3,1698246960,101.76,101.59
54399.2,54411.6,1698247020,101.61,101.72
54456.2,54479.7,1698247080,101.73,101.97
54554.8,54560.8,1698247140,101.97,101.88
54667.8,54700.2,1698247200,101.88,101.81
54716.4,54782.8,1698247260,101.81,101.82
54793.3,54906,1698247320,101.8,101.54
54942.5,54972.8,1698247380,101.53,101.79
54986.5,55024.2,1698247440,101.77,101.81
55058,55058,1698247500,101.81,102.04
55103.4,55158.7,1698247560,102.03,102.11
55158.7,55168,1698247620,102.1,102.13
55193.8,55302.3,1698247680,102.13,102.34
55350,55414.5,1698247740,102.34,102.35
55422,55406.6,1698247800,102.35,102.48
55476.7,55489.9,1698247860,102.47,102.59
55580.6,55600.7,1698247920,102.6,103.04
55567.4,55724.2,1698247980,103.04,103.12
55787.1,55890,1698248040,103.12,103.12
55973.1,56055.8,1698248100,103.13,103.12
56188.9,56279,1698248160,103.12,103.35
56322,56439.3,1698248220,103.36,103.24
56481.7,56481.5,1698248280,103.24,103.02
56501.4,56519.8,1698248340,103.02,102.97
56563.2,56650.7,1698248400,102.97,102.9
56656.8,56734.7,1698248460,102.9,103.2
56758.3,56819.4,1698248520,103.05,103.19
56848.6,56933.4,1698248580,103.19,103.34
56948.5,56979.1,1698248640,103.34,103.42
57061.1,57085.1,1698248700,103.43,103.56
57100.7,57132.4,1698248760,103.55,103.56
57198.1,57260.3,1698248820,103.56,103.69
57297,57356.8,1698248880,103.69,103.67
57448,57445.4,1698248940,103.66,103.85
57452.7,57481.4,1698249000,103.83,103.8
57526.6,57528.2,1698249060,103.79,103.98
57591.1,57673.5,1698249120,103.98,104.06
57673.7,57683.4,1698249180,104.06,104.07
57728.5,57742.6,1698249240,104.07,104.13
57744.8,57786.7,1698249300,104.13,104.06
57931,58054,1698249360,104.07,104.2
58060.8,58070.5,1698249420,104.2,104.38
58072.8,58084.6,1698249480,104.38,104.53
58070.2,58086.8,1698249540,104.52,104.45
58121.4,58151.4,1698249600,104.46,104.35
58204.3,58235.9,1698249660,104.36,104.85
58351.1,58344.7,1698249720,104.83,105.23
58520.8,58520.8,1698249780,105.24,105.01
58607.1,58604.9,1698249840,105,104.83
58664.6,58699.9,1698249900,104.69,104.86
58699.2,58752.8,1698249960,104.87,104.79
58792,58791,1698250020,104.79,105.16
58762.8,58766.3,1698250080,105.17,104.92
58826.9,58826.9,1698250140,104.94,105.13
58820.5,58844.8,1698250200,105.13,105.5
58885.6,58875.2,1698250260,105.51,105.43
58919.9,58963,1698250320,105.45,105.36
59005.7,59005.7,1698250380,105.34,105.89
59036,59069.8,1698250440,105.89,105.53
59067.7,59108.7,1698250500,105.54,105.37
59151.8,59161.8,1698250560,105.36,105.46
59178.7,59156,1698250620,105.49,105.06
59136.2,59266.5,1698250680,105.07,104.99
59326.9,59321.8,1698250740,105.01,105.28
59216.4,59204,1698250800,105.28,105.35
59241.6,59289.8,1698250860,105.34,105.2
59291,59366.5,1698250920,105.18,104.89
59454.3,59480.9,1698250980,104.89,105.09
59490.4,59547.8,1698251040,105.1,105.08
59598.9,59598.5,1698251100,105.09,105.2
59603.8,59648.6,1698251160,105.18,104.98
59652.7,59758.7,1698251220,104.98,104.95
59739,59756.4,1698251280,104.96,105.04
59779,59932.8,1698251340,105.04,104.7
60047.4,60144.6,1698251400,104.69,105.06
60192.4,60323,1698251460,105.06,105.31
60393.5,60446.9,1698251520,105.32,105.29
60469.6,60570,1698251580,105.28,105.18
60601.3,60685.8,1698251640,105.18,105.6
60718.1,60901,1698251700,105.59,105.19
60981.4,61015.6,1698251760,105.2,105.39
61052.7,61067.3,1698251820,105.38,105.25
61113.1,61129.1,1698251880,105.22,105.36
61171.8,61152.3,1698251940,105.36,104.82
61226.6,61188.2,1698252000,104.81,104.55
61126.7,61032,1698252060,104.55,104.07
61020.8,61026,1698252120,104.07,104.34
61055.9,61053.8,1698252180,104.34,104.6
61025.8,61027.6,1698252240,104.61,104.62
61044,61044,1698252300,104.6,104.57
61024.3,61009.9,1698252360,104.57,104.66
61007.3,61007.3,1698252420,104.66,104.59
61018.2,61007.9,1698252480,104.61,104.54
60997.6,61050.8,1698252540,104.54,104.24
61032.2,61052.3,1698252600,104.22,103.88
60988.1,60940.1,1698252660,103.9,103.75
61000.8,60986.4,1698252720,103.77,103.85
60953.8,60946.6,1698252780,103.86,103.45
60923.1,60940.3,1698252840,103.46,103.66
60972.8,60990.7,1698252900,103.64,103.46
60984.9,60974.5,1698252960,103.46,103.41
60960.6,60997.8,1698253020,103.4,103.34
60998.5,60999.8,1698253080,103.37,103.26
60994,60985,1698253140,103.24,102.87
61016,61123.2,1698253200,102.89,103.12
61112.7,61130.6,1698253260,103.11,102.71
61122.7,61222.1,1698253320,102.72,102.77
61201.9,61238.9,1698253380,102.75,102.84
61266.6,61274.3,1698253440,102.82,102.76
61287.2,61285.2,1698253500,102.77,102.82
61283.4,61263.6,1698253560,102.82,102.77
61237.3,61255.5,1698253620,102.78,102.84
61284.8,61290.2,1698253680,102.86,102.64
61287.8,61307.3,1698253740,102.64,102.72
61325.2,61353.2,1698253800,102.73,102.7
61349.3,61384.6,1698253860,102.7,102.79
61399.6,61394.8,1698253920,102.8,102.82
61388.3,61424.8,1698253980,102.82,102.87
61404.3,61408.2,1698254040,102.89,102.84
61498.2,61467.8,1698254100,102.85,103.34
61466.7,61443.4,1698254160,103.34,103.27
61451,61454.4,1698254220,103.25,103.07
61461.4,61487.1,1698254280,103.06,103.1
61481.1,61476.7,1698254340,103.1,102.92
61488.2,61513.3,1698254400,102.91,103.1
61533.4,61546.2,1698254460,103.13,103.22
61542,61541.5,1698254520,103.22,103.3
61566.5,61550.1,1698254580,103.3,103.22
61562.8,61561.2,1698254640,103.22,103.19
61553.4,61556.7,1698254700,103.2,103.18
61556.9,61559.9,1698254760,103.18,103.08
61551,61551,1698254820,103.07,103.11
61605.8,61605.7,1698254880,103.12,103.12
61590.7,61583.2,1698254940,103.15,103.14
61567.9,61571.1,1698255000,103.15,103.2
61576.2,61555.2,1698255060,103.22,103.32
61529,61535.7,1698255120,103.3,103.4
61572.7,61609.1,1698255180,103.4,103.34
61606.2,61608.2,1698255240,103.34,103.48
61608.7,61581.9,1698255300,103.49,103.47
61581.3,61624,1698255360,103.48,103.47
61623.2,61613.8,1698255420,103.47,103.4
61586.6,61592.7,1698255480,103.4,103.43
61562.3,61572,1698255540,103.47,103.28
61631.7,61698.4,1698255600,103.34,103.37
61617.2,61573.2,1698255660,103.36,103.07
61573.4,61566.3,1698255720,103.04,102.98
61553.1,61544.4,1698255780,102.99,102.93
61568.8,61554.1,1698255840,102.9,102.96
61567.7,61564.7,1698255900,102.94,103.07
61575.6,61540.2,1698255960,103.09,103.14
61530.1,61513.2,1698256020,103.17,103.41
61521.4,61519.5,1698256080,103.41,103.45
61495.5,61495.2,1698256140,103.45,103.47
61475.2,61506.6,1698256200,103.47,103.28
61495,61509,1698256260,103.28,103.34
61509,61510.3,1698256320,103.33,103.13
61510.6,61507.9,1698256380,103.1,103.1
61495.2,61493.3,1698256440,103.15,103.28
61496.3,61493.8,1698256500,103.28,103.45
61487.1,61501.2,1698256560,103.44,103.47
61495.5,61480.2,1698256620,103.49,103.53
61493.6,61507.7,1698256680,103.51,103.68
61513.3,61482.8,1698256740,103.69,103.81
61472.1,61439.5,1698256800,103.82,104.01
61420.2,61485.6,1698256860,104.02,104.08
61486.6,61479.6,1698256920,104.08,103.94
61480.2,61491.2,1698256980,103.93,104.07
61488.8,61501.7,1698257040,104.05,104.04
61517.5,61538.9,1698257100,104.07,104.31
61538.2,61580.6,1698257160,104.3,104.18
61604.2,61593.6,1698257220,104.13,104.2
61606.8,61595.7,1698257280,104.2,104.26
61613.6,61618.4,1698257340,104.26,104.39
61617.8,61634,1698257400,104.4,104.58
61631.5,61630.3,1698257460,104.55,104.29
61609.3,61680.4,1698257520,104.27,104.1
61723.4,61723.9,1698257580,104.09,104.13
61805.4,61796.6,1698257640,104.18,104.27
61803.6,61797.8,1698257700,104.27,104.21
61804.7,61778.8,1698257760,104.26,104.16
61795.9,61794.4,1698257820,104.17,104.43
61799.7,61785.4,1698257880,104.43,104.39
61809.4,61817.9,1698257940,104.39,104.36
61850.6,61827.6,1698258000,104.36,104.68
61816.8,61821.9,1698258060,104.69,104.62
61826.7,61821.2,1698258120,104.6,104.45
61821.5,61855.2,1698258180,104.45,104.43
61857,61859,1698258240,104.49,104.58
61863.6,61972.1,1698258300,104.58,104.63
61968.8,61944.4,1698258360,104.65,104.35
61949.4,62003.2,1698258420,104.34,104.26
62004.1,62010.3,1698258480,104.25,104.29
62010,62008.6,1698258540,104.3,104.22
62018.8,62010.8,1698258600,104.22,104.29
61997.1,61954.9,1698258660,104.31,104.07
61988.1,61974.5,1698258720,104.16,104.13
61978.1,61996.1,1698258780,104.14,104.35
61977.8,61966.2,1698258840,104.35,104.39
61922.3,61927.4,1698258900,104.4,104.36
61955,61955,1698258960,104.3,104.25
61942.7,61932.5,1698259020,104.23,104.38
61935.7,61935.7,1698259080,104.35,104.35
61941.6,61932,1698259140,104.35,104.09
61937.6,62003.2,1698259200,104.15,104.2
62022,62009.4,1698259260,104.21,104.36
62027.5,62013.8,1698259320,104.34,104.39
61991.7,61965.5,1698259380,104.37,104.33
61949.7,61938.4,1698259440,104.31,104.47
61933.9,61931.6,1698259500,104.47,104.5
61917.9,61927.8,1698259560,104.5,104.42
61929.1,61957.6,1698259620,104.42,104.43
61964.5,61941,1698259680,104.39,104.48
61937.7,61941,1698259740,104.51,104.5
61941.2,61955.5,1698259800,104.5,104.65
61936.5,61948.3,1698259860,104.66,104.78
62000.8,62007.5,1698259920,104.78,104.88
61997.3,62021.3,1698259980,104.91,105.21
62061.2,62052.8,1698260040,105.21,105.21
62047.4,62077.7,1698260100,105.22,105.27
62065,62063,1698260160,105.28,105.47
62091.1,62002.1,1698260220,105.41,105.13
61998.5,61964.8,1698260280,105.14,104.92
61969.1,61994.9,1698260340,104.89,104.93
61987.6,61902.6,1698260400,104.94,104.86
61898.3,61989.6,1698260460,104.82,104.93
62000.2,62102.7,1698260520,104.9,104.79
62102.6,62097.5,1698260580,104.79,104.61
62096.3,62097.6,1698260640,104.61,104.73
62092,62079.7,1698260700,104.65,104.66
62123.5,62135.8,1698260760,104.66,104.89
62118.4,62105.4,1698260820,104.88,104.79
62125.6,62112,1698260880,104.75,104.56
62138.4,62138.4,1698260940,104.56,104.69
62147.4,62131.9,1698261000,104.7,104.72
62135.8,62137.6,1698261060,104.75,104.92
62133.2,62131.6,1698261120,104.93,104.92
62128.1,62130.9,1698261180,104.93,104.89
62131.1,62159.5,1698261240,104.89,104.84
62163.2,62157.2,1698261300,104.83,104.75
62160.6,62155,1698261360,104.74,104.62
62152.3,62144,1698261420,104.64,104.72
62146.2,62144,1698261480,104.74,104.65
62143.5,62147,1698261540,104.67,104.58
62177.4,62177.5,1698261600,104.58,104.61
62177.1,62182.7,1698261660,104.56,104.45
62183.3,62299.3,1698261720,104.44,104.19
62299.4,62300.2,1698261780,104.18,104.13
62320.2,62311.4,1698261840,104.15,104.24
62345.3,62338.8,1698261900,104.22,104.36
62319.5,62317,1698261960,104.34,104.2
62308.3,62333.8,1698262020,104.2,104.34
62327.2,62316.6,1698262080,104.34,104.38
62312.7,62313,1698262140,104.38,104.47
62267.8,62276.4,1698262200,104.48,104.46
62313.8,62313.3,1698262260,104.45,104.56
62295.6,62293.9,1698262320,104.58,104.84
62293.6,62391,1698262380,104.85,105.03
62375.3,62391.6,1698262440,105.03,105
62390.9,62389.8,1698262500,105,104.78
62377.5,62373.5,1698262560,104.8,104.83
62342.9,62343.1,1698262620,104.83,104.96
62340.9,62336.3,1698262680,104.96,104.99
62360.8,62354.3,1698262740,105.01,105.01
62364.7,62351.3,1698262800,105.01,105
62382.5,62385.3,1698262860,105,104.97
62389.5,62374.1,1698262920,104.95,104.81
62381.9,62407.6,1698262980,104.81,104.99
62412.4,62448.8,1698263040,104.99,104.93
62468.1,62464.2,1698263100,104.94,104.87
62512,62521.6,1698263160,104.87,105.03
62512.8,62573.5,1698263220,105.05,105.02
62563.4,62577.7,1698263280,105.01,105.27
62575.6,62582,1698263340,105.27,105.19
62577.3,62578.5,1698263400,105.18,105.13
62583.4,62630.8,1698263460,105.13,105.26
62614.2,62616.9,1698263520,105.26,105.11
62612.9,62619.6,1698263580,105.12,105.31
62617.4,62625.5,1698263640,105.33,105.29
62620.5,62626.8,1698263700,105.3,105.23
63045.4,63016.1,1698263760,105.25,105.53
63015.1,63009,1698263820,105.55,105.54
63005.9,62934.9,1698263880,105.56,105.58
62944.2,62968.1,1698263940,105.59,105.48
62977.2,62973.8,1698264000,105.48,105.34
62955.9,62967.3,1698264060,105.36,105.37
62967.3,62981.3,1698264120,105.37,105.39
62996.6,63004.3,1698264180,105.39,105.5
63004.8,63036.6,1698264240,105.49,105.58
63095.1,63077.4,1698264300,105.57,105.45
63130.2,63164.9,1698264360,105.46,105.62
63181.1,63181.1,1698264420,105.6,105.69
63154.8,63165.8,1698264480,105.69,105.79
63178.6,63206.7,1698264540,105.79,105.76
63222.8,63209,1698264600,105.72,105.69
63245.9,63228.2,1698264660,105.7,105.6
63278.8,63281.6,1698264720,105.63,105.73
63272.2,63300.4,1698264780,105.75,105.71
63330.1,63338.5,1698264840,105.7,105.67
63340.8,63340.7,1698264900,105.66,105.44
63371.1,63405.3,1698264960,105.43,105.38
63469.8,63530.9,1698265020,105.36,105.36
63552.5,63565.7,1698265080,105.39,105.35
63567.2,63579.3,1698265140,105.32,105.32
63575.1,63575.1,1698265200,105.31,105.19
63575.9,63558.6,1698265260,105.24,105.18
63552.7,63578.7,1698265320,105.17,105.22
63581.3,63581.3,1698265380,105.16,105.11
63580,63605.5,1698265440,105.07,105.01
63600.4,63641.6,1698265500,105.02,105.01
63646.1,63631.6,1698265560,104.99,104.87
63627.9,63638.7,1698265620,104.89,104.91
63653.1,63656.9,1698265680,104.9,105.19
63557,63527.4,1698265740,105.21,105.16
63527.7,63550.6,1698265800,105.16,105.19
63569.5,63571.7,1698265860,105.23,105.2
63578.3,63603.7,1698265920,105.21,105.21
63603.7,63596,1698265980,105.19,105.22
63583.3,63558.4,1698266040,105.23,105.09
63576.8,63577.7,1698266100,105.08,105.09
63577.4,63576.3,1698266160,105.16,105.05
63578.1,63578.1,1698266220,105.06,105.07
63575.3,63575.5,1698266280,105.08,105.06
63573.3,63575.2,1698266340,105.06,105.07
63577.9,63576.7,1698266400,105.07,105.05
63647,63648.6,1698266460,105.05,105.21
63653.6,63643.9,1698266520,105.25,105.18
63645.3,63632.4,1698266580,105.18,105.15
63632,63648.5,1698266640,105.17,105.17
63665.1,63662.2,1698266700,105.17,105.12
63679.5,63684,1698266760,105.13,104.99
63656.5,63656.6,1698266820,105,104.9
63664.5,63664.7,1698266880,104.91,104.84
63668.2,63670.1,1698266940,104.84,104.82
63667.6,63705.5,1698267000,104.81,104.56
63737,63737.3,1698267060,104.6,104.59
63740.9,63752.3,1698267120,104.6,104.35
63746.2,63771.2,1698267180,104.36,104.33
63764.7,63761.9,1698267240,104.33,104.23
63819.4,63867.4,1698267300,104.23,104.1
63877,63808.8,1698267360,104.07,104.25
63789.7,63770.3,1698267420,104.24,104.36
63775.6,63748,1698267480,104.35,104.18
63745.9,63752.8,1698267540,104.17,104.08
63761.6,63806.9,1698267600,104.12,104
63813.4,63831.6,1698267660,104,104.17
63843,63841.4,1698267720,104.16,104.17
63855.2,63857.6,1698267780,104.18,104.27
63848.6,63863.1,1698267840,104.26,104.18
63885.6,63878.7,1698267900,104.18,104.17
63896.8,63891.4,1698267960,104.21,104.21
63875,63855.1,1698268020,104.2,104.41
63909.2,63925.9,1698268080,104.42,104.46
63917,63926.2,1698268140,104.45,104.41
63938.7,63956.4,1698268200,104.39,104.33
63932.9,63945.2,1698268260,104.28,104.34
64032.1,64022.9,1698268320,104.33,104.2
64012.7,63976.4,1698268380,104.18,104.02
63973.2,63974.9,1698268440,104.03,103.92
63953.2,63952.2,1698268500,103.92,103.76
63969.8,64007.8,1698268560,103.76,103.91
64041.3,64044.5,1698268620,103.91,103.93
64071.7,64083.3,1698268680,103.95,103.95
64083.2,64087.6,1698268740,103.97,103.91
64094.5,64112.7,1698268800,103.93,103.96
64134.7,64130.4,1698268860,103.98,104.02
64121.1,64120.2,1698268920,104.01,104
64140.1,64140.1,1698268980,104.01,104.24
64156.2,64123.2,1698269040,104.24,104.16
64110.3,64102.4,1698269100,104.15,104.02
64129.7,64129.7,1698269160,104.01,104.05
64129.5,64128.4,1698269220,104.03,103.98
64129.5,64128.8,1698269280,103.98,104.01
64104.3,64103.3,1698269340,104,103.86
64158.5,64147.9,1698269400,103.87,103.78
64199,64202.1,1698269460,103.76,103.74
64202.1,64181.5,1698269520,103.75,103.63
64191.6,64200.4,1698269580,103.62,103.44
64222.6,64244.8,1698269640,103.44,103.2
64301.1,64307.4,1698269700,103.2,103.24
64345.6,64352.3,1698269760,103.24,103.3
64350.7,64351.9,1698269820,103.31,103.52
64332.7,64337.8,1698269880,103.52,103.5
64362.1,64325.5,1698269940,103.48,103.35
64317.7,64317.7,1698270000,103.35,103.26
64307.3,64288.1,1698270060,103.25,103.18
64266.5,64262.3,1698270120,103.18,103.3
64258.7,64257.8,1698270180,103.3,103.28
64257.8,64257.8,1698270240,103.28,103.28
64253,64256.3,1698270300,103.28,103.24
64254.8,64231.3,1698270360,103.24,103.19
64229.9,64299.8,1698270420,103.2,103.18
64305.9,64290.7,1698270480,103.2,103.19
64274.5,64274,1698270540,103.19,103.2
64261,64263,1698270600,103.2,103.19
64262.5,64273.2,1698270660,103.19,103.19
64275.2,64281.9,1698270720,103.18,103.18
64315.3,64305,1698270780,103.18,103.08
64311,64311,1698270840,103.08,103.08
64311.7,64304.2,1698270900,103.09,103.24
64325,64307.5,1698270960,103.25,103.34
64338,64338,1698271020,103.33,103.31
64370.8,64386.2,1698271080,103.31,103.41
64387.2,64390.3,1698271140,103.39,103.32
64408.4,64406.2,1698271200,103.31,103.24
64405,64425.6,1698271260,103.25,103.27
64391.4,64395.2,1698271320,103.25,103.26
64403.5,64403.5,1698271380,103.26,103.27
64368.4,64370.2,1698271440,103.26,103.32
64370.1,64374.4,1698271500,103.32,103.3
64374.3,64390.6,1698271560,103.3,103.29
64379.4,64381.9,1698271620,103.31,103.14
64405.5,64416.7,1698271680,103.14,103.19
64412.8,64423.7,1698271740,103.19,103.21
64421.1,64413.8,1698271800,103.22,103.2
64412.5,64402.6,1698271860,103.2,103.3
64401.5,64378.7,1698271920,103.31,103.41
64378.7,64388.2,1698271980,103.46,103.46
64324.4,64311,1698272040,103.47,103.63
64300.3,64299.8,1698272100,103.67,103.8
64307.1,64293.4,1698272160,103.79,103.85
64293,64320.3,1698272220,103.82,103.66
64317.6,64320.9,1698272280,103.64,103.49
64320.4,64351.9,1698272340,103.49,103.54
64351,64354.1,1698272400,103.54,103.45
64354.6,64360.8,1698272460,103.47,103.53
64362.6,64362,1698272520,103.53,103.51
64339.6,64336.3,1698272580,103.5,103.46
64345.8,64356.3,1698272640,103.47,103.41
64373.2,64367.6,1698272700,103.41,103.39
64373,64359.2,1698272760,103.4,103.4
64338.3,64338.2,1698272820,103.41,103.41
64355.8,64356,1698272880,103.41,103.43
64353.9,64353.1,1698272940,103.45,103.45
64359.9,64358.2,1698273000,103.45,103.46
64346.7,64343.8,1698273060,103.45,103.56
64313.6,64437.5,1698273120,103.56,103.79
64435.8,64441.8,1698273180,103.76,103.86
64420.3,64436,1698273240,103.9,103.89
64431.8,64430.4,1698273300,103.89,103.96
64429.3,64430.1,1698273360,103.96,103.98
64421.6,64405.5,1698273420,103.98,104.11
64397.2,64396.7,1698273480,104.09,104.12
64394.4,64403.8,1698273540,104.09,104.09
64405.7,64405.2,1698273600,104.09,104.16
64409.4,64409.3,1698273660,104.16,104.25
64404.7,64403.2,1698273720,104.25,104.28
64393.3,64396,1698273780,104.28,104.31
64374.2,64367.3,1698273840,104.32,104.33
64348.8,64339.7,1698273900,104.33,104.31
64338.6,64340.1,1698273960,104.31,104.16
64430.9,64440.3,1698274020,104.17,104.08
64462.8,64462.8,1698274080,104.1,104.05
64575.8,64675.6,1698274140,104.06,104.1
64683.3,64682.5,1698274200,104.13,104.05
64677.3,64661.6,1698274260,104.05,104.08
64661.6,64658.8,1698274320,104.07,104.02
64655,64650,1698274380,104.04,104.03
64714.2,64706,1698274440,104.05,104.24
64699.1,64682.3,1698274500,104.25,104.28
64677.7,64678.5,1698274560,104.32,104.31
64678.7,64676.5,1698274620,104.32,104.25
64664.1,64664.3,1698274680,104.23,104.21
64672.1,64671,1698274740,104.24,104.2
64648.7,64649,1698274800,104.19,103.91
64647.2,64658.6,1698274860,103.91,104.08
64660.5,64670.2,1698274920,104.09,103.89
64680,64669.2,1698274980,103.9,103.6
64697,64725.5,1698275040,103.59,103.47
64719.9,64731.7,1698275100,103.47,103.66
64772.1,64766.7,1698275160,103.64,103.59
64774.6,64811,1698275220,103.59,103.39
64835.8,64858.5,1698275280,103.39,103.62
64857.7,64857.7,1698275340,103.6,103.63
64858,64857.8,1698275400,103.63,103.63
64876.1,64879.5,1698275460,103.58,103.66
64879.8,64879.8,1698275520,103.64,103.54
64882.6,64896.2,1698275580,103.54,103.43
64900,64909.2,1698275640,103.41,103.46
64912.5,64912.4,1698275700,103.46,103.57
64909.6,64909.3,1698275760,103.56,103.69
64890.2,64880.6,1698275820,103.69,103.79
64878.4,64877.3,1698275880,103.81,103.78
64877.3,64877.1,1698275940,103.78,103.9
64876.8,64877.3,1698276000,103.87,103.91
64866.9,64868.6,1698276060,103.91,104
64868.1,64864.9,1698276120,104,104.02
64871.7,64843.3,1698276180,104.02,103.99
64841.4,64841.6,1698276240,103.99,104.04
64847.4,64846.7,1698276300,104.05,104.07
64844.8,65016.5,1698276360,104.09,103.93
65013.8,65015.1,1698276420,103.96,103.96
65014.9,65015.1,1698276480,103.96,103.96
65015.7,65015.9,1698276540,103.97,104.01
65013,65013.2,1698276600,104,104.06
65008.8,65006,1698276660,104.06,104.07
65005.8,65005.8,1698276720,104.08,104.28
65008.3,64934.3,1698276780,104.29,104.36
64937,64936.8,1698276840,104.34,104.36
64937.8,64933,1698276900,104.36,104.34
64936.8,64941.4,1698276960,104.33,104.21
64956.4,64956.6,1698277020,104.21,104.1
64959.6,64959.4,1698277080,104.11,104.14
64953.2,64953.3,1698277140,104.15,104.15
64961.2,64962.6,1698277200,104.15,104.28
64956.6,64968.8,1698277260,104.28,104.43
64967.4,64967.5,1698277320,104.44,104.44
64963.2,64961.3,1698277380,104.43,104.49
64959.2,64985,1698277440,104.46,104.49
64982,64982.8,1698277500,104.48,104.48
64988.7,64984.3,1698277560,104.5,104.46
64981.9,64994.9,1698277620,104.48,104.38
65001.7,65001.7,1698277680,104.37,104.49
64998.9,64995.9,1698277740,104.47,104.46
64991.3,64987.5,1698277800,104.43,104.49
64986.8,64981.2,1698277860,104.5,104.71
64989.1,64992,1698277920,104.72,104.75
64987.8,64987.8,1698277980,104.77,104.73
64984.1,64988.5,1698278040,104.74,104.83
64990.7,64998.8,1698278100,104.83,104.84
65006.2,65006.2,1698278160,104.84,104.85
65008.6,65024.3,1698278220,104.85,104.88
65030.6,65030,1698278280,104.9,104.93
65025.3,65027.2,1698278340,104.99,105.02
65026.8,65053.8,1698278400,105.02,104.93
65059.5,65058.9,1698278460,104.93,104.68
65057.8,65077.4,1698278520,104.72,104.83
65070.5,65066.5,1698278580,104.85,104.86
65066.5,65054.3,1698278640,104.85,104.83
65047.4,65046,1698278700,104.81,104.95
65039.8,65028.6,1698278760,104.91,104.67
65027.5,65034.8,1698278820,104.73,104.52
65025.3,65038.4,1698278880,104.52,104.65
65032,65070,1698278940,104.65,104.58
65067.3,65058.8,1698279000,104.63,104.39
65050.6,65068.1,1698279060,104.38,104.46
65065.9,65064.2,1698279120,104.5,104.75
65051.3,65042.9,1698279180,104.74,104.82
65036.5,65005.9,1698279240,104.82,104.9
65007,65007,1698279300,104.92,104.84
64984.2,64987.8,1698279360,104.83,105.02
64980.3,64972.6,1698279420,105.03,105.01
65000.3,65000.3,1698279480,104.99,105.01
64999.9,65000.9,1698279540,105.01,105
65005.9,64994.8,1698279600,105,105
65001.1,65000.5,1698279660,104.99,104.98
64987,65020.2,1698279720,104.97,105.07
65019.3,65018.4,1698279780,105.09,105.1
65022.1,65024.4,1698279840,105.1,105.11
65026.9,65016.8,1698279900,105.12,105.16
65036.1,65029.8,1698279960,105.18,105.2
65022.3,65047.6,1698280020,105.19,105.23
65041.7,65047.3,1698280080,105.23,105.36
65047.8,65038.9,1698280140,105.35,105.36
65033.7,65032.4,1698280200,105.34,105.37
65030.9,65029.5,1698280260,105.37,105.42
65037.5,65039.9,1698280320,105.45,105.27
65039.7,65041.6,1698280380,105.28,105.35
65036.1,65034.5,1698280440,105.4,105.41
65033,65027.9,1698280500,105.41,105.29
65019.3,65024.4,1698280560,105.31,105.17
65026.4,65029,1698280620,105.17,105.07
65030.4,65029.3,1698280680,105.08,105.21
65029.4,65032.5,1698280740,105.19,105.26
65032.8,65032.7,1698280800,105.29,105.3
65034.3,65034.3,1698280860,105.32,105.3
65030.7,65032.6,1698280920,105.3,105.15
65045.2,65044.8,1698280980,105.17,105.17
65045.5,65045.5,1698281040,105.2,105.16
65047.6,65038.2,1698281100,105.16,104.99
65038.9,65040.2,1698281160,104.98,104.76
65043.9,65044.6,1698281220,104.75,104.63
65057.5,65049.6,1698281280,104.61,104.42
65061.5,65066.8,1698281340,104.43,104.61
65072.4,65065.5,1698281400,104.6,104.66
65068.5,65076.2,1698281460,104.67,104.7
65078.8,65078.2,1698281520,104.68,104.95
65058.4,65052.7,1698281580,104.9,105.12
65059.5,65057.5,1698281640,105.13,105.23
65054.7,65040.8,1698281700,105.21,105.17
65036.8,65036.5,1698281760,105.17,105.09
65031.7,65016.2,1698281820,105.11,105.35
65010.2,65003.6,1698281880,105.35,105.4
65002.3,65009.3,1698281940,105.4,105.52
64993.7,64968.2,1698282000,105.45,105.37
64970.1,64980.4,1698282060,105.37,105.51
64971.8,64969.5,1698282120,105.53,105.45
64987.3,64984.8,1698282180,105.44,105.43
64975.3,64975.3,1698282240,105.46,105.31
64978.4,64970.9,1698282300,105.3,105.28
64969.3,64964,1698282360,105.29,105.32
64958.9,64957.1,1698282420,105.31,105.11
64977.7,64976.9,1698282480,105.1,105.18
64987.5,64999.6,1698282540,105.18,105.12
65005.2,65012.7,1698282600,105.13,105.22
64998.3,64993.5,1698282660,105.24,105.13
64988.6,64990.8,1698282720,105.13,105.07
64993.2,64983.1,1698282780,105.08,105.12
64982,64971.4,1698282840,105.09,105.04
64970.5,64947.8,1698282900,105.07,105.2
64942,64940.6,1698282960,105.22,105.35
64933.2,64936.6,1698283020,105.36,105.41
64942.9,64939.1,1698283080,105.43,105.44
64925.6,64922.9,1698283140,105.5,105.46
64921.6,64924.9,1698283200,105.47,105.41
64921.8,64923.6,1698283260,105.39,105.52
64923.4,64929.9,1698283320,105.52,105.6
64929.9,64928.7,1698283380,105.59,105.78
64927.3,64947.6,1698283440,105.8,105.82
64966.3,64975.6,1698283500,105.82,105.87
64982.4,64981.6,1698283560,105.9,105.8
64983.1,64982.1,1698283620,105.83,105.84
64982.3,64983,1698283680,105.84,105.87
64982.9,64982.8,1698283740,105.87,105.84
64949.7,64980.8,1698283800,105.84,105.97
65062.3,65074.2,1698283860,105.97,106.2
65082,65085,1698283920,106.2,106.18
65091.6,65110.7,1698283980,106.12,106.04
65115.4,65115.2,1698284040,106.08,105.92
65113.5,65115,1698284100,105.91,105.95
65111.3,65114.7,1698284160,105.96,105.96
65108.3,65106.6,1698284220,106.01,105.93
65101.2,65088.1,1698284280,105.94,105.92
65088.2,65087,1698284340,105.96,105.8
65086.3,65063.6,1698284400,105.73,105.5
65032.3,65041.4,1698284460,105.53,105.32
65030.3,65019.5,1698284520,105.31,105.17
65035.4,65035.4,1698284580,105.17,105.29
65021.9,65029.1,1698284640,105.39,105.22
65018.6,65037.4,1698284700,105.21,104.99
65011.4,65007.2,1698284760,105,105.3
65002.3,64998.1,1698284820,105.3,105.18
64998.7,64997.9,1698284880,105.19,105.43
64988.4,64979.1,1698284940,105.42,105.53
64967.1,64911.8,1698285000,105.53,105.48
64912.5,64914.5,1698285060,105.48,105.45
64914.2,64913.7,1698285120,105.45,105.45
64913.7,64920.8,1698285180,105.45,105.38
64913,64898.7,1698285240,105.38,105.43
64896,64880.9,1698285300,105.43,105.59
64917.8,64917.8,1698285360,105.6,105.69
64907.2,64919.9,1698285420,105.69,105.61
64918.9,64936.3,1698285480,105.61,105.73
64939.5,64936.8,1698285540,105.75,105.73
64941.7,64939,1698285600,105.73,105.66
64904.3,64884.1,1698285660,105.67,105.67
64901.4,64901.9,1698285720,105.67,105.52
64863,64842.4,1698285780,105.5,105.61
64838.7,64838.4,1698285840,105.61,105.57
64843,64841.9,1698285900,105.59,105.75
64854,64854,1698285960,105.75,105.72
64867.2,64874.4,1698286020,105.72,105.47
64849.2,64846.5,1698286080,105.46,105.48
64853.1,64851.6,1698286140,105.51,105.55
64861.5,64861.5,1698286200,105.66,105.68
64859.1,64849.7,1698286260,105.66,105.63
64868.1,64868.1,1698286320,105.66,105.67
64851.7,64837.5,1698286380,105.66,105.64
64827.4,64817.9,1698286440,105.62,105.35
64957.1,64955.6,1698286500,105.35,105.2
64973.5,65005.1,1698286560,105.24,105.18
65001.7,65015.1,1698286620,105.18,105.21
65025.3,65008.2,1698286680,105.23,105.32
65016.9,65017.9,1698286740,105.32,105.26
65014.8,65026.3,1698286800,105.24,105.21
65024.9,65020.6,1698286860,105.23,105.39
65044.1,65043.1,1698286920,105.42,105.37
65037.2,65036.9,1698286980,105.29,105.3
65036.9,65032.8,1698287040,105.32,105.4
65038.4,65048.7,1698287100,105.4,105.35
65047.4,65041,1698287160,105.32,105.34
65044.6,65044.6,1698287220,105.31,105.26
65032.1,65040.4,1698287280,105.27,105.23
65038.6,65038.6,1698287340,105.17,105.15
65038.5,65045.1,1698287400,105.15,105.27
64995,64993.5,1698287460,105.32,105.46
64995.4,64988,1698287520,105.46,105.59
64988.3,64995.5,1698287580,105.61,105.64
64996.9,65006.7,1698287640,105.65,105.68
65007.5,65004.9,1698287700,105.7,105.73
65050.9,65055.4,1698287760,105.72,105.82
65056.7,65063,1698287820,105.81,105.8
65066.1,65061.2,1698287880,105.81,105.81
65058.6,65058,1698287940,105.76,105.75
65057.2,65057.2,1698288000,105.74,105.75
65051.4,65060.2,1698288060,105.76,105.83
65060.2,65019,1698288120,105.81,105.76
65014.2,65029,1698288180,105.77,105.83
65016.6,65017.2,1698288240,105.88,105.75
65039.9,65042.2,1698288300,105.84,105.84
65041.1,65052.4,1698288360,105.84,105.93
65046.6,65047.7,1698288420,105.95,105.87
65039.6,65039.5,1698288480,105.89,105.91
65046.4,65056.8,1698288540,105.91,105.86
65058.7,65061.5,1698288600,105.91,105.85
65058.6,65066.6,1698288660,105.88,105.97
65066.1,65083.3,1698288720,106.01,106.01
65081.3,65082.1,1698288780,106.01,106.05
65076.1,65076.7,1698288840,106.06,106.1
65068.4,65074.9,1698288900,106.09,106.18
65079,65081.8,1698288960,106.17,106.08
65081.6,65071.8,1698289020,106.09,106.06
65066.7,65068.2,1698289080,106.06,105.94
65076.1,65075.3,1698289140,105.95,105.96
65068.8,65063.7,1698289200,105.97,106.08
65053.5,65059.7,1698289260,106.08,106.26
65050.3,65055.5,1698289320,106.28,106.3
65056.9,65098.5,1698289380,106.35,106.38
65096.7,65098.3,1698289440,106.39,106.41
65093.8,65082.8,1698289500,106.4,106.41
65082.1,65085.2,1698289560,106.41,106.45
65082.3,65091.2,1698289620,106.46,106.36
65087.5,65083.7,1698289680,106.36,106.41
65091.8,65083.1,1698289740,106.41,106.26
65076.9,65076.8,1698289800,106.25,106.28
65073.7,65062.5,1698289860,106.26,106.26
65060.8,65063.2,1698289920,106.26,106.3
65060.2,65052,1698289980,106.33,106.31
65052,65052,1698290040,106.32,106.36
65049.1,65051.2,1698290100,106.34,106.42
65075,65125.4,1698290160,106.41,106.6
65164.7,65220.4,1698290220,106.6,106.57
65223.3,65226.4,1698290280,106.56,106.59
65237.5,65268.6,1698290340,106.59,106.52
65250,65251.4,1698290400,106.53,106.61
65250.7,65249.5,1698290460,106.62,106.62
65246.5,65246.1,1698290520,106.62,106.63
65246.4,65265.6,1698290580,106.63,106.53
65265.4,65269,1698290640,106.53,106.5
65262.1,65259.3,1698290700,106.51,106.64
65260.7,65257.6,1698290760,106.62,106.63
65274.7,65339.8,1698290820,106.62,106.62
65357.7,65399.4,1698290880,106.65,106.66
65402.4,65425.1,1698290940,106.66,106.69
65431.1,65513.7,1698291000,106.67,106.71
65517.8,65507.5,1698291060,106.71,106.77
65537,65537,1698291120,106.75,106.79
65566.1,65569.6,1698291180,106.74,106.57
65634.4,65648.6,1698291240,106.53,106.38
65686.2,65677.8,1698291300,106.38,106.32
65677.3,65677.7,1698291360,106.32,106.46
65668.8,65675.1,1698291420,106.42,106.45
65665.4,65672.4,1698291480,106.44,106.36
65669.7,65671.8,1698291540,106.35,106.31
65666.3,65658.7,1698291600,106.31,106.28
65650.1,65650.1,1698291660,106.25,106.22
65660.4,65659.8,1698291720,106.22,106.33
65641.6,65636.5,1698291780,106.33,106.26
65654.8,65654.8,1698291840,106.27,106.26
65654.4,65656.4,1698291900,106.24,106.07
65657.1,65651.6,1698291960,106.08,106.1
65654.5,65655.6,1698292020,106.1,106.26
65639.3,65628,1698292080,106.25,106.31
65624.6,65675.9,1698292140,106.3,106.26
65676.1,65684.1,1698292200,106.29,106.36
65703.1,65703.1,1698292260,106.39,106.42
65686.3,65719.9,1698292320,106.44,106.37
65730.8,65735.1,1698292380,106.37,106.4
65734,65737.2,1698292440,106.42,106.47
65728.4,65731.5,1698292500,106.45,106.5
65728.4,65731,1698292560,106.49,106.65
65732.5,65727.1,1698292620,106.64,106.68
65734.7,65741.6,1698292680,106.7,106.75
65741.3,65741.3,1698292740,106.76,106.81
65745,65741.2,1698292800,106.77,106.74
65732.6,65732.3,1698292860,106.74,106.69
65735.1,65736.9,1698292920,106.69,106.64
65760.4,65868,1698292980,106.64,106.52
65864.9,65905.8,1698293040,106.5,106.43
65908.3,65909.3,1698293100,106.43,106.45
65911.9,65914.8,1698293160,106.45,106.47
65917.5,65950.1,1698293220,106.44,106.21
65957.5,65961.3,1698293280,106.23,106.2
65954.6,65941.8,1698293340,106.25,106.27
65942.8,65936.4,1698293400,106.25,106.18
65988.8,65974,1698293460,106.18,106.27
65964.5,65965,1698293520,106.25,106.22
65962.3,65969.6,1698293580,106.22,106.22
65971.4,66008.1,1698293640,106.22,106.19
65985.1,65985.1,1698293700,106.19,106.24
65989,65986.4,1698293760,106.25,106.29
65984.9,65987.2,1698293820,106.28,106.25
65988.6,65985.8,1698293880,106.22,106.19
65985.8,65962.3,1698293940,106.18,106.26
65966.3,65963.6,1698294000,106.32,106.46
65963.7,65956.8,1698294060,106.46,106.38
65956.9,65955.6,1698294120,106.36,106.33
65954.4,65954.4,1698294180,106.35,106.34
65954,65950.5,1698294240,106.34,106.35
65950.7,65955.1,1698294300,106.37,106.4
65957.1,65962.6,1698294360,106.4,106.41
65959.2,65933.8,1698294420,106.41,106.43
65940.7,65936.9,1698294480,106.44,106.32
65999.1,65997.4,1698294540,106.27,106.36
65997,65997.9,1698294600,106.38,106.35
65994,65986.8,1698294660,106.36,106.29
65937.4,65931.3,1698294720,106.31,106.2
65929.4,65930.8,1698294780,106.23,106.16
65946.4,65946.4,1698294840,106.16,106.27
65946.8,65942.6,1698294900,106.27,106.37
65944.3,65928.2,1698294960,106.4,106.4
65925.5,65903.1,1698295020,106.39,106.47
65910.1,65909.5,1698295080,106.47,106.56
65891.2,65891.2,1698295140,106.57,106.6
65898.7,65892.7,1698295200,106.62,106.31
65894.2,65894.3,1698295260,106.29,106.42
65888.6,65890.8,1698295320,106.42,106.6
65908.8,65941.6,1698295380,106.67,106.68
65939.4,65938.7,1698295440,106.68,106.64
65938.3,65941,1698295500,106.62,106.56
65932.9,65896.5,1698295560,106.56,106.65
65893.7,65893.2,1698295620,106.66,106.63
65904.4,65907.2,1698295680,106.65,106.55
65861.7,65859,1698295740,106.55,106.58
65858.7,65855,1698295800,106.57,106.63
65849.9,65853.5,1698295860,106.63,106.56
65855.1,65855.3,1698295920,106.54,106.34
65819.9,65818.2,1698295980,106.34,106.34
65815.4,65815.4,1698296040,106.36,106.36
65773,65773.1,1698296100,106.36,106.36
65770.7,65781.4,1698296160,106.37,106.34
65778.2,65778.5,1698296220,106.33,106.3
65778.9,65775.7,1698296280,106.3,106.46
65774.3,65775.7,1698296340,106.47,106.52
65764.4,65783.6,1698296400,106.53,106.44
65775.5,65776.2,1698296460,106.43,106.47
65785.1,65787.3,1698296520,106.47,106.5
65789.4,65792.4,1698296580,106.56,106.67
65799.1,65786.3,1698296640,106.65,106.6
65786.3,65784.5,1698296700,106.58,106.59
65783.1,65790.5,1698296760,106.59,106.69
65795.2,65794.9,1698296820,106.7,106.63
65796.2,65795.7,1698296880,106.6,106.49
65801.7,65792.4,1698296940,106.49,106.43
65797.9,65806.4,1698297000,106.48,106.47
65811.8,65822.2,1698297060,106.49,106.58
65822,65818.9,1698297120,106.54,106.54
66199,66199,1698297180,106.53,106.92
66199.3,66215.6,1698297240,106.92,106.83
66197.2,66197.1,1698297300,106.81,106.73
66174.8,66157.6,1698297360,106.72,106.75
66150.1,66142.2,1698297420,106.73,106.58
66137.4,66055.9,1698297480,106.63,106.43
66047.1,66002.3,1698297540,106.43,106.53
66003.1,66003.1,1698297600,106.52,106.39
65973.3,65963.3,1698297660,106.4,106.44
65962.6,65961.2,1698297720,106.46,106.52
65964,65961.2,1698297780,106.49,106.61
65956.3,65949.2,1698297840,106.61,106.53
65952.9,65958,1698297900,106.53,106.49
65971,65971.3,1698297960,106.49,106.54
65970.4,65970.4,1698298020,106.52,106.4
65952.4,65937.2,1698298080,106.4,106.38
65939,65937.5,1698298140,106.35,106.42
65933,65918.5,1698298200,106.37,106.5
65926.9,65926.1,1698298260,106.49,106.65
65933.1,65929,1698298320,106.63,106.65
65933.3,65910.4,1698298380,106.65,106.68
65909.8,65908.5,1698298440,106.66,106.62
65908.3,65908.3,1698298500,106.57,106.7
65901.7,65896.9,1698298560,106.7,106.74
65898.4,65858.6,1698298620,106.73,106.61
65865.7,65859.6,1698298680,106.61,106.74
65858.4,65872.9,1698298740,106.79,106.98
65863.8,65862.5,1698298800,106.98,106.94
65860.5,65861.1,1698298860,106.9,106.97
65865.4,65837,1698298920,106.97,107
65838.1,65829.7,1698298980,107,106.77
65826.7,65832.6,1698299040,106.83,106.9
65833.9,65853.8,1698299100,106.87,106.79
65871.2,65870,1698299160,106.81,106.85
65876.9,65860.9,1698299220,106.85,106.76
65864.3,65802.9,1698299280,106.76,106.49
65802.9,65802.9,1698216840,98.31,98.26
65802.9,65802.9,1698238740,98.35,98.36
65802.9,65802.9,1698299340,106.5,106.47
