"OI_open","OI_close","timestamp","price_open","price_close"
132422982,132450385,1698017580,0.2074,0.2075
132462574,132505429,1698017640,0.2075,0.2077
132536856,132580908,1698017700,0.2078,0.2081
132745742,132665424,1698017760,0.208,0.208
132681380,132681380,1698017820,0.2081,0.2083
132684618,132725818,1698017880,0.2083,0.2083
132768968,132774882,1698017940,0.2084,0.2082
132770090,132753625,1698018000,0.2082,0.2084
132746506,132703912,1698018060,0.2084,0.2084
132691695,132666873,1698018120,0.2084,0.2084
132708892,132709423,1698018180,0.2084,0.2084
132720386,132745196,1698018240,0.2084,0.2086
132750334,132708220,1698018300,0.2086,0.2081
132651003,132657227,1698018360,0.2081,0.2084
132746082,132826981,1698018420,0.2083,0.2085
132825307,132828598,1698018480,0.2086,0.2086
132914819,132937958,1698018540,0.2085,0.2087
132945173,132920708,1698018600,0.2087,0.2088
132906175,132876457,1698018660,0.2087,0.2088
132903488,132812181,1698018720,0.2088,0.2085
132905403,132902987,1698018780,0.2085,0.2082
132899556,132823439,1698018840,0.2082,0.2079
132818486,132809396,1698018900,0.2079,0.2078
132901973,132979073,1698018960,0.2079,0.2079
133019497,133245716,1698019020,0.208,0.2081
133230072,133334417,1698019080,0.2081,0.2083
133361318,133345388,1698019140,0.2083,0.2081
133309628,133309628,1698019200,0.2081,0.2079
133161732,133114465,1698019260,0.2079,0.2081
133171828,133299389,1698019320,0.2081,0.2086
133347363,133461469,1698019380,0.2085,0.2085
133479540,133553812,1698019440,0.2086,0.2086
133533629,133475250,1698019500,0.2085,0.2087
133503307,133400257,1698019560,0.2087,0.2085
133434420,133271369,1698019620,0.2085,0.208
133284099,133295621,1698019680,0.208,0.2081
133348629,133268340,1698019740,0.2081,0.2083
133363912,133407885,1698019800,0.2084,0.2087
133381877,133592308,1698019860,0.2088,0.2092
133636332,133722907,1698019920,0.2092,0.209
133700746,133613703,1698019980,0.209,0.2088
133670953,133816228,1698020040,0.2089,0.2094
133876084,133921200,1698020100,0.2093,0.209
133906702,134285947,1698020160,0.2091,0.2092
134608926,134632829,1698020220,0.2093,0.2088
134692832,134680799,1698020280,0.2089,0.209
134676291,134674791,1698020340,0.209,0.2089
134673454,134641309,1698020400,0.209,0.2085
134566848,134545896,1698020460,0.2085,0.2082
134537790,134427759,1698020520,0.2082,0.2078
134449784,134449784,1698020580,0.2079,0.2076
134408150,134404383,1698020640,0.2077,0.2076
134478843,134455472,1698020700,0.2075,0.2077
134506592,134640668,1698020760,0.2077,0.2076
134601428,134650591,1698020820,0.2077,0.2079
134659610,134653759,1698020880,0.2079,0.2077
134679033,134603977,1698020940,0.2078,0.2082
134675640,134774238,1698021000,0.2082,0.2084
134784576,134797929,1698021060,0.2084,0.2082
134818692,134831676,1698021120,0.2082,0.2084
134887343,135137599,1698021180,0.2085,0.2086
135123670,135115738,1698021240,0.2087,0.2085
135102915,135091040,1698021300,0.2086,0.2087
135107068,135090292,1698021360,0.2088,0.2086
135054439,135081259,1698021420,0.2085,0.2091
135160588,135154475,1698021480,0.2091,0.2087
135176179,135205488,1698021540,0.2086,0.2089
135194443,135209596,1698021600,0.2089,0.2089
135223008,135203023,1698021660,0.209,0.2089
135210406,135157574,1698021720,0.209,0.2085
135212648,135228387,1698021780,0.2085,0.2089
135166970,135343499,1698021840,0.2088,0.2091
135303618,135309364,1698021900,0.2092,0.2089
135258477,135215704,1698021960,0.2088,0.2092
135147945,135197735,1698022020,0.2093,0.2097
135270955,135270955,1698022080,0.2097,0.2109
136134963,136154842,1698022140,0.2109,0.2105
136226159,136171462,1698022200,0.2106,0.2105
136203135,136000928,1698022260,0.2105,0.2102
136070383,136119812,1698022320,0.2103,0.2099
136176368,136186143,1698022380,0.2099,0.2105
136300038,136302700,1698022440,0.2104,0.211
138196971,138405905,1698022500,0.211,0.2121
138721328,138995658,1698022560,0.212,0.2143
139620414,138966614,1698022620,0.2142,0.2128
139051148,139228086,1698022680,0.2129,0.2125
139213840,139254167,1698022740,0.2125,0.2127
139424310,138945186,1698022800,0.2127,0.2118
138760294,138725471,1698022860,0.2117,0.2114
138778464,138646669,1698022920,0.2114,0.2112
138572389,138561485,1698022980,0.2112,0.2112
138554065,138558566,1698023040,0.2111,0.211
138539772,138307048,1698023100,0.2111,0.2116
138387844,138371433,1698023160,0.2117,0.2116
138415984,137445470,1698023220,0.2116,0.2121
137249662,137249662,1698023280,0.2121,0.2121
137217920,137171916,1698023340,0.2121,0.212
137173762,137229959,1698023400,0.212,0.2115
136905324,136873684,1698023460,0.2115,0.2114
136843674,136809679,1698023520,0.2115,0.2113
136843771,136795904,1698023580,0.2113,0.2115
136804586,136809537,1698023640,0.2116,0.2117
136837091,136887414,1698023700,0.2116,0.2119
136884456,136827712,1698023760,0.2118,0.2122
136918484,136874489,1698023820,0.2122,0.212
136862733,136845101,1698023880,0.2121,0.2123
136974381,136951796,1698023940,0.2124,0.2124
136949249,136893326,1698024000,0.2123,0.213
136942890,136890243,1698024060,0.213,0.2126
136708150,136685544,1698024120,0.2126,0.2126
136714825,136782885,1698024180,0.2126,0.213
136782528,136867361,1698024240,0.213,0.2133
136890469,136839309,1698024300,0.2133,0.2134
136796719,136880511,1698024360,0.2135,0.2137
136806908,136776134,1698024420,0.2136,0.2141
136661326,136984563,1698024480,0.2141,0.2144
136557359,136588627,1698024540,0.2144,0.2144
136575579,136429761,1698024600,0.2144,0.2149
136240335,136223251,1698024660,0.2149,0.2156
136148195,135897211,1698024720,0.2157,0.2148
135651409,135151287,1698024780,0.2148,0.2135
134904569,134641562,1698024840,0.2135,0.2131
133950857,133936045,1698024900,0.2131,0.2135
133951782,134279115,1698024960,0.2134,0.2136
134062557,134062557,1698025020,0.2136,0.2139
133928925,134298723,1698025080,0.2139,0.214
134302038,134054942,1698025140,0.2141,0.2136
134018162,134479271,1698025200,0.2137,0.2143
135088657,134566217,1698025260,0.2143,0.2131
134701970,134885542,1698025320,0.2132,0.214
134571650,134541052,1698025380,0.2139,0.2143
134531976,134432626,1698025440,0.2143,0.2142
134470983,134301465,1698025500,0.2141,0.214
134280886,134247931,1698025560,0.2141,0.2135
134082361,134098248,1698025620,0.2136,0.2136
134098872,134126272,1698025680,0.2137,0.2132
133935159,133923549,1698025740,0.2133,0.2134
134046764,134054710,1698025800,0.2135,0.2135
134058231,134047445,1698025860,0.2135,0.2132
133992423,133990385,1698025920,0.2132,0.2133
133982709,133993849,1698025980,0.2134,0.2135
133970302,133975378,1698026040,0.2136,0.214
133958479,133960871,1698026100,0.2141,0.2143
134036950,134142811,1698026160,0.2143,0.2138
134095342,134099659,1698026220,0.2137,0.2136
134066908,134065415,1698026280,0.2137,0.2133
134056427,134051700,1698026340,0.2134,0.2138
134176884,134289581,1698026400,0.2139,0.2142
134320703,134320703,1698026460,0.2142,0.2146
134359030,134381615,1698026520,0.2146,0.2146
134398517,134636346,1698026580,0.2145,0.215
134609536,134717655,1698026640,0.215,0.2154
135200585,135216809,1698026700,0.2154,0.2147
134965074,134989357,1698026760,0.2147,0.2146
134909497,134792444,1698026820,0.2146,0.2145
134793734,134805151,1698026880,0.2144,0.2148
134925172,134990930,1698026940,0.2149,0.2154
134967318,135000008,1698027000,0.2154,0.215
134970220,134945600,1698027060,0.215,0.215
134908286,134518117,1698027120,0.2151,0.2153
134219656,134207615,1698027180,0.2153,0.2151
134207372,134246311,1698027240,0.2151,0.2156
134191163,134064453,1698027300,0.2156,0.2157
134108287,134127330,1698027360,0.2156,0.2167
134234214,134413210,1698027420,0.2167,0.2175
134491617,134546817,1698027480,0.2174,0.2178
134440517,134713210,1698027540,0.2178,0.2179
134622853,134916554,1698027600,0.2179,0.2174
134912150,134869054,1698027660,0.2174,0.2175
134935842,134911735,1698027720,0.2175,0.2175
134752554,134679009,1698027780,0.2176,0.2174
134707230,134693065,1698027840,0.2175,0.2174
134711571,134752804,1698027900,0.2174,0.2176
134750452,134764200,1698027960,0.2177,0.2177
134758049,134832441,1698028020,0.2177,0.2179
134858883,134893069,1698028080,0.218,0.2183
134950447,135042596,1698028140,0.2183,0.2187
135307089,135005805,1698028200,0.2188,0.2184
135181762,135284781,1698028260,0.2183,0.2186
135422159,135344707,1698028320,0.2187,0.2191
135335597,135335597,1698028380,0.2191,0.2195
135406956,135413844,1698028440,0.2195,0.2197
135371705,135604105,1698028500,0.2196,0.2199
135565452,135179747,1698028560,0.2199,0.2197
135167157,135123275,1698028620,0.2197,0.2195
135090509,134854880,1698028680,0.2195,0.2202
135024198,135161551,1698028740,0.2202,0.2202
135057772,135023272,1698028800,0.2201,0.2198
134965445,134654207,1698028860,0.2198,0.2185
134211327,134016053,1698028920,0.2185,0.2176
134101794,134046609,1698028980,0.2176,0.2174
134024127,133989369,1698029040,0.2174,0.2176
134075531,134136687,1698029100,0.2177,0.2174
134076329,134195782,1698029160,0.2175,0.218
134508847,134571021,1698029220,0.218,0.2187
134595275,134684978,1698029280,0.2187,0.2183
134625725,134817259,1698029340,0.2183,0.219
134810529,134812398,1698029400,0.219,0.2185
134848070,134677031,1698029460,0.2185,0.2183
134855338,134842496,1698029520,0.2182,0.2182
134714220,134508274,1698029580,0.2181,0.2176
134579962,134591628,1698029640,0.2176,0.2179
134525837,134559563,1698029700,0.2179,0.2177
134585456,134549466,1698029760,0.2177,0.2179
134476038,134497135,1698029820,0.218,0.2185
134503569,134498089,1698029880,0.2186,0.2189
134487082,134472697,1698029940,0.2189,0.2189
134467582,134373028,1698030000,0.2189,0.2199
134411057,134159606,1698030060,0.2199,0.2196
134210294,134278930,1698030120,0.2196,0.2196
134333073,134367718,1698030180,0.2197,0.2194
134512294,134461184,1698030240,0.2194,0.2194
134456427,134290689,1698030300,0.2193,0.22
133682131,133473400,1698030360,0.2201,0.2191
133401411,133309921,1698030420,0.2192,0.2185
133304442,133288726,1698030480,0.2185,0.2184
133336912,133361614,1698030540,0.2183,0.2184
133350156,133326073,1698030600,0.2184,0.2184
133290040,133290040,1698030660,0.2185,0.2189
133311221,133342314,1698030720,0.2189,0.2181
133508072,132945185,1698030780,0.218,0.2182
132667310,132726003,1698030840,0.2182,0.2183
132678086,132720820,1698030900,0.2184,0.2179
132713015,132663390,1698030960,0.218,0.2177
132640399,132643186,1698031020,0.2177,0.2183
132649898,132649898,1698031080,0.2183,0.2185
132544516,132541018,1698031140,0.2185,0.2187
132544975,132585360,1698031200,0.2187,0.2185
132485421,132427621,1698031260,0.2186,0.2188
132492991,132452557,1698031320,0.2189,0.2187
132467166,132468464,1698031380,0.2188,0.2185
132472748,132501253,1698031440,0.2185,0.2185
132516876,132497297,1698031500,0.2186,0.2188
132934821,133024654,1698031560,0.2189,0.2189
133026228,133113967,1698031620,0.2189,0.2189
132856731,132826816,1698031680,0.2189,0.2198
132897836,132919780,1698031740,0.2197,0.2199
132954723,133005361,1698031800,0.2199,0.2193
133000994,133081077,1698031860,0.2193,0.2197
133150301,133132296,1698031920,0.2197,0.2193
133085670,133111096,1698031980,0.2194,0.2195
133098668,133106730,1698032040,0.2196,0.2197
133180357,133199619,1698032100,0.2198,0.22
133133130,133067434,1698032160,0.2201,0.2203
133022052,133195604,1698032220,0.2204,0.2209
133642282,133627676,1698032280,0.2208,0.2208
133684728,133865574,1698032340,0.2208,0.2217
134081305,134422308,1698032400,0.2217,0.2214
134643896,134713217,1698032460,0.2214,0.2219
134576328,134576328,1698032520,0.2219,0.2224
134877255,134859908,1698032580,0.2223,0.2224
134859733,134873512,1698032640,0.2224,0.2231
135282514,135240617,1698032700,0.2231,0.2231
135417296,135459374,1698032760,0.2232,0.2227
135118151,135250071,1698032820,0.2227,0.2219
135341411,135377619,1698032880,0.2219,0.2232
135619100,135432199,1698032940,0.2233,0.2243
135640803,135694052,1698033000,0.2244,0.2234
135547074,134962683,1698033060,0.2233,0.2235
135040659,135166302,1698033120,0.2236,0.2242
135124488,135164861,1698033180,0.2242,0.2237
135143715,135057122,1698033240,0.2236,0.2236
135072066,135115826,1698033300,0.2237,0.224
135277697,135450571,1698033360,0.224,0.2245
135417857,135380546,1698033420,0.2245,0.2252
135789742,135783351,1698033480,0.2251,0.2255
135808435,135746201,1698033540,0.2255,0.2252
135822825,135751495,1698033600,0.2252,0.2261
136190645,136047028,1698033660,0.2261,0.2249
135993604,136057244,1698033720,0.2249,0.2256
136312124,136468356,1698033780,0.2256,0.2267
136648399,136728087,1698033840,0.2266,0.2275
136743310,136900122,1698033900,0.2276,0.2277
137038977,136728631,1698033960,0.2276,0.2268
136352429,136242926,1698034020,0.2267,0.2252
136189083,136007602,1698034080,0.2252,0.2251
136079630,136132883,1698034140,0.2251,0.2257
136249676,136269433,1698034200,0.2256,0.225
135984813,135984813,1698034260,0.225,0.2258
136100388,136410493,1698034320,0.2257,0.2257
136403089,136403089,1698034380,0.2258,0.2254
136370571,136508323,1698034440,0.2254,0.2265
136768252,136828178,1698034500,0.2266,0.227
137021635,137430626,1698034560,0.227,0.2277
137399941,137415281,1698034620,0.2277,0.2278
137698646,137852859,1698034680,0.2279,0.2271
137715524,137873569,1698034740,0.2272,0.2279
138146927,138246966,1698034800,0.2279,0.2287
138902711,139069188,1698034860,0.2286,0.2283
139024489,138448559,1698034920,0.2284,0.2278
138326730,138440890,1698034980,0.2279,0.2281
138768144,138839067,1698035040,0.2281,0.2277
138975610,138732470,1698035100,0.2278,0.2273
138626188,138661400,1698035160,0.2274,0.2268
138355515,138151692,1698035220,0.2269,0.2272
138101757,138204184,1698035280,0.2273,0.2282
138112732,138202184,1698035340,0.2283,0.2289
138035859,138051613,1698035400,0.2289,0.2284
137769231,137940394,1698035460,0.2284,0.2279
137900257,138136330,1698035520,0.2279,0.2282
138077720,137890805,1698035580,0.2282,0.2278
137404093,137260267,1698035640,0.2277,0.2273
136866692,136839762,1698035700,0.2272,0.2272
136834352,136453255,1698035760,0.2273,0.2272
136037021,136037021,1698035820,0.2272,0.2252
134601868,134097878,1698035880,0.2253,0.2242
133727581,133674885,1698035940,0.2243,0.2248
133609711,133544184,1698036000,0.2247,0.2245
133595639,133501347,1698036060,0.2246,0.2247
133806566,133842416,1698036120,0.2247,0.225
133961207,133993700,1698036180,0.2249,0.2249
134312864,133909912,1698036240,0.2249,0.2257
133738400,133610134,1698036300,0.2258,0.2245
133662581,133526142,1698036360,0.2244,0.2242
133727018,133763069,1698036420,0.2242,0.2242
133741003,133719943,1698036480,0.2243,0.2243
133704285,133675829,1698036540,0.2243,0.2239
133558115,133526717,1698036600,0.224,0.224
133565350,133538259,1698036660,0.2239,0.2239
133479664,133179278,1698036720,0.2239,0.2237
133140054,133069260,1698036780,0.2238,0.2239
133109700,133148641,1698036840,0.2239,0.2235
133262815,133252330,1698036900,0.2235,0.2239
133278113,133283917,1698036960,0.2239,0.2238
133139434,133091617,1698037020,0.2238,0.2238
133106869,133028919,1698037080,0.2239,0.2236
133030819,133107798,1698037140,0.2236,0.2233
133180576,133150368,1698037200,0.2232,0.2228
132985920,133219084,1698037260,0.2228,0.2228
133229897,133242753,1698037320,0.2229,0.2229
133189912,133408154,1698037380,0.2228,0.2224
132453596,132446355,1698037440,0.2225,0.2218
132440631,132357769,1698037500,0.2219,0.2218
132591134,132607071,1698037560,0.2219,0.222
132727904,132653808,1698037620,0.222,0.2227
132497814,132497814,1698037680,0.2228,0.2228
132503059,132583787,1698037740,0.2228,0.2228
132603703,132585520,1698037800,0.2229,0.2231
132554474,132554474,1698037860,0.2231,0.2231
132530857,132653172,1698037920,0.2231,0.2235
132585854,132466454,1698037980,0.2235,0.2239
132213944,132170255,1698038040,0.2239,0.2236
132214469,132205230,1698038100,0.2237,0.2231
132243378,132204204,1698038160,0.2231,0.2227
132258950,132257779,1698038220,0.2227,0.2224
132263125,132259097,1698038280,0.2225,0.2226
132303766,132261547,1698038340,0.2226,0.2229
132237923,132198831,1698038400,0.2229,0.2225
132188430,132128882,1698038460,0.2226,0.2222
132134198,132073663,1698038520,0.2221,0.2222
132070238,132129970,1698038580,0.2222,0.2226
131983896,131777948,1698038640,0.2226,0.222
131746754,132163769,1698038700,0.222,0.2224
132185669,132164007,1698038760,0.2224,0.2223
132148219,131992959,1698038820,0.2223,0.2224
132030981,132016624,1698038880,0.2223,0.2228
131930942,131951499,1698038940,0.2228,0.2229
131969836,131940244,1698039000,0.2229,0.2227
132011346,132008839,1698039060,0.2228,0.2224
131952350,131974810,1698039120,0.2224,0.2225
131987376,131944677,1698039180,0.2226,0.2229
131964196,131999138,1698039240,0.223,0.2233
132013298,132053287,1698039300,0.2232,0.2235
131704273,131653595,1698039360,0.2235,0.2227
131679147,131639681,1698039420,0.2227,0.2223
131601167,131630299,1698039480,0.2223,0.222
131545543,131193148,1698039540,0.222,0.2214
130954690,130954690,1698039600,0.2213,0.2216
130610810,130609996,1698039660,0.2216,0.2215
130531377,130531377,1698039720,0.2216,0.2218
130592418,130560476,1698039780,0.2217,0.2216
130560007,130299425,1698039840,0.2216,0.222
130039078,130039078,1698039900,0.2221,0.222
130060873,130044652,1698039960,0.2221,0.2232
130043968,130065777,1698040020,0.2232,0.2233
129998156,130016796,1698040080,0.2234,0.2241
130227725,130353390,1698040140,0.2241,0.2237
130382284,130412124,1698040200,0.2236,0.2238
130466081,130508682,1698040260,0.2237,0.2234
130555793,130515302,1698040320,0.2234,0.2231
130493295,130401243,1698040380,0.2231,0.2232
130326844,130324958,1698040440,0.2232,0.2233
130267810,130292139,1698040500,0.2233,0.2226
130309268,130331131,1698040560,0.2226,0.2225
130366618,130354165,1698040620,0.2225,0.2227
130354996,130324024,1698040680,0.2227,0.2227
130285497,130284704,1698040740,0.2227,0.2223
130373822,130380798,1698040800,0.2222,0.2226
130400600,130358204,1698040860,0.2226,0.2226
130370137,130388593,1698040920,0.2226,0.2227
130396812,130432058,1698040980,0.2227,0.2232
130477667,130487185,1698041040,0.2233,0.2231
130494970,130513362,1698041100,0.2231,0.2228
130614502,130607718,1698041160,0.2228,0.2232
130615970,130575840,1698041220,0.2233,0.2233
130585456,130626522,1698041280,0.2233,0.2236
130552402,130529437,1698041340,0.2236,0.2242
130569002,130534640,1698041400,0.2243,0.2241
130417935,130455449,1698041460,0.2241,0.2243
130461602,130439264,1698041520,0.2243,0.2238
130501357,130538448,1698041580,0.2239,0.2237
130597205,130810389,1698041640,0.2237,0.2241
130820974,130728201,1698041700,0.2242,0.224
130770765,130688899,1698041760,0.224,0.2235
130758735,130758735,1698041820,0.2235,0.2233
130767410,130843690,1698041880,0.2233,0.2229
130825516,130853323,1698041940,0.2229,0.2227
130806567,130727732,1698042000,0.2227,0.2226
130767507,130757794,1698042060,0.2226,0.2223
130716008,130602339,1698042120,0.2222,0.2218
130566560,130496137,1698042180,0.2217,0.2227
130490308,130595565,1698042240,0.2227,0.2231
130614802,130602082,1698042300,0.2231,0.2232
130573258,130581436,1698042360,0.2232,0.2234
130644838,130668688,1698042420,0.2233,0.2231
130674032,130692139,1698042480,0.2231,0.223
130677045,130673032,1698042540,0.223,0.2232
130646162,130653775,1698042600,0.2232,0.2235
130666860,130687034,1698042660,0.2234,0.2234
130667039,130664983,1698042720,0.2234,0.2233
130696268,130643810,1698042780,0.2232,0.2225
130671529,130661328,1698042840,0.2224,0.2225
130718047,130685712,1698042900,0.2224,0.2223
130576802,130589041,1698042960,0.2224,0.2225
130625134,130666306,1698043020,0.2225,0.2226
130688227,130712905,1698043080,0.2227,0.2229
130699297,130788003,1698043140,0.2229,0.2226
130826506,130844578,1698043200,0.2226,0.2222
130910832,130908853,1698043260,0.2221,0.2224
130914066,130895848,1698043320,0.2225,0.2228
130863914,130819138,1698043380,0.2228,0.2232
130731971,130750319,1698043440,0.2233,0.2234
130789369,130789369,1698043500,0.2234,0.2236
130821712,130856431,1698043560,0.2237,0.2239
130898682,130898682,1698043620,0.224,0.2239
130914099,130969773,1698043680,0.2238,0.2236
130936007,131129700,1698043740,0.2236,0.2236
131147169,131159172,1698043800,0.2236,0.2228
131101889,131076409,1698043860,0.2229,0.2235
131080789,131138896,1698043920,0.2234,0.2232
131144113,130981465,1698043980,0.2232,0.2228
130972161,130944913,1698044040,0.2228,0.223
130953651,130945158,1698044100,0.2229,0.2227
130924015,130929874,1698044160,0.2227,0.2225
130861400,130826675,1698044220,0.2225,0.2221
130854219,130860691,1698044280,0.2222,0.2221
130828234,130402602,1698044340,0.222,0.2213
130266597,130293733,1698044400,0.2212,0.2214
130432697,130689797,1698044460,0.2215,0.2215
130611772,130579609,1698044520,0.2215,0.2213
130674202,130689571,1698044580,0.2213,0.2213
130630688,130637048,1698044640,0.2213,0.2209
130497862,130558693,1698044700,0.2209,0.2207
130535039,130509124,1698044760,0.2206,0.2206
130485611,129587411,1698044820,0.2206,0.2198
129565103,129678593,1698044880,0.2198,0.2198
129745484,129843145,1698044940,0.2199,0.2193
129943280,129975562,1698045000,0.2194,0.2193
129815689,129690540,1698045060,0.2193,0.2197
129643663,129608738,1698045120,0.2196,0.2195
129623220,129623254,1698045180,0.2195,0.2197
129642714,129640988,1698045240,0.2197,0.2193
129596655,129542668,1698045300,0.2194,0.22
129262644,129262644,1698045360,0.2199,0.2205
129255582,129064447,1698045420,0.2205,0.2203
128998704,128988253,1698045480,0.2202,0.2204
129011444,129014360,1698045540,0.2204,0.2202
129049882,129031528,1698045600,0.2201,0.2199
128992477,129015133,1698045660,0.2199,0.2206
129148552,129090337,1698045720,0.2205,0.2208
129137601,129170634,1698045780,0.2208,0.2212
129340206,129403897,1698045840,0.2212,0.2216
129398310,129436345,1698045900,0.2216,0.2222
129433125,129431934,1698045960,0.2222,0.2221
129434983,129386875,1698046020,0.2221,0.2217
129400050,129412744,1698046080,0.2216,0.2215
129481607,129508959,1698046140,0.2215,0.2217
129575021,129575021,1698046200,0.2218,0.2218
129797958,129803982,1698046260,0.2218,0.2221
129936692,129892813,1698046320,0.2221,0.2224
129910744,129887967,1698046380,0.2224,0.2224
129926353,129929880,1698046440,0.2224,0.2224
129960851,129960851,1698046500,0.2223,0.2226
129951581,129951419,1698046560,0.2225,0.2229
129917827,129940320,1698046620,0.2229,0.2229
129943913,129994768,1698046680,0.2229,0.2227
130037191,130022783,1698046740,0.2227,0.2233
130069216,130082203,1698046800,0.2233,0.2235
130132675,130149572,1698046860,0.2234,0.2233
130124738,130178172,1698046920,0.2233,0.2231
130171226,130181493,1698046980,0.2232,0.2232
130265891,130301435,1698047040,0.2232,0.2235
130485584,130517915,1698047100,0.2235,0.2238
130562503,130655086,1698047160,0.2239,0.2241
130698848,130698848,1698047220,0.2241,0.2242
130750416,130769487,1698047280,0.2243,0.2241
130765266,130800728,1698047340,0.2241,0.2242
130953322,131048098,1698047400,0.2243,0.2235
131024219,131035039,1698047460,0.2234,0.2232
131131028,131100229,1698047520,0.2233,0.2227
131022735,131033385,1698047580,0.2226,0.2229
131075776,131203085,1698047640,0.223,0.2215
130846651,130608265,1698047700,0.2215,0.2221
130632551,130655096,1698047760,0.2221,0.2226
130610514,130549722,1698047820,0.2227,0.2227
130681986,130732810,1698047880,0.2227,0.2227
130757932,130784334,1698047940,0.2226,0.2227
130760758,130865430,1698048000,0.2228,0.223
131000920,130956956,1698048060,0.2231,0.2231
130988798,131004959,1698048120,0.2231,0.2228
130731992,130888794,1698048180,0.2227,0.2214
130769706,130848798,1698048240,0.2214,0.2221
131013613,131325671,1698048300,0.2221,0.2232
131627109,131677465,1698048360,0.2233,0.2235
131542920,131494847,1698048420,0.2235,0.2233
131610975,131610975,1698048480,0.2233,0.2233
131640656,131715162,1698048540,0.2232,0.2232
131769612,131802173,1698048600,0.2232,0.224
131826004,131877901,1698048660,0.2241,0.2241
131925789,131995336,1698048720,0.2241,0.2241
132208135,132274312,1698048780,0.2241,0.2243
132612558,132697334,1698048840,0.2244,0.2241
132772724,132709606,1698048900,0.2242,0.2239
132937894,133033162,1698048960,0.224,0.2241
133035811,133124082,1698049020,0.2241,0.2243
133345125,133431125,1698049080,0.2242,0.2244
133622919,133652072,1698049140,0.2244,0.2244
133696491,133869594,1698049200,0.2244,0.2246
133839525,133866656,1698049260,0.2247,0.2247
133865721,133923202,1698049320,0.2247,0.2235
133645828,133908357,1698049380,0.2236,0.2241
133898691,133916843,1698049440,0.2241,0.224
133862761,133813839,1698049500,0.2239,0.2242
133849621,133843879,1698049560,0.2242,0.2257
133998788,134030509,1698049620,0.2258,0.2265
134162519,134201207,1698049680,0.2265,0.2271
134321707,134315205,1698049740,0.2271,0.2272
134324115,134283822,1698049800,0.2271,0.227
134543981,134988200,1698049860,0.227,0.2274
135197161,134754569,1698049920,0.2274,0.2259
134328875,134387279,1698049980,0.2258,0.226
134328539,134333393,1698050040,0.2259,0.2256
134229615,134246802,1698050100,0.2256,0.2254
134699788,134747848,1698050160,0.2255,0.2261
134827922,134872230,1698050220,0.2261,0.226
134862521,134840482,1698050280,0.2261,0.226
134863949,134954098,1698050340,0.226,0.226
134925195,135047655,1698050400,0.2259,0.2272
134983609,134988403,1698050460,0.2272,0.2266
134879608,134893603,1698050520,0.2266,0.2264
134899145,134936937,1698050580,0.2265,0.2258
134965775,134946869,1698050640,0.2257,0.2253
134385349,134385349,1698050700,0.2253,0.2244
134334874,134350829,1698050760,0.2244,0.2251
134264995,134418146,1698050820,0.2251,0.2248
134425590,134358561,1698050880,0.2247,0.225
134392899,134522128,1698050940,0.225,0.2253
134561366,134574635,1698051000,0.2253,0.226
134710929,134610363,1698051060,0.226,0.2255
134618485,134608600,1698051120,0.2254,0.2254
134612672,134612380,1698051180,0.2254,0.2255
134622011,134618415,1698051240,0.2255,0.2259
134690620,134776417,1698051300,0.2259,0.2259
134758460,134737375,1698051360,0.2259,0.2254
134890637,134902633,1698051420,0.2254,0.2255
134895530,134901213,1698051480,0.2255,0.2257
134886657,134868528,1698051540,0.2257,0.2251
135047368,135087501,1698051600,0.2251,0.2245
135100134,135140394,1698051660,0.2245,0.2249
135242014,135423912,1698051720,0.2248,0.2257
135423187,135501266,1698051780,0.2256,0.2263
135419125,135458605,1698051840,0.2263,0.2265
135417853,135337955,1698051900,0.2265,0.2261
135346164,135318187,1698051960,0.226,0.2257
135356328,135364489,1698052020,0.2257,0.2265
135559419,135568558,1698052080,0.2265,0.2266
135760625,135865606,1698052140,0.2266,0.2269
135819586,135812328,1698052200,0.2269,0.2265
135789659,135737520,1698052260,0.2265,0.2259
135746576,135712893,1698052320,0.226,0.2261
135685972,135594806,1698052380,0.226,0.2257
135586065,135586065,1698052440,0.2257,0.226
135564343,135682392,1698052500,0.2259,0.2263
135749938,135707279,1698052560,0.2262,0.2267
135718288,135635844,1698052620,0.2268,0.2264
135540770,135558145,1698052680,0.2265,0.2267
135639896,135651971,1698052740,0.2267,0.2259
135572317,135633005,1698052800,0.2259,0.2256
135687353,135768197,1698052860,0.2256,0.2249
135350638,135377881,1698052920,0.2249,0.2263
136187528,136520909,1698052980,0.2264,0.2265
136538202,136515289,1698053040,0.2265,0.2261
136589725,136575812,1698053100,0.2261,0.2262
136608352,136657545,1698053160,0.2261,0.2259
136754651,136764966,1698053220,0.226,0.2256
136792606,136726998,1698053280,0.2256,0.2252
136554067,136369579,1698053340,0.2252,0.2244
136268792,136262788,1698053400,0.2244,0.2241
136133533,135177557,1698053460,0.2241,0.2235
135033178,134523770,1698053520,0.2236,0.2231
134608294,134708107,1698053580,0.2231,0.2227
134719213,134680907,1698053640,0.2226,0.2224
134511059,134417807,1698053700,0.2225,0.2226
134263696,133809707,1698053760,0.2226,0.2224
133815642,133957293,1698053820,0.2223,0.2229
133929319,133923176,1698053880,0.2229,0.2229
133889911,133903069,1698053940,0.2229,0.2226
133905521,133791146,1698054000,0.2227,0.2223
133782956,133613320,1698054060,0.2224,0.2216
133334534,133359864,1698054120,0.2216,0.2218
133324143,133324143,1698054180,0.2218,0.221
133092689,133076838,1698054240,0.221,0.2216
133003634,132903609,1698054300,0.2216,0.2214
133205322,133246063,1698054360,0.2214,0.221
133171785,132964719,1698054420,0.221,0.2202
132754121,132746840,1698054480,0.2202,0.2202
132850683,132873469,1698054540,0.2202,0.2204
133079128,133045436,1698054600,0.2203,0.2203
133198704,133297695,1698054660,0.2204,0.2207
133283245,133303723,1698054720,0.2207,0.2207
133245963,133220163,1698054780,0.2207,0.2208
133189097,133036915,1698054840,0.2207,0.221
132909977,132940282,1698054900,0.2209,0.2217
133028587,133047982,1698054960,0.2217,0.2213
133016538,133040902,1698055020,0.2212,0.221
133050903,133041924,1698055080,0.221,0.2214
133013545,133024949,1698055140,0.2213,0.2218
132999998,132874445,1698055200,0.2218,0.2223
132875349,132924051,1698055260,0.2223,0.2222
132895377,132905094,1698055320,0.2221,0.2219
132883519,132863428,1698055380,0.2218,0.2218
132803092,132801646,1698055440,0.2219,0.2218
132928709,132951726,1698055500,0.2219,0.2222
132980658,133012418,1698055560,0.2221,0.2225
133012338,133054321,1698055620,0.2225,0.2225
133136612,133359426,1698055680,0.2225,0.2227
133533862,133551748,1698055740,0.2226,0.2227
133654425,133606577,1698055800,0.2228,0.2226
133743469,133686976,1698055860,0.2226,0.2224
133684692,133680222,1698055920,0.2224,0.2228
133687285,133700011,1698055980,0.2228,0.2226
133726018,133769262,1698056040,0.2225,0.2223
133781862,133730807,1698056100,0.2223,0.223
134056182,134119470,1698056160,0.2231,0.2231
133852147,133848691,1698056220,0.2231,0.2232
133862896,133862896,1698056280,0.2232,0.2233
133877728,134211806,1698056340,0.2232,0.2238
134161392,134140369,1698056400,0.2237,0.2234
134145700,134178093,1698056460,0.2234,0.2238
134263332,134225856,1698056520,0.2237,0.2234
134303316,134302009,1698056580,0.2234,0.2233
134302256,134461321,1698056640,0.2234,0.2235
134461506,134851372,1698056700,0.2236,0.2239
134877636,134792414,1698056760,0.2239,0.2245
134857498,134815778,1698056820,0.2244,0.2247
134838974,134884212,1698056880,0.2247,0.2246
134867553,135159458,1698056940,0.2246,0.2243
135119124,135158989,1698057000,0.2244,0.2242
135409412,135521982,1698057060,0.2243,0.2245
135550607,135569606,1698057120,0.2246,0.2246
135518851,135523216,1698057180,0.2247,0.2247
135512825,135468099,1698057240,0.2246,0.2244
135421862,135398974,1698057300,0.2243,0.224
135122746,134825498,1698057360,0.2241,0.2237
134905855,134850982,1698057420,0.2237,0.2235
134828190,134803759,1698057480,0.2234,0.2238
134835292,134941217,1698057540,0.2237,0.2242
135224657,135242714,1698057600,0.2241,0.2243
135211903,135211903,1698057660,0.2242,0.2244
135240126,135246505,1698057720,0.2243,0.2237
135233383,135263162,1698057780,0.2238,0.2239
135286829,135375394,1698057840,0.2239,0.2242
135390016,135500456,1698057900,0.2241,0.2239
135460512,135469059,1698057960,0.2239,0.2238
135452247,135472505,1698058020,0.2238,0.2238
135470607,135485973,1698058080,0.2239,0.2238
135446656,135553509,1698058140,0.2238,0.2241
135714730,135658432,1698058200,0.2242,0.2237
135621806,135729669,1698058260,0.2237,0.2234
135778264,135782522,1698058320,0.2235,0.2233
135781807,135723415,1698058380,0.2233,0.2232
135711806,135701345,1698058440,0.2233,0.2233
135695380,135702065,1698058500,0.2233,0.2234
135709755,135691967,1698058560,0.2234,0.2231
135477609,134762952,1698058620,0.2231,0.2222
134817569,134870225,1698058680,0.2223,0.2225
134878061,134918170,1698058740,0.2224,0.2223
135063320,135066897,1698058800,0.2223,0.222
134842663,134932878,1698058860,0.222,0.2227
134791264,134794156,1698058920,0.2226,0.2231
134834666,134832476,1698058980,0.2231,0.2227
134855938,134834068,1698059040,0.2227,0.2227
134810222,134807027,1698059100,0.2226,0.2232
134827730,134816237,1698059160,0.2232,0.2228
134841895,134861302,1698059220,0.2229,0.2229
134879796,134781917,1698059280,0.223,0.2227
134781664,134776405,1698059340,0.2227,0.2226
134611445,134582655,1698059400,0.2226,0.2225
134572139,134603271,1698059460,0.2226,0.2226
134605759,134654466,1698059520,0.2227,0.2233
134708097,134708097,1698059580,0.2232,0.2231
134792305,134886703,1698059640,0.2231,0.2232
134916524,134901604,1698059700,0.2232,0.2236
134897638,134898993,1698059760,0.2236,0.2236
134950842,134950842,1698059820,0.2236,0.2237
134956933,134975901,1698059880,0.2237,0.2241
134926990,134930704,1698059940,0.2241,0.2242
134950958,134984686,1698060000,0.2242,0.2239
135019473,135045089,1698060060,0.224,0.224
135029618,135039338,1698060120,0.2241,0.2239
135043224,135040382,1698060180,0.224,0.2241
134898381,135082070,1698060240,0.2241,0.2245
135115217,135078747,1698060300,0.2245,0.2247
135043037,135048527,1698060360,0.2248,0.2249
135058058,134963784,1698060420,0.225,0.2248
134931946,134935487,1698060480,0.2248,0.2246
134976860,134959551,1698060540,0.2246,0.2244
134958411,134999288,1698060600,0.2245,0.2242
135034660,135116177,1698060660,0.2242,0.224
135141415,135189491,1698060720,0.2239,0.2244
135212207,135255214,1698060780,0.2245,0.2244
135294751,135217697,1698060840,0.2245,0.2248
135403913,135363956,1698060900,0.2249,0.2244
135359485,135310640,1698060960,0.2244,0.2243
135296733,135313161,1698061020,0.2243,0.2244
135278039,135233097,1698061080,0.2244,0.2243
135231500,135273786,1698061140,0.2243,0.2244
135281862,135297450,1698061200,0.2245,0.2244
135281334,135281334,1698061260,0.2244,0.2249
135308622,135331046,1698061320,0.2249,0.2253
135451115,135534299,1698061380,0.2252,0.2248
135408590,135811751,1698061440,0.2249,0.225
135860324,135910932,1698061500,0.2251,0.2249
135933709,135885860,1698061560,0.2249,0.2242
135862502,135903769,1698061620,0.2243,0.2243
135961250,135932269,1698061680,0.2244,0.2248
135954872,136026003,1698061740,0.2247,0.2252
136051215,136095166,1698061800,0.2252,0.225
136142906,136238951,1698061860,0.225,0.2252
136344399,136317519,1698061920,0.2252,0.2251
136406725,136399099,1698061980,0.225,0.2252
136527814,136496596,1698062040,0.2251,0.2242
136016926,135950526,1698062100,0.2242,0.2242
135929446,135889429,1698062160,0.2241,0.2241
135877773,135866617,1698062220,0.2241,0.2241
136794442,136822172,1698062280,0.224,0.2244
136839982,136828079,1698062340,0.2245,0.2245
136867500,136863847,1698062400,0.2245,0.2247
136865793,136989449,1698062460,0.2247,0.2251
137015335,136996000,1698062520,0.2251,0.2253
137052716,137170924,1698062580,0.2254,0.2253
137132186,137144769,1698062640,0.2254,0.2254
137209174,137206616,1698062700,0.2254,0.2258
137736011,137886114,1698062760,0.2258,0.226
137912454,137973731,1698062820,0.2261,0.2253
137912839,137871172,1698062880,0.2254,0.225
137685972,137764478,1698062940,0.2249,0.2251
137760644,137781529,1698063000,0.2251,0.2253
137801455,137797282,1698063060,0.2253,0.2256
137814848,137837588,1698063120,0.2255,0.2256
137869783,137510419,1698063180,0.2256,0.2248
137478544,137459222,1698063240,0.2249,0.2248
137451229,137451229,1698063300,0.2248,0.2251
137503299,137429914,1698063360,0.2252,0.2257
137419648,137711320,1698063420,0.2257,0.2271
137951567,138002869,1698063480,0.2271,0.227
138110370,138556670,1698063540,0.2271,0.227
138636236,138661528,1698063600,0.2271,0.2274
138591463,138930635,1698063660,0.2273,0.228
138431394,138318082,1698063720,0.2281,0.2271
138231299,138182641,1698063780,0.2271,0.2268
138229842,138253701,1698063840,0.2268,0.2266
138256331,138189987,1698063900,0.2266,0.2261
137975335,137581382,1698063960,0.2261,0.226
137508417,137458308,1698064020,0.2259,0.2256
137429995,137320719,1698064080,0.2257,0.2257
137314377,137556935,1698064140,0.2258,0.226
137587731,137581875,1698064200,0.2259,0.2263
137531349,137569347,1698064260,0.2262,0.2258
137707874,137801373,1698064320,0.2257,0.2262
137785785,137808745,1698064380,0.2262,0.2264
138176434,138180938,1698064440,0.2264,0.2261
138235304,138119343,1698064500,0.2261,0.2257
138074659,138128422,1698064560,0.2257,0.2254
138139979,138150833,1698064620,0.2253,0.2253
138139396,137680508,1698064680,0.2252,0.2247
137603511,137560290,1698064740,0.2248,0.2243
137642767,137595256,1698064800,0.2243,0.2248
137686259,137720544,1698064860,0.2248,0.2247
137787816,137787816,1698064920,0.2248,0.2244
137823796,137724541,1698064980,0.2244,0.2244
137301753,137314436,1698065040,0.2244,0.2244
137319599,137418807,1698065100,0.2244,0.2247
137401908,137370549,1698065160,0.2247,0.2241
138157910,137708484,1698065220,0.2241,0.2237
137737879,137817030,1698065280,0.2237,0.2242
137780133,137789992,1698065340,0.2242,0.2244
137808862,137794406,1698065400,0.2245,0.2248
137777985,137804774,1698065460,0.2248,0.2249
137851946,137836715,1698065520,0.2248,0.2248
137751708,137722172,1698065580,0.2248,0.2246
137666050,137670857,1698065640,0.2246,0.2248
137676803,137674916,1698065700,0.2247,0.2246
137742353,137842964,1698065760,0.2246,0.2246
137853058,137751736,1698065820,0.2246,0.2249
137804911,137816595,1698065880,0.2249,0.2248
137810735,137845572,1698065940,0.2248,0.225
137846399,137841882,1698066000,0.225,0.225
137835111,138070208,1698066060,0.225,0.2251
138110173,138086671,1698066120,0.225,0.2252
138131504,138171349,1698066180,0.2253,0.2258
138118012,138132771,1698066240,0.2258,0.226
138386948,138389014,1698066300,0.226,0.2254
138406720,138433071,1698066360,0.2255,0.2265
138571171,138498197,1698066420,0.2265,0.2269
138506618,138571348,1698066480,0.2269,0.2275
138627950,138780473,1698066540,0.2275,0.2275
138814912,138816574,1698066600,0.2275,0.2272
138642100,138762689,1698066660,0.2272,0.2269
138765812,138749242,1698066720,0.2269,0.2265
138765591,138798091,1698066780,0.2266,0.2261
138821671,138830844,1698066840,0.2262,0.2261
138832178,138794205,1698066900,0.226,0.2257
138759340,138759340,1698066960,0.2257,0.226
138800254,138844906,1698067020,0.2259,0.2254
138488259,138404179,1698067080,0.2254,0.2254
138378794,138055037,1698067140,0.2253,0.2249
137949401,138126344,1698067200,0.2249,0.2248
137930486,137928666,1698067260,0.2248,0.2247
137890025,138853964,1698067320,0.2248,0.2251
138773721,139133643,1698067380,0.2251,0.2252
139186424,139062330,1698067440,0.2251,0.2252
139090319,138913777,1698067500,0.2251,0.2248
138894444,138813833,1698067560,0.2248,0.2246
138817790,138816047,1698067620,0.2246,0.2248
138830461,138920114,1698067680,0.2247,0.2241
138963979,139062751,1698067740,0.2241,0.2235
138793313,138836470,1698067800,0.2236,0.223
138396371,137923633,1698067860,0.2229,0.2223
138035392,137995854,1698067920,0.2224,0.2214
138006668,138107496,1698067980,0.2214,0.2217
138288362,137767267,1698068040,0.2218,0.2209
138469796,138243161,1698068100,0.2208,0.2212
138173371,138095989,1698068160,0.2212,0.2207
138262133,137968669,1698068220,0.2207,0.2206
137778680,137748815,1698068280,0.2206,0.2211
137697932,137686144,1698068340,0.2212,0.2211
137822621,137819143,1698068400,0.2212,0.2211
137867387,137628282,1698068460,0.221,0.2214
137772524,137974201,1698068520,0.2214,0.2216
138184211,138146665,1698068580,0.2216,0.2221
138078318,138208547,1698068640,0.2221,0.2211
138272848,138383640,1698068700,0.2211,0.2218
138391127,138440426,1698068760,0.2218,0.2221
138521112,138594831,1698068820,0.222,0.2221
138673500,138673500,1698068880,0.2221,0.2227
138630084,138620651,1698068940,0.2227,0.2232
138480154,139171206,1698069000,0.2232,0.2227
139107386,139107386,1698069060,0.2228,0.2224
138942604,138897555,1698069120,0.2224,0.2227
138698677,138758950,1698069180,0.2227,0.223
138783781,138635912,1698069240,0.2229,0.2223
138747383,138790256,1698069300,0.2223,0.2225
138882728,138862165,1698069360,0.2225,0.2227
138858687,138873452,1698069420,0.2227,0.2229
138888496,138913453,1698069480,0.2229,0.2226
139053295,138935879,1698069540,0.2227,0.2225
138998024,139003736,1698069600,0.2226,0.223
139051678,139078189,1698069660,0.2231,0.223
139163061,139265590,1698069720,0.2231,0.2225
139385562,139436688,1698069780,0.2225,0.2225
139425108,139426011,1698069840,0.2225,0.223
139457546,139455653,1698069900,0.223,0.2233
139564361,139583408,1698069960,0.2233,0.2233
139548020,139571139,1698070020,0.2234,0.2239
139639853,139732961,1698070080,0.2239,0.2242
139801601,139827693,1698070140,0.2243,0.2243
139959294,140051636,1698070200,0.2243,0.2242
140048726,140155901,1698070260,0.2242,0.2235
140018235,140030439,1698070320,0.2235,0.224
140015084,139950120,1698070380,0.2241,0.2251
140173548,140271675,1698070440,0.2252,0.2251
140278953,140327784,1698070500,0.2252,0.2248
140236729,139946496,1698070560,0.2249,0.2245
140053334,140037594,1698070620,0.2245,0.2242
139977944,140026093,1698070680,0.2242,0.2245
140038476,140053433,1698070740,0.2245,0.2246
140093876,140028181,1698070800,0.2246,0.2243
140092511,140129368,1698070860,0.2243,0.2242
139346428,139340392,1698070920,0.2242,0.224
139405290,139405290,1698070980,0.224,0.2245
139394097,139417767,1698071040,0.2244,0.2239
139420782,139586150,1698071100,0.2239,0.2245
139605309,139605309,1698071160,0.2245,0.2249
139603992,139685670,1698071220,0.2249,0.2247
139755889,139865790,1698071280,0.2247,0.225
139898530,139914531,1698071340,0.2251,0.2252
140008080,139988849,1698071400,0.2252,0.2248
140002470,139988206,1698071460,0.2248,0.2252
140100688,140106006,1698071520,0.2251,0.225
140049345,139993202,1698071580,0.225,0.2249
140054191,140189719,1698071640,0.2248,0.2242
140185423,140083669,1698071700,0.2241,0.224
140099009,140128220,1698071760,0.224,0.2241
140124021,140120124,1698071820,0.224,0.2237
140138469,140126597,1698071880,0.2237,0.2245
140148056,140115291,1698071940,0.2244,0.2248
140180521,140154777,1698072000,0.2248,0.2251
140123021,139940979,1698072060,0.225,0.2257
140010163,140316502,1698072120,0.2258,0.226
140452188,140751534,1698072180,0.226,0.2255
140722969,140802735,1698072240,0.2255,0.2258
140897373,140855885,1698072300,0.2257,0.2249
140809454,140734822,1698072360,0.2249,0.2251
140822966,140794071,1698072420,0.2251,0.2252
140683945,140563918,1698072480,0.2251,0.2248
140420900,140326103,1698072540,0.2248,0.2246
140290912,140290912,1698072600,0.2246,0.2252
140288834,140291669,1698072660,0.2253,0.2258
140403629,140301658,1698072720,0.2257,0.2259
140434378,140581990,1698072780,0.2259,0.2264
140910858,140940529,1698072840,0.2263,0.2259
140860724,140894498,1698072900,0.2259,0.2258
140985409,140933445,1698072960,0.2258,0.2256
140784506,140832927,1698073020,0.2255,0.2256
140836340,140840922,1698073080,0.2255,0.2254
140860413,140798691,1698073140,0.2254,0.2252
140856718,140842382,1698073200,0.2253,0.2248
140876200,140876200,1698073260,0.2248,0.2268
143169985,143359082,1698073320,0.2267,0.2258
143089424,143227065,1698073380,0.2259,0.2258
142147244,141495319,1698073440,0.2258,0.2253
141440365,141481959,1698073500,0.2253,0.226
141571756,141637099,1698073560,0.2261,0.2255
141624703,141609558,1698073620,0.2255,0.2262
141631868,141628746,1698073680,0.2262,0.2263
141627459,141629667,1698073740,0.2264,0.2263
141654034,141610318,1698073800,0.2264,0.227
141646976,144244126,1698073860,0.227,0.2274
144095046,143883091,1698073920,0.2275,0.2274
143868078,143863946,1698073980,0.2275,0.2275
143861918,143849615,1698074040,0.2276,0.2275
143896205,143860039,1698074100,0.2275,0.2279
144100129,143887488,1698074160,0.2279,0.2266
143632893,143725747,1698074220,0.2267,0.2267
141994310,141954479,1698074280,0.2266,0.2261
141894310,141806732,1698074340,0.226,0.2258
141796615,141769793,1698074400,0.2258,0.2253
141692959,141523397,1698074460,0.2253,0.2259
141545664,141538970,1698074520,0.2259,0.2264
141445755,141425887,1698074580,0.2265,0.2267
141464692,141405342,1698074640,0.2268,0.2268
141463063,141435861,1698074700,0.2267,0.2268
141434293,141506868,1698074760,0.2268,0.2265
141569087,141642031,1698074820,0.2265,0.2261
141556309,141592027,1698074880,0.2262,0.2265
141549465,141641135,1698074940,0.2264,0.2266
141667368,141816623,1698075000,0.2265,0.2267
141787505,141738423,1698075060,0.2266,0.2267
141712515,141666541,1698075120,0.2267,0.2262
141645366,141569728,1698075180,0.2262,0.2259
141565806,141571646,1698075240,0.2259,0.2266
141624491,141620810,1698075300,0.2266,0.2267
141679481,141679481,1698075360,0.2267,0.226
141672043,141640544,1698075420,0.226,0.2257
141614491,141531231,1698075480,0.2257,0.2255
141431115,141417745,1698075540,0.2255,0.2256
141412210,141367989,1698075600,0.2257,0.2258
141348938,141343828,1698075660,0.2258,0.2257
141354210,141337976,1698075720,0.2256,0.2254
141326451,141367136,1698075780,0.2254,0.2256
141365511,141382618,1698075840,0.2255,0.225
141404134,141461660,1698075900,0.2251,0.2252
141445361,141472440,1698075960,0.2252,0.2254
141469159,141469271,1698076020,0.2254,0.2256
141543087,141554962,1698076080,0.2256,0.2256
141567948,141620815,1698076140,0.2256,0.2264
141557860,141605896,1698076200,0.2264,0.2261
141569541,141588818,1698076260,0.2261,0.2262
141532356,141553920,1698076320,0.2261,0.2267
141504250,141551035,1698076380,0.2268,0.2267
141723255,141671386,1698076440,0.2267,0.2261
141611198,141570255,1698076500,0.2261,0.2256
141489655,141476085,1698076560,0.2255,0.2261
141473945,141478081,1698076620,0.2261,0.2258
141468673,141531950,1698076680,0.2257,0.2256
141613580,141663302,1698076740,0.2256,0.2259
141661393,141894993,1698076800,0.2258,0.2262
142105445,142234501,1698076860,0.2261,0.227
142464836,142500854,1698076920,0.2271,0.2262
142547345,142569937,1698076980,0.2262,0.2257
142589180,142499412,1698077040,0.2257,0.226
142571668,142583200,1698077100,0.2261,0.2268
142688241,142688241,1698077160,0.2267,0.2268
142892909,142970461,1698077220,0.2268,0.2269
143108302,143108302,1698077280,0.2269,0.2274
143301002,143805238,1698077340,0.2274,0.2284
144986786,145006006,1698077400,0.2284,0.2289
145325376,144633942,1698077460,0.2288,0.228
144186103,144749476,1698077520,0.2279,0.2285
145143489,145000757,1698077580,0.2284,0.2274
143715001,143700427,1698077640,0.2275,0.2275
143721236,143707963,1698077700,0.2275,0.2275
143656564,143553298,1698077760,0.2276,0.2274
143534702,143584065,1698077820,0.2273,0.2277
143627017,143604745,1698077880,0.2277,0.2278
143683258,143757961,1698077940,0.2277,0.228
143814291,143965399,1698078000,0.2281,0.2284
144191513,144221803,1698078060,0.2285,0.2277
143808402,143773153,1698078120,0.2277,0.2274
143620574,143416796,1698078180,0.2273,0.227
143477150,143335703,1698078240,0.2269,0.2269
143294392,142023040,1698078300,0.2269,0.2259
141162836,140530305,1698078360,0.2259,0.2247
140193690,140109047,1698078420,0.2247,0.2253
140048304,139812504,1698078480,0.2252,0.2241
138762435,138506487,1698078540,0.2241,0.223
138273758,138175012,1698078600,0.2231,0.2239
138232305,138327519,1698078660,0.2238,0.2224
138168986,138820831,1698078720,0.2224,0.2225
138869841,139443588,1698078780,0.2225,0.2227
139394354,139377896,1698078840,0.2227,0.2228
139424953,139424953,1698078900,0.2229,0.223
139359050,139253313,1698078960,0.223,0.2234
139269333,139269333,1698079020,0.2234,0.2241
139508676,139508676,1698079080,0.2241,0.224
139403096,139419547,1698079140,0.224,0.2238
139422864,139433504,1698079200,0.2239,0.223
139490326,139550577,1698079260,0.223,0.2225
139808285,139808285,1698079320,0.2225,0.2223
139314628,139185327,1698079380,0.2223,0.2228
139200515,139195770,1698079440,0.2228,0.2226
139093352,139093352,1698079500,0.2225,0.2214
138919416,138967252,1698079560,0.2215,0.222
139009953,139186619,1698079620,0.2221,0.2223
139222153,139219285,1698079680,0.2223,0.2227
139224532,139248751,1698079740,0.2227,0.2238
138973507,139052769,1698079800,0.2237,0.2245
139086303,140111758,1698079860,0.2245,0.2254
139964173,139691174,1698079920,0.2255,0.226
139594436,139484738,1698079980,0.2259,0.2256
139557337,139528216,1698080040,0.2256,0.2259
139397067,139311973,1698080100,0.2258,0.2263
139257442,139235057,1698080160,0.2262,0.2261
139336233,139332762,1698080220,0.2261,0.2256
139275732,139275732,1698080280,0.2256,0.2257
139246590,139230560,1698080340,0.2257,0.2255
139199060,139070690,1698080400,0.2255,0.225
139659487,139610940,1698080460,0.225,0.2245
139507147,139505865,1698080520,0.2244,0.2242
139541890,139490024,1698080580,0.2242,0.2241
139248679,139149021,1698080640,0.2241,0.2245
139229440,139250475,1698080700,0.2246,0.2252
139298281,139284784,1698080760,0.2251,0.2248
139276459,139520724,1698080820,0.2248,0.2258
139610062,139613003,1698080880,0.2258,0.2246
139595868,139701667,1698080940,0.2246,0.2243
139955718,139571695,1698081000,0.2243,0.2236
140003062,140033204,1698081060,0.2236,0.2231
140171541,139574902,1698081120,0.223,0.223
139370260,139508240,1698081180,0.223,0.2226
139531051,139624213,1698081240,0.2225,0.2225
139639594,139710373,1698081300,0.2224,0.2225
139745278,139536779,1698081360,0.2226,0.2219
139560669,139587488,1698081420,0.2218,0.2223
139694161,139694161,1698081480,0.2223,0.2229
139712474,139792795,1698081540,0.2229,0.2227
139768311,139828653,1698081600,0.2226,0.2228
139863741,139863741,1698081660,0.2229,0.223
139926181,139919857,1698081720,0.223,0.2228
139914677,139917781,1698081780,0.2227,0.2225
139956961,139976101,1698081840,0.2225,0.2228
139957361,139954630,1698081900,0.2227,0.2222
139713900,139724795,1698081960,0.2222,0.222
139992180,139926264,1698082020,0.222,0.222
139813369,139631527,1698082080,0.2221,0.2216
138872115,138818326,1698082140,0.2216,0.2211
138616232,138660593,1698082200,0.221,0.2209
138875767,138889340,1698082260,0.2209,0.2216
138953807,139077405,1698082320,0.2217,0.2219
139065092,139055312,1698082380,0.2219,0.222
138988626,139010448,1698082440,0.222,0.2217
139004064,138942394,1698082500,0.2217,0.2221
139079249,139072729,1698082560,0.2221,0.2223
139307031,139416775,1698082620,0.2223,0.2219
139333857,139362936,1698082680,0.2219,0.2219
139370104,139404074,1698082740,0.2219,0.2219
139446534,139450106,1698082800,0.2219,0.2221
139477796,139418349,1698082860,0.2221,0.2224
139426121,139413773,1698082920,0.2223,0.2221
139400028,139395763,1698082980,0.222,0.2221
139420781,139419544,1698083040,0.2221,0.2219
139240708,139264603,1698083100,0.2219,0.2218
139386505,139383804,1698083160,0.2219,0.2213
139402956,139434237,1698083220,0.2212,0.2218
139439910,139444659,1698083280,0.2217,0.222
139439322,139439322,1698083340,0.2221,0.2222
139396965,139463275,1698083400,0.2222,0.222
139499345,139499345,1698083460,0.222,0.2221
139504615,139505057,1698083520,0.2222,0.2222
139507344,139497085,1698083580,0.2223,0.2224
139507833,139534696,1698083640,0.2223,0.2234
139044626,139024922,1698083700,0.2233,0.2236
138956918,138963416,1698083760,0.2236,0.2238
138992490,139063450,1698083820,0.2238,0.2236
138993063,139101472,1698083880,0.2236,0.2233
139080326,139112269,1698083940,0.2233,0.223
139097670,139067925,1698084000,0.223,0.2234
139058902,139017584,1698084060,0.2235,0.2237
139007837,139028920,1698084120,0.2236,0.2236
139020895,138989593,1698084180,0.2237,0.224
139054149,139069686,1698084240,0.2241,0.2239
139050257,139049769,1698084300,0.2239,0.2242
139138654,139115084,1698084360,0.2241,0.2239
139129209,139096806,1698084420,0.224,0.2235
139107282,139128983,1698084480,0.2235,0.2237
139129723,139119392,1698084540,0.2236,0.2237
139148422,139142603,1698084600,0.2238,0.2239
138986625,138943456,1698084660,0.224,0.2241
138947928,138931294,1698084720,0.2241,0.2241
138925442,138927936,1698084780,0.2241,0.2242
138913995,138932354,1698084840,0.2242,0.2243
138930118,138899165,1698084900,0.2243,0.2242
138898558,138944699,1698084960,0.2242,0.2235
138945097,138939098,1698085020,0.2236,0.2237
138932812,138919396,1698085080,0.2236,0.2233
138867157,138837843,1698085140,0.2233,0.2234
138824077,138538367,1698085200,0.2235,0.2232
138544282,138556540,1698085260,0.2231,0.2238
138563188,138563188,1698085320,0.2237,0.2236
138593552,138693803,1698085380,0.2236,0.2233
138652213,138657298,1698085440,0.2232,0.2235
138706182,138701931,1698085500,0.2234,0.2234
138786636,138786636,1698085560,0.2234,0.2232
138790589,138799943,1698085620,0.2231,0.2227
139239420,138969939,1698085680,0.2226,0.2222
138926652,138922790,1698085740,0.2222,0.2223
138924388,139017240,1698085800,0.2224,0.2225
139003716,138913114,1698085860,0.2226,0.2223
138886028,138887753,1698085920,0.2224,0.2224
138898172,138867973,1698085980,0.2224,0.222
138923023,138912440,1698086040,0.222,0.222
138871513,138856078,1698086100,0.222,0.2222
138865715,138872899,1698086160,0.2222,0.2224
138870254,138842707,1698086220,0.2223,0.2223
138867380,138829960,1698086280,0.2222,0.2224
138848533,138862991,1698086340,0.2224,0.2226
138872754,138887736,1698086400,0.2225,0.2223
138897043,138883099,1698086460,0.2222,0.2221
138887021,138933237,1698086520,0.2221,0.222
138948185,138966234,1698086580,0.222,0.2219
139018981,138829219,1698086640,0.2219,0.2212
138737735,138726152,1698086700,0.2212,0.2211
138690402,138738689,1698086760,0.2212,0.2215
138841327,138870854,1698086820,0.2216,0.2219
138775513,138833369,1698086880,0.2218,0.2217
138853329,138831119,1698086940,0.2217,0.2217
138839474,138839474,1698087000,0.2217,0.2225
138710267,138842055,1698087060,0.2225,0.2226
138822528,138775047,1698087120,0.2226,0.2228
138769315,138514170,1698087180,0.2228,0.2234
138519992,138525387,1698087240,0.2234,0.2233
138892722,138992786,1698087300,0.2233,0.2233
139023313,139075041,1698087360,0.2233,0.2231
139133607,139152116,1698087420,0.2232,0.2234
139220575,139034577,1698087480,0.2234,0.2231
139185882,139253868,1698087540,0.2232,0.2235
139222141,139252395,1698087600,0.2236,0.2239
139248466,139188735,1698087660,0.2239,0.2243
139137388,139051259,1698087720,0.2244,0.2248
139050679,138982425,1698087780,0.2247,0.2243
139012705,138930944,1698087840,0.2243,0.2248
138881440,138974436,1698087900,0.2248,0.2244
138896402,138805459,1698087960,0.2244,0.2239
138858652,138900382,1698088020,0.2239,0.2241
138907997,138935557,1698088080,0.2242,0.2238
138820200,138872731,1698088140,0.2237,0.2238
138836932,138865930,1698088200,0.2237,0.2241
138984666,138638001,1698088260,0.2241,0.224
138633291,138666311,1698088320,0.2241,0.2243
138600151,138605135,1698088380,0.2243,0.2246
138540705,138489574,1698088440,0.2245,0.2247
138486859,138494687,1698088500,0.2247,0.2243
138490138,138501623,1698088560,0.2244,0.2245
138490800,138487131,1698088620,0.2245,0.2242
138459063,138451450,1698088680,0.2242,0.2242
138380835,138380835,1698088740,0.2241,0.2237
138452032,138467263,1698088800,0.2237,0.224
138462976,138477555,1698088860,0.224,0.2239
138483674,138480398,1698088920,0.2238,0.2238
138477734,138138928,1698088980,0.2238,0.2232
138130044,138163046,1698089040,0.2232,0.2226
138171327,138182166,1698089100,0.2226,0.2232
138191415,138211709,1698089160,0.2233,0.2231
138209899,138209899,1698089220,0.223,0.223
138217166,138212397,1698089280,0.223,0.2229
138202253,138222880,1698089340,0.223,0.2229
138223769,138155678,1698089400,0.2228,0.2225
138129969,138110902,1698089460,0.2224,0.2225
138144454,138166000,1698089520,0.2226,0.2221
138256377,138260041,1698089580,0.2222,0.2221
138226507,138227704,1698089640,0.2221,0.2221
138306953,138241191,1698089700,0.2221,0.2222
138230400,138146974,1698089760,0.2221,0.2221
138128784,138123162,1698089820,0.2221,0.2224
138041336,138040607,1698089880,0.2224,0.2225
138073803,138078769,1698089940,0.2225,0.2228
138282614,138299446,1698090000,0.2229,0.2231
138248512,138242335,1698090060,0.2231,0.2233
138219038,138221567,1698090120,0.2234,0.2234
138228026,138216797,1698090180,0.2234,0.2235
138218961,138183139,1698090240,0.2235,0.2233
138192444,138236396,1698090300,0.2233,0.2236
138254219,138186163,1698090360,0.2237,0.2237
138175468,138176361,1698090420,0.2237,0.2239
138170804,138170804,1698090480,0.2239,0.2239
138186139,138147055,1698090540,0.2239,0.224
138112435,138078393,1698090600,0.224,0.2235
138079301,138118045,1698090660,0.2236,0.2241
138093604,138093604,1698090720,0.2241,0.2244
138092168,137966187,1698090780,0.2244,0.2244
137948399,137939211,1698090840,0.2245,0.2243
137926654,137955715,1698090900,0.2243,0.2245
137985526,137897519,1698090960,0.2246,0.2245
137982568,137942961,1698091020,0.2245,0.2246
137938121,137958390,1698091080,0.2246,0.2244
137983758,137984355,1698091140,0.2244,0.2241
137967762,137933381,1698091200,0.2242,0.224
137917378,138043218,1698091260,0.2241,0.2239
138199569,138224773,1698091320,0.2238,0.2243
138187430,138177201,1698091380,0.2242,0.2238
138151903,138139196,1698091440,0.2239,0.2237
138157185,138145527,1698091500,0.2237,0.2234
138182101,138290448,1698091560,0.2235,0.2238
138340972,138246327,1698091620,0.2237,0.2231
138254261,138272345,1698091680,0.2232,0.2234
138267138,138270929,1698091740,0.2234,0.2233
138272772,138299004,1698091800,0.2233,0.2235
138294740,138310084,1698091860,0.2235,0.2234
138319597,138308567,1698091920,0.2234,0.2234
138309003,138311662,1698091980,0.2235,0.2232
138329419,138335370,1698092040,0.2232,0.2233
138330371,138345490,1698092100,0.2232,0.2233
138377293,138357484,1698092160,0.2232,0.2233
138368166,138369273,1698092220,0.2233,0.2233
138381283,138381283,1698092280,0.2234,0.2233
138376068,138415892,1698092340,0.2233,0.2236
138390416,138388388,1698092400,0.2236,0.2235
138387815,138409690,1698092460,0.2236,0.2229
138443228,138476809,1698092520,0.223,0.2235
138729122,138713260,1698092580,0.2234,0.2237
138582516,138445946,1698092640,0.2237,0.2236
138471249,138455028,1698092700,0.2236,0.2238
138410080,138409355,1698092760,0.2239,0.2235
138367548,138410408,1698092820,0.2235,0.223
138380546,138364639,1698092880,0.2231,0.223
138362260,138360092,1698092940,0.223,0.223
138403870,138410521,1698093000,0.223,0.2233
138483974,138470387,1698093060,0.2233,0.2231
138493646,138408729,1698093120,0.2231,0.223
138416944,138459346,1698093180,0.223,0.2234
138493078,138489063,1698093240,0.2233,0.2231
138425105,138437752,1698093300,0.2232,0.2235
138560047,138507037,1698093360,0.2235,0.2235
138536052,138545563,1698093420,0.2236,0.224
138532741,138541034,1698093480,0.224,0.2236
138536394,138581190,1698093540,0.2237,0.2238
138666488,138567759,1698093600,0.2238,0.2237
138555300,138619842,1698093660,0.2238,0.2238
138594590,138572663,1698093720,0.2238,0.2236
138535418,138542805,1698093780,0.2236,0.223
138555812,138567117,1698093840,0.2231,0.2232
138597357,138590439,1698093900,0.2232,0.2231
138556678,138620222,1698093960,0.223,0.223
138658652,138685320,1698094020,0.223,0.2231
138692130,138683005,1698094080,0.2231,0.2231
138714890,138798591,1698094140,0.2231,0.2227
138573241,138596935,1698094200,0.2227,0.2226
138597719,138597719,1698094260,0.2226,0.2223
138713396,138719775,1698094320,0.2222,0.222
138699224,138675749,1698094380,0.2221,0.2216
138864495,138856803,1698094440,0.2216,0.2217
138895088,138907207,1698094500,0.2217,0.222
138891312,139438643,1698094560,0.222,0.2217
139475932,139484542,1698094620,0.2218,0.2216
139514523,139512537,1698094680,0.2217,0.2214
139522315,139586024,1698094740,0.2213,0.2216
139665515,139739147,1698094800,0.2215,0.2217
139753754,139901355,1698094860,0.2217,0.222
139941647,139908471,1698094920,0.222,0.222
139947585,139972879,1698094980,0.222,0.2222
139987610,140002606,1698095040,0.2222,0.2221
140005927,140003476,1698095100,0.222,0.2219
140099844,140093658,1698095160,0.2218,0.2218
140118800,140117555,1698095220,0.2218,0.2215
140277336,140360231,1698095280,0.2215,0.2212
140389489,140407181,1698095340,0.2212,0.2209
140503935,140422597,1698095400,0.2209,0.2212
140387460,140460329,1698095460,0.2211,0.221
140450000,140528596,1698095520,0.221,0.221
140724813,140372480,1698095580,0.2211,0.2205
140406429,140543841,1698095640,0.2205,0.2211
140609483,140610176,1698095700,0.221,0.2208
140620431,140638619,1698095760,0.2207,0.2206
140645155,140632689,1698095820,0.2205,0.221
140544358,140481414,1698095880,0.2211,0.2214
140516079,140536902,1698095940,0.2214,0.2214
140540401,140555093,1698096000,0.2213,0.2215
140575553,140606334,1698096060,0.2214,0.2213
140611364,140613505,1698096120,0.2213,0.2214
140623456,140637591,1698096180,0.2214,0.2215
140675491,140675491,1698096240,0.2215,0.2217
140762756,140788749,1698096300,0.2218,0.2218
140779840,140754366,1698096360,0.2218,0.2217
140817101,140817877,1698096420,0.2217,0.2216
140820332,140820760,1698096480,0.2216,0.2215
140801228,140738901,1698096540,0.2214,0.221
140758177,140770121,1698096600,0.2211,0.2209
140826140,140797612,1698096660,0.2209,0.2208
140804893,140875973,1698096720,0.2207,0.2203
140958172,141049780,1698096780,0.2204,0.2206
140968728,140952621,1698096840,0.2206,0.2211
141007552,141023137,1698096900,0.2211,0.2214
141021700,140183974,1698096960,0.2215,0.2217
140193015,140224883,1698097020,0.2217,0.2218
140227329,140254815,1698097080,0.2219,0.2219
140891804,141143415,1698097140,0.222,0.2225
141432314,141414248,1698097200,0.2226,0.2221
141396720,141404101,1698097260,0.2222,0.2221
141404496,141427376,1698097320,0.2221,0.222
141429130,141454670,1698097380,0.222,0.2219
141460507,141469944,1698097440,0.2219,0.2221
141456782,141423227,1698097500,0.2221,0.2217
141408894,141449419,1698097560,0.2217,0.2217
141446473,141461471,1698097620,0.2217,0.2214
141428468,141428468,1698097680,0.2214,0.2214
141438808,141427663,1698097740,0.2214,0.2213
141426061,141423436,1698097800,0.2213,0.2212
141423574,141421778,1698097860,0.2213,0.2216
141320415,141301794,1698097920,0.2216,0.2217
141307526,141314466,1698097980,0.2218,0.2218
141319532,141329485,1698098040,0.2218,0.2217
141343688,141335855,1698098100,0.2217,0.222
141296416,141292522,1698098160,0.222,0.2221
141307645,141311605,1698098220,0.2221,0.2223
141328341,141335582,1698098280,0.2223,0.2224
141276877,141281642,1698098340,0.2224,0.2225
141236691,141099797,1698098400,0.2225,0.222
141112202,141190219,1698098460,0.222,0.2219
141223856,141249244,1698098520,0.222,0.2218
141359795,141413342,1698098580,0.2219,0.222
141437508,141544780,1698098640,0.222,0.2223
141555782,141556194,1698098700,0.2223,0.2222
141669610,141668477,1698098760,0.2222,0.2227
141595408,141734348,1698098820,0.2227,0.2231
141706280,141652986,1698098880,0.2231,0.2232
141605286,141579145,1698098940,0.2232,0.2236
141521228,141431939,1698099000,0.2236,0.2237
141336471,141287465,1698099060,0.2237,0.2238
141225316,141234109,1698099120,0.2239,0.2243
141136432,141125225,1698099180,0.2243,0.2239
141147303,141171917,1698099240,0.2239,0.2242
141050927,141071843,1698099300,0.2242,0.2237
141125796,141126115,1698099360,0.2237,0.2236
141167104,141233559,1698099420,0.2236,0.2234
141292705,141300802,1698099480,0.2233,0.2232
141306188,141306188,1698099540,0.2232,0.2235
141261969,141332114,1698099600,0.2235,0.2231
141178231,141178231,1698099660,0.2231,0.2227
141051035,141045124,1698099720,0.2228,0.223
141066051,141066051,1698099780,0.2231,0.2227
141099888,141086306,1698099840,0.2227,0.223
141087163,141091489,1698099900,0.2229,0.223
141085427,141069803,1698099960,0.2231,0.2236
141141066,141051704,1698100020,0.2236,0.2237
141099971,141126550,1698100080,0.2237,0.2241
141069361,140974904,1698100140,0.2241,0.2243
141023369,141043863,1698100200,0.2243,0.2241
141141341,141130027,1698100260,0.2242,0.2245
141139239,141127623,1698100320,0.2245,0.2242
141159399,141151464,1698100380,0.2243,0.224
141156953,141175607,1698100440,0.2239,0.2238
141139929,141156887,1698100500,0.2239,0.2242
141138343,141150443,1698100560,0.2243,0.2246
141176517,141123132,1698100620,0.2246,0.2247
141136850,141255387,1698100680,0.2247,0.2254
141339343,140865529,1698100740,0.2254,0.2252
141260074,141196627,1698100800,0.2253,0.2268
141072334,140002927,1698100860,0.2268,0.2308
138657374,137916263,1698100920,0.2303,0.2328
137291400,136925451,1698100980,0.233,0.2314
136913065,136810986,1698101040,0.2315,0.2293
136485057,135938755,1698101100,0.2294,0.2271
135537065,135536992,1698101160,0.2271,0.2266
135292579,135277264,1698101220,0.2267,0.2263
135419119,135577183,1698101280,0.2262,0.2274
136067372,136224049,1698101340,0.2274,0.2278
136231285,136278276,1698101400,0.2278,0.2265
136373448,136287341,1698101460,0.2265,0.2271
136312685,136312685,1698101520,0.2272,0.2275
136269727,136236328,1698101580,0.2275,0.2275
136400062,136774388,1698101640,0.2276,0.2275
136850710,136910337,1698101700,0.2274,0.2294
137076991,137086586,1698101760,0.2294,0.2294
137313644,137245965,1698101820,0.2294,0.229
137300371,137287733,1698101880,0.229,0.2301
137348370,137307315,1698101940,0.2301,0.2313
137200804,137228220,1698102000,0.2313,0.233
137181322,136930764,1698102060,0.2331,0.2313
136869716,136794894,1698102120,0.2311,0.2307
136722706,136576631,1698102180,0.2307,0.2299
136435253,136480403,1698102240,0.2299,0.2302
136541238,136503026,1698102300,0.2301,0.2297
136783086,136771243,1698102360,0.2298,0.23
136763791,136787754,1698102420,0.23,0.2292
136449381,136341148,1698102480,0.2293,0.2278
135883747,135882688,1698102540,0.2277,0.2275
135781021,135500161,1698102600,0.2276,0.2256
135495908,135162971,1698102660,0.2256,0.2251
134800834,134408495,1698102720,0.2251,0.2254
134193642,134065780,1698102780,0.2253,0.226
134130842,134050672,1698102840,0.226,0.2261
134049948,133980785,1698102900,0.226,0.2264
133922378,134059402,1698102960,0.2263,0.2265
134240857,134236482,1698103020,0.2265,0.2265
134109015,134124716,1698103080,0.2265,0.2264
134362498,134844877,1698103140,0.2264,0.2262
134760918,134708732,1698103200,0.2262,0.2258
134677079,134662566,1698103260,0.2257,0.2254
134643494,134937837,1698103320,0.2254,0.225
134956341,135047955,1698103380,0.225,0.2259
135091852,135091852,1698103440,0.2259,0.2251
135247390,135175342,1698103500,0.2251,0.2253
135199169,135228278,1698103560,0.2252,0.2252
135193109,135002625,1698103620,0.2253,0.2252
134950442,134802798,1698103680,0.2251,0.2257
134761460,134803427,1698103740,0.2257,0.2266
134187354,134029072,1698103800,0.2267,0.2264
133967606,133989933,1698103860,0.2264,0.227
133952613,133850441,1698103920,0.227,0.2267
133814968,133837659,1698103980,0.2268,0.2274
133908961,134005550,1698104040,0.2275,0.2275
134124755,133942423,1698104100,0.2274,0.227
133909761,133936132,1698104160,0.227,0.2281
133962094,134021168,1698104220,0.2281,0.2274
134009182,134028130,1698104280,0.2273,0.2272
133981232,133892667,1698104340,0.2272,0.2266
133866763,133931220,1698104400,0.2265,0.2271
133897968,133964656,1698104460,0.2272,0.2282
134026607,134069228,1698104520,0.2282,0.229
134231143,134236585,1698104580,0.229,0.2287
134287015,134240892,1698104640,0.2286,0.2285
134491956,134604825,1698104700,0.2285,0.2292
134575837,134649189,1698104760,0.2292,0.2282
134667886,134442582,1698104820,0.2282,0.2284
134422606,134706948,1698104880,0.2283,0.2295
135252610,135193660,1698104940,0.2296,0.2294
135094796,135135763,1698105000,0.2293,0.2288
135105331,135058111,1698105060,0.2288,0.2292
135027871,135110514,1698105120,0.2292,0.2295
135107799,135043314,1698105180,0.2295,0.2294
135065274,135065274,1698105240,0.2295,0.2294
135054387,135093097,1698105300,0.2294,0.2291
135052678,135047695,1698105360,0.2292,0.2292
135048327,135054662,1698105420,0.2293,0.2295
135029502,135118276,1698105480,0.2296,0.2298
135278124,135289886,1698105540,0.2298,0.2311
135803835,135712752,1698105600,0.2311,0.2313
135779828,135831535,1698105660,0.2312,0.2318
135872044,135969173,1698105720,0.2319,0.2309
136010706,136574880,1698105780,0.2309,0.2326
136711178,137072934,1698105840,0.2326,0.2327
137331343,137603996,1698105900,0.2326,0.2318
137448276,137454947,1698105960,0.2319,0.2313
137411863,137417597,1698106020,0.2313,0.2319
137578629,137445218,1698106080,0.2319,0.2309
137299066,137198968,1698106140,0.2309,0.2307
137231379,137159240,1698106200,0.2307,0.2307
137123246,137080272,1698106260,0.2307,0.2309
137020301,136808588,1698106320,0.2309,0.2308
136788907,136866399,1698106380,0.2309,0.2305
136827424,136774552,1698106440,0.2305,0.2298
136716612,136722917,1698106500,0.2298,0.2298
136698737,136745801,1698106560,0.2298,0.2293
136759781,136718629,1698106620,0.2294,0.2296
137170882,137215117,1698106680,0.2296,0.2287
137194252,137197080,1698106740,0.2287,0.2296
137178774,137176390,1698106800,0.2296,0.2299
137148811,137243341,1698106860,0.2299,0.2311
137303692,137303692,1698106920,0.2312,0.2311
137293656,137326201,1698106980,0.231,0.2313
137189063,137089427,1698107040,0.2312,0.2316
136850084,136725150,1698107100,0.2316,0.2304
136574022,136574022,1698107160,0.2303,0.2306
136516691,136340630,1698107220,0.2306,0.2308
136115160,136084662,1698107280,0.2309,0.2313
136091913,136059616,1698107340,0.2312,0.232
135978950,135822329,1698107400,0.232,0.2315
135785601,135654649,1698107460,0.2316,0.2321
135835538,136086153,1698107520,0.2322,0.2332
136044939,136298167,1698107580,0.2332,0.2338
136205792,136207085,1698107640,0.2338,0.2337
136265237,136089114,1698107700,0.2337,0.233
136168240,136222835,1698107760,0.2331,0.233
136250545,136218509,1698107820,0.233,0.2324
136159916,136133793,1698107880,0.2324,0.2323
136129509,136156740,1698107940,0.2324,0.232
136133222,136149039,1698108000,0.2321,0.2325
136184187,136184522,1698108060,0.2325,0.2327
136167339,136165160,1698108120,0.2326,0.2321
136181399,136139087,1698108180,0.2321,0.2318
136174647,136158441,1698108240,0.2319,0.2323
136141529,136130738,1698108300,0.2323,0.2318
136179543,136165837,1698108360,0.2318,0.2322
136211832,136247479,1698108420,0.2322,0.2328
136061095,135932760,1698108480,0.2328,0.2338
136420928,136422298,1698108540,0.2337,0.2346
136384329,136566139,1698108600,0.2345,0.2344
136446192,136583472,1698108660,0.2345,0.2349
136494644,136874379,1698108720,0.2348,0.2357
136662858,136662858,1698108780,0.2356,0.2367
137372070,137326130,1698108840,0.2367,0.2361
137318349,137594233,1698108900,0.236,0.2359
137552517,137517400,1698108960,0.236,0.2359
137620353,137419809,1698109020,0.2359,0.2345
137450903,137467596,1698109080,0.2345,0.2347
137441771,137444229,1698109140,0.2347,0.2341
137480491,137456118,1698109200,0.2341,0.234
137412573,137327453,1698109260,0.2341,0.233
136504336,136469866,1698109320,0.233,0.2332
136514149,136491183,1698109380,0.2332,0.2342
136490121,136468589,1698109440,0.2342,0.2347
136474020,136408731,1698109500,0.2346,0.2348
136420799,136286843,1698109560,0.2347,0.2341
136320143,136318225,1698109620,0.2341,0.2346
136287486,136297871,1698109680,0.2345,0.2348
136321173,136354208,1698109740,0.2348,0.2348
136357547,136358734,1698109800,0.2349,0.235
136328852,136365238,1698109860,0.235,0.2345
136229658,136234190,1698109920,0.2345,0.234
136233413,136315203,1698109980,0.234,0.2334
136309910,136284377,1698110040,0.2335,0.2336
136295399,136232853,1698110100,0.2337,0.2332
136194046,136257687,1698110160,0.2331,0.2335
136252410,136322462,1698110220,0.2335,0.2338
136386626,136373041,1698110280,0.2339,0.2343
136344025,136377390,1698110340,0.2342,0.2347
136386306,136452646,1698110400,0.2348,0.234
136471706,136471706,1698110460,0.234,0.2331
136481211,136504203,1698110520,0.2331,0.2335
136529421,136529421,1698110580,0.2334,0.2336
136487936,136439506,1698110640,0.2336,0.2328
136429480,136429480,1698110700,0.2328,0.2332
136425944,135900580,1698110760,0.2331,0.2324
135893106,135920901,1698110820,0.2323,0.2321
135889002,135864092,1698110880,0.2321,0.2311
135529764,135481448,1698110940,0.2311,0.2315
135352158,135335352,1698111000,0.2314,0.2311
135091985,135111732,1698111060,0.231,0.231
135118261,135132873,1698111120,0.231,0.2308
135181000,135181435,1698111180,0.2307,0.2305
134886830,134771624,1698111240,0.2305,0.2306
134652019,134526361,1698111300,0.2306,0.2302
134526390,134425923,1698111360,0.2302,0.2297
134388018,134395980,1698111420,0.2297,0.23
134324315,134361577,1698111480,0.23,0.2304
134345256,134390846,1698111540,0.2305,0.2303
134324514,134392331,1698111600,0.2304,0.2308
134361986,134421885,1698111660,0.2307,0.2307
134410991,134382097,1698111720,0.2308,0.2312
134419323,134581565,1698111780,0.2312,0.2311
134610583,134678872,1698111840,0.2311,0.2311
134683669,134769805,1698111900,0.2311,0.2311
134725600,134793308,1698111960,0.2311,0.2312
134771737,134791203,1698112020,0.2312,0.2316
134728751,134789178,1698112080,0.2316,0.2314
134793313,134759280,1698112140,0.2313,0.2316
134756237,134792762,1698112200,0.2317,0.2312
134749936,134737365,1698112260,0.2311,0.2313
134770772,134779406,1698112320,0.2312,0.2315
134766221,134786526,1698112380,0.2315,0.2314
134587827,134589387,1698112440,0.2315,0.2316
134591073,134586960,1698112500,0.2316,0.2317
134600036,134578332,1698112560,0.2316,0.2314
134627272,134627272,1698112620,0.2314,0.232
134631533,134767756,1698112680,0.232,0.2328
134792600,134798953,1698112740,0.2328,0.233
134931482,134965880,1698112800,0.2329,0.2326
134989311,134887596,1698112860,0.2326,0.2326
134847319,134825641,1698112920,0.2325,0.2327
134819592,134761473,1698112980,0.2327,0.2331
134728331,134666531,1698113040,0.2332,0.2337
134621136,134510338,1698113100,0.2337,0.2328
134376504,134243217,1698113160,0.2327,0.2326
134318463,134336024,1698113220,0.2325,0.2331
134326149,134289085,1698113280,0.2331,0.2332
134222566,134180199,1698113340,0.2332,0.2331
134193985,134201824,1698113400,0.2332,0.2329
134318407,134248610,1698113460,0.2329,0.2331
134197721,134212850,1698113520,0.2331,0.2333
134240409,134371495,1698113580,0.2333,0.2334
134334136,134356855,1698113640,0.2334,0.2334
134354723,134371455,1698113700,0.2334,0.2338
134292093,134334874,1698113760,0.2337,0.2339
134349834,134334639,1698113820,0.2339,0.2344
134320810,134284171,1698113880,0.2344,0.2341
134258435,134211999,1698113940,0.2341,0.2345
134164868,134149130,1698114000,0.2345,0.2347
134153423,134145439,1698114060,0.2347,0.2353
134171274,134233008,1698114120,0.2353,0.2348
134218030,134137159,1698114180,0.2349,0.2348
134035024,134035024,1698114240,0.2348,0.2353
134066748,134249762,1698114300,0.2354,0.2356
134204753,134150271,1698114360,0.2357,0.2362
134199996,134128328,1698114420,0.2361,0.2358
134022461,133922709,1698114480,0.2358,0.2353
133823728,133525505,1698114540,0.2352,0.2347
133664186,133693789,1698114600,0.2347,0.2342
133521860,133556887,1698114660,0.2343,0.2349
133422801,133431752,1698114720,0.2349,0.2349
133408543,133379800,1698114780,0.235,0.235
133366052,133470572,1698114840,0.2351,0.2356
133491497,133733422,1698114900,0.2357,0.2361
133628940,133524370,1698114960,0.2361,0.2348
133436706,133493281,1698115020,0.2347,0.2347
133567303,133693159,1698115080,0.2348,0.2351
133735050,133738099,1698115140,0.2351,0.2358
133584300,133558374,1698115200,0.2358,0.2355
133611716,133676562,1698115260,0.2356,0.2365
133539804,133727466,1698115320,0.2364,0.2369
133766227,133641570,1698115380,0.2368,0.238
133708660,133767680,1698115440,0.238,0.2387
133669326,133650385,1698115500,0.2387,0.2382
133814251,133932350,1698115560,0.2383,0.2392
133834414,133898307,1698115620,0.2392,0.239
134226214,134316558,1698115680,0.239,0.2395
134392353,134490650,1698115740,0.2395,0.2392
134532355,134502527,1698115800,0.2392,0.2394
134459960,134528596,1698115860,0.2395,0.2389
134538742,134565888,1698115920,0.2389,0.239
134555364,134591583,1698115980,0.239,0.2389
134867116,134867116,1698116040,0.2389,0.239
134897345,134924687,1698116100,0.239,0.2395
135097420,135189089,1698116160,0.2396,0.24
135105438,135306116,1698116220,0.24,0.2406
135508541,135793134,1698116280,0.2406,0.2397
135820375,135952199,1698116340,0.2397,0.2389
135956775,136018968,1698116400,0.2389,0.2391
136008961,136045072,1698116460,0.2391,0.2385
135926213,135615112,1698116520,0.2384,0.2396
135741669,135843167,1698116580,0.2396,0.2395
135704005,135626960,1698116640,0.2394,0.2393
135709130,135683323,1698116700,0.2393,0.2392
135696391,135711736,1698116760,0.2392,0.2392
135764744,135652593,1698116820,0.2392,0.2385
135604489,135422712,1698116880,0.2385,0.2383
135308993,135294645,1698116940,0.2383,0.238
135054351,134937071,1698117000,0.2379,0.2371
134825941,134844905,1698117060,0.237,0.2375
134862985,134912964,1698117120,0.2374,0.2378
134999916,134977468,1698117180,0.2379,0.2384
134926955,134938235,1698117240,0.2384,0.2384
134842241,134834599,1698117300,0.2384,0.238
134749640,134739332,1698117360,0.2381,0.2383
134787487,134758677,1698117420,0.2382,0.2377
134740500,134748914,1698117480,0.2377,0.2374
134689317,134411448,1698117540,0.2374,0.2371
134336721,134257708,1698117600,0.2371,0.2363
134172406,134116397,1698117660,0.2362,0.2369
134098325,134175473,1698117720,0.2368,0.237
134144682,134130001,1698117780,0.2369,0.2366
134117459,134139525,1698117840,0.2366,0.2365
134108738,134172031,1698117900,0.2364,0.2367
134142095,134092308,1698117960,0.2368,0.2364
134048537,134048537,1698118020,0.2365,0.2363
134032306,134027187,1698118080,0.2362,0.2364
134041357,134041357,1698118140,0.2363,0.2364
134044883,134060351,1698118200,0.2363,0.2366
134041940,133940921,1698118260,0.2365,0.2358
133796900,133773844,1698118320,0.2357,0.2349
133603680,133616828,1698118380,0.2349,0.2351
133633333,133672763,1698118440,0.235,0.2345
133661334,133748854,1698118500,0.2346,0.2336
133644440,133548712,1698118560,0.2336,0.2341
133541417,133492569,1698118620,0.2342,0.2341
133491988,133484893,1698118680,0.2341,0.2338
133504601,133465956,1698118740,0.2338,0.2339
133591369,133656089,1698118800,0.234,0.2335
133655263,133712068,1698118860,0.2335,0.233
133627133,133705824,1698118920,0.233,0.2332
133748593,133623551,1698118980,0.2333,0.2329
133579419,133603408,1698119040,0.2328,0.2329
133585457,133689708,1698119100,0.2329,0.2324
133761456,133780484,1698119160,0.2324,0.2326
133781408,133802604,1698119220,0.2327,0.2323
133749512,133751502,1698119280,0.2323,0.2325
133748529,133739976,1698119340,0.2326,0.2322
133650140,133664735,1698119400,0.2322,0.2326
133692261,133688333,1698119460,0.2325,0.2318
133662636,133454908,1698119520,0.2319,0.2316
133377249,133377249,1698119580,0.2315,0.232
133334969,133365803,1698119640,0.232,0.2311
133257836,133287928,1698119700,0.2311,0.2317
133341225,133383110,1698119760,0.2317,0.2311
133346970,133271842,1698119820,0.2312,0.2309
133181834,133075997,1698119880,0.2309,0.2306
133263226,132966688,1698119940,0.2306,0.2291
132966688,132966688,1698017340,0.2075,0.2073
132966688,132966688,1698017400,0.2073,0.2075
132966688,132966688,1698017460,0.2074,0.2074
132966688,132966688,1698017520,0.2073,0.2075
132966688,132966688,1698120000,0.229,0.2291
