"timestamp","OI_open","OI_close","price_close"
1697844300,12978713,12975229,1.537
1697844360,12972003,12971598,1.5363
1697844420,12969162,12969318,1.5365
1697844480,12969318,12969087,1.537
1697844540,12969084,12968865,1.5372
1697844600,12968496,12967546,1.5366
1697844660,12966512,12966556,1.5364
1697844720,12967995,12967360,1.536
1697844780,12966751,12966375,1.536
1697844840,12966345,12965775,1.5364
1697844900,12965605,12964825,1.5355
1697844960,12964191,12963958,1.5351
1697845020,12962505,12962193,1.535
1697845080,12961832,12961803,1.5339
1697845140,12961212,12962340,1.533
1697845200,12950596,12953346,1.5323
1697845260,12953009,12952262,1.5319
1697845320,12951174,12951290,1.5323
1697845380,12947795,12947716,1.5323
1697845440,12947675,12946199,1.5327
1697845500,12945318,12944992,1.5311
1697845560,12943183,12943275,1.5316
1697845620,12942861,12940323,1.531
1697845680,12940393,12940393,1.531
1697845740,12940370,12938365,1.5319
1697845800,12938147,12937704,1.5299
1697845860,12939038,12939073,1.5308
1697845920,12939130,12939340,1.5297
1697845980,12939556,12939719,1.5303
1697846040,12939713,12939587,1.5296
1697846100,12938069,12936792,1.5298
1697846160,12936170,12936017,1.5298
1697846220,12934987,12935823,1.5301
1697846280,12935567,12928679,1.5322
1697846340,12926309,12923547,1.5328
1697846400,12912970,12913885,1.534
1697846460,12911274,12913906,1.5363
1697846520,12913709,12895603,1.5362
1697846580,12894748,12890247,1.537
1697846640,12884659,12884137,1.539
1697846700,12883371,12886719,1.5406
1697846760,12890215,12891281,1.5397
1697846820,12891175,12893434,1.54
1697846880,12894437,12894710,1.5393
1697846940,12896027,12897548,1.5389
1697847000,12898757,12898152,1.5379
1697847060,12898221,12899033,1.5382
1697847120,12898109,12897457,1.5358
1697847180,12893094,12891121,1.5377
1697847240,12891314,12892037,1.5388
1697847300,12893033,12893484,1.5404
1697847360,12894719,12894385,1.5421
1697847420,12895116,12896148,1.5413
1697847480,12899492,12900606,1.542
1697847540,12903405,12905849,1.5417
1697847600,12905244,12903767,1.5432
1697847660,12903931,12903367,1.544
1697847720,12902593,12903386,1.5442
1697847780,12903805,12903042,1.5443
1697847840,12903356,12903356,1.5451
1697847900,12899148,12895571,1.5449
1697847960,12895641,12895579,1.5462
1697848020,12895231,12895232,1.5449
1697848080,12894845,12895110,1.5444
1697848140,12895496,12899789,1.5444
1697848200,12903298,12898666,1.5436
1697848260,12898635,12898320,1.5443
1697848320,12897847,12897646,1.5436
1697848380,12897606,12896867,1.5439
1697848440,12897017,12896951,1.5441
1697848500,12897277,12900411,1.5452
1697848560,12903148,12899927,1.5452
1697848620,12903307,12901099,1.5451
1697848680,12896090,12893619,1.5451
1697848740,12893619,12879221,1.5427
1697848800,12879127,12879450,1.5435
1697848860,12880076,12880012,1.5432
1697848920,12883489,12883486,1.5429
1697848980,12883386,12883311,1.5436
1697849040,12883748,12885921,1.544
1697849100,12891216,12892285,1.5461
1697849160,12891645,12891420,1.5453
1697849220,12895366,12894543,1.5448
1697849280,12894972,12893768,1.5448
1697849340,12893555,12893581,1.5453
1697849400,12893765,12893766,1.5469
1697849460,12893065,12892700,1.5469
1697849520,12892209,12894429,1.5443
1697849580,12892556,12893057,1.5449
1697849640,12893014,12895732,1.5426
1697849700,12895698,12895467,1.5424
1697849760,12893660,12888922,1.5441
1697849820,12889417,12889417,1.5435
1697849880,12888992,12889070,1.5438
1697849940,12889362,12888344,1.543
1697850000,12889044,12889332,1.5443
1697850060,12888727,12888678,1.5434
1697850120,12888637,12890877,1.5446
1697850180,12892137,12892829,1.5443
1697850240,12892602,12892891,1.5431
1697850300,12894507,12897367,1.5414
1697850360,12900473,12900510,1.542
1697850420,12902938,12904489,1.5424
1697850480,12908906,12839538,1.5401
1697850540,12839471,12841839,1.541
1697850600,12841525,12841789,1.5408
1697850660,12841451,12839787,1.5419
1697850720,12840010,12838852,1.5408
1697850780,12838790,12839600,1.5419
1697850840,12840141,12839338,1.5418
1697850900,12839345,12839373,1.5448
1697850960,12836648,12829275,1.545
1697851020,12828872,12827261,1.544
1697851080,12825777,12825654,1.5441
1697851140,12825318,12825591,1.5442
1697851200,12825536,12826304,1.5437
1697851260,12824322,12824148,1.5442
1697851320,12823082,12823088,1.5447
1697851380,12822523,12822362,1.5447
1697851440,12822295,12822238,1.5447
1697851500,12822087,12822087,1.5442
1697851560,12821978,12822687,1.5437
1697851620,12823013,12823013,1.5444
1697851680,12824196,12824986,1.5453
1697851740,12825448,12825430,1.5449
1697851800,12825355,12825256,1.5457
1697851860,12826263,12825140,1.5464
1697851920,12824911,12818734,1.5457
1697851980,12821511,12822047,1.5465
1697852040,12822004,12824806,1.5473
1697852100,12824441,12819962,1.5458
1697852160,12819797,12820721,1.5434
1697852220,12821297,12821308,1.5431
1697852280,12822075,12824129,1.5422
1697852340,12824136,12822440,1.5426
1697852400,12822444,12821650,1.5446
1697852460,12821356,12820659,1.5451
1697852520,12820394,12820394,1.545
1697852580,12820302,12820175,1.5459
1697852640,12820690,12820699,1.546
1697852700,12820938,12820373,1.5461
1697852760,12820529,12822745,1.5458
1697852820,12822363,12823882,1.5472
1697852880,12823841,12823689,1.5468
1697852940,12823246,12823204,1.5476
1697853000,12827535,12826194,1.548
1697853060,12827656,12823628,1.5474
1697853120,12823185,12823185,1.5467
1697853180,12823191,12823191,1.5468
1697853240,12823342,12823418,1.5461
1697853300,12823023,12822927,1.5466
1697853360,12823006,12823082,1.5452
1697853420,12822081,12822030,1.5458
1697853480,12819119,12820221,1.5461
1697853540,12818719,12818719,1.5466
1697853600,12817148,12817762,1.543
1697853660,12817425,12816338,1.5442
1697853720,12816474,12815984,1.543
1697853780,12815673,12815614,1.5438
1697853840,12815175,12849559,1.5415
1697853900,12851489,12855379,1.5421
1697853960,12856537,12857013,1.5415
1697854020,12857105,12859289,1.5427
1697854080,12858446,12855348,1.5433
1697854140,12855212,12854414,1.5422
1697854200,12853910,12852898,1.5422
1697854260,12853100,12852901,1.5436
1697854320,12852762,12852923,1.5439
1697854380,12853119,12853008,1.5438
1697854440,12852969,12852969,1.5446
1697854500,12853748,12854253,1.5445
1697854560,12853606,12852390,1.5441
1697854620,12853764,12853764,1.5453
1697854680,12853714,12853085,1.5444
1697854740,12853345,12853347,1.5451
1697854800,12853441,12853498,1.545
1697854860,12853385,12854455,1.5455
1697854920,12853906,12853008,1.5449
1697854980,12852883,12852851,1.5444
1697855040,12857157,12857166,1.5455
1697855100,12858111,12858139,1.545
1697855160,12858011,12858652,1.546
1697855220,12857753,12858172,1.5461
1697855280,12858185,12860645,1.5465
1697855340,12862096,12862096,1.5461
1697855400,12862422,12862400,1.5463
1697855460,12862488,12862481,1.5471
1697855520,12862686,12863181,1.5463
1697855580,12864748,12862931,1.5446
1697855640,12862608,12849440,1.5431
1697855700,12849455,12849314,1.5433
1697855760,12849065,12848664,1.5437
1697855820,12848418,12846069,1.5422
1697855880,12846045,12845408,1.5419
1697855940,12844268,12844004,1.5427
1697856000,12842556,12843557,1.5417
1697856060,12843553,12841311,1.5409
1697856120,12840573,12840525,1.5408
1697856180,12838100,12845012,1.5432
1697856240,12845094,12845094,1.5434
1697856300,12846294,12845978,1.5418
1697856360,12849286,12848316,1.5416
1697856420,12850620,12852630,1.5432
1697856480,12855091,12854122,1.5416
1697856540,12853729,12853684,1.5413
1697856600,12851338,12851194,1.5409
1697856660,12848547,12848596,1.5401
1697856720,12847702,12846966,1.5413
1697856780,12846903,12846903,1.5419
1697856840,12846869,12847203,1.542
1697856900,12847290,12847192,1.5418
1697856960,12846406,12846428,1.542
1697857020,12846390,12846085,1.5426
1697857080,12846085,12846137,1.5422
1697857140,12846100,12846117,1.5423
1697857200,12846212,12847494,1.5433
1697857260,12847483,12846382,1.5417
1697857320,12846258,12846881,1.5411
1697857380,12846682,12846683,1.5412
1697857440,12846652,12846652,1.5407
1697857500,12845952,12846963,1.5413
1697857560,12846989,12846781,1.54
1697857620,12842550,12837271,1.5389
1697857680,12837254,12832682,1.5375
1697857740,12828338,12828334,1.536
1697857800,12826606,12826040,1.5344
1697857860,12825507,12827413,1.5347
1697857920,12830744,12839640,1.5328
1697857980,12839160,12840731,1.5329
1697858040,12843070,12844166,1.5333
1697858100,12844161,12847961,1.5343
1697858160,12849262,12849936,1.5354
1697858220,12850125,12847822,1.5366
1697858280,12846034,12844790,1.5361
1697858340,12850442,12850442,1.5368
1697858400,12849945,12849956,1.5373
1697858460,12849471,12848821,1.5372
1697858520,12849344,12848075,1.5378
1697858580,12848502,12848130,1.5365
1697858640,12846241,12846188,1.5376
1697858700,12845728,12845340,1.5373
1697858760,12845195,12846276,1.5371
1697858820,12846046,12846417,1.538
1697858880,12846382,12846382,1.5377
1697858940,12846444,12846446,1.538
1697859000,12846227,12844168,1.5398
1697859060,12843032,12842471,1.5405
1697859120,12840974,12840664,1.5402
1697859180,12839686,12839686,1.5403
1697859240,12839814,12840114,1.5401
1697859300,12840702,12840620,1.5407
1697859360,12840634,12839292,1.5404
1697859420,12839254,12840168,1.5401
1697859480,12840226,12839526,1.5397
1697859540,12840600,12840715,1.5396
1697859600,12843943,12844266,1.54
1697859660,12844333,12844333,1.5401
1697859720,12844682,12844588,1.5402
1697859780,12844592,12845108,1.5407
1697859840,12846373,12845741,1.5415
1697859900,12844151,12843638,1.5418
1697859960,12843531,12843331,1.5424
1697860020,12843290,12843015,1.5411
1697860080,12843216,12843189,1.5417
1697860140,12843377,12843524,1.542
1697860200,12843464,12843465,1.5425
1697860260,12842968,12843008,1.5432
1697860320,12843029,12843119,1.5429
1697860380,12843046,12851300,1.5437
1697860440,12851068,12850866,1.5423
1697860500,12850856,12850655,1.5422
1697860560,12850562,12850775,1.5431
1697860620,12850304,12850304,1.5421
1697860680,12850278,12850298,1.5422
1697860740,12850498,12850072,1.5428
1697860800,12849552,12851397,1.544
1697860860,12849922,12850564,1.5419
1697860920,12850524,12863796,1.5427
1697860980,12863823,12855572,1.5407
1697861040,12856056,12856148,1.5407
1697861100,12856690,12857109,1.5411
1697861160,12856550,12855190,1.5409
1697861220,12855149,12854975,1.5403
1697861280,12855189,12854673,1.5399
1697861340,12854487,12854512,1.5398
1697861400,12854512,12856232,1.5406
1697861460,12855851,12858221,1.5401
1697861520,12854485,12854273,1.5398
1697861580,12854262,12854271,1.5404
1697861640,12854092,12852588,1.5412
1697861700,12852257,12851601,1.5418
1697861760,12851249,12851180,1.54
1697861820,12851394,12851428,1.5413
1697861880,12851540,12852310,1.541
1697861940,12852494,12851398,1.5406
1697862000,12851398,12850532,1.5414
1697862060,12850510,12850678,1.5412
1697862120,12850319,12850668,1.5411
1697862180,12850331,12850384,1.5404
1697862240,12850540,12850262,1.5395
1697862300,12850226,12850275,1.54
1697862360,12850257,12850449,1.54
1697862420,12850449,12850522,1.5399
1697862480,12851506,12851506,1.5408
1697862540,12851731,12851651,1.5406
1697862600,12851660,12851288,1.541
1697862660,12851217,12849765,1.5404
1697862720,12850373,12850373,1.5407
1697862780,12850432,12851249,1.5411
1697862840,12851674,12851674,1.541
1697862900,12851643,12850482,1.541
1697862960,12850371,12850474,1.5406
1697863020,12850474,12850350,1.5403
1697863080,12850350,12852796,1.5404
1697863140,12852691,12851565,1.54
1697863200,12850681,12849861,1.5397
1697863260,12847963,12847786,1.5395
1697863320,12847763,12846897,1.5405
1697863380,12847159,12846835,1.5407
1697863440,12847006,12847006,1.5398
1697863500,12847006,12847972,1.5399
1697863560,12853623,12853394,1.5415
1697863620,12853394,12852660,1.5414
1697863680,12852612,12852519,1.5411
1697863740,12852221,12852221,1.5417
1697863800,12851923,12850536,1.5409
1697863860,12850505,12850207,1.5407
1697863920,12849342,12849339,1.5409
1697863980,12849440,12850090,1.5411
1697864040,12849738,12847864,1.5413
1697864100,12847585,12848431,1.5414
1697864160,12848495,12848327,1.5412
1697864220,12848312,12848511,1.5417
1697864280,12848130,12848130,1.5417
1697864340,12848010,12848083,1.5417
1697864400,12847977,12846907,1.5403
1697864460,12846806,12846775,1.5398
1697864520,12846799,12847365,1.5399
1697864580,12847331,12847278,1.5407
1697864640,12847251,12847694,1.5407
1697864700,12855514,12856732,1.541
1697864760,12855876,12857012,1.5428
1697864820,12858089,12858280,1.5439
1697864880,12859618,12859349,1.5428
1697864940,12858654,12857328,1.5438
1697865000,12856770,12855839,1.5443
1697865060,12855836,12855836,1.5441
1697865120,12855124,12854965,1.5448
1697865180,12855252,12856914,1.5443
1697865240,12856553,12856617,1.5433
1697865300,12857241,12857168,1.5437
1697865360,12857202,12857198,1.5447
1697865420,12857163,12857713,1.5438
1697865480,12858586,12861178,1.5445
1697865540,12861395,12861924,1.5447
1697865600,12861930,12861894,1.5448
1697865660,12861824,12860870,1.545
1697865720,12860879,12860879,1.5457
1697865780,12860809,12860185,1.5453
1697865840,12860170,12860128,1.545
1697865900,12860166,12860206,1.5454
1697865960,12860317,12860387,1.5448
1697866020,12857435,12857435,1.5443
1697866080,12857435,12853750,1.5443
1697866140,12853949,12854108,1.5437
1697866200,12853709,12853907,1.5438
1697866260,12852944,12852858,1.5431
1697866320,12852857,12853336,1.5433
1697866380,12853832,12853758,1.5435
1697866440,12853990,12853736,1.5431
1697866500,12853759,12853635,1.543
1697866560,12853789,12853727,1.5433
1697866620,12853727,12853626,1.543
1697866680,12851546,12851533,1.5427
1697866740,12852262,12852262,1.5426
1697866800,12849623,12848933,1.5427
1697866860,12849508,12849422,1.5424
1697866920,12849466,12849156,1.5426
1697866980,12849424,12848890,1.5432
1697867040,12853576,12853475,1.542
1697867100,12854684,12852251,1.5417
1697867160,12853061,12853122,1.5434
1697867220,12855144,12855140,1.5435
1697867280,12855110,12854997,1.5432
1697867340,12854997,12853544,1.5434
1697867400,12853675,12854653,1.5432
1697867460,12854636,12854507,1.5428
1697867520,12854310,12854724,1.5429
1697867580,12854703,12855387,1.5431
1697867640,12855397,12855505,1.5432
1697867700,12856238,12855771,1.544
1697867760,12856441,12856441,1.5438
1697867820,12856424,12856424,1.5444
1697867880,12856264,12856369,1.5449
1697867940,12859582,12859646,1.5455
1697868000,12859541,12862858,1.546
1697868060,12863327,12863875,1.5468
1697868120,12863039,12862861,1.5454
1697868180,12862701,12862877,1.5452
1697868240,12863334,12863334,1.5454
1697868300,12865987,12866973,1.5444
1697868360,12867846,12868107,1.5444
1697868420,12868941,12869555,1.5448
1697868480,12871157,12878479,1.5455
1697868540,12878721,12878794,1.5452
1697868600,12874455,12874800,1.5451
1697868660,12875284,12875188,1.5452
1697868720,12875545,12875870,1.5454
1697868780,12875958,12875511,1.5457
1697868840,12875533,12875424,1.5456
1697868900,12875416,12876026,1.5457
1697868960,12875965,12875694,1.5456
1697869020,12875621,12875135,1.5472
1697869080,12875044,12873355,1.5474
1697869140,12873367,12873367,1.5471
1697869200,12874679,12874751,1.5475
1697869260,12875171,12875507,1.5477
1697869320,12875495,12876912,1.5475
1697869380,12877555,12878027,1.5492
1697869440,12877406,12877272,1.5494
1697869500,12877319,12877319,1.5498
1697869560,12876233,12872904,1.5503
1697869620,12870995,12872151,1.5514
1697869680,12871343,12869805,1.553
1697869740,12868331,12869724,1.5536
1697869800,12933124,12954047,1.5556
1697869860,12952618,12953934,1.557
1697869920,12955097,12953129,1.5564
1697869980,12933396,12928752,1.5569
1697870040,12920332,12919342,1.5571
1697870100,12919967,12919104,1.5566
1697870160,12920728,12920836,1.5578
1697870220,12919258,12918932,1.5577
1697870280,12917841,12916737,1.5566
1697870340,12916067,12915412,1.5574
1697870400,12913800,12914299,1.557
1697870460,12914543,12913531,1.557
1697870520,12913233,12913034,1.5577
1697870580,12912270,12912270,1.5571
1697870640,12912522,12911709,1.557
1697870700,12911823,12911823,1.558
1697870760,12913157,12909574,1.559
1697870820,12908361,12908481,1.5588
1697870880,12907251,12908412,1.5608
1697870940,12874636,12874411,1.5596
1697871000,12874961,12874680,1.5605
1697871060,12871741,12867900,1.5606
1697871120,12862131,12860492,1.5619
1697871180,12858151,12857869,1.5619
1697871240,12857171,12831110,1.5602
1697871300,12830645,12831888,1.56
1697871360,12831634,12832218,1.5587
1697871420,12831913,12832066,1.5585
1697871480,12832094,12832566,1.559
1697871540,12832731,12831238,1.5596
1697871600,12830409,12827805,1.5595
1697871660,12826331,12823398,1.5584
1697871720,12823431,12821347,1.5581
1697871780,12820041,12816069,1.5561
1697871840,12816283,12816283,1.5575
1697871900,12818967,12818726,1.5577
1697871960,12818017,12818017,1.5574
1697872020,12823246,12823222,1.5571
1697872080,12820597,12821436,1.5573
1697872140,12821447,12821517,1.5567
1697872200,12821822,12821984,1.5565
1697872260,12819960,12820762,1.5567
1697872320,12821905,12821178,1.5569
1697872380,12817791,12818665,1.5558
1697872440,12820896,12820796,1.5557
1697872500,12820864,12820755,1.5564
1697872560,12820942,12820669,1.5572
1697872620,12827547,12827762,1.5565
1697872680,12828029,12833917,1.5569
1697872740,12833917,12836464,1.5574
1697872800,12837213,12837164,1.5572
1697872860,12837086,12837004,1.5587
1697872920,12836481,12836833,1.5584
1697872980,12836662,12837346,1.5585
1697873040,12837699,12837829,1.5589
1697873100,12837880,12835536,1.5576
1697873160,12835581,12835043,1.559
1697873220,12834824,12852893,1.5608
1697873280,12877621,12877676,1.5623
1697873340,12876766,12876999,1.5621
1697873400,12881588,12883978,1.5625
1697873460,12884094,12885122,1.5623
1697873520,12880323,12880323,1.5607
1697873580,12880798,12880965,1.5602
1697873640,12880990,12880999,1.5603
1697873700,12881663,12878823,1.5607
1697873760,12876634,12876360,1.5614
1697873820,12876391,12875603,1.5626
1697873880,12874616,12874700,1.5622
1697873940,12877224,12878040,1.5624
1697874000,12877543,12877482,1.5616
1697874060,12875652,12875431,1.5639
1697874120,12873301,12873564,1.5629
1697874180,12873488,12874778,1.5633
1697874240,12874486,12785118,1.5608
1697874300,12785832,12787815,1.5616
1697874360,12787869,12787915,1.5615
1697874420,12787662,12787833,1.5621
1697874480,12788086,12790271,1.5629
1697874540,12790104,12790094,1.5624
1697874600,12790291,12792104,1.5637
1697874660,12791553,12792210,1.5636
1697874720,12790710,12790449,1.5637
1697874780,12790454,12794097,1.5633
1697874840,12794052,12794080,1.5633
1697874900,12794370,12794385,1.5634
1697874960,12799857,12799857,1.5646
1697875020,12799963,12796285,1.5642
1697875080,12794702,12795400,1.5662
1697875140,12793107,12795076,1.5667
1697875200,12792535,12792287,1.5664
1697875260,12787439,12788393,1.5658
1697875320,12788411,12788408,1.5665
1697875380,12789891,12792667,1.5661
1697875440,12792829,12789713,1.5658
1697875500,12789813,12807134,1.5674
1697875560,12794557,12796421,1.5677
1697875620,12802356,12802968,1.5671
1697875680,12804148,12806274,1.5672
1697875740,12806173,12806701,1.5651
1697875800,12804948,12804065,1.5657
1697875860,12804047,12803021,1.5639
1697875920,12806897,12806897,1.5631
1697875980,12808100,12808136,1.564
1697876040,12809879,12809879,1.5641
1697876100,12811307,12813327,1.5669
1697876160,12813980,12814515,1.5676
1697876220,12814412,12814412,1.5682
1697876280,12814114,12814394,1.5684
1697876340,12817408,12822599,1.5671
1697876400,12821669,12821861,1.5674
1697876460,12823294,12823294,1.5667
1697876520,12823355,12823355,1.5675
1697876580,12823918,12824086,1.5677
1697876640,12826351,12824652,1.5675
1697876700,12824225,12824495,1.567
1697876760,12824473,12824552,1.5669
1697876820,12824878,12825903,1.5675
1697876880,12827178,12827512,1.5665
1697876940,12826180,12826448,1.566
1697877000,12828635,12829039,1.5664
1697877060,12829826,12830158,1.5641
1697877120,12826609,12824831,1.5641
1697877180,12824633,12826206,1.5651
1697877240,12824653,12825155,1.5646
1697877300,12823971,12823318,1.5644
1697877360,12823364,12823250,1.5639
1697877420,12823200,12823478,1.564
1697877480,12821562,12821574,1.5637
1697877540,12820394,12820394,1.5628
1697877600,12819292,12818761,1.5628
1697877660,12826817,12826817,1.5628
1697877720,12827356,12827356,1.5626
1697877780,12827254,12827776,1.563
1697877840,12825881,12825661,1.5633
1697877900,12825505,12825735,1.5634
1697877960,12824762,12824647,1.5633
1697878020,12824810,12824894,1.5633
1697878080,12824733,12825044,1.5632
1697878140,12830454,12831740,1.5618
1697878200,12830043,12828956,1.5605
1697878260,12829466,12830687,1.5597
1697878320,12829802,12829588,1.5595
1697878380,12829418,12828866,1.5595
1697878440,12828164,12828328,1.5598
1697878500,12828253,12827846,1.5598
1697878560,12828333,12828230,1.5602
1697878620,12828732,12828732,1.5603
1697878680,12828929,12830121,1.5607
1697878740,12829387,12829387,1.5615
1697878800,12829139,12829549,1.5602
1697878860,12829966,12829966,1.5598
1697878920,12830034,12826380,1.5603
1697878980,12826730,12826824,1.5612
1697879040,12827236,12827346,1.5599
1697879100,12827696,12829004,1.5591
1697879160,12829873,12830114,1.5596
1697879220,12830314,12829088,1.5589
1697879280,12829251,12830425,1.5596
1697879340,12830654,12831052,1.5605
1697879400,12831734,12832064,1.561
1697879460,12832044,12832122,1.5613
1697879520,12831790,12855021,1.5659
1697879580,12862111,12868027,1.568
1697879640,12874450,12874791,1.5663
1697879700,12876413,12878472,1.5668
1697879760,12879557,12881198,1.5661
1697879820,12879122,12879430,1.5652
1697879880,12881142,12881142,1.5659
1697879940,12882065,12883152,1.5641
1697880000,12879614,12877387,1.5645
1697880060,12877960,12879654,1.5661
1697880120,12879565,12879894,1.5667
1697880180,12879536,12879540,1.5677
1697880240,12879556,12880826,1.5665
1697880300,12881584,12880959,1.5663
1697880360,12881119,12879142,1.5669
1697880420,12879279,12884951,1.5679
1697880480,12884179,12884248,1.5685
1697880540,12885358,12885084,1.5687
1697880600,12885256,12885603,1.569
1697880660,12883437,12883151,1.5681
1697880720,12883158,12883028,1.5686
1697880780,12883043,12882789,1.5685
1697880840,12882977,12883804,1.5695
1697880900,12883502,12883400,1.5693
1697880960,12883255,12884407,1.5699
1697881020,12884471,12887794,1.57
1697881080,12887727,12889147,1.5688
1697881140,12889594,12891869,1.5697
1697881200,12891500,12890450,1.5705
1697881260,12890284,12888594,1.5709
1697881320,12886865,12884919,1.5715
1697881380,12885292,12885582,1.5712
1697881440,12886246,12886556,1.5705
1697881500,12886625,12886625,1.5718
1697881560,12892965,12895102,1.5722
1697881620,12893036,12892853,1.5724
1697881680,12892726,12893165,1.5731
1697881740,12891421,12893079,1.5731
1697881800,12892694,12898732,1.5734
1697881860,12899062,12898849,1.5737
1697881920,12896989,12897278,1.5741
1697881980,12897650,12897377,1.5733
1697882040,12884724,12875388,1.5711
1697882100,12875127,12875247,1.5715
1697882160,12873063,12872223,1.5718
1697882220,12869254,12868574,1.5689
1697882280,12853577,12854039,1.5693
1697882340,12854810,12855368,1.5697
1697882400,12857203,12857338,1.5697
1697882460,12857477,12857595,1.5688
1697882520,12857001,12859545,1.5674
1697882580,12861621,12862436,1.5684
1697882640,12866418,12866418,1.5688
1697882700,12865283,12865580,1.5701
1697882760,12868043,12872377,1.5702
1697882820,12873104,12875983,1.5701
1697882880,12879255,12878672,1.5696
1697882940,12880142,12880142,1.5699
1697883000,12880253,12880651,1.5697
1697883060,12882128,12880613,1.5698
1697883120,12883100,12883178,1.5688
1697883180,12880615,12881275,1.5702
1697883240,12881257,12880831,1.5702
1697883300,12880795,12881120,1.5705
1697883360,12881769,12882293,1.5703
1697883420,12881057,12881207,1.5705
1697883480,12883381,12883663,1.5708
1697883540,12885629,12886929,1.572
1697883600,12888256,12887794,1.5711
1697883660,12888181,12889578,1.5713
1697883720,12894235,12892170,1.5705
1697883780,12892282,12894013,1.5708
1697883840,12893789,12894375,1.5699
1697883900,12894469,12894940,1.5704
1697883960,12894694,12892794,1.5689
1697884020,12893684,12894811,1.5686
1697884080,12894873,12895194,1.5689
1697884140,12895068,12895068,1.5684
1697884200,12894213,12893887,1.5707
1697884260,12895311,12895311,1.571
1697884320,12896267,12897108,1.5718
1697884380,12895957,12891585,1.571
1697884440,12891219,12890667,1.5689
1697884500,12890284,12890408,1.5688
1697884560,12890576,12890937,1.5691
1697884620,12891113,12891167,1.5693
1697884680,12890693,12890165,1.568
1697884740,12888077,12889114,1.5687
1697884800,12889470,12890075,1.5708
1697884860,12890318,12890676,1.5722
1697884920,12891276,12892042,1.5725
1697884980,12894349,12895031,1.5715
1697885040,12894497,12896234,1.5721
1697885100,12896061,12896400,1.5724
1697885160,12896321,12893500,1.5731
1697885220,12893956,12894105,1.5725
1697885280,12892720,12892223,1.5732
1697885340,12891945,12893047,1.5733
1697885400,12893110,12890749,1.5746
1697885460,12890507,12890277,1.5743
1697885520,12891001,12893668,1.5744
1697885580,12897437,12897437,1.5746
1697885640,12899074,12902675,1.5748
1697885700,12902725,12902725,1.5745
1697885760,12906543,12906972,1.5746
1697885820,12907187,12905774,1.573
1697885880,12904725,12904725,1.5729
1697885940,12904866,12904633,1.5732
1697886000,12905280,12908210,1.5739
1697886060,12908611,12908583,1.5736
1697886120,12907752,12908802,1.5733
1697886180,12909589,12908442,1.5712
1697886240,12906399,12908637,1.5716
1697886300,12908260,12910360,1.5714
1697886360,12912824,12912889,1.5722
1697886420,12913709,12915249,1.5732
1697886480,12924083,12929906,1.5747
1697886540,12933113,12939251,1.5746
1697886600,12940492,12939314,1.5751
1697886660,12939625,12939536,1.5751
1697886720,12941162,12950326,1.5741
1697886780,12949693,12948591,1.5753
1697886840,12946080,12946158,1.576
1697886900,12947168,12947569,1.5749
1697886960,12948811,12949040,1.5754
1697887020,12949588,12949301,1.5751
1697887080,12947932,12948181,1.5748
1697887140,12948539,12964139,1.5761
1697887200,12983992,12983036,1.575
1697887260,12982767,12982403,1.5743
1697887320,12982549,12982549,1.5741
1697887380,12982763,12983368,1.5742
1697887440,12983730,12983730,1.5747
1697887500,12986501,12987092,1.5752
1697887560,12986235,12983144,1.574
1697887620,12982851,12983341,1.5753
1697887680,12987423,12988884,1.5747
1697887740,12987429,12988786,1.5753
1697887800,12987078,12986269,1.5743
1697887860,12985351,12983199,1.5749
1697887920,12986939,12991887,1.5761
1697887980,12991243,12990955,1.5765
1697888040,13009660,13009177,1.5782
1697888100,13014964,13014198,1.5795
1697888160,13022272,13021506,1.5799
1697888220,13010146,13007922,1.5775
1697888280,13008131,13007428,1.5787
1697888340,12997655,12996753,1.5787
1697888400,13000246,13000320,1.5796
1697888460,12999770,12998482,1.5809
1697888520,12997603,12997603,1.5791
1697888580,12996436,12997611,1.5799
1697888640,13004789,13004789,1.5813
1697888700,13005184,13003310,1.582
1697888760,13007721,13005057,1.5798
1697888820,13002871,13002245,1.5812
1697888880,13001483,13001676,1.582
1697888940,13002403,12997214,1.5814
1697889000,12997012,12995853,1.5818
1697889060,12995937,12996692,1.5815
1697889120,12995380,12988418,1.5793
1697889180,12986738,12985647,1.5805
1697889240,12985012,12986058,1.5816
1697889300,12987451,12988582,1.5808
1697889360,12988029,12988061,1.5815
1697889420,12987723,12985889,1.5813
1697889480,12986287,12986721,1.5821
1697889540,12987656,12987190,1.5813
1697889600,12989752,12989561,1.582
1697889660,12992649,12992987,1.5822
1697889720,12992899,12995078,1.5825
1697889780,12997503,12997503,1.5823
1697889840,13000674,13001975,1.5805
1697889900,13004931,13005622,1.5792
1697889960,13007819,13008392,1.5786
1697890020,13006057,13006652,1.5796
1697890080,13009048,13010870,1.5808
1697890140,13011017,13013509,1.5808
1697890200,13013659,13014316,1.5806
1697890260,13013847,13011423,1.58
1697890320,13011085,13010884,1.5788
1697890380,13012080,13013154,1.5801
1697890440,12951640,12949003,1.5764
1697890500,12948588,12944087,1.5763
1697890560,12945379,12945308,1.5762
1697890620,12945133,12943160,1.5755
1697890680,12943427,12939806,1.574
1697890740,12936296,12935693,1.5735
1697890800,12935362,12934832,1.5738
1697890860,12933936,12934571,1.5731
1697890920,12963143,12963709,1.5694
1697890980,12964154,12964154,1.5702
1697891040,12963518,12952443,1.5699
1697891100,12951771,12951849,1.5714
1697891160,12944740,12944740,1.5714
1697891220,12946119,12947206,1.5715
1697891280,12947171,12947171,1.5718
1697891340,12947309,12946657,1.5711
1697891400,12947200,12947490,1.5715
1697891460,12947516,12945715,1.5716
1697891520,12942947,12942938,1.5708
1697891580,12939561,12939649,1.5715
1697891640,12936236,12935525,1.571
1697891700,12934993,12934466,1.571
1697891760,12933983,12933581,1.5717
1697891820,12945231,12945745,1.5745
1697891880,12950256,12948731,1.5747
1697891940,12948768,12944516,1.5746
1697892000,12943656,12944521,1.5763
1697892060,12943839,12942347,1.576
1697892120,12942227,12941440,1.577
1697892180,12950668,12955320,1.5793
1697892240,12964972,12976097,1.5805
1697892300,12988984,12993364,1.5831
1697892360,13001569,13010516,1.5842
1697892420,13021761,13040248,1.585
1697892480,13040659,13039440,1.5814
1697892540,13031161,13031340,1.5805
1697892600,13031589,13036586,1.5778
1697892660,13036850,13036850,1.5769
1697892720,13036155,13038629,1.5778
1697892780,13039305,13039663,1.5776
1697892840,13039475,13039250,1.5782
1697892900,13038966,13038966,1.5774
1697892960,13038182,13033918,1.577
1697893020,13035490,13035459,1.5771
1697893080,13035033,13034773,1.5767
1697893140,13034720,13032305,1.5769
1697893200,13031722,13030503,1.5782
1697893260,13030855,13030915,1.5774
1697893320,13031744,13032431,1.5776
1697893380,13031522,13035057,1.5779
1697893440,13036309,13040240,1.5774
1697893500,13040642,13040687,1.5788
1697893560,13042105,13042560,1.5789
1697893620,13042314,13044936,1.579
1697893680,13045372,13045794,1.5789
1697893740,13043629,13042994,1.5767
1697893800,13032284,13032190,1.5748
1697893860,13031180,13031180,1.5737
1697893920,13032922,13029870,1.5736
1697893980,13029298,13029298,1.5729
1697894040,13026932,13027286,1.5729
1697894100,13025986,13025526,1.573
1697894160,13029962,13031293,1.5719
1697894220,13030738,13030943,1.5702
1697894280,13016501,13017031,1.5706
1697894340,13016741,13018752,1.57
1697894400,13018977,13017811,1.5707
1697894460,13016495,13010545,1.5712
1697894520,13010661,13010494,1.5724
1697894580,13010857,13010621,1.5724
1697894640,13010180,13010186,1.5723
1697894700,13011123,13010999,1.5759
1697894760,13014798,13000684,1.577
1697894820,13000078,12997266,1.577
1697894880,12996182,12995519,1.5774
1697894940,12995577,12995350,1.577
1697895000,12995130,12995354,1.5771
1697895060,12995208,12995208,1.5767
1697895120,12995199,12993949,1.5791
1697895180,12992248,12991961,1.58
1697895240,12991879,12992310,1.5797
1697895300,12991639,12991597,1.5794
1697895360,12992187,12992358,1.5797
1697895420,12992194,12991925,1.58
1697895480,12992344,12991381,1.5808
1697895540,12991952,12991952,1.5816
1697895600,12993060,12993424,1.5826
1697895660,12993854,12993854,1.5829
1697895720,12993639,12994075,1.5855
1697895780,12995451,12997670,1.5857
1697895840,12996293,13002363,1.5879
1697895900,13009213,13008855,1.5869
1697895960,13001015,13000297,1.5867
1697896020,13000305,13004457,1.5859
1697896080,12999571,13006651,1.5887
1697896140,13006383,13009890,1.5891
1697896200,13011364,13012315,1.5904
1697896260,13010158,13007858,1.5918
1697896320,13006248,13010256,1.5937
1697896380,13015490,13013233,1.5927
1697896440,13015461,13017190,1.593
1697896500,13017571,13019268,1.5932
1697896560,13022800,13020249,1.5956
1697896620,13024038,13026760,1.5945
1697896680,13038057,13038057,1.5966
1697896740,13038957,13037472,1.5958
1697896800,13039202,13045423,1.597
1697896860,13047872,13047480,1.594
1697896920,13035185,13032492,1.5954
1697896980,13030536,13034212,1.5963
1697897040,13042348,13044100,1.5972
1697897100,13043146,13049792,1.5969
1697897160,13053770,13055220,1.595
1697897220,13039539,13039218,1.5957
1697897280,13039251,13040683,1.5953
1697897340,13039942,13038929,1.595
1697897400,13039107,13038343,1.5958
1697897460,13042985,13042377,1.5954
1697897520,13043088,13042796,1.5974
1697897580,13044124,13046533,1.5956
1697897640,13047491,13047515,1.5962
1697897700,13048096,13043230,1.5949
1697897760,13044128,13046189,1.5979
1697897820,13046565,13045807,1.5973
1697897880,13046482,13046769,1.597
1697897940,13047198,13040584,1.5956
1697898000,13041349,13041083,1.5958
1697898060,13041313,13041877,1.5964
1697898120,13042018,13038471,1.5931
1697898180,13039117,13035308,1.5934
1697898240,13035324,13034486,1.5933
1697898300,13036468,13034954,1.5965
1697898360,13033132,13033132,1.5973
1697899320,13189338,13193714,1.6262
1697899380,13277584,13342674,1.6321
1697899440,13383174,13405848,1.6256
1697899500,13415821,13429459,1.624
1697899560,13423642,13417313,1.623
1697899620,13407352,13404920,1.6285
1697899680,13410628,13410432,1.6259
1697899740,13406750,13409678,1.6271
1697899800,13409560,13414569,1.6293
1697899860,13417415,13416644,1.6246
1697899920,13446523,13446523,1.6246
1697899980,13446628,13457003,1.6275
1697900040,13445435,13445435,1.6284
1697900100,13446687,13439602,1.6265
1697900160,13430619,13427461,1.6234
1697900220,13437009,13434848,1.6263
1697900280,13427534,13426854,1.628
1697900340,13416656,13428082,1.6304
1697900400,13425181,13428789,1.6323
1697900460,13453589,13453176,1.6295
1697900520,13450332,13450249,1.6308
1697900580,13450669,13464399,1.6264
1697900640,13495194,13507939,1.6237
1697900700,13499943,13475150,1.6234
1697900760,13476138,13455581,1.6178
1697900820,13450233,13307092,1.6149
1697900880,13255416,13249011,1.6125
1697900940,13233604,13210772,1.608
1697901000,13183511,13184160,1.6079
1697901060,13181984,13188821,1.608
1697901120,13189259,13189259,1.6063
1697901180,13183892,13166589,1.6027
1697901240,13166237,13193660,1.6007
1697901300,13158471,13141882,1.5988
1697901360,13026860,13030214,1.6001
1697901420,13028263,13027959,1.5987
1697901480,13030973,13031018,1.6022
1697901540,13032160,13031640,1.6034
1697901600,13033971,13028385,1.604
1697901660,13023833,13022946,1.6038
1697901720,13022928,13017192,1.6058
1697901780,13055087,13051782,1.6045
1697901840,13050336,13050297,1.6076
1697901900,13055751,13051642,1.6079
1697901960,13051245,13049037,1.6087
1697902020,13075478,13075326,1.611
1697902080,13075561,13065187,1.609
1697902140,13064041,13067136,1.6097
1697902200,13081878,13076875,1.6115
1697902260,13073943,13070410,1.6111
1697902320,13066120,13062870,1.6091
1697902380,13060253,13060253,1.6107
1697902440,13062179,13062263,1.6141
1697902500,13073923,13072766,1.6145
1697902560,13074318,13076162,1.6146
1697902620,13074834,13074976,1.6136
1697902680,13074623,13074623,1.6142
1697902740,13072590,13072110,1.6154
1697902800,13062674,13055478,1.6143
1697902860,13061676,13063273,1.6132
1697902920,13065248,13070547,1.6115
1697902980,13071463,13071436,1.6146
1697903040,13070143,13070449,1.613
1697903100,13070746,13070280,1.6121
1697903160,13070547,13070366,1.6119
1697903220,13070487,13066803,1.6099
1697903280,13070061,13069334,1.609
1697903340,13063852,13061914,1.6095
1697903400,13060689,13061869,1.6103
1697903460,13059500,13056299,1.6123
1697903520,13055915,13054208,1.6115
1697903580,13054103,13053317,1.6124
1697903640,13058091,13058086,1.6151
1697903700,13059498,13059498,1.6148
1697903760,13060282,13061002,1.6145
1697903820,13061088,13061088,1.6221
1697903880,13067017,13095907,1.628
1697903940,13183050,13194472,1.6269
1697904000,13231059,13243457,1.6338
1697904060,13493642,13508851,1.6294
1697904120,13506842,13508199,1.6278
1697904180,13502780,13501759,1.6273
1697904240,13486530,13488235,1.6309
1697904300,13487161,13487254,1.6325
1697904360,13492139,13496843,1.6332
1697904420,13496342,13514209,1.633
1697904480,13516315,13512870,1.6356
1697904540,13555882,13569512,1.6343
1697904600,13569734,13582650,1.6357
1697904660,13585562,13613895,1.636
1697904720,13639140,13656499,1.6373
1697904780,13649144,13649260,1.6389
1697904840,13640925,13640754,1.6418
1697904900,13645207,13645207,1.6418
1697904960,13640822,13638591,1.6406
1697905020,13628499,13628499,1.6329
1697905080,13619749,13609735,1.6323
1697905140,13609816,13615447,1.6353
1697905200,13618326,13618326,1.6359
1697905260,13613902,13613239,1.6367
1697905320,13613437,13609710,1.6358
1697905380,13606935,13607771,1.6371
1697905440,13605472,13605162,1.6378
1697905500,13604870,13610882,1.644
1697905560,13586950,13586333,1.6435
1697905620,13583362,13583758,1.6438
1697905680,13581953,13580290,1.6424
1697905740,13580515,13569699,1.6395
1697905800,13556886,13533021,1.6349
1697905860,13512810,13508872,1.6323
1697905920,13499488,13492824,1.6303
1697905980,13494093,13494601,1.6349
1697906040,13494923,13494923,1.6384
1697906100,13508033,13506056,1.6378
1697906160,13504624,13505661,1.6389
1697906220,13506329,13506329,1.6405
1697906280,13510672,13519966,1.6378
1697906340,13518987,13534333,1.634
1697906400,13566700,13556013,1.6369
1697906460,13553051,13552535,1.6384
1697906520,13548687,13546713,1.6393
1697906580,13547019,13545365,1.6421
1697906640,13548207,13542794,1.6393
1697906700,13543224,13544590,1.6371
1697906760,13545558,13547059,1.6378
1697906820,13547060,13543152,1.6375
1697906880,13548117,13547271,1.6338
1697906940,13547146,13543620,1.6381
1697907000,13541948,13543122,1.6363
1697907060,13544105,13537982,1.6348
1697907120,13534695,13533946,1.6356
1697907180,13534408,13531831,1.6347
1697907240,13534107,13534107,1.6318
1697907300,13540284,13539785,1.6331
1697907360,13538602,13538648,1.6331
1697907420,13538571,13535618,1.6297
1697907480,13536764,13532370,1.629
1697907540,13532593,13531305,1.6299
1697907600,13533134,13535654,1.6296
1697907660,13537788,13538485,1.6321
1697907720,13535076,13534586,1.63
1697907780,13536935,13546145,1.6333
1697907840,13544978,13546142,1.6351
1697907900,13541587,13544726,1.6354
1697907960,13546156,13538907,1.6362
1697908020,13539005,13538058,1.6361
1697908080,13538185,13539741,1.6339
1697908140,13548892,13549393,1.6365
1697908200,13549803,13548667,1.6376
1697908260,13549402,13545481,1.6371
1697908320,13545155,13544144,1.6361
1697908380,13543491,13544319,1.6365
1697908440,13545018,13545018,1.6359
1697908500,13544060,13541769,1.6341
1697908560,13538561,13530741,1.6327
1697908620,13526553,13525798,1.6327
1697908680,13525813,13525813,1.6348
1697908740,13526853,13527394,1.636
1697908800,13525833,13524884,1.6372
1697908860,13522825,13519077,1.6361
1697908920,13517918,13520084,1.6365
1697908980,13520417,13521080,1.6368
1697909040,13521975,13521159,1.6363
1697909100,13523324,13522051,1.6384
1697909160,13522577,13522462,1.64
1697909220,13524044,13524065,1.6378
1697909280,13520806,13520923,1.6393
1697909340,13523480,13523092,1.642
1697909400,13521662,13520627,1.6427
1697909460,13524651,13525449,1.6424
1697909520,13524782,13528075,1.6426
1697909580,13531586,13531403,1.6431
1697909640,13530799,13531653,1.643
1697909700,13531515,13531515,1.6446
1697909760,13531355,13532781,1.644
1697909820,13534121,13534121,1.6417
1697909880,13532969,13533400,1.6413
1697909940,13535848,13537003,1.6434
1697910000,13538157,13554007,1.6479
1697910060,13543640,13541797,1.65
1697910120,13551161,13542798,1.6511
1697910180,13547292,13549560,1.6526
1697910240,13540923,13543751,1.6557
1697910300,13544917,13553383,1.6578
1697910360,13549530,13550761,1.6552
1697910420,13544191,13544732,1.6539
1697910480,13544458,13545278,1.6533
1697910540,13546352,13547419,1.6565
1697910600,13552092,13552624,1.6569
1697910660,13554279,13554126,1.6552
1697910720,13554040,13556458,1.6525
1697910780,13556104,13556744,1.6531
1697910840,13559070,13560267,1.6552
1697910900,13561736,13562963,1.6574
1697910960,13563150,13563150,1.6588
1697911020,13569177,13569825,1.6587
1697911080,13571002,13571003,1.6577
1697911140,13572438,13571715,1.6575
1697911200,13571436,13573529,1.6605
1697911260,13580687,13583260,1.6612
1697911320,13593891,13586468,1.6557
1697911380,13584670,13589567,1.6538
1697911440,13593940,13600788,1.6473
1697911500,13594937,13597743,1.6446
1697911560,13592271,13574233,1.645
1697911620,13579965,13571280,1.6395
1697911680,13547915,13543893,1.6423
1697911740,13542074,13541401,1.6424
1697911800,13539301,13558827,1.6396
1697911860,13559668,13563418,1.6393
1697911920,13559891,13558611,1.6386
1697911980,13545267,13536052,1.6328
1697912040,13528492,13520748,1.6346
1697912100,13511669,13518236,1.6315
1697912160,13511607,13513442,1.6379
1697912220,13512200,13517621,1.6392
1697912280,13521877,13524504,1.64
1697912340,13532332,13536511,1.6424
1697912400,13541918,13541918,1.6425
1697912460,13543750,13547373,1.6433
1697912520,13548643,13550293,1.6456
1697912580,13558864,13559641,1.6442
1697912640,13569678,13579461,1.644
1697912700,13581962,13580174,1.6445
1697912760,13581264,13581789,1.6457
1697912820,13582389,13600774,1.6458
1697912880,13600445,13601519,1.6474
1697912940,13601150,13599937,1.6458
1697913000,13594496,13597361,1.6448
1697913060,13598288,13597727,1.6448
1697913120,13598675,13600005,1.6438
1697913180,13609571,13609410,1.6433
1697913240,13608608,13608712,1.6447
1697913300,13607888,13610398,1.6437
1697913360,13608572,13605835,1.644
1697913420,13606274,13606328,1.6463
1697913480,13606881,13606881,1.6481
1697913540,13605609,13603015,1.648
1697913600,13601666,13603946,1.6494
1697913660,13601974,13605176,1.6483
1697913720,13605308,13603792,1.6476
1697913780,13601254,13599226,1.6485
1697913840,13598203,13596198,1.6487
1697913900,13596651,13593866,1.6473
1697913960,13593856,13593830,1.6479
1697914020,13593902,13593844,1.6477
1697914080,13593377,13593731,1.649
1697914140,13594254,13600899,1.6495
1697914200,13601832,13605255,1.6532
1697914260,13615668,13616056,1.652
1697914320,13618026,13616901,1.6528
1697914380,13616236,13616570,1.6531
1697914440,13616665,13616795,1.653
1697914500,13617047,13619183,1.6543
1697914560,13619205,13618581,1.654
1697914620,13618524,13618828,1.653
1697914680,13616536,13615569,1.6543
1697914740,13615769,13618515,1.6549
1697914800,13616157,13618149,1.6549
1697914860,13619242,13619242,1.657
1697914920,13621562,13630341,1.6568
1697914980,13627698,13627698,1.6565
1697915040,13627452,13631132,1.6555
1697915100,13630355,13628832,1.6537
1697915160,13628166,13631095,1.6524
1697915220,13633765,13633274,1.6516
1697915280,13634477,13635346,1.6497
1697915340,13632059,13631230,1.6497
1697915400,13630857,13632851,1.6484
1697915460,13631781,13631888,1.6464
1697915520,13629213,13626610,1.6451
1697915580,13623376,13620755,1.6448
1697915640,13623154,13617580,1.6434
1697915700,13620146,13620267,1.6448
1697915760,13624088,13625856,1.6458
1697915820,13626170,13626408,1.6467
1697915880,13622470,13622524,1.645
1697915940,13622735,13623335,1.6453
1697916000,13624645,13624879,1.6459
1697916060,13625547,13626379,1.6464
1697916120,13626388,13626877,1.6464
1697916180,13625816,13625816,1.643
1697916240,13621718,13622684,1.6439
1697916300,13622767,13623163,1.6435
1697916360,13627863,13628389,1.6441
1697916420,13630917,13633178,1.643
1697916480,13631889,13631578,1.644
1697916540,13633477,13632787,1.6442
1697916600,13634290,13634452,1.6427
1697916660,13627194,13628247,1.6437
1697916720,13629621,13629770,1.6445
1697916780,13626063,13624367,1.6455
1697916840,13625306,13614475,1.6472
1697916900,13615257,13613394,1.6489
1697916960,13618748,13621306,1.651
1697917020,13621203,13622649,1.6523
1697917080,13624074,13625355,1.6527
1697917140,13622239,13622250,1.6529
1697917200,13638812,13638812,1.6509
1697917260,13638329,13641579,1.6531
1697917320,13642353,13643619,1.6525
1697917380,13644238,13640581,1.6542
1697917440,13640084,13640084,1.6535
1697917500,13640911,13641257,1.6556
1697917560,13650139,13651151,1.6543
1697917620,13648042,13647704,1.6549
1697917680,13652220,13651685,1.6555
1697917740,13651957,13652017,1.6554
1697917800,13651610,13652795,1.6564
1697917860,13653326,13653410,1.6588
1697917920,13655376,13656698,1.6586
1697917980,13661063,13667070,1.6559
1697918040,13671558,13659917,1.6531
1697918100,13654766,13657692,1.6518
1697918160,13663484,13667426,1.6516
1697918220,13667764,13667651,1.6515
1697918280,13668320,13669150,1.6519
1697918340,13669344,13669026,1.6516
1697918400,13665417,13665534,1.6531
1697918460,13670665,13671020,1.6563
1697918520,13666161,13666298,1.6572
1697918580,13674607,13674796,1.6569
1697918640,13675826,13676911,1.6569
1697918700,13678956,13680580,1.6561
1697918760,13684243,13683739,1.6557
1697918820,13684102,13685653,1.6588
1697918880,13688538,13688538,1.6607
1697918940,13690757,13691365,1.6566
1697919000,13696503,13697638,1.6558
1697919060,13698494,13698494,1.6559
1697919120,13698365,13699348,1.6555
1697919180,13694936,13694936,1.6542
1697919240,13693227,13691976,1.6546
1697919300,13691905,13694863,1.6516
1697919360,13688157,13687325,1.6511
1697919420,13686644,13685925,1.6513
1697919480,13686514,13686208,1.6525
1697919540,13685550,13686751,1.6529
1697919600,13688438,13688289,1.6515
1697919660,13683936,13684850,1.6506
1697919720,13684660,13688293,1.65
1697919780,13688010,13688379,1.6465
1697919840,13692071,13678869,1.6449
1697919900,13679059,13681474,1.644
1697919960,13683512,13683512,1.6462
1697920020,13682580,13681301,1.6478
1697920080,13679479,13679479,1.6471
1697920140,13677807,13678183,1.6469
1697920200,13678814,13678408,1.648
1697920260,13677329,13677243,1.6501
1697920320,13674067,13673979,1.6512
1697920380,13673718,13674553,1.6526
1697920440,13674901,13676334,1.6536
1697920500,13678162,13677481,1.6517
1697920560,13678986,13678639,1.6514
1697920620,13679744,13676976,1.6497
1697920680,13680057,13680545,1.6493
1697920740,13681965,13682180,1.6488
1697920800,13683699,13683353,1.6471
1697920860,13682498,13684483,1.6449
1697920920,13678316,13676932,1.6462
1697920980,13676899,13676991,1.6471
1697921040,13679347,13680318,1.6466
1697921100,13679587,13679674,1.6475
1697921160,13680079,13681312,1.6483
1697921220,13681520,13683338,1.6496
1697921280,13683800,13683877,1.6507
1697921340,13684031,13684397,1.6498
1697921400,13683174,13684327,1.6503
1697921460,13684439,13685140,1.6506
1697921520,13685556,13686751,1.65
1697921580,13681957,13681957,1.6487
1697921640,13681416,13681613,1.6486
1697921700,13681687,13681687,1.6498
1697921760,13681824,13681715,1.6508
1697921820,13682583,13682429,1.6492
1697921880,13682815,13683242,1.6496
1697921940,13683748,13681786,1.6491
1697922000,13685830,13687566,1.649
1697922060,13688340,13688823,1.6487
1697922120,13689290,13689441,1.6492
1697922180,13689827,13689186,1.6539
1697922240,13688554,13689085,1.6506
1697922300,13689084,13689127,1.6509
1697922360,13689815,13690376,1.6509
1697922420,13690740,13690532,1.6542
1697922480,13642234,13642132,1.6525
1697922540,13638349,13638607,1.6523
1697922600,13637741,13638529,1.6522
1697922660,13639795,13639660,1.6532
1697922720,13641285,13641613,1.6534
1697922780,13642159,13644477,1.6533
1697922840,13646681,13649038,1.6555
1697922900,13650919,13652639,1.6556
1697922960,13655459,13654173,1.655
1697923020,13654175,13650439,1.6545
1697923080,13651116,13651116,1.6554
1697923140,13651373,13685950,1.6514
1697923200,13685490,13685490,1.6509
1697923260,13683538,13683495,1.6505
1697923320,13685531,13685818,1.6496
1697923380,13685878,13686081,1.6494
1697923440,13685835,13685968,1.648
1697923500,13686231,13686634,1.6479
1697923560,13686805,13687034,1.647
1697923620,13686255,13685219,1.6476
1697923680,13683631,13683517,1.6475
1697923740,13683624,13681324,1.6486
1697923800,13676369,13675184,1.6491
1697923860,13674944,13674962,1.6491
1697923920,13674592,13673065,1.6504
1697923980,13670065,13669962,1.6494
1697924040,13670019,13670521,1.6491
1697924100,13669327,13669578,1.6489
1697924160,13668735,13666657,1.6494
1697924220,13669985,13669199,1.6484
1697924280,13669294,13668627,1.6488
1697924340,13667776,13667776,1.6486
1697924400,13665017,13664565,1.6491
1697924460,13663933,13663471,1.6489
1697924520,13664035,13663966,1.6486
1697924580,13663949,13662050,1.6477
1697924640,13662012,13662343,1.6483
1697924700,13662302,13661874,1.6484
1697924760,13662332,13662352,1.6494
1697924820,13663806,13666331,1.6496
1697924880,13666166,13665842,1.6493
1697924940,13665795,13665982,1.6493
1697925000,13665518,13663571,1.6496
1697925060,13664100,13664272,1.6498
1697925120,13664963,13665967,1.6498
1697925180,13667013,13661854,1.651
1697925240,13662949,13663123,1.6512
1697925300,13663091,13664087,1.6517
1697925360,13663811,13663810,1.6515
1697925420,13665433,13665514,1.651
1697925480,13664426,13664426,1.6507
1697925540,13664587,13664855,1.6508
1697925600,13665748,13666598,1.6509
1697925660,13666909,13651462,1.6552
1697925720,13653950,13652578,1.6551
1697925780,13653915,13653915,1.6548
1697925840,13651772,13650067,1.6525
1697925900,13648976,13647785,1.6533
1697925960,13647389,13647393,1.6546
1697926020,13651877,13647357,1.6525
1697926080,13646205,13646235,1.6527
1697926140,13646052,13642844,1.6529
1697926200,13643804,13640877,1.653
1697926260,13641600,13642583,1.654
1697926320,13649056,13653188,1.6538
1697926380,13654544,13654156,1.6526
1697926440,13653523,13654316,1.6528
1697926500,13653108,13656317,1.6535
1697926560,13655479,13657092,1.6526
1697926620,13656834,13657427,1.6535
1697926680,13658167,13657150,1.6544
1697926740,13657014,13657005,1.6547
1697926800,13660085,13661124,1.6541
1697926860,13662006,13659424,1.6513
1697926920,13660312,13662562,1.6498
1697926980,13661337,13660392,1.6478
1697927040,13661770,13661629,1.648
1697927100,13662622,13644423,1.6456
1697927160,13643716,13642011,1.6438
1697927220,13644419,13642849,1.6442
1697927280,13641728,13641182,1.6443
1697927340,13641280,13641280,1.6452
1697927400,13640936,13630789,1.6419
1697927460,13632080,13632080,1.6433
1697927520,13631470,13631423,1.6421
1697927580,13631058,13631833,1.6426
1697927640,13629689,13629657,1.6433
1697927700,13630938,13628708,1.6414
1697927760,13628802,13622290,1.6406
1697927820,13614342,13611708,1.6413
1697927880,13613047,13613381,1.6412
1697927940,13613913,13611963,1.6403
1697928000,13603957,13597870,1.6398
1697928060,13590832,13584201,1.6378
1697928120,13573828,13570018,1.6373
1697928180,13556103,13541601,1.6357
1697928240,13525472,13519534,1.6361
1697928300,13520502,13523216,1.6371
1697928360,13522734,13522734,1.6381
1697928420,13517589,13512583,1.637
1697928480,13511864,13512093,1.6374
1697928540,13512012,13507901,1.6356
1697928600,13507372,13507306,1.6336
1697928660,13506885,13501024,1.6346
1697928720,13500756,13502308,1.6354
1697928780,13502269,13503145,1.6364
1697928840,13501295,13501314,1.6349
1697928900,13501364,13501060,1.636
1697928960,13498096,13498005,1.6373
1697929020,13496761,13496295,1.6378
1697929080,13493094,13493058,1.638
1697929140,13493946,13493639,1.6385
1697929200,13494883,13496679,1.6385
1697929260,13497018,13499583,1.6371
1697929320,13498992,13499726,1.6369
1697929380,13503156,13502150,1.6356
1697929440,13494173,13494385,1.6343
1697929500,13494572,13494572,1.6368
1697929560,13495755,13498154,1.6386
1697929620,13497739,13497739,1.6367
1697929680,13499436,13497758,1.6373
1697929740,13496359,13496108,1.6362
1697929800,13496264,13494804,1.6366
1697929860,13493567,13493197,1.6363
1697929920,13492343,13494819,1.637
1697929980,13494867,13495529,1.6365
1697930040,13497250,13497130,1.6377
1697930100,13495771,13497096,1.6376
1697930160,13495642,13498068,1.6375
1697930220,13498789,13498907,1.638
1697930280,13501027,13502893,1.6387
1697930340,13501492,13505402,1.6405
1697930400,13504030,13505247,1.6415
1697930460,13505395,13505366,1.6422
1697930520,13503822,13504094,1.642
1697930580,13504222,13505473,1.6417
1697930640,13507711,13508334,1.6413
1697930700,13508113,13508836,1.6421
1697930760,13508792,13505907,1.6417
1697930820,13509336,13509336,1.6426
1697930880,13510330,13509655,1.6421
1697930940,13509811,13510759,1.6427
1697931000,13510787,13511793,1.6426
1697931060,13511497,13511124,1.6411
1697931120,13511133,13511517,1.6389
1697931180,13509771,13508584,1.6372
1697931240,13508813,13509220,1.6373
1697931300,13509019,13505267,1.6357
1697931360,13503122,13501844,1.6327
1697931420,13496303,13494980,1.6345
1697931480,13494126,13492508,1.6324
1697931540,13491836,13488484,1.6344
1697931600,13490978,13492357,1.6351
1697931660,13484069,13485353,1.6369
1697931720,13476068,13477134,1.6352
1697931780,13475373,13476164,1.6361
1697931840,13476696,13475881,1.6363
1697931900,13477028,13476675,1.6389
1697931960,13476861,13481081,1.6365
1697932020,13481451,13479502,1.6367
1697932080,13479334,13477753,1.6364
1697932140,13475915,13476002,1.6364
1697932200,13476773,13476773,1.6357
1697932260,13476880,13477198,1.6357
1697932320,13478612,13478612,1.6376
1697932380,13480038,13480126,1.6372
1697932440,13482435,13479931,1.6367
1697932500,13481410,13482837,1.6376
1697932560,13482789,13482083,1.6383
1697932620,13493464,13496597,1.6385
1697932680,13498026,13496322,1.637
1697932740,13491574,13491467,1.6363
1697932800,13481813,13480787,1.6369
1697932860,13480930,13481113,1.6365
1697932920,13483760,13479495,1.6358
1697932980,13476326,13472654,1.6351
1697933040,13473698,13472052,1.635
1697933100,13472240,13471611,1.6363
1697933160,13472407,13473629,1.6347
1697933220,13473871,13473803,1.6364
1697933280,13473885,13474298,1.6373
1697933340,13474596,13471695,1.6405
1697933400,13471489,13470574,1.6416
1697933460,13470872,13470872,1.6411
1697933520,13468671,13479986,1.6469
1697933580,13490319,13500132,1.648
1697933640,13505248,13516492,1.6488
1697933700,13514343,13520189,1.6487
1697933760,13517902,13514476,1.6507
1697933820,13513664,13510547,1.6502
1697933880,13509108,13514229,1.6509
1697933940,13515480,13515470,1.6491
1697934000,13510774,13512040,1.6502
1697934060,13513205,13513581,1.649
1697934120,13513677,13512808,1.6479
1697934180,13510786,13508698,1.6462
1697934240,13508633,13507683,1.6471
1697934300,13508642,13508002,1.6472
1697934360,13508561,13509230,1.6483
1697934420,13508191,13508242,1.648
1697934480,13508563,13508570,1.6508
1697934540,13508145,13508068,1.6511
1697934600,13506306,13502923,1.6528
1697934660,13514135,13514222,1.6555
1697934720,13510174,13510681,1.6512
1697934780,13511200,13511876,1.648
1697934840,13509150,13509150,1.6459
1697934900,13502888,13500811,1.6476
1697934960,13501001,13501001,1.6494
1697935020,13500690,13501226,1.6502
1697935080,13500804,13500804,1.6513
1697935140,13501155,13501480,1.6513
1697935200,13498323,13498032,1.65
1697935260,13495641,13496243,1.6494
1697935320,13496080,13495487,1.6486
1697935380,13497236,13505394,1.649
1697935440,13504840,13502487,1.6488
1697935500,13501899,13505279,1.6505
1697935560,13505357,13503254,1.6502
1697935620,13502451,13504263,1.6516
1697935680,13504693,13503352,1.6531
1697935740,13502592,13501518,1.6559
1697935800,13503552,13507161,1.6565
1697935860,13516072,13518812,1.66
1697935920,13517887,13517256,1.66
1697935980,13517156,13514635,1.6605
1697936040,13516680,13521634,1.6577
1697936100,13518784,13519643,1.6563
1697936160,13519488,13519488,1.6555
1697936220,13517073,13519533,1.657
1697936280,13518204,13518390,1.6581
1697936340,13520526,13521932,1.66
1697936400,13524199,13524767,1.6578
1697936460,13528138,13526861,1.6586
1697936520,13526109,13527124,1.659
1697936580,13528234,13528468,1.662
1697936640,13530585,13529041,1.6603
1697936700,13531878,13534063,1.6587
1697936760,13532264,13532235,1.6571
1697936820,13532352,13533501,1.6565
1697936880,13534208,13530714,1.6579
1697936940,13521813,13523530,1.6565
1697937000,13523537,13523308,1.6576
1697937060,13524095,13525661,1.66
1697937120,13526271,13526875,1.6619
1697937180,13527609,13528382,1.6639
1697937240,13529548,13527191,1.6646
1697937300,13527545,13528593,1.6644
1697937360,13530778,13531550,1.6621
1697937420,13532583,13533436,1.6594
1697937480,13534968,13526773,1.6557
1697937540,13524408,13516438,1.6546
1697937600,13515435,13512661,1.6538
1697937660,13511694,13510150,1.6519
1697937720,13510146,13509333,1.6527
1697937780,13509963,13528073,1.6542
1697937840,13529365,13529365,1.6543
1697937900,13530722,13530437,1.6546
1697937960,13530427,13530531,1.6531
1697938020,13529533,13522866,1.6516
1697938080,13520248,13519743,1.6513
1697938140,13520513,13517721,1.6488
1697938200,13515038,13512771,1.6496
1697938260,13515350,13514475,1.6491
1697938320,13513528,13514731,1.6481
1697938380,13516504,13512277,1.6476
1697938440,13511989,13511805,1.6451
1697938500,13516176,13512517,1.6437
1697938560,13503660,13503347,1.6441
1697938620,13503971,13505327,1.6461
1697938680,13505703,13504828,1.6465
1697938740,13505310,13507523,1.645
1697938800,13507475,13506176,1.6478
1697938860,13506862,13507153,1.647
1697938920,13506790,13506767,1.6475
1697938980,13506235,13506461,1.6476
1697939040,13506953,13508301,1.648
1697939100,13507100,13506614,1.648
1697939160,13507882,13508017,1.6478
1697939220,13502562,13501613,1.6477
1697939280,13501332,13501332,1.6475
1697939340,13500668,13500654,1.6497
1697939400,13500178,13497376,1.6506
1697939460,13500025,13499682,1.6508
1697939520,13499455,13499896,1.6504
1697939580,13500009,13501772,1.6504
1697939640,13499898,13497869,1.6517
1697939700,13500072,13501130,1.6534
1697939760,13500720,13498631,1.652
1697939820,13496793,13497014,1.6517
1697939880,13497220,13497331,1.6519
1697939940,13497290,13497607,1.6539
1697940000,13497288,13492250,1.654
1697940060,13492046,13487540,1.6525
1697940120,13489681,13492411,1.6533
1697940180,13493503,13510689,1.6516
1697940240,13513159,13512425,1.6512
1697940300,13516082,13516950,1.6534
1697940360,13517756,13520096,1.6551
1697940420,13522309,13521183,1.6558
1697940480,13526337,13531894,1.6567
1697940540,13531997,13530049,1.6553
1697940600,13531362,13534540,1.6558
1697940660,13535582,13535582,1.6591
1697940720,13536109,13534336,1.6559
1697940780,13531678,13535611,1.6561
1697940840,13538119,13538119,1.6574
1697940900,13537963,13538437,1.6518
1697940960,13591189,13587297,1.6493
1697941020,13579637,13572814,1.6473
1697941080,13562517,13559320,1.6465
1697941140,13559616,13558221,1.645
1697941200,13556531,13555535,1.6448
1697941260,13555184,13552366,1.6434
1697941320,13549992,13551396,1.6416
1697941380,13549910,13547718,1.6416
1697941440,13546983,13548332,1.6414
1697941500,13548477,13553076,1.6419
1697941560,13553326,13553065,1.6418
1697941620,13553301,13552682,1.6425
1697941680,13553983,13553876,1.6436
1697941740,13553132,13553442,1.644
1697941800,13554259,13554500,1.6436
1697941860,13555484,13556101,1.6447
1697941920,13555518,13555518,1.6449
1697941980,13555079,13556108,1.6449
1697942040,13555892,13555509,1.6452
1697942100,13556869,13556858,1.6465
1697942160,13556102,13555051,1.6456
1697942220,13554070,13555559,1.6414
1697942280,13554799,13550890,1.6424
1697942340,13550988,13550988,1.6453
1697942400,13551134,13552621,1.6461
1697942460,13552647,13553081,1.648
1697942520,13553837,13555361,1.6502
1697942580,13559156,13559429,1.651
1697942640,13558374,13563628,1.6513
1697942700,13561564,13562476,1.6516
1697942760,13564597,13563888,1.6511
1697942820,13562879,13562743,1.6487
1697942880,13562781,13562763,1.6492
1697942940,13561696,13562421,1.6492
1697943000,13559372,13559254,1.6514
1697943060,13562931,13562930,1.6521
1697943120,13563054,13562957,1.6527
1697943180,13566006,13566116,1.6515
1697943240,13562814,13562810,1.6507
1697943300,13565155,13564284,1.6518
1697943360,13565637,13566315,1.652
1697943420,13566381,13566359,1.6524
1697943480,13566478,13567916,1.6502
1697943540,13567923,13567998,1.6495
1697943600,13568928,13569070,1.6484
1697943660,13569915,13569915,1.6453
1697943720,13569457,13566744,1.6446
1697943780,13566381,13568513,1.6456
1697943840,13570991,13568242,1.6435
1697943900,13572791,13572791,1.6431
1697943960,13573731,13575476,1.6444
1697944020,13575396,13576455,1.644
1697944080,13576415,13576415,1.6432
1697944140,13566189,13565852,1.6441
1697944200,13566411,13566527,1.6425
1697944260,13565512,13565992,1.6438
1697944320,13564669,13564648,1.6423
1697944380,13565057,13565893,1.6434
1697944440,13570560,13569822,1.6458
1697944500,13571310,13570178,1.6486
1697944560,13568786,13568381,1.6508
1697944620,13568758,13566644,1.6521
1697944680,13566447,13566022,1.6524
1697944740,13565518,13592738,1.6538
1697944800,13591900,13588174,1.6512
1697944860,13588862,13586838,1.6489
1697944920,13586778,13597030,1.6508
1697944980,13596187,13595357,1.6486
1697945040,13595748,13597177,1.6511
1697945100,13597177,13597177,1.6529
