"OI_open","OI_close","timestamp","price_open","price_close"
91824548,91933300,1698017640,0.11524,0.1157
91855609,90558574,1698017700,0.11577,0.11778
90453055,90315888,1698017760,0.11772,0.11766
90229879,90501756,1698017820,0.11766,0.11818
90368972,90471000,1698017880,0.11818,0.11826
90580688,90701062,1698017940,0.1183,0.11796
90847277,90769198,1698018000,0.11796,0.11736
90575117,90403973,1698018060,0.11739,0.11834
90492320,90536092,1698018120,0.11837,0.11817
90591839,90505280,1698018180,0.11817,0.11882
90902860,90902860,1698018240,0.11883,0.11889
90856488,90871437,1698018300,0.11889,0.11904
91015404,90541521,1698018360,0.11917,0.11802
90429887,90575458,1698018420,0.11797,0.11816
90878912,91009790,1698018480,0.11817,0.11831
91026364,91136158,1698018540,0.11831,0.1183
91019187,91153793,1698018600,0.1183,0.11766
91259981,91062674,1698018660,0.11766,0.11766
90862443,90872131,1698018720,0.11767,0.1176
90934599,89167102,1698018780,0.11761,0.11543
86123707,85415435,1698018840,0.11537,0.11051
85659046,84474323,1698018900,0.1105,0.10784
84494728,84627181,1698018960,0.10779,0.10807
84143997,84028942,1698019020,0.10806,0.10902
83791527,83487949,1698019080,0.10908,0.10856
84143963,84460130,1698019140,0.10858,0.1097
84077688,83768689,1698019200,0.10964,0.10946
83486666,83565689,1698019260,0.1095,0.11063
82996809,82687827,1698019320,0.11064,0.11072
82497167,82497167,1698019380,0.11065,0.11183
82724175,82680071,1698019440,0.11195,0.11209
82939414,82969443,1698019500,0.11208,0.11185
83151785,83233765,1698019560,0.11189,0.11207
83165025,83212831,1698019620,0.1121,0.11276
83301288,83343672,1698019680,0.11277,0.11267
83602944,83498320,1698019740,0.11268,0.11267
84053438,83625199,1698019800,0.11268,0.11164
83829668,83690697,1698019860,0.11155,0.11196
83623052,83417767,1698019920,0.11193,0.11326
82935307,83154265,1698019980,0.11326,0.11295
83274006,83492142,1698020040,0.11294,0.11348
83559925,83245420,1698020100,0.11348,0.1142
83481139,83777292,1698020160,0.11417,0.11482
83168239,83643378,1698020220,0.11474,0.11545
84027360,84121843,1698020280,0.11528,0.11479
84415322,83821771,1698020340,0.11475,0.1143
83507310,83565262,1698020400,0.1143,0.11456
83461844,83680950,1698020460,0.11456,0.11485
83687373,84288553,1698020520,0.11484,0.11498
84661663,84661663,1698020580,0.11499,0.11502
84697470,84516476,1698020640,0.11499,0.11398
84562997,84392973,1698020700,0.11398,0.11426
84632748,84801776,1698020760,0.1142,0.11466
84712821,84728640,1698020820,0.11467,0.11478
84733532,84763514,1698020880,0.11483,0.11467
83946482,83749250,1698020940,0.11469,0.11382
83842442,83969136,1698021000,0.1138,0.11373
83825066,84191728,1698021060,0.11375,0.11491
84430768,84391182,1698021120,0.11497,0.11479
84343901,84451874,1698021180,0.11475,0.11494
84600659,84646804,1698021240,0.11484,0.1152
84569214,84671499,1698021300,0.1152,0.11612
84336234,84663038,1698021360,0.11601,0.11616
84697067,84448727,1698021420,0.11614,0.11555
84624027,84942416,1698021480,0.11554,0.11519
84858216,84858216,1698021540,0.1152,0.11547
84877850,84868492,1698021600,0.11537,0.11539
84865474,84671823,1698021660,0.11535,0.115
84389479,84346580,1698021720,0.11501,0.11492
84410507,84464662,1698021780,0.11493,0.11506
84239591,84294308,1698021840,0.115,0.11517
84404845,84620275,1698021900,0.11521,0.11571
84495254,84548554,1698021960,0.1158,0.11517
84428964,84503688,1698022020,0.11517,0.11428
84315357,84242991,1698022080,0.11424,0.11433
84171054,84308318,1698022140,0.11437,0.11519
84143384,84206636,1698022200,0.11506,0.1153
84111564,84098114,1698022260,0.11522,0.11475
84112884,84112884,1698022320,0.11478,0.1133
83141400,83356414,1698022380,0.11328,0.1135
83764903,83834259,1698022440,0.1135,0.11426
83915635,83731771,1698022500,0.11425,0.11402
83725641,83849564,1698022560,0.11406,0.1143
83938422,84044205,1698022620,0.11437,0.1147
84053237,83868336,1698022680,0.11469,0.1147
83829732,83790870,1698022740,0.11467,0.11398
83724169,83726643,1698022800,0.11397,0.11495
83679547,83962663,1698022860,0.11495,0.11469
83896989,83874381,1698022920,0.11479,0.11526
83949207,83846985,1698022980,0.11526,0.11561
83821601,83929106,1698023040,0.11561,0.11524
83790702,83766449,1698023100,0.11515,0.11474
83716020,83656899,1698023160,0.11483,0.11492
83734582,83811492,1698023220,0.11492,0.11488
83721892,83674952,1698023280,0.1149,0.11501
83552850,83552850,1698023340,0.11502,0.11505
83375981,83154589,1698023400,0.11498,0.11525
83139532,83071135,1698023460,0.11529,0.1148
83045456,83034138,1698023520,0.1148,0.1148
83035238,82974433,1698023580,0.1148,0.11473
82944814,83005039,1698023640,0.11465,0.11433
83003136,82875021,1698023700,0.11434,0.11472
82843211,82807155,1698023760,0.11472,0.11453
82789868,82730263,1698023820,0.11446,0.1144
82715161,82753800,1698023880,0.1144,0.11415
82454851,81955735,1698023940,0.11415,0.11397
81679954,81574639,1698024000,0.11397,0.1142
81492044,81794100,1698024060,0.1142,0.11449
81851454,81733792,1698024120,0.11449,0.11479
81734942,81734942,1698024180,0.11478,0.11499
81687951,81836023,1698024240,0.11491,0.11539
81597391,81492674,1698024300,0.11533,0.11578
81660267,81593528,1698024360,0.11578,0.11537
81463219,81410935,1698024420,0.11532,0.11533
81404182,81374824,1698024480,0.11532,0.11526
81382712,81345380,1698024540,0.11528,0.11546
81347556,81259050,1698024600,0.11546,0.11531
81266290,81150513,1698024660,0.11531,0.11503
80863837,80799220,1698024720,0.11503,0.11478
80731885,80689616,1698024780,0.11472,0.11469
80624380,80643028,1698024840,0.11471,0.1149
80645210,80439178,1698024900,0.1149,0.1144
80019349,80010340,1698024960,0.11434,0.11483
79965428,79987820,1698025020,0.11479,0.11444
79952072,80018980,1698025080,0.11444,0.11417
80052766,79987758,1698025140,0.11414,0.11436
80114800,80102487,1698025200,0.11427,0.11418
80221674,80180754,1698025260,0.11417,0.11405
79985842,80243976,1698025320,0.11406,0.11305
80197589,80197589,1698025380,0.11309,0.11328
80094397,80073737,1698025440,0.11328,0.11333
80010595,80190379,1698025500,0.1133,0.11374
80126395,80126395,1698025560,0.11365,0.11388
80218870,80116584,1698025620,0.11384,0.11361
80153727,80153727,1698025680,0.11357,0.11375
80223487,80255595,1698025740,0.11373,0.11387
80285787,80429225,1698025800,0.11388,0.11399
80418310,80484578,1698025860,0.11398,0.11478
80400417,80270151,1698025920,0.11479,0.11485
80301808,80368769,1698025980,0.11477,0.11487
80323513,80450595,1698026040,0.11487,0.11467
80500900,80515687,1698026100,0.11467,0.11476
80512673,80525816,1698026160,0.1147,0.11517
80472837,80488553,1698026220,0.11517,0.11484
80395195,80472154,1698026280,0.11478,0.11506
80638435,80592132,1698026340,0.11506,0.11519
80368769,80455175,1698026400,0.11521,0.11546
80527112,80560767,1698026460,0.11539,0.11556
80442338,80660476,1698026520,0.11564,0.1159
79289979,79213236,1698026580,0.1159,0.11723
79219640,79581533,1698026640,0.11723,0.11609
79183917,78948431,1698026700,0.11609,0.11586
79095549,79189472,1698026760,0.11583,0.11579
79248893,79330208,1698026820,0.11571,0.11652
79521813,79376231,1698026880,0.11645,0.11679
79520527,79520527,1698026940,0.11675,0.11687
79518319,79857381,1698027000,0.11687,0.11722
79889827,80011802,1698027060,0.11726,0.11782
80140956,80670848,1698027120,0.11789,0.11854
80642100,80732780,1698027180,0.11854,0.11787
80899568,80871015,1698027240,0.11787,0.1176
80986377,80961826,1698027300,0.11753,0.11739
80810926,81148070,1698027360,0.1173,0.11873
81034384,81125445,1698027420,0.11873,0.11931
80797283,80935321,1698027480,0.1193,0.11977
81275905,81513870,1698027540,0.11967,0.12056
81855224,81880356,1698027600,0.12062,0.12009
82003616,81462717,1698027660,0.12006,0.11919
81405465,81491975,1698027720,0.11912,0.11875
81505757,81514734,1698027780,0.11876,0.11868
81565782,81754054,1698027840,0.11863,0.11893
81919589,81878631,1698027900,0.119,0.11874
81559714,81687494,1698027960,0.11873,0.11775
81698175,81698175,1698028020,0.1178,0.11632
81046747,81217116,1698028080,0.11644,0.11703
80317974,80320600,1698028140,0.11704,0.11697
80322785,80536584,1698028200,0.11697,0.11676
80552288,80646935,1698028260,0.11675,0.11739
80905853,81072364,1698028320,0.1174,0.11937
81148250,81341517,1698028380,0.11937,0.11858
81382758,81401520,1698028440,0.11859,0.118
81382033,81414112,1698028500,0.11795,0.11827
81433515,81671760,1698028560,0.11827,0.1189
81784457,81661273,1698028620,0.11891,0.11816
81768748,81767018,1698028680,0.11816,0.11767
81811905,81937300,1698028740,0.11767,0.11824
81969123,82075013,1698028800,0.11823,0.11877
82466901,82668069,1698028860,0.11884,0.11908
82574790,82725799,1698028920,0.11909,0.1191
82703128,82703128,1698028980,0.11911,0.11915
82959785,83056516,1698029040,0.11914,0.11892
83133222,83133222,1698029100,0.11893,0.1185
83071925,83057584,1698029160,0.11851,0.11836
83122637,83292429,1698029220,0.11837,0.11782
83146200,82939594,1698029280,0.11782,0.11737
82993932,83123067,1698029340,0.11735,0.11746
83216164,83420931,1698029400,0.11747,0.117
83408381,81410822,1698029460,0.11693,0.11467
81657811,82202496,1698029520,0.11469,0.11481
81735861,81711643,1698029580,0.11483,0.11532
81831059,81905980,1698029640,0.11532,0.11516
81916548,82006111,1698029700,0.11509,0.11479
82024895,81900316,1698029760,0.1148,0.11519
81930784,82013795,1698029820,0.11519,0.11535
82076203,82075311,1698029880,0.11531,0.11565
82122881,82436523,1698029940,0.11566,0.11556
82330142,82514117,1698030000,0.11553,0.11658
82342025,82342025,1698030060,0.11658,0.11633
82460091,82671465,1698030120,0.11633,0.11515
82591963,83107668,1698030180,0.11515,0.11389
82855265,82584559,1698030240,0.11389,0.11459
82786472,82705186,1698030300,0.11465,0.11514
82618937,82823764,1698030360,0.11507,0.11558
82821361,82945066,1698030420,0.11557,0.11495
83221420,83327355,1698030480,0.11495,0.11489
83423979,83227365,1698030540,0.11489,0.11499
83161388,83057924,1698030600,0.115,0.11545
83228411,83198377,1698030660,0.11545,0.11596
83238375,83094663,1698030720,0.11595,0.11557
83149325,83184262,1698030780,0.11557,0.1158
83175562,83255838,1698030840,0.1158,0.11536
83384873,83553797,1698030900,0.11534,0.11593
83607321,83607321,1698030960,0.11593,0.11604
83613873,83691813,1698031020,0.11604,0.11648
83850018,83796672,1698031080,0.1165,0.11585
83609680,83709610,1698031140,0.11585,0.11539
83803483,83910004,1698031200,0.1154,0.11573
83954240,83863304,1698031260,0.11578,0.11654
83822369,84144375,1698031320,0.11655,0.11699
84292507,84202142,1698031380,0.11695,0.11708
84323507,84329774,1698031440,0.11724,0.11739
84261873,84365763,1698031500,0.11737,0.11674
84370721,84616124,1698031560,0.11674,0.11694
84865876,84609100,1698031620,0.11689,0.11747
84649189,84675399,1698031680,0.11746,0.11709
84751366,84055534,1698031740,0.11709,0.11604
84066086,84140806,1698031800,0.11603,0.11622
84193226,84265805,1698031860,0.11624,0.11678
84233584,84331044,1698031920,0.11674,0.11695
84326261,84514444,1698031980,0.11695,0.11622
84583608,84788966,1698032040,0.11622,0.11553
84919756,84837506,1698032100,0.11557,0.11603
84531468,84538619,1698032160,0.11603,0.11558
84057263,84057263,1698032220,0.11563,0.11555
83962804,83716298,1698032280,0.11551,0.11516
83697550,83909100,1698032340,0.11514,0.11546
83836092,83758225,1698032400,0.11546,0.11616
83885726,83604498,1698032460,0.11614,0.1157
83564225,83612169,1698032520,0.11573,0.11562
83530876,83417472,1698032580,0.11562,0.11599
83415345,83424014,1698032640,0.11606,0.11575
83443772,83450162,1698032700,0.11569,0.11521
83513572,83518009,1698032760,0.11519,0.11555
83507310,83470048,1698032820,0.11552,0.11552
83437212,83379269,1698032880,0.11552,0.11502
83462604,83155442,1698032940,0.11502,0.11473
82277283,82144376,1698033000,0.11473,0.11436
82023360,82035945,1698033060,0.11431,0.11526
81846700,81846700,1698033120,0.11527,0.11537
82015144,81915772,1698033180,0.11537,0.11496
81857356,81947781,1698033240,0.11498,0.11489
81969601,82003440,1698033300,0.11493,0.11507
82019271,82037330,1698033360,0.11506,0.1152
82038880,82035507,1698033420,0.11526,0.11513
82031414,82115083,1698033480,0.11512,0.115
82220061,82195895,1698033540,0.11504,0.11537
82124736,82119016,1698033600,0.11539,0.11507
81886603,81927359,1698033660,0.11507,0.11506
81984737,81881812,1698033720,0.11513,0.11484
81938802,81749301,1698033780,0.11484,0.11428
81699707,81689187,1698033840,0.11425,0.11427
81774161,81702174,1698033900,0.11424,0.11432
81635636,81551595,1698033960,0.11432,0.11493
81552400,81603891,1698034020,0.11494,0.115
80639140,80457713,1698034080,0.115,0.11579
80391263,80439704,1698034140,0.11579,0.116
80532744,80466447,1698034200,0.116,0.11612
80962627,80962627,1698034260,0.11613,0.116
80881647,80829422,1698034320,0.116,0.11542
80648365,80790865,1698034380,0.11541,0.11574
80801035,80806484,1698034440,0.11574,0.11559
80778375,80778872,1698034500,0.11558,0.11565
80813909,80987380,1698034560,0.11561,0.1159
80965511,80967276,1698034620,0.11584,0.1162
80994780,80936559,1698034680,0.11612,0.11595
80921712,80876171,1698034740,0.11602,0.11538
80857427,80713057,1698034800,0.11531,0.11537
80812194,80883487,1698034860,0.11535,0.11519
80830782,80583243,1698034920,0.11515,0.11488
80645945,80689290,1698034980,0.11489,0.11507
80841039,80885087,1698035040,0.11509,0.11502
80930622,80926740,1698035100,0.11508,0.11565
81015775,81123655,1698035160,0.11564,0.11599
81109462,81115532,1698035220,0.11604,0.1157
81146844,81136588,1698035280,0.11564,0.11543
81135962,81255242,1698035340,0.1155,0.11513
81269791,81226426,1698035400,0.11513,0.11504
81293578,81301936,1698035460,0.11503,0.11497
81717534,81717534,1698035520,0.1149,0.11427
81915606,81361131,1698035580,0.11431,0.11197
80398300,79982537,1698035640,0.11196,0.11042
79589684,79239768,1698035700,0.11041,0.11169
79212528,78976687,1698035760,0.1117,0.11277
79220425,79407104,1698035820,0.11277,0.11289
79605317,79646276,1698035880,0.11292,0.1126
79742578,79964797,1698035940,0.11259,0.11222
80102930,80251609,1698036000,0.11224,0.11167
80127138,80134078,1698036060,0.11165,0.11232
79979301,79902119,1698036120,0.11241,0.11206
79908935,80165268,1698036180,0.11208,0.11234
80204531,80248023,1698036240,0.11243,0.11282
80380917,80491870,1698036300,0.11282,0.11268
80484920,80484540,1698036360,0.11272,0.11262
80442349,80387076,1698036420,0.11263,0.11246
80346301,80291308,1698036480,0.11246,0.11074
80102558,79970866,1698036540,0.11068,0.11073
79117487,79117487,1698036600,0.11071,0.10908
79161787,79615294,1698036660,0.10909,0.11095
79614887,79772616,1698036720,0.11096,0.11109
80115105,80218922,1698036780,0.1111,0.11135
80448200,80516908,1698036840,0.11134,0.11082
80681548,80798577,1698036900,0.11082,0.11118
80625571,80484305,1698036960,0.11119,0.11186
80388861,80284672,1698037020,0.11185,0.11236
80027967,79854964,1698037080,0.11236,0.11295
79799966,79770625,1698037140,0.11287,0.11244
79788567,79801029,1698037200,0.11245,0.11241
79743740,79671135,1698037260,0.11241,0.11341
79542903,79509258,1698037320,0.1134,0.11367
79437934,79647326,1698037380,0.11365,0.11333
79818178,79807296,1698037440,0.11334,0.11279
79942100,80094230,1698037500,0.11276,0.11272
80244961,80267929,1698037560,0.11273,0.11292
80230511,79745880,1698037620,0.11293,0.11175
80120795,80120795,1698037680,0.1118,0.11262
80082734,79981166,1698037740,0.11259,0.11348
80113733,80194266,1698037800,0.1135,0.11312
80180976,80416668,1698037860,0.11309,0.11269
80701347,80832676,1698037920,0.11262,0.11268
80804039,80711151,1698037980,0.11262,0.11275
80613148,80626442,1698038040,0.11275,0.11232
81014388,81035469,1698038100,0.11238,0.11274
81055403,81139975,1698038160,0.11274,0.113
81042188,81039403,1698038220,0.11298,0.11239
81013483,81061049,1698038280,0.11239,0.11284
80922953,80923721,1698038340,0.11289,0.11273
80917631,80951381,1698038400,0.11277,0.11317
80840468,80859545,1698038460,0.11316,0.11322
80798544,80842046,1698038520,0.11318,0.11321
81019980,81533880,1698038580,0.11322,0.11364
81342105,81332662,1698038640,0.11365,0.11324
81275750,81275750,1698038700,0.11323,0.11378
81316642,81418192,1698038760,0.11377,0.11418
80672278,80703829,1698038820,0.11416,0.11425
80864088,81041444,1698038880,0.11424,0.11373
81021396,80997472,1698038940,0.11373,0.11322
81045922,80839926,1698039000,0.11323,0.11332
80947137,80938972,1698039060,0.11331,0.11336
81030862,80994524,1698039120,0.1133,0.11387
80897028,80850478,1698039180,0.11387,0.11303
81014769,80938258,1698039240,0.11303,0.11317
80998239,81049451,1698039300,0.11317,0.11323
81066220,81084907,1698039360,0.11323,0.11376
80384494,80418644,1698039420,0.11374,0.11452
80564769,80564769,1698039480,0.11452,0.11446
80920219,80873950,1698039540,0.11447,0.11418
80680407,80680407,1698039600,0.11412,0.11475
80597378,80475376,1698039660,0.11476,0.1149
80323390,80430333,1698039720,0.11489,0.11515
80407404,79380453,1698039780,0.11516,0.11643
79734699,79910201,1698039840,0.11644,0.11599
80278787,80893233,1698039900,0.11591,0.11651
81147979,81313598,1698039960,0.11658,0.11675
81441468,81421950,1698040020,0.11677,0.11625
81354355,81308256,1698040080,0.11625,0.1158
81379934,81159213,1698040140,0.11583,0.11587
81192680,81353028,1698040200,0.11587,0.1159
81354382,81484426,1698040260,0.1159,0.1159
81472864,81239346,1698040320,0.11588,0.11541
81243318,81144600,1698040380,0.11541,0.11587
81353466,81385912,1698040440,0.11597,0.11653
81399875,81548253,1698040500,0.11653,0.1165
81799942,81799942,1698040560,0.1165,0.11729
81972284,82285388,1698040620,0.11733,0.11755
82496991,82522424,1698040680,0.11755,0.11757
82722296,82823526,1698040740,0.11756,0.11739
83040171,83334991,1698040800,0.11739,0.11757
83774550,83804224,1698040860,0.11756,0.11708
83915090,83705855,1698040920,0.11702,0.1165
83165765,83293694,1698040980,0.1165,0.11663
83331378,83523032,1698041040,0.11663,0.11684
83532614,83551433,1698041100,0.11684,0.11644
83556009,83665110,1698041160,0.11651,0.11688
83748592,83780821,1698041220,0.11688,0.11752
83982424,84505961,1698041280,0.11752,0.11718
84420083,84251881,1698041340,0.1171,0.11736
84255555,84340993,1698041400,0.11735,0.11714
84569841,84440718,1698041460,0.11718,0.11682
84394822,84358783,1698041520,0.11689,0.11651
84280175,84116158,1698041580,0.11651,0.11583
83418673,83881972,1698041640,0.1159,0.11625
83996167,84016133,1698041700,0.11625,0.11641
84020995,83992143,1698041760,0.11641,0.11658
84001200,84001200,1698041820,0.11658,0.11667
84259087,84339357,1698041880,0.11666,0.11633
84432180,84535573,1698041940,0.11632,0.11683
84422218,84513505,1698042000,0.11682,0.117
84567953,84560436,1698042060,0.117,0.117
84658616,84749798,1698042120,0.11701,0.11656
84474816,84483003,1698042180,0.1166,0.11635
84504373,84503124,1698042240,0.1163,0.11618
84463054,84419637,1698042300,0.11625,0.11555
84283497,84181710,1698042360,0.11559,0.11563
84148422,84138292,1698042420,0.11571,0.1158
84131940,83991840,1698042480,0.11582,0.11608
83962497,83946567,1698042540,0.11608,0.11633
84002917,83971010,1698042600,0.11635,0.11618
83935658,83936077,1698042660,0.11618,0.11626
84008455,84138126,1698042720,0.11626,0.11637
84360382,84339671,1698042780,0.11633,0.11637
84440745,84591177,1698042840,0.11637,0.1163
84603098,84692603,1698042900,0.11629,0.11607
84804979,84883014,1698042960,0.11606,0.11582
84812271,84855474,1698043020,0.11589,0.11566
84846340,82962139,1698043080,0.11571,0.11429
83199737,82793168,1698043140,0.11431,0.1135
82922218,82885312,1698043200,0.11358,0.11388
82995323,82995323,1698043260,0.11388,0.11416
83019972,83144655,1698043320,0.11416,0.11369
83176751,83515517,1698043380,0.11364,0.1131
83456483,83634527,1698043440,0.11311,0.11362
83635898,83800195,1698043500,0.11362,0.11351
83712985,83622467,1698043560,0.11351,0.11354
82987078,82780727,1698043620,0.11355,0.11419
82975492,83051450,1698043680,0.11417,0.11374
83007897,82874805,1698043740,0.11374,0.11439
82655361,82568006,1698043800,0.11438,0.11429
82609838,82594623,1698043860,0.11431,0.11397
82690168,82762040,1698043920,0.11397,0.11379
82848189,82943588,1698043980,0.11378,0.11332
82109246,82262261,1698044040,0.11332,0.11187
82518183,82522880,1698044100,0.11187,0.11183
82803717,82797866,1698044160,0.11187,0.11217
82531890,82575245,1698044220,0.11217,0.11253
82711834,82501633,1698044280,0.11253,0.11164
82344814,82357011,1698044340,0.11161,0.111
82735292,82909357,1698044400,0.11101,0.11179
82823915,82701449,1698044460,0.11172,0.11145
82931007,82923354,1698044520,0.11143,0.11195
82960337,83081562,1698044580,0.11187,0.11166
83214686,83244382,1698044640,0.11159,0.1113
83219379,83163807,1698044700,0.1113,0.11215
83400932,83416694,1698044760,0.11213,0.11184
83422623,83422623,1698044820,0.11185,0.1118
83521717,83181739,1698044880,0.1119,0.11286
83218215,83116010,1698044940,0.11288,0.11216
83121882,83375250,1698045000,0.11216,0.11211
83427880,83452800,1698045060,0.11214,0.11213
83528357,83569710,1698045120,0.11208,0.11189
83635807,83568336,1698045180,0.11196,0.11144
83672834,83600400,1698045240,0.11145,0.11125
83563668,83564210,1698045300,0.11128,0.11196
83539946,83490756,1698045360,0.11196,0.11246
83160793,83294868,1698045420,0.1124,0.11232
83614125,83642905,1698045480,0.11232,0.11217
83702846,83647592,1698045540,0.11215,0.11243
83786662,83783869,1698045600,0.11248,0.1122
83809968,83800083,1698045660,0.1122,0.11242
83883504,83926398,1698045720,0.11242,0.11228
84071801,84105575,1698045780,0.11228,0.11223
84139112,84263751,1698045840,0.11223,0.11211
84313810,84306841,1698045900,0.11207,0.11182
84371723,84299872,1698045960,0.11183,0.11167
84262950,84224685,1698046020,0.11167,0.11171
84294607,84271615,1698046080,0.1117,0.1119
84123644,84125325,1698046140,0.1119,0.11224
84070033,84012213,1698046200,0.11224,0.11211
84078684,84126183,1698046260,0.11219,0.11214
84193062,84193062,1698046320,0.11209,0.11187
84175703,84249739,1698046380,0.1119,0.11192
84282603,84316495,1698046440,0.11188,0.11165
84417342,84553665,1698046500,0.11165,0.11155
84385818,83386304,1698046560,0.11151,0.11352
83057239,83192001,1698046620,0.11351,0.11301
83414351,83519348,1698046680,0.11303,0.11262
83647080,83655252,1698046740,0.11262,0.11272
83626698,83716753,1698046800,0.11271,0.11272
83771781,83775165,1698046860,0.11271,0.11329
83522392,83569700,1698046920,0.11334,0.11294
83923481,83914812,1698046980,0.11294,0.11314
84288848,84337726,1698047040,0.11314,0.11323
84387085,84338359,1698047100,0.11317,0.11304
84381746,84527985,1698047160,0.11298,0.1128
84550306,84585157,1698047220,0.1128,0.11282
84575758,84653574,1698047280,0.11282,0.11287
84706801,84626664,1698047340,0.11287,0.11254
84720989,84778023,1698047400,0.11249,0.112
84665878,84753148,1698047460,0.112,0.11128
84958940,84977958,1698047520,0.11127,0.11114
85018351,85238495,1698047580,0.11108,0.11067
85204335,85204335,1698047640,0.1106,0.11122
85090158,84823716,1698047700,0.11113,0.11153
84812589,84812589,1698047760,0.1115,0.11173
84886532,84831406,1698047820,0.11172,0.11218
84821354,84826547,1698047880,0.11218,0.11183
84826413,84785141,1698047940,0.11182,0.11278
84882256,84844896,1698048000,0.11269,0.11209
85015030,84899328,1698048060,0.1121,0.11314
85066690,85171231,1698048120,0.11311,0.11293
85095396,85081465,1698048180,0.11294,0.11189
84798701,84938331,1698048240,0.11189,0.11144
84985650,84988252,1698048300,0.11149,0.11156
84829601,84796826,1698048360,0.11149,0.11191
84784682,84809064,1698048420,0.112,0.1125
84676951,84988993,1698048480,0.11244,0.11236
85012399,85046271,1698048540,0.11237,0.11246
84930175,84886793,1698048600,0.11246,0.11235
84863622,85020997,1698048660,0.11235,0.11262
85024558,85141051,1698048720,0.11267,0.11218
85258136,85354721,1698048780,0.11217,0.11194
85371224,85350484,1698048840,0.112,0.11206
85520441,85627302,1698048900,0.112,0.11174
85621053,85512637,1698048960,0.11168,0.11218
85310357,85310357,1698049020,0.11218,0.11252
85324878,85396683,1698049080,0.11245,0.11214
85418813,85461824,1698049140,0.11213,0.1126
85482616,85465062,1698049200,0.11261,0.11251
85526240,85539315,1698049260,0.11251,0.11267
85593466,85315469,1698049320,0.11267,0.11412
83505341,83114771,1698049380,0.11412,0.11497
83566899,83768371,1698049440,0.11497,0.1146
84097409,84255090,1698049500,0.11462,0.11459
84673854,84720086,1698049560,0.11459,0.1144
84671895,84634235,1698049620,0.11444,0.11407
84745984,85013881,1698049680,0.11413,0.11473
85036822,85235230,1698049740,0.11467,0.11443
85284669,85095899,1698049800,0.11443,0.11395
85229800,85449843,1698049860,0.11394,0.11406
85573270,85882765,1698049920,0.11408,0.11482
85964168,86238668,1698049980,0.11482,0.11482
86236048,86042692,1698050040,0.11483,0.11411
85815633,85743118,1698050100,0.11414,0.11349
85848939,85811299,1698050160,0.11343,0.114
85452682,85422133,1698050220,0.11396,0.11426
85531447,85660891,1698050280,0.11426,0.11449
85829081,85919714,1698050340,0.1145,0.11434
86151569,86222659,1698050400,0.11438,0.11396
86235534,86235534,1698050460,0.11395,0.11433
86283868,86375861,1698050520,0.11433,0.11415
86416626,86694934,1698050580,0.11415,0.1144
86847797,87082034,1698050640,0.11436,0.1142
87192757,87358724,1698050700,0.11419,0.11433
87480172,87687518,1698050760,0.11433,0.11431
87895866,87972986,1698050820,0.11431,0.11435
88031996,87911301,1698050880,0.11435,0.11369
87598948,87748591,1698050940,0.11369,0.11367
87752191,87977690,1698051000,0.11367,0.1137
88120580,88145902,1698051060,0.11371,0.11251
87440628,87379630,1698051120,0.11251,0.1127
87371175,87545426,1698051180,0.11269,0.11302
87618858,87613529,1698051240,0.11301,0.11303
87728794,87770517,1698051300,0.11302,0.11278
87704762,87627297,1698051360,0.11278,0.11286
87644142,87697399,1698051420,0.11287,0.11306
87780655,87762771,1698051480,0.11306,0.11324
87815312,87755933,1698051540,0.11324,0.11332
87751704,87758573,1698051600,0.11332,0.11317
87703653,87656308,1698051660,0.11318,0.11286
87514262,87514262,1698051720,0.11289,0.11317
87549585,87361161,1698051780,0.11323,0.11318
87372397,87374163,1698051840,0.11317,0.1133
87386923,87421823,1698051900,0.11331,0.11391
87280067,87378321,1698051960,0.11391,0.11392
87463522,87520726,1698052020,0.11392,0.11385
87593965,87587760,1698052080,0.11384,0.11368
87507604,87538341,1698052140,0.11368,0.11336
87574408,87603041,1698052200,0.11336,0.11336
87593546,87567585,1698052260,0.11336,0.11343
87586123,87652920,1698052320,0.11343,0.11358
87644444,87639220,1698052380,0.11351,0.11354
87784743,87790857,1698052440,0.1135,0.11372
87769506,87799942,1698052500,0.11372,0.11348
87692128,87737945,1698052560,0.11348,0.11386
87241717,87022300,1698052620,0.11385,0.1148
86519700,86422610,1698052680,0.11479,0.11442
86724338,86677403,1698052740,0.1144,0.11433
86653257,86697696,1698052800,0.11433,0.114
86726959,86726959,1698052860,0.114,0.11423
86706621,86861919,1698052920,0.11422,0.11396
87011582,86738224,1698052980,0.11396,0.114
86825409,86844516,1698053040,0.11394,0.1139
86780648,87012461,1698053100,0.11391,0.11386
86953864,86993014,1698053160,0.11384,0.114
87050668,87050668,1698053220,0.11399,0.11392
87165043,87069900,1698053280,0.11392,0.11357
87122783,86890882,1698053340,0.11357,0.11216
85797070,86193810,1698053400,0.1122,0.11208
85973199,86057751,1698053460,0.11211,0.11166
86028712,85882728,1698053520,0.11162,0.11125
86003878,85998231,1698053580,0.11122,0.11134
86066259,86251812,1698053640,0.11138,0.11082
86101643,86345475,1698053700,0.11086,0.11123
86374908,86468519,1698053760,0.11123,0.11141
86497958,86447531,1698053820,0.11141,0.11151
86828363,86889596,1698053880,0.11152,0.11182
86880001,86922334,1698053940,0.11182,0.11175
87009206,87206911,1698054000,0.11175,0.11071
87244312,87391874,1698054060,0.11071,0.11038
87311223,87272039,1698054120,0.11036,0.1102
87540190,87123654,1698054180,0.11028,0.11088
87264591,87394406,1698054240,0.11087,0.11101
87356536,87629385,1698054300,0.11101,0.11061
87681943,87862912,1698054360,0.11057,0.11
86967876,83908620,1698054420,0.11,0.10661
83116880,83337575,1698054480,0.10653,0.10763
83543968,83543968,1698054540,0.1076,0.10813
83645926,83397002,1698054600,0.10814,0.10862
83531723,83633135,1698054660,0.10862,0.10837
83817066,83550608,1698054720,0.10837,0.10809
83507088,83591290,1698054780,0.1081,0.10836
83631296,83750107,1698054840,0.10837,0.10837
83674816,83853487,1698054900,0.10837,0.10842
83928973,83962090,1698054960,0.10843,0.10811
84193744,84492761,1698055020,0.10813,0.108
84645686,84706756,1698055080,0.10804,0.10812
84631430,84673503,1698055140,0.10812,0.10802
84692840,84233370,1698055200,0.10802,0.109
83959692,83813944,1698055260,0.10895,0.10857
83904736,83997124,1698055320,0.10862,0.10885
83972982,83930707,1698055380,0.10885,0.10901
84130620,83926191,1698055440,0.10903,0.10835
84125188,84125188,1698055500,0.10838,0.10887
84091543,83918388,1698055560,0.1089,0.10954
83501780,83332701,1698055620,0.10954,0.1091
83732018,83812425,1698055680,0.1091,0.10935
83830127,83733141,1698055740,0.10935,0.10927
83726764,83689201,1698055800,0.1093,0.109
83624049,83702754,1698055860,0.109,0.10905
83505172,83486756,1698055920,0.10907,0.10951
83289580,83049625,1698055980,0.10948,0.10965
83119422,83084204,1698056040,0.10966,0.10932
83079099,83031916,1698056100,0.10932,0.10969
82925394,83135731,1698056160,0.10968,0.10957
82968384,82155314,1698056220,0.10958,0.11072
81692815,81021331,1698056280,0.11071,0.1115
80990316,81107845,1698056340,0.11152,0.11155
80983747,80972195,1698056400,0.11153,0.11124
80867002,81026433,1698056460,0.11122,0.11097
81199567,81235175,1698056520,0.11097,0.11106
81074158,81111130,1698056580,0.11103,0.1109
81067577,81347123,1698056640,0.1109,0.11048
81312433,81431439,1698056700,0.11051,0.11083
81232553,81232553,1698056760,0.11081,0.11128
81346560,81209072,1698056820,0.11128,0.1118
81668652,81226204,1698056880,0.11179,0.11265
81379962,81605479,1698056940,0.1126,0.11234
81773935,81400114,1698057000,0.11234,0.11184
81703340,82002079,1698057060,0.11178,0.11186
82148919,82033668,1698057120,0.11186,0.11216
82048028,82249737,1698057180,0.11217,0.11317
80932640,81815841,1698057240,0.11318,0.11363
81569069,82068285,1698057300,0.11362,0.11372
82578664,83006280,1698057360,0.11368,0.11317
83651132,83886133,1698057420,0.11315,0.11298
84074188,84319671,1698057480,0.11294,0.11302
84264931,84325944,1698057540,0.113,0.11276
84628291,85385469,1698057600,0.11273,0.1134
85331734,85476282,1698057660,0.11341,0.11285
85569516,85682171,1698057720,0.11288,0.11311
85793445,85910888,1698057780,0.1131,0.11328
85896863,85896863,1698057840,0.11328,0.11317
86006804,85920170,1698057900,0.11317,0.11331
86027191,86165926,1698057960,0.11325,0.1129
86283488,86563006,1698058020,0.11291,0.11288
86616420,86710435,1698058080,0.11288,0.11289
86868384,86912962,1698058140,0.11289,0.11283
87131357,87307724,1698058200,0.11284,0.11278
87396107,87545847,1698058260,0.11276,0.11289
87631085,87675831,1698058320,0.11289,0.113
88137638,88204907,1698058380,0.113,0.11327
88080440,88244264,1698058440,0.11322,0.113
88394192,88425801,1698058500,0.113,0.11295
88621412,88041583,1698058560,0.11296,0.11439
87675115,87930154,1698058620,0.11441,0.11393
88076073,88662983,1698058680,0.11392,0.11333
88706452,88776084,1698058740,0.11332,0.11341
88887086,89068938,1698058800,0.11343,0.11362
89120221,89246787,1698058860,0.11365,0.11326
89226086,89308722,1698058920,0.11328,0.11302
89372126,89447587,1698058980,0.11299,0.11294
89485942,89691173,1698059040,0.1129,0.11311
89787593,89882136,1698059100,0.11311,0.11348
89822234,89897855,1698059160,0.11346,0.11301
89892348,89892348,1698059220,0.11302,0.11291
89848459,89827367,1698059280,0.11292,0.11232
89080277,89516535,1698059340,0.11231,0.11267
89603949,89698347,1698059400,0.11268,0.11265
89680262,89722361,1698059460,0.1126,0.11272
89834405,88969663,1698059520,0.11272,0.11126
87991307,88193167,1698059580,0.11127,0.11177
87980753,88033773,1698059640,0.11179,0.11178
88138739,88509099,1698059700,0.11178,0.11213
88520247,88730635,1698059760,0.11217,0.11247
88880764,88940614,1698059820,0.11247,0.11259
89027934,88993489,1698059880,0.11255,0.11256
89079858,89120654,1698059940,0.11264,0.11252
89375812,89503583,1698060000,0.11252,0.11257
89528834,89634635,1698060060,0.11264,0.11253
89757237,89710127,1698060120,0.11251,0.11173
89159385,89091698,1698060180,0.11172,0.11175
88892501,88834571,1698060240,0.11175,0.11118
89005367,89015333,1698060300,0.11118,0.11139
88996926,89047047,1698060360,0.11139,0.11177
89062158,89137444,1698060420,0.11172,0.11191
89120645,89105765,1698060480,0.11192,0.11162
89162202,89325999,1698060540,0.11164,0.11081
89273973,89273973,1698060600,0.1108,0.1104
89200466,88961050,1698060660,0.1104,0.11125
88669915,88633358,1698060720,0.11122,0.1108
88787003,88903764,1698060780,0.11084,0.1112
88806291,88834003,1698060840,0.11119,0.1112
88838802,88948574,1698060900,0.1112,0.11135
88922799,88959357,1698060960,0.11135,0.11126
89063700,89139680,1698061020,0.11126,0.1113
89102362,89155400,1698061080,0.11129,0.11125
89120799,89016217,1698061140,0.11131,0.11083
88834502,88742857,1698061200,0.11083,0.11101
88749409,88773445,1698061260,0.11101,0.11096
88898230,88720087,1698061320,0.11096,0.11147
88563906,88237034,1698061380,0.11147,0.11106
88351887,88322852,1698061440,0.11105,0.11107
88273407,88425272,1698061500,0.11107,0.11075
88219905,88194529,1698061560,0.1108,0.111
87932051,87938348,1698061620,0.111,0.1111
87914524,87966797,1698061680,0.11112,0.11092
87931269,88057837,1698061740,0.11092,0.11096
87962755,87892005,1698061800,0.11096,0.11107
87878198,87766835,1698061860,0.11107,0.11097
87844688,87844688,1698061920,0.11097,0.11093
87843721,87948434,1698061980,0.11087,0.11087
87939534,87934042,1698062040,0.11081,0.1109
88028897,87955353,1698062100,0.11091,0.1108
87990807,88023100,1698062160,0.11082,0.11084
87953152,87970885,1698062220,0.11083,0.111
87752507,87722252,1698062280,0.11099,0.11084
87551190,87695105,1698062340,0.11078,0.1108
87580800,86584553,1698062400,0.1108,0.10963
86713308,86850155,1698062460,0.10962,0.11001
86402924,86575218,1698062520,0.11005,0.10994
86485742,85120920,1698062580,0.10995,0.10858
84855216,85008565,1698062640,0.10858,0.10894
85145019,85095210,1698062700,0.10898,0.10834
85065801,85051584,1698062760,0.10835,0.1084
85095651,85049235,1698062820,0.1084,0.10858
84979991,84947598,1698062880,0.10859,0.1088
84887973,84942508,1698062940,0.10878,0.10879
85003889,85043536,1698063000,0.10879,0.1084
85031754,85048020,1698063060,0.10843,0.10803
84454200,84485208,1698063120,0.10806,0.10772
84113871,84393150,1698063180,0.10769,0.10804
84149527,84165294,1698063240,0.108,0.10842
83853172,83853172,1698063300,0.10842,0.10906
83551939,83625328,1698063360,0.10912,0.10887
83781118,83949120,1698063420,0.10884,0.10895
83916388,83916388,1698063480,0.10895,0.10889
84131601,84044990,1698063540,0.10894,0.10871
84056837,84028901,1698063600,0.1087,0.1087
84160033,84169835,1698063660,0.10868,0.10858
84283377,84260008,1698063720,0.10859,0.10871
84249379,84261727,1698063780,0.10869,0.10888
84231577,84226472,1698063840,0.10888,0.10909
84048840,83381169,1698063900,0.10907,0.10969
83257457,83389188,1698063960,0.10967,0.10978
83342035,83444174,1698064020,0.10978,0.1098
83374979,82976675,1698064080,0.1098,0.1106
83033336,83049771,1698064140,0.11059,0.1109
82836497,82999915,1698064200,0.11093,0.11023
83048509,83110949,1698064260,0.11022,0.10983
82888461,82919674,1698064320,0.10983,0.10925
83054943,83045135,1698064380,0.10931,0.1096
82943725,82875797,1698064440,0.10962,0.10915
82799692,82873382,1698064500,0.10919,0.10935
82894556,82894556,1698064560,0.10935,0.10899
82797914,82938296,1698064620,0.10899,0.10884
82996953,82983152,1698064680,0.10885,0.10842
83004676,83052234,1698064740,0.10847,0.10877
83092825,83076108,1698064800,0.10881,0.10886
83308075,83348017,1698064860,0.10886,0.10891
83383407,83445612,1698064920,0.10888,0.10813
83436321,83072803,1698064980,0.10809,0.10756
83146697,83295727,1698065040,0.10759,0.1078
83302139,83385813,1698065100,0.10783,0.1076
83505660,83462621,1698065160,0.1076,0.1073
83466425,80402526,1698065220,0.10733,0.10521
80236658,80561122,1698065280,0.10522,0.10641
80683970,80771248,1698065340,0.10635,0.10652
80423235,80560288,1698065400,0.10655,0.10697
80510065,80615714,1698065460,0.10697,0.10673
80699976,80513434,1698065520,0.10676,0.10704
80520132,80520132,1698065580,0.10703,0.10731
80252461,80203625,1698065640,0.10731,0.10735
80327659,80517030,1698065700,0.10736,0.1058
80851947,80868259,1698065760,0.10577,0.10657
81125725,81149291,1698065820,0.10659,0.10721
81112592,81056107,1698065880,0.1072,0.10669
81171350,81335786,1698065940,0.10669,0.10657
81491099,81768603,1698066000,0.10656,0.10699
81839022,81886772,1698066060,0.10704,0.10711
81935308,81899371,1698066120,0.10711,0.1067
82071493,82134146,1698066180,0.10666,0.10689
82148917,82297725,1698066240,0.10689,0.10676
82319591,82209489,1698066300,0.10677,0.10716
82248042,82316565,1698066360,0.10715,0.10728
82233955,81900108,1698066420,0.10729,0.1068
81874132,81870824,1698066480,0.1068,0.1068
81857179,81832955,1698066540,0.1068,0.1068
81949832,81945482,1698066600,0.10704,0.10682
81970413,81970413,1698066660,0.10679,0.10706
81850447,81875408,1698066720,0.10705,0.10665
82056231,82127363,1698066780,0.10665,0.10658
82127943,82220866,1698066840,0.1066,0.10655
82249019,82165023,1698066900,0.10652,0.10573
81985137,82039338,1698066960,0.10579,0.10616
82109758,82000233,1698067020,0.10617,0.106
81940105,81855295,1698067080,0.106,0.10635
81680891,81603481,1698067140,0.10634,0.10675
81464253,81422882,1698067200,0.10668,0.10689
81376241,81409865,1698067260,0.10684,0.1065
81532139,81595297,1698067320,0.1065,0.10633
81628281,81621290,1698067380,0.10633,0.10633
81546873,81519881,1698067440,0.10634,0.10627
81443347,81450029,1698067500,0.10628,0.10568
81427714,81516584,1698067560,0.10568,0.10552
81518314,81546185,1698067620,0.10545,0.10554
81699399,81628745,1698067680,0.1056,0.1055
81824527,81125590,1698067740,0.10554,0.10501
81175320,81358352,1698067800,0.105,0.10532
81325181,81389370,1698067860,0.10528,0.10506
81441826,81441826,1698067920,0.10507,0.10412
81026347,79529069,1698067980,0.10414,0.10337
79754548,79972693,1698068040,0.10348,0.10404
80410248,80408041,1698068100,0.10401,0.10401
80428775,80281807,1698068160,0.10402,0.10367
80349095,80416775,1698068220,0.10367,0.10406
79762743,79762743,1698068280,0.10404,0.1045
79849761,79741364,1698068340,0.1045,0.10449
79835102,79336253,1698068400,0.1045,0.10359
79291159,79439502,1698068460,0.10358,0.10392
79449069,79650303,1698068520,0.10392,0.10391
79767879,79885395,1698068580,0.1039,0.10393
80047365,80153111,1698068640,0.104,0.10429
80233176,80381467,1698068700,0.10427,0.10418
80454417,80245995,1698068760,0.1042,0.10435
80571495,80514488,1698068820,0.10432,0.1045
80682303,80589908,1698068880,0.10432,0.10432
80254621,80254621,1698068940,0.10601,0.1061
79945521,80002479,1698069000,0.1061,0.10612
79984652,79968711,1698069060,0.10615,0.1056
79894051,79894051,1698069120,0.10558,0.1055
79950205,80114501,1698069180,0.10559,0.10567
80437250,80437250,1698069240,0.10568,0.10548
80504733,80560124,1698069300,0.10544,0.10506
80687766,81060036,1698069360,0.10507,0.10476
81189626,81231971,1698069420,0.10472,0.10556
81338520,81426454,1698069480,0.10556,0.10507
81401700,81445434,1698069540,0.10512,0.10506
81467699,81658263,1698069600,0.10506,0.1055
81700761,81627972,1698069660,0.1055,0.10507
81767451,81490650,1698069720,0.10504,0.10385
81847014,81857998,1698069780,0.10386,0.10451
81941469,81979070,1698069840,0.10451,0.10466
81637391,81795949,1698069900,0.10467,0.10522
81779886,81863666,1698069960,0.10522,0.10528
81873442,81900589,1698070020,0.10528,0.10512
81946577,81873882,1698070080,0.10511,0.10482
81904578,81918863,1698070140,0.10489,0.10448
82021843,82209749,1698070200,0.10448,0.10526
82065469,82013337,1698070260,0.10525,0.105
82032645,82032645,1698070320,0.105,0.10485
82029627,82078896,1698070380,0.10485,0.10489
82107917,82107917,1698070440,0.10494,0.10474
82106116,82124129,1698070500,0.10478,0.10456
82193134,82163540,1698070560,0.10462,0.10449
82063892,82092011,1698070620,0.10442,0.10439
82063989,82095241,1698070680,0.10441,0.10448
82159611,82277366,1698070740,0.10454,0.10435
82329930,82292301,1698070800,0.10435,0.10429
82447359,82242373,1698070860,0.10424,0.10392
82098273,81330386,1698070920,0.10398,0.10315
81379699,81085728,1698070980,0.10316,0.10259
80385426,80398861,1698071040,0.10261,0.10329
80328460,80372014,1698071100,0.10328,0.10306
80398202,80469985,1698071160,0.103,0.10265
80300214,80336951,1698071220,0.10267,0.10302
80319069,80508828,1698071280,0.10303,0.10297
80593940,80581171,1698071340,0.10297,0.10291
80792211,80310882,1698071400,0.10297,0.10262
80588183,80671274,1698071460,0.10262,0.10315
80772849,79945379,1698071520,0.10315,0.10399
79876947,79935339,1698071580,0.10403,0.10401
79949898,80087644,1698071640,0.10401,0.10386
80112397,80112397,1698071700,0.10385,0.10366
80192633,80238417,1698071760,0.10368,0.10366
80300482,80343841,1698071820,0.10367,0.1036
80537793,80444668,1698071880,0.1036,0.10358
80488942,80561169,1698071940,0.10358,0.10325
80489993,80490137,1698072000,0.10325,0.1033
80541217,80619963,1698072060,0.1033,0.10352
80749368,80641192,1698072120,0.1035,0.10332
80677136,80737376,1698072180,0.10327,0.10321
80812340,80838442,1698072240,0.1032,0.10343
80723034,80929830,1698072300,0.10342,0.10292
80919532,80937250,1698072360,0.10289,0.10285
81121897,80975829,1698072420,0.10285,0.10305
81032163,81023062,1698072480,0.10304,0.10278
81037108,81144171,1698072540,0.10279,0.10245
81047296,80753741,1698072600,0.10244,0.10165
80328472,80228060,1698072660,0.1016,0.10222
79153174,79328632,1698072720,0.10223,0.10233
79406831,79416356,1698072780,0.10237,0.10247
79555429,79649366,1698072840,0.10244,0.10273
79794084,79794084,1698072900,0.10266,0.10263
79751306,79894006,1698072960,0.10263,0.10224
80017955,79992319,1698073020,0.10222,0.10269
79757361,79611516,1698073080,0.10266,0.10274
79704989,79738911,1698073140,0.10274,0.10269
79767653,79886707,1698073200,0.10268,0.10274
79902419,79980014,1698073260,0.1028,0.10266
80037876,80048852,1698073320,0.10264,0.10279
80211467,80216979,1698073380,0.10279,0.10275
80149072,80167315,1698073440,0.10275,0.1029
80293429,80196145,1698073500,0.10288,0.10288
80173057,80157251,1698073560,0.10291,0.1028
80036081,80122788,1698073620,0.1028,0.10233
80153597,80141184,1698073680,0.10239,0.10215
80056467,80139443,1698073740,0.10212,0.10212
80252098,80286844,1698073800,0.1021,0.10225
80352118,80304311,1698073860,0.10225,0.10284
80191459,80059760,1698073920,0.10275,0.10266
80037440,79988891,1698073980,0.10266,0.103
79810430,79945914,1698074040,0.10299,0.10284
80007907,79945459,1698074100,0.10278,0.1029
79912966,80037073,1698074160,0.10297,0.10292
79689256,79676690,1698074220,0.1029,0.10298
79500376,79500376,1698074280,0.10304,0.10294
79499246,79475932,1698074340,0.10294,0.10273
79470046,79200352,1698074400,0.10269,0.10214
79217666,79346338,1698074460,0.10215,0.10242
79322938,79237550,1698074520,0.10242,0.1023
79046765,79089552,1698074580,0.10229,0.10121
78439946,78493350,1698074640,0.10119,0.10221
78421153,78542542,1698074700,0.10218,0.10198
78590026,78679085,1698074760,0.10201,0.10188
78668302,78632831,1698074820,0.10188,0.10217
78506844,78564026,1698074880,0.1022,0.10232
78519620,78553126,1698074940,0.10232,0.10217
78509040,78374317,1698075000,0.10223,0.10164
78373645,78391387,1698075060,0.10168,0.10194
78345453,78355648,1698075120,0.102,0.1019
78380411,78399254,1698075180,0.10188,0.10179
78331900,78277488,1698075240,0.10183,0.10178
78308507,78308507,1698075300,0.10178,0.10112
78339274,78201413,1698075360,0.10113,0.10175
78254060,78148490,1698075420,0.10168,0.10178
78171721,78171721,1698075480,0.10178,0.10124
78060122,78079130,1698075540,0.1013,0.10133
78003600,77990417,1698075600,0.10131,0.10104
78044216,78175301,1698075660,0.10103,0.1011
78325034,78386784,1698075720,0.1011,0.10116
78348789,78038040,1698075780,0.10117,0.10049
78012627,77972959,1698075840,0.10049,0.1006
78050648,77950729,1698075900,0.10054,0.10102
77957257,77854775,1698075960,0.101,0.10127
77954887,77994895,1698076020,0.10126,0.10097
77961929,77871626,1698076080,0.10097,0.10151
78021233,77963487,1698076140,0.10151,0.10127
78022376,78011282,1698076200,0.10129,0.10109
78083721,78076425,1698076260,0.1011,0.10138
77995616,77978513,1698076320,0.10138,0.10125
77941804,77941978,1698076380,0.1013,0.10118
77823199,77758468,1698076440,0.10119,0.10105
77788682,77703359,1698076500,0.10107,0.10103
77720715,77736082,1698076560,0.10096,0.10066
77935314,77935314,1698076620,0.10066,0.10025
78097095,78128393,1698076680,0.10025,0.10054
78023894,78124242,1698076740,0.10056,0.10053
78206786,78332132,1698076800,0.10056,0.10022
78405698,78465868,1698076860,0.10022,0.10009
78495047,78502946,1698076920,0.10008,0.10012
78550543,78585342,1698076980,0.10013,0.10007
78481751,78477754,1698077040,0.10007,0.10014
78425415,78496990,1698077100,0.10014,0.10015
78535796,77691759,1698077160,0.10015,0.10128
77876643,77872133,1698077220,0.10127,0.10112
78041224,77942633,1698077280,0.10111,0.10113
77969258,77147222,1698077340,0.10113,0.10343
76667279,75715745,1698077400,0.10342,0.10434
75733879,75973633,1698077460,0.10438,0.10509
75059756,75380913,1698077520,0.10509,0.10486
75081205,75510348,1698077580,0.10489,0.10447
75826423,75873969,1698077640,0.10443,0.10424
75906195,75839363,1698077700,0.10425,0.10417
75812376,75556883,1698077760,0.10417,0.10349
75462565,75629740,1698077820,0.10346,0.10335
75952680,76018288,1698077880,0.10336,0.10295
76029338,76015060,1698077940,0.10298,0.103
75976821,75976821,1698078000,0.10299,0.10308
76018070,76016557,1698078060,0.10307,0.10266
75851982,75999576,1698078120,0.10266,0.10251
75857470,75818567,1698078180,0.1025,0.1027
75922927,75835205,1698078240,0.10273,0.10243
76012881,75923763,1698078300,0.10243,0.10207
75798106,75627293,1698078360,0.10207,0.10207
75596509,75505432,1698078420,0.10207,0.10184
75729783,75829750,1698078480,0.10184,0.10202
76006040,75028441,1698078540,0.10202,0.10066
75134718,75540083,1698078600,0.10059,0.10151
75315680,75380163,1698078660,0.1015,0.10191
75577654,75589135,1698078720,0.10191,0.10124
75655583,75666066,1698078780,0.10131,0.10152
75685652,75783233,1698078840,0.10152,0.10122
75934991,75998704,1698078900,0.10116,0.10128
76288247,76203442,1698078960,0.10128,0.10138
76179891,76238501,1698079020,0.10144,0.10164
76210124,76068162,1698079080,0.10168,0.10238
75272262,75234961,1698079140,0.10238,0.10305
75240418,75164566,1698079200,0.10304,0.10265
75182375,75284173,1698079260,0.10269,0.10296
75295734,75326422,1698079320,0.10296,0.10291
75286643,75286643,1698079380,0.10291,0.10282
75280172,75225720,1698079440,0.10283,0.10237
75036592,74975016,1698079500,0.1024,0.10279
74912563,74961655,1698079560,0.10283,0.10337
74093846,74093846,1698079620,0.10338,0.10407
74495242,74167276,1698079680,0.104,0.10407
74396420,74357512,1698079740,0.10406,0.10387
74291300,74492816,1698079800,0.10391,0.10409
74324922,73938103,1698079860,0.10403,0.1032
73932169,73917461,1698079920,0.10324,0.1031
73823146,73812482,1698079980,0.1031,0.10327
73816603,73802937,1698080040,0.1033,0.10322
73729544,73767943,1698080100,0.10325,0.1033
73663395,73733673,1698080160,0.10329,0.10343
73656803,73646788,1698080220,0.10335,0.10389
73724903,73687855,1698080280,0.10391,0.10389
73643280,73744932,1698080340,0.10391,0.10414
73269503,73377798,1698080400,0.10416,0.10437
73251267,73251267,1698080460,0.10496,0.10485
73226792,73304309,1698080520,0.10484,0.10442
73255587,73255587,1698080580,0.10439,0.10469
73296450,73362623,1698080640,0.10474,0.10577
73033097,73576857,1698080700,0.10571,0.1061
73526838,72614715,1698080760,0.10618,0.10578
72766237,72268901,1698080820,0.10583,0.10666
72260542,72260542,1698080880,0.10668,0.10642
72493022,72854863,1698080940,0.10648,0.106
72851067,73146270,1698081000,0.10602,0.10544
72746599,72634926,1698081060,0.10544,0.10534
72420445,71895497,1698081120,0.10535,0.1047
71705019,71639305,1698081180,0.1047,0.10491
71569500,71649672,1698081240,0.10491,0.10509
71667542,71675051,1698081300,0.10513,0.10474
71356073,71274538,1698081360,0.10471,0.10422
71293680,71293680,1698081420,0.10428,0.10443
71340399,71209664,1698081480,0.10449,0.10469
71408448,71415968,1698081540,0.10468,0.10459
71396938,71431412,1698081600,0.1046,0.10469
71427095,71230636,1698081660,0.10465,0.10483
71116958,71058248,1698081720,0.10488,0.10538
71089467,70968853,1698081780,0.10538,0.10544
70915769,71011128,1698081840,0.10545,0.10483
70980626,70984078,1698081900,0.10484,0.10467
70977461,71156677,1698081960,0.1046,0.10456
71132105,71167893,1698082020,0.10457,0.10471
71104787,71104787,1698082080,0.10472,0.10457
71058516,71093797,1698082140,0.1046,0.10478
70947944,70721931,1698082200,0.10475,0.10429
70308782,70308782,1698082260,0.10429,0.10382
70346737,70207567,1698082320,0.10373,0.10353
69930101,69991574,1698082380,0.10343,0.10412
69923570,70071706,1698082440,0.10416,0.10417
70086711,70016495,1698082500,0.10419,0.1042
70036735,70105607,1698082560,0.1042,0.10448
70170243,70078478,1698082620,0.10445,0.10515
70031452,70182296,1698082680,0.10514,0.10483
70261025,70286156,1698082740,0.10484,0.10464
70364818,70390896,1698082800,0.10457,0.10439
70407862,70405120,1698082860,0.10443,0.10446
70412856,70550565,1698082920,0.10445,0.10523
70624483,70697720,1698082980,0.10523,0.1053
70681685,70785341,1698083040,0.10531,0.10529
70993826,71110759,1698083100,0.10528,0.1055
71180128,71210747,1698083160,0.10552,0.1058
71297113,71379119,1698083220,0.10586,0.10564
71457593,71549914,1698083280,0.10568,0.10535
71772247,71804572,1698083340,0.1054,0.10583
71855647,71843910,1698083400,0.10583,0.10579
71952587,71934830,1698083460,0.10579,0.10554
71921012,71885039,1698083520,0.10553,0.10519
72066827,72037157,1698083580,0.10523,0.10534
71977722,71977722,1698083640,0.10533,0.10511
71843507,71804698,1698083700,0.10517,0.10523
71727804,71727804,1698083760,0.10526,0.10525
71679311,71766696,1698083820,0.1052,0.10503
71762550,71815621,1698083880,0.10503,0.10514
71820613,71960608,1698083940,0.10509,0.10485
71946228,71988394,1698084000,0.10487,0.10468
71906919,71868095,1698084060,0.10471,0.10491
71931003,71901772,1698084120,0.10491,0.10513
71847591,71861562,1698084180,0.10523,0.10514
71834544,71806317,1698084240,0.10514,0.10501
71771203,71859199,1698084300,0.10501,0.1048
71814656,71814904,1698084360,0.10476,0.1045
71728025,71719433,1698084420,0.1045,0.1046
71767846,71892706,1698084480,0.10462,0.1042
71975300,71770890,1698084540,0.10421,0.10401
71698857,71660949,1698084600,0.10398,0.10418
71871100,71870897,1698084660,0.10417,0.10426
72050386,72050386,1698084720,0.10432,0.10482
72091847,72023918,1698084780,0.1048,0.10513
71819798,71814994,1698084840,0.10513,0.10503
71837256,71818332,1698084900,0.10504,0.10502
71841406,71785342,1698084960,0.10498,0.10514
71826441,71849171,1698085020,0.10513,0.10538
71652925,71611401,1698085080,0.10543,0.10544
71619926,71825274,1698085140,0.10543,0.10543
71717567,71602850,1698085200,0.10547,0.10508
71540745,71532552,1698085260,0.10509,0.10507
71561669,71577874,1698085320,0.10509,0.10483
71588304,71585482,1698085380,0.10485,0.1047
71576994,71733121,1698085440,0.1047,0.1044
71735333,71743205,1698085500,0.10442,0.10462
71791889,71690136,1698085560,0.10463,0.10457
71593904,71557441,1698085620,0.10458,0.10435
71472384,71485334,1698085680,0.10433,0.1044
71493271,71491696,1698085740,0.1044,0.10436
71344932,71275294,1698085800,0.10438,0.10532
71425996,71405874,1698085860,0.10535,0.10519
71418895,71418895,1698085920,0.10519,0.10421
71415105,71475159,1698085980,0.10421,0.10436
71477825,71416390,1698086040,0.10439,0.10446
71433600,71343235,1698086100,0.10444,0.10471
71308824,71403545,1698086160,0.10472,0.10453
71509688,71629367,1698086220,0.10453,0.10401
71619029,71654721,1698086280,0.10396,0.10392
71674778,71724874,1698086340,0.10396,0.10395
71746803,71749584,1698086400,0.10392,0.10395
71781877,71740681,1698086460,0.10395,0.1036
71788192,71756994,1698086520,0.1036,0.10394
71815071,71820669,1698086580,0.10394,0.10382
71817195,71783515,1698086640,0.10386,0.10367
71558442,71053415,1698086700,0.10362,0.10277
70944724,70840833,1698086760,0.10261,0.10235
70666728,70644559,1698086820,0.10235,0.10308
70606502,70630443,1698086880,0.10308,0.10304
70711357,70689337,1698086940,0.10304,0.1027
70666006,70671308,1698087000,0.1027,0.10337
70518948,70574744,1698087060,0.10333,0.10342
70568355,70549093,1698087120,0.10343,0.10315
70589011,70589011,1698087180,0.10317,0.10339
70576638,70566300,1698087240,0.10338,0.10348
70601201,70583021,1698087300,0.10348,0.10369
70190700,70146168,1698087360,0.10368,0.10381
70063699,70066184,1698087420,0.10387,0.10375
70074942,70082271,1698087480,0.10375,0.1039
70068088,70054751,1698087540,0.10395,0.10383
70071199,70119489,1698087600,0.10385,0.10438
69641231,69561489,1698087660,0.1044,0.10454
69561064,69514530,1698087720,0.10465,0.10424
69445373,69552554,1698087780,0.10424,0.10434
69558406,69478292,1698087840,0.10435,0.10461
69373982,69375304,1698087900,0.10468,0.10445
69432270,69372774,1698087960,0.10449,0.10445
69350604,69350408,1698088020,0.10442,0.10426
69372459,69384730,1698088080,0.10426,0.10382
69472786,69459098,1698088140,0.10379,0.10386
69488638,69624900,1698088200,0.10385,0.10406
69641351,69641351,1698088260,0.10406,0.10402
69635563,69602734,1698088320,0.10401,0.1043
69632214,69605738,1698088380,0.10432,0.10442
69555718,69492013,1698088440,0.10434,0.10473
69441762,69351952,1698088500,0.10473,0.10472
69329468,69273070,1698088560,0.10479,0.10481
69292264,69279857,1698088620,0.10486,0.10442
69257207,69336278,1698088680,0.10435,0.10447
69297899,69295866,1698088740,0.10442,0.1046
69341087,69312941,1698088800,0.10462,0.10446
69338048,69403096,1698088860,0.10446,0.10443
69510889,69471211,1698088920,0.10448,0.10441
69465795,69471992,1698088980,0.10439,0.10435
69458469,69380320,1698089040,0.1044,0.10411
69345146,69274970,1698089100,0.10411,0.10407
69184906,69168562,1698089160,0.10408,0.10396
69154676,69016045,1698089220,0.10387,0.1039
68950625,68952555,1698089280,0.1039,0.10381
68968852,68935136,1698089340,0.10381,0.10384
68942857,68942857,1698089400,0.10393,0.10393
68891312,68870738,1698089460,0.10393,0.10384
68849408,68818841,1698089520,0.10388,0.104
68813584,68811836,1698089580,0.104,0.10396
68809500,68776639,1698089640,0.10387,0.10333
68611610,68548817,1698089700,0.10332,0.10337
68521416,68330144,1698089760,0.1034,0.10322
68170085,68139312,1698089820,0.10322,0.10344
68087581,68076556,1698089880,0.10341,0.10344
68049967,68052460,1698089940,0.10344,0.10359
68059886,68040342,1698090000,0.1035,0.10338
68116023,68128356,1698090060,0.10343,0.10344
68104230,68105794,1698090120,0.10346,0.10349
68074135,68077731,1698090180,0.10344,0.10356
68095940,68141958,1698090240,0.10356,0.10334
68143967,68171847,1698090300,0.1034,0.10357
68209927,68260168,1698090360,0.10356,0.10363
68345905,68373452,1698090420,0.10363,0.10414
68328648,68282041,1698090480,0.10414,0.10438
68326548,68397058,1698090540,0.10434,0.10441
68423629,68325601,1698090600,0.10442,0.1046
68266855,68266855,1698090660,0.10453,0.10418
68304653,68339563,1698090720,0.1042,0.10443
68335153,68287952,1698090780,0.10443,0.10426
68302621,68308576,1698090840,0.10432,0.10425
68322758,68311279,1698090900,0.10424,0.10409
68293669,68327504,1698090960,0.10412,0.10411
68337101,68341446,1698091020,0.10411,0.10434
68397039,68341251,1698091080,0.10424,0.1042
68338546,68403979,1698091140,0.1042,0.10456
68483939,68470853,1698091200,0.10448,0.10452
68457779,68465355,1698091260,0.10451,0.10461
68494964,68433665,1698091320,0.10455,0.10459
68441227,68438739,1698091380,0.10454,0.10458
68413114,68196048,1698091440,0.10457,0.10414
68238316,68252172,1698091500,0.10413,0.10421
68301281,68303551,1698091560,0.10426,0.1044
68360187,68456075,1698091620,0.10442,0.10442
68413503,68393754,1698091680,0.1044,0.10429
68395600,68395600,1698091740,0.10429,0.10454
68387712,68442620,1698091800,0.10456,0.10463
68413834,68578616,1698091860,0.10458,0.10461
68598942,68598942,1698091920,0.10466,0.10473
68587115,68542601,1698091980,0.10472,0.10491
68571284,68645074,1698092040,0.10488,0.10515
68674023,68752739,1698092100,0.10515,0.10465
68716578,68748933,1698092160,0.10471,0.10512
68727033,68736572,1698092220,0.10506,0.10525
68626939,68626043,1698092280,0.10518,0.1053
68623157,68623482,1698092340,0.10531,0.10548
68484404,68462075,1698092400,0.10541,0.10569
68377639,68395004,1698092460,0.10569,0.10567
68579982,68587935,1698092520,0.10568,0.10545
68567869,68556238,1698092580,0.10542,0.1055
68564394,68528952,1698092640,0.10555,0.1056
68349200,68268099,1698092700,0.1056,0.10564
68232863,68230394,1698092760,0.10569,0.10597
68051292,68342020,1698092820,0.10598,0.10661
68215399,68048360,1698092880,0.10655,0.1076
67127468,67127468,1698092940,0.10761,0.10862
67679570,67249418,1698093000,0.10862,0.10877
67622042,67546042,1698093060,0.10873,0.10846
67728354,67663796,1698093120,0.10846,0.10754
67662795,67533015,1698093180,0.10762,0.10768
67647658,67341990,1698093240,0.10768,0.10874
67605209,67774233,1698093300,0.10874,0.10802
68400673,68494142,1698093360,0.10801,0.10884
68584649,68680765,1698093420,0.10882,0.10916
68787292,68844280,1698093480,0.1092,0.10928
68707205,68314610,1698093540,0.10927,0.10936
68333246,68388677,1698093600,0.10937,0.109
68665701,68431583,1698093660,0.10896,0.10862
68201277,68126910,1698093720,0.10868,0.10794
68261486,68254733,1698093780,0.10784,0.10773
68257178,68209262,1698093840,0.10774,0.1083
68233964,68235605,1698093900,0.1083,0.10827
68182640,68136369,1698093960,0.10827,0.1079
67886380,67886380,1698094020,0.10791,0.10762
68863976,68551497,1698094080,0.10762,0.11081
68838374,69225324,1698094140,0.11083,0.11187
68974612,69397469,1698094200,0.11189,0.1112
69297749,69217868,1698094260,0.11115,0.1113
69436538,69770945,1698094320,0.11129,0.11238
70125727,70815604,1698094380,0.11238,0.11233
70925068,71109213,1698094440,0.11228,0.11303
71925027,71894327,1698094500,0.11295,0.11237
72112724,72115061,1698094560,0.11238,0.11207
72079786,72168649,1698094620,0.11201,0.11341
73276979,73384504,1698094680,0.11347,0.1139
73415392,73594731,1698094740,0.1139,0.11393
74047557,74199437,1698094800,0.11393,0.11338
73973487,74032371,1698094860,0.11336,0.11288
74370427,74388534,1698094920,0.11284,0.11318
74746683,74880174,1698094980,0.11311,0.1136
75028814,75157539,1698095040,0.11361,0.11338
75276689,75158217,1698095100,0.11338,0.11291
75348460,75123719,1698095160,0.11291,0.11213
75237373,75019727,1698095220,0.11222,0.11194
75136417,75136417,1698095280,0.1119,0.11191
75149371,75111576,1698095340,0.11196,0.11207
74996610,75157984,1698095400,0.11206,0.11195
75141561,75094004,1698095460,0.11193,0.1123
75291200,75341487,1698095520,0.1123,0.11244
75522302,75296278,1698095580,0.11239,0.11343
75449671,75422130,1698095640,0.11344,0.11306
75470743,75532453,1698095700,0.11306,0.11226
75434482,75780172,1698095760,0.1123,0.113
75773266,75780620,1698095820,0.11297,0.11391
75823441,75715454,1698095880,0.11391,0.11379
76516989,76642532,1698095940,0.11385,0.11481
76573942,76603863,1698096000,0.11482,0.11481
76933241,76964850,1698096060,0.11481,0.11444
77109453,77071577,1698096120,0.11444,0.11414
77148361,77107830,1698096180,0.11413,0.11389
77133806,77331465,1698096240,0.11388,0.11458
77561276,77669640,1698096300,0.11458,0.11578
76887784,77030710,1698096360,0.11578,0.1161
77202555,77617844,1698096420,0.1161,0.11662
77623770,77632394,1698096480,0.11669,0.11597
77653093,77343738,1698096540,0.11591,0.11552
77332509,77298490,1698096600,0.11546,0.11604
77403765,77403765,1698096660,0.11604,0.11656
77657167,77883071,1698096720,0.1166,0.11689
78009994,77921237,1698096780,0.1169,0.11661
77783232,77910717,1698096840,0.11658,0.11628
77934543,77772324,1698096900,0.11624,0.11656
77945258,77999833,1698096960,0.11656,0.11656
78102033,78136798,1698097020,0.11657,0.11592
78288359,78357312,1698097080,0.1159,0.11597
78304666,78349602,1698097140,0.11602,0.11671
78373198,78466284,1698097200,0.11677,0.11742
78656022,78827504,1698097260,0.11745,0.11759
78916376,78835321,1698097320,0.1176,0.1177
78862667,78846143,1698097380,0.1177,0.11808
78949501,79038804,1698097440,0.11804,0.1179
79083788,79118166,1698097500,0.11788,0.11741
78991152,78950881,1698097560,0.11748,0.1175
79025652,79174280,1698097620,0.11747,0.1176
79316440,79315459,1698097680,0.1176,0.11827
79582163,79562246,1698097740,0.11827,0.1183
79691577,79646711,1698097800,0.11825,0.11859
79589903,79589903,1698097860,0.1186,0.11853
79729819,79844560,1698097920,0.11853,0.11838
79788387,79848057,1698097980,0.11839,0.11741
79400835,79511050,1698098040,0.11743,0.11826
79522997,79958571,1698098100,0.11823,0.11896
80182580,80305913,1698098160,0.11896,0.11889
80396155,80541541,1698098220,0.11886,0.11907
80563663,80738904,1698098280,0.1191,0.11908
80822674,80682137,1698098340,0.11909,0.11935
80671042,80781187,1698098400,0.11936,0.11947
80712246,80655138,1698098460,0.11947,0.12093
79009822,79088281,1698098520,0.12076,0.12087
79137740,79345373,1698098580,0.1209,0.12119
79544695,79719063,1698098640,0.12113,0.12091
79439501,79300520,1698098700,0.12091,0.12247
79281970,79223594,1698098760,0.12248,0.12377
79152935,78530470,1698098820,0.12376,0.12314
78458274,78472458,1698098880,0.12302,0.12058
78081787,78334247,1698098940,0.12059,0.12139
78144788,78077243,1698099000,0.12139,0.12206
78003496,78021851,1698099060,0.12203,0.12188
78019132,78019132,1698099120,0.12187,0.12225
78186637,78141749,1698099180,0.12223,0.12258
78244618,78227449,1698099240,0.12257,0.1222
78480489,78564774,1698099300,0.12224,0.1226
78220341,78374731,1698099360,0.1226,0.12113
78165301,77831279,1698099420,0.12112,0.12014
77804916,77945295,1698099480,0.12011,0.12218
78153209,78022796,1698099540,0.12218,0.12284
78197275,78239729,1698099600,0.12278,0.12305
78251840,78665934,1698099660,0.12306,0.12347
78571951,78336075,1698099720,0.12347,0.12243
78301041,78300453,1698099780,0.12247,0.1228
78401639,78350831,1698099840,0.12273,0.12368
78125862,78463721,1698099900,0.1237,0.12428
78170373,78385016,1698099960,0.12428,0.12604
77661273,77351292,1698100020,0.126,0.12511
77522303,77522303,1698100080,0.12511,0.12554
78091428,78048616,1698100140,0.12566,0.12587
78142254,78265692,1698100200,0.12589,0.12492
78038419,78161939,1698100260,0.12492,0.12696
78227336,78087601,1698100320,0.12695,0.12819
77786980,78530050,1698100380,0.12816,0.1286
78719707,78921639,1698100440,0.1286,0.12848
78693120,78642204,1698100500,0.12843,0.12939
78635397,78788281,1698100560,0.12943,0.1292
78841152,79174756,1698100620,0.12913,0.12917
79198164,79040173,1698100680,0.12928,0.12928
79113154,78295790,1698100740,0.12928,0.13095
77889445,77772587,1698100800,0.131,0.1326
76274839,74980501,1698100860,0.13262,0.13334
74575945,73916589,1698100920,0.13345,0.13229
71707865,70247409,1698100980,0.13392,0.13062
70488316,70611180,1698101040,0.13052,0.1291
70626194,70626194,1698101100,0.12918,0.12467
70060823,70504221,1698101160,0.12463,0.12635
70377320,69944613,1698101220,0.12636,0.12863
70073608,70066136,1698101280,0.12858,0.13157
69852411,69889003,1698101340,0.13157,0.13272
69933081,70452729,1698101400,0.13271,0.13334
70491418,70104446,1698101460,0.13333,0.13064
69786847,69687685,1698101520,0.13052,0.13094
69800236,69540846,1698101580,0.13087,0.13196
69573165,69428287,1698101640,0.13183,0.13104
69513626,69686985,1698101700,0.13108,0.13207
69604045,69531875,1698101760,0.13207,0.13099
69480571,69264224,1698101820,0.131,0.12918
69329893,69207775,1698101880,0.12916,0.13043
69274908,69534037,1698101940,0.13056,0.13098
69474774,69474774,1698102000,0.13092,0.13177
69378297,69402891,1698102060,0.13184,0.13322
69554001,69616354,1698102120,0.13326,0.13442
69820441,70014415,1698102180,0.13445,0.13705
69463307,69246627,1698102240,0.13704,0.13701
68994852,69297209,1698102300,0.13702,0.14096
69194051,69010320,1698102360,0.14109,0.14471
69498904,69010471,1698102420,0.14437,0.14328
68882305,69300411,1698102480,0.14318,0.141
69223653,69490458,1698102540,0.14101,0.13831
69943135,69907016,1698102600,0.13845,0.13905
70360641,70293149,1698102660,0.13916,0.13827
70283251,70453531,1698102720,0.1383,0.14167
70522686,70473378,1698102780,0.14168,0.14348
70755847,71434992,1698102840,0.14345,0.1442
71316849,71429245,1698102900,0.1442,0.14
71550475,71846241,1698102960,0.14,0.14648
71777261,71694529,1698103020,0.14671,0.14694
71946105,72460357,1698103080,0.14691,0.14444
72337552,72337552,1698103140,0.14447,0.14807
72292269,72314779,1698103200,0.14823,0.14542
72540049,72610011,1698103260,0.14531,0.14414
72533067,72806050,1698103320,0.14413,0.14477
72920925,73045611,1698103380,0.14478,0.14435
72746592,72783067,1698103440,0.14417,0.13949
73477191,73198526,1698103500,0.13959,0.1403
73702599,73585894,1698103560,0.14031,0.13984
73728439,73629430,1698103620,0.13969,0.13659
73044019,73282262,1698103680,0.13651,0.13863
73170269,73233568,1698103740,0.13863,0.1405
73212306,72699557,1698103800,0.1405,0.13913
72748322,72551243,1698103860,0.13922,0.13864
72417005,72732305,1698103920,0.13864,0.13662
72866255,72684563,1698103980,0.13662,0.1374
72347567,72137587,1698104040,0.1372,0.1384
72073864,71006475,1698104100,0.13832,0.13498
70895637,70936289,1698104160,0.13487,0.13599
70786662,70792410,1698104220,0.13599,0.13471
70979355,70979355,1698104280,0.13484,0.13392
70862826,70779494,1698104340,0.13406,0.13419
71050843,71060544,1698104400,0.13419,0.13425
71079483,70956223,1698104460,0.1342,0.13459
71265857,71123693,1698104520,0.13458,0.13505
71141694,71165027,1698104580,0.13505,0.13435
71225936,71160088,1698104640,0.13428,0.13253
70107732,70208462,1698104700,0.13257,0.133
70157171,70416276,1698104760,0.13282,0.13329
70859523,71056291,1698104820,0.13321,0.13086
71349859,70764643,1698104880,0.13086,0.13138
70681842,70999653,1698104940,0.13126,0.13024
71633921,71755703,1698105000,0.1303,0.1309
71884551,71665742,1698105060,0.1309,0.13031
71900475,72089147,1698105120,0.13031,0.13023
72059922,72173162,1698105180,0.13019,0.13092
72149253,72137666,1698105240,0.13092,0.13173
72123417,72116009,1698105300,0.1317,0.13117
72118405,72125641,1698105360,0.13105,0.1311
72233283,72233283,1698105420,0.1311,0.13149
72330012,72188938,1698105480,0.13151,0.13187
72230004,71659250,1698105540,0.13186,0.13338
70853875,70853875,1698105600,0.13338,0.13612
71126157,71112278,1698105660,0.136,0.13584
70658681,70567804,1698105720,0.13586,0.13625
70790806,70596743,1698105780,0.13625,0.13553
70580592,70649986,1698105840,0.13554,0.1349
70752846,70712300,1698105900,0.13479,0.13343
70179272,70218555,1698105960,0.13351,0.13434
70272616,70548907,1698106020,0.13423,0.13858
70118906,70154357,1698106080,0.1385,0.13601
70096921,70218276,1698106140,0.13605,0.13624
70212970,70345334,1698106200,0.13624,0.13599
70482544,70777808,1698106260,0.13599,0.13639
70646318,70734767,1698106320,0.13635,0.13671
70725895,70706111,1698106380,0.13677,0.13659
70891607,70054494,1698106440,0.13657,0.13127
70039906,70277525,1698106500,0.13126,0.12949
69958925,70088230,1698106560,0.12951,0.13075
69759160,69552227,1698106620,0.13078,0.13146
69526940,69676892,1698106680,0.13142,0.13176
69733542,69709389,1698106740,0.13171,0.13341
69740417,69810497,1698106800,0.13344,0.13371
69803816,69803816,1698106860,0.1338,0.13549
69898736,69712238,1698106920,0.13549,0.13535
69849835,69512835,1698106980,0.13535,0.13501
69480859,69298132,1698107040,0.13509,0.13506
69632391,69820492,1698107100,0.13512,0.13453
69720566,69747041,1698107160,0.13454,0.13464
69768204,69735526,1698107220,0.13457,0.13449
69652414,69652800,1698107280,0.13439,0.13502
69701612,69544560,1698107340,0.13502,0.1355
69500560,69448547,1698107400,0.13551,0.135
69415172,69532994,1698107460,0.13498,0.13596
69342046,69327115,1698107520,0.13596,0.13666
69147115,69335474,1698107580,0.13665,0.13768
69227979,69395965,1698107640,0.1376,0.13734
69464222,69479237,1698107700,0.13735,0.1372
69480858,69490153,1698107760,0.13721,0.13773
69428338,69437689,1698107820,0.13773,0.13755
69429183,68258310,1698107880,0.13756,0.13604
68316872,68316872,1698107940,0.13604,0.13723
68195509,68356755,1698108000,0.13726,0.13884
68527997,68789490,1698108060,0.13884,0.14012
68632949,68628231,1698108120,0.14026,0.14259
69113622,69346310,1698108180,0.14263,0.14235
69254390,69296280,1698108240,0.1423,0.14186
69117639,69233171,1698108300,0.14186,0.14052
69355053,69297046,1698108360,0.14059,0.14029
69266973,69132805,1698108420,0.14029,0.13936
69184637,69254509,1698108480,0.13936,0.13888
69210585,69163587,1698108540,0.13886,0.13826
69139398,69088215,1698108600,0.13821,0.13898
69121341,69000554,1698108660,0.1389,0.13863
69014527,69069315,1698108720,0.13862,0.1386
69083268,68635478,1698108780,0.1386,0.14066
68695723,68860459,1698108840,0.14054,0.13975
68812018,68802665,1698108900,0.13975,0.1394
69052930,69144249,1698108960,0.13941,0.13909
69148775,69140719,1698109020,0.13925,0.13968
69023329,69023329,1698109080,0.13958,0.13963
69047768,69059100,1698109140,0.13966,0.13834
68875421,68937029,1698109200,0.13834,0.14194
69391547,69453407,1698109260,0.14198,0.14017
69570611,69454236,1698109320,0.1403,0.13884
69530572,69570956,1698109380,0.13871,0.13858
69658619,69632477,1698109440,0.13858,0.1388
69627168,69676759,1698109500,0.13878,0.13866
69841809,69847896,1698109560,0.1387,0.13867
69797599,69726986,1698109620,0.13867,0.1396
69775801,69817972,1698109680,0.13957,0.13923
69617498,69586824,1698109740,0.13914,0.1397
69578582,69661627,1698109800,0.13976,0.13969
69674594,69675097,1698109860,0.13977,0.13976
69769792,69902139,1698109920,0.13977,0.13973
70227787,70185710,1698109980,0.13972,0.13999
70215708,70215708,1698110040,0.13996,0.13895
70354972,70404854,1698110100,0.13901,0.1373
70256423,69835885,1698110160,0.1373,0.13736
70012756,69930643,1698110220,0.13734,0.13693
69709251,69719866,1698110280,0.13692,0.13706
69747842,69827099,1698110340,0.13705,0.13784
69820936,69858617,1698110400,0.13793,0.138
69855965,69955244,1698110460,0.13802,0.13816
69889614,69860510,1698110520,0.13816,0.13739
69943073,69955271,1698110580,0.13739,0.13784
69861700,69666350,1698110640,0.13792,0.13902
69665050,70026781,1698110700,0.13905,0.1404
70032573,70054416,1698110760,0.14041,0.14029
70075046,70012738,1698110820,0.14021,0.13902
70065387,70026613,1698110880,0.13899,0.13874
70002721,69946283,1698110940,0.1386,0.13798
70018458,70144318,1698111000,0.13802,0.13806
70182893,69989049,1698111060,0.13806,0.13946
69937764,69907966,1698111120,0.13943,0.13901
69882901,69882901,1698111180,0.13901,0.13856
69956333,69983665,1698111240,0.13861,0.13846
69994081,70036718,1698111300,0.13846,0.13817
70041804,69998189,1698111360,0.13811,0.13766
70047907,70097946,1698111420,0.13768,0.13852
70054489,70029871,1698111480,0.13852,0.13843
70045738,70039788,1698111540,0.13839,0.13856
70086672,70052493,1698111600,0.1386,0.13889
70042867,70043660,1698111660,0.13885,0.13884
70049953,70140890,1698111720,0.13887,0.13888
70177630,70169032,1698111780,0.13887,0.14083
69857414,69715122,1698111840,0.14082,0.14028
69540969,69835149,1698111900,0.1403,0.14056
69950565,70006730,1698111960,0.14057,0.14045
70034458,70194396,1698112020,0.14049,0.14025
70336130,70396349,1698112080,0.14026,0.14031
70429892,70543860,1698112140,0.1404,0.14194
70286860,70288953,1698112200,0.14194,0.14341
70306276,70395691,1698112260,0.14334,0.14191
70654587,70654587,1698112320,0.14191,0.14284
70640285,70834858,1698112380,0.14283,0.14358
70956485,71070885,1698112440,0.14362,0.14286
71050196,71253520,1698112500,0.14288,0.14227
71222027,71273115,1698112560,0.14215,0.14195
71252852,71306554,1698112620,0.142,0.14205
71303813,71082822,1698112680,0.14202,0.14259
71164945,71405321,1698112740,0.14252,0.14284
71457851,71520231,1698112800,0.14297,0.14219
71527834,71587765,1698112860,0.14229,0.14239
71584524,71629964,1698112920,0.14239,0.14246
71641736,71611373,1698112980,0.14249,0.1428
71484594,71573549,1698113040,0.1428,0.14344
71634142,71625912,1698113100,0.14349,0.14252
71255651,71255651,1698113160,0.14245,0.13959
71051807,70985460,1698113220,0.13959,0.13928
70843561,70796996,1698113280,0.13926,0.13966
70984536,70974444,1698113340,0.13965,0.1415
70914345,70926854,1698113400,0.14144,0.14009
70772364,70715327,1698113460,0.14016,0.14002
70669688,70719225,1698113520,0.13999,0.14077
70652876,70615842,1698113580,0.14078,0.14124
70668917,70681250,1698113640,0.14125,0.14024
70641930,70695684,1698113700,0.14016,0.14058
70727845,70848472,1698113760,0.14057,0.1412
70808103,70825325,1698113820,0.1412,0.1418
70615384,70470883,1698113880,0.14177,0.14276
70376666,70418435,1698113940,0.14272,0.14329
70388558,70076792,1698114000,0.14329,0.14442
70029049,70245447,1698114060,0.14431,0.14512
70409057,70587756,1698114120,0.14518,0.14774
70843540,70905467,1698114180,0.14774,0.14696
71046198,71186899,1698114240,0.14684,0.14684
71101313,71436202,1698114300,0.14683,0.14684
71537658,71647813,1698114360,0.14684,0.1481
71440388,71440388,1698114420,0.14811,0.1468
71372468,71432150,1698114480,0.14672,0.14567
71641381,71641381,1698114540,0.14567,0.14539
71674319,71627712,1698114600,0.14539,0.1448
71576310,71547039,1698114660,0.1448,0.14499
71625882,71666218,1698114720,0.14507,0.14528
71665048,71637751,1698114780,0.14537,0.14482
71670180,71762873,1698114840,0.14478,0.14536
71812282,71631304,1698114900,0.14536,0.14732
72113785,71797051,1698114960,0.1473,0.14186
71441809,71438928,1698115020,0.14187,0.14292
71415505,71412304,1698115080,0.14292,0.1425
71454168,71473439,1698115140,0.14251,0.14257
71500390,71474496,1698115200,0.14256,0.14214
71523949,71538754,1698115260,0.14215,0.14277
71554903,71486824,1698115320,0.14266,0.14308
71423000,71504099,1698115380,0.143,0.14208
71385463,71197182,1698115440,0.14207,0.14393
70970537,71393561,1698115500,0.14393,0.14639
71440132,71369929,1698115560,0.14637,0.14382
71530130,71612331,1698115620,0.14384,0.14391
71747478,71670298,1698115680,0.1439,0.14377
71715796,71828710,1698115740,0.14377,0.14265
71714650,71714650,1698115800,0.14256,0.13948
70818398,70748418,1698115860,0.13938,0.1403
70782877,70719172,1698115920,0.14025,0.13974
70755740,70779135,1698115980,0.13974,0.13948
70760657,70723028,1698116040,0.13958,0.14042
70617860,70552120,1698116100,0.14046,0.14095
70541656,70638392,1698116160,0.14096,0.13951
70685039,70714046,1698116220,0.13953,0.14003
70703050,70695836,1698116280,0.14001,0.13982
70646858,70591327,1698116340,0.13985,0.1398
70641134,70585404,1698116400,0.13972,0.13954
70379776,70330792,1698116460,0.13953,0.13836
70201706,70221337,1698116520,0.13837,0.13928
70160643,70052180,1698116580,0.13921,0.13989
70099911,70081176,1698116640,0.13988,0.14135
70015394,70042442,1698116700,0.14136,0.14051
70055825,70088770,1698116760,0.14057,0.14079
70053720,70115593,1698116820,0.14085,0.14048
70105808,69962777,1698116880,0.14049,0.14009
69934019,69934730,1698116940,0.1401,0.14018
69888906,69898034,1698117000,0.14018,0.14033
69883622,69883622,1698117060,0.14029,0.1402
69878422,69935710,1698117120,0.14013,0.14068
69868032,69751611,1698117180,0.14066,0.14347
69531844,69501853,1698117240,0.14341,0.14283
69393312,69259369,1698117300,0.14283,0.14087
69139446,69048792,1698117360,0.14087,0.13953
69222281,68788412,1698117420,0.13958,0.13806
68867012,69072396,1698117480,0.13805,0.13664
68856078,68343831,1698117540,0.13665,0.13559
68554314,68421462,1698117600,0.13557,0.13596
68210846,67820916,1698117660,0.13592,0.13457
67839747,67864190,1698117720,0.13452,0.1349
67848363,67804436,1698117780,0.1349,0.13473
67593551,67639502,1698117840,0.13465,0.13237
67817173,67910116,1698117900,0.1324,0.13092
67786717,67767432,1698117960,0.13089,0.13222
67655643,67470991,1698118020,0.13222,0.12969
67012053,67006148,1698118080,0.12969,0.12979
66791431,66795263,1698118140,0.12979,0.13032
66619967,66533600,1698118200,0.13032,0.1307
66381489,65950488,1698118260,0.1307,0.13271
66017369,65906068,1698118320,0.13276,0.1318
65850009,65833199,1698118380,0.13179,0.13275
65775901,65866177,1698118440,0.13268,0.13258
65845723,65967931,1698118500,0.13251,0.133
65687658,65699875,1698118560,0.133,0.13194
65650923,65650923,1698118620,0.13179,0.13287
65660629,65705690,1698118680,0.1328,0.13296
65821903,65793180,1698118740,0.13299,0.1336
65782567,65764094,1698118800,0.13356,0.13307
65820043,65848758,1698118860,0.133,0.13356
65851417,65792128,1698118920,0.13362,0.13326
65774828,65772556,1698118980,0.1332,0.13354
65767713,65794894,1698119040,0.1336,0.13338
65865613,65635122,1698119100,0.13327,0.13188
65588923,65588923,1698119160,0.13192,0.13185
65588923,65588923,1698017400,0.11513,0.11509
65588923,65588923,1698017460,0.11509,0.11524
65588923,65588923,1698017520,0.11525,0.1154
65588923,65588923,1698017580,0.1154,0.11529
