"timestamp","OI_open","OI_close","price_close"
1697931360,315089290,315186890,0.003932
1697931420,315186890,318461050,0.003939
1697931480,318461050,319974700,0.003923
1697931540,319974700,319958970,0.003927
1697931600,319958970,319964340,0.003933
1697931660,319964340,320338470,0.003932
1697931720,320338470,320275440,0.00394
1697931780,320275440,320332530,0.003937
1697931840,320332530,320331280,0.003944
1697931900,320331280,320275490,0.003942
1697931960,320275490,320229450,0.00395
1697932020,320229450,320222250,0.003953
1697932080,320222250,320098570,0.003955
1697932140,320098570,320108640,0.003957
1697932200,320108640,320137570,0.003959
1697932260,320137570,320151270,0.003963
1697932320,320151270,321910870,0.003977
1697932380,321963060,323354850,0.003981
1697932440,323341440,321975180,0.003961
1697932500,321975400,322664190,0.003971
1697932560,322664190,323024940,0.003967
1697932620,323024940,323175620,0.003962
1697932680,323175620,323445920,0.003952
1697932740,323409920,323458240,0.003956
1697932800,323524970,324332250,0.003946
1697932860,324334780,324322000,0.003948
1697932920,324322000,324453190,0.003943
1697932980,324453190,324419300,0.00395
1697933040,324419300,324112740,0.003935
1697933100,324112740,323859060,0.003937
1697933160,323859060,323627220,0.003928
1697933220,323627220,323696100,0.003928
1697933280,323696100,323634210,0.003941
1697933340,323634210,323541110,0.003948
1697933400,323541110,323492640,0.003954
1697933460,323492640,323510760,0.003952
1697933520,323510760,323510760,0.003952
1697933580,323510760,323640850,0.003954
1697933640,323640850,323579300,0.003955
1697933700,323579300,323579300,NA
1697933760,323579300,323601570,0.003954
1697933820,323601570,325185360,0.00397
1697933880,325185360,325812920,0.003968
1697933940,325812920,325549600,0.003961
1697934000,325549600,325485840,0.00396
1697934060,325485840,325570590,0.00396
1697934120,325570590,325568940,0.00396
1697934180,325568940,325590180,0.003965
1697934240,325590180,325529860,0.003969
1697934300,325529860,325519500,0.003976
1697934360,325545660,325696360,0.00397
1697934420,325696360,325665040,0.003963
1697934480,325665040,325665040,0.003967
1697934540,325417610,325182110,0.003966
1697934600,325182110,325190110,0.003966
1697934660,325190110,325230000,0.003968
1697934720,325230000,325615620,0.003961
1697934780,325615620,325390290,0.003944
1697934840,325390290,325492970,0.003938
1697934900,325559750,325559750,0.003938
1697934960,325559750,325556780,0.003937
1697935020,325556780,325045180,0.003925
1697935080,325045180,324423830,0.003924
1697935140,324423830,324423820,0.003924
1697935200,324423820,321478260,0.003901
1697935260,321338400,321268260,0.00391
1697935320,321268260,321295990,0.003913
1697935380,321295990,321062240,0.003919
1697935440,321062240,320936720,0.003912
1697935500,320936720,320920900,0.00392
1697935560,320920900,320958010,0.003924
1697935620,320958010,320866960,0.003927
1697935680,320866960,320834340,0.003928
1697935740,320837570,321112200,0.00392
1697935800,321112200,321077620,0.003927
1697935860,321077620,320906450,0.003933
1697935920,320906450,320925300,0.003927
1697935980,320925300,320925300,NA
1697936040,320925300,320927270,0.003924
1697936100,320927270,320783190,0.003917
1697936160,320783190,320771650,0.003913
1697936220,320771650,320664930,0.003913
1697936280,320673530,320703530,0.003911
1697936340,320703530,320703530,0.00391
1697936400,320687150,319581060,0.003913
1697936460,319581060,319657750,0.003917
1697936520,319657750,319610910,0.003922
1697936580,319610910,319610960,0.003921
1697936640,319610460,319618620,0.003923
1697936700,319618620,319628620,0.003924
1697936760,319628620,319629850,0.003919
1697936820,319629850,319285100,0.003906
1697936880,319242040,319201450,0.003906
1697936940,319151490,319322440,0.003921
1697937000,319315500,319310720,0.003923
1697937060,319310720,319300720,0.003924
1697937120,319300720,319154790,0.003931
1697937180,319154790,319073420,0.003929
1697937240,319073420,319073420,0.00393
1697937300,319073420,319118660,0.00393
1697937360,319118660,319258710,0.00393
1697937420,319258710,319843740,0.003926
1697937480,319843740,319809470,0.003927
1697937540,319809470,319449650,0.003917
1697937600,319323040,319325410,0.003921
1697937660,319325410,319325410,0.003917
1697937720,319325410,319174260,0.003919
1697937780,319174260,319153620,0.00391
1697937840,319153620,318739810,0.003912
1697937900,318739810,318675960,0.003904
1697937960,318704810,318737640,0.003903
1697938020,318737640,317693660,0.003896
1697938080,317677310,317184820,0.0039
1697938140,317184820,314059000,0.003874
1697938200,314059190,312942760,0.003882
1697938260,312980340,313003480,0.003887
1697938320,312990560,312940780,0.003882
1697938380,312940780,312700480,0.003885
1697938440,312700480,312528290,0.003881
1697938500,312528290,312460310,0.003865
1697938560,312369210,312094660,0.003865
1697938620,312042780,311619470,0.003891
1697938680,311671340,316138670,0.00391
1697938740,316145680,319950400,0.003926
1697938800,319837500,320451290,0.003924
1697938860,320571110,322204710,0.003935
1697938920,322366550,319973010,0.003885
1697938980,319846340,316169540,0.003873
1697939040,315797680,314594810,0.003878
1697939100,314577350,314896980,0.003879
1697939160,314896980,315364190,0.003888
1697939220,315505670,315501110,0.003879
1697939280,315501410,315498260,0.00389
1697939340,315498260,316275920,0.003891
1697939400,316275920,316146300,0.0039
1697939460,316146300,316171620,0.003901
1697939520,316157850,316060330,0.003902
1697939580,316060330,316203430,0.003879
1697939640,315672240,315661340,0.003884
1697939700,315661340,315531900,0.003892
1697939760,315531900,315376810,0.003901
1697939820,315376810,315278350,0.003903
1697939880,315278350,315370370,0.003904
1697939940,315370370,315370760,0.003904
1697940000,315370760,315284100,0.003903
1697940060,315284100,314737450,0.003888
1697940120,314737450,314738680,0.003895
1697940180,314717380,314660740,0.003897
1697940240,314660740,314660740,NA
1697940300,314660740,314656050,0.003897
1697940360,314656050,314609600,0.003903
1697940420,314609880,314210980,0.003909
1697940480,314210980,314151970,0.003909
1697940540,314182640,313915960,0.003913
1697940600,313915960,313939420,0.003913
1697940660,313939420,313945590,0.003915
1697940720,313945590,313463710,0.003925
1697940780,313506730,313684360,0.003923
1697940840,313684360,313592390,0.003929
1697940900,313592390,313618810,0.003925
1697940960,313618810,314287860,0.003911
1697941020,314333750,314328220,0.003906
1697941080,314328220,314011610,0.003906
1697941140,313976700,313667760,0.003901
1697941200,313667760,313229170,0.003901
1697941260,313229170,313164830,0.003897
1697941320,313164830,311863130,0.003898
1697941380,311873130,311915460,0.003901
1697941440,311915460,311940820,0.003902
1697941500,311917560,311917560,NA
1697941560,311942240,311942240,0.003904
1697941620,311942240,311959220,0.0039
1697941680,311959220,311959220,0.003905
1697941740,311959220,312238380,0.003898
1697941800,312238380,312219360,0.0039
1697941860,312219360,312175250,0.003908
1697941920,312175250,312470490,0.0039
1697941980,312470490,312470490,NA
1697942040,312470490,312520390,0.003905
1697942100,312520390,312461640,0.003911
1697942160,312461640,312694240,0.00391
1697942220,312694240,312758930,0.003913
1697942280,312758930,312703690,0.003916
1697942340,312703690,312708680,0.003919
1697942400,312708680,312661740,0.003923
1697942460,312661740,312562580,0.003924
1697942520,312562580,312562560,0.003923
1697942580,312562560,312465310,0.003929
1697942640,312465310,312478510,0.003929
1697942700,312478510,312473690,0.003925
1697942760,312473690,312473690,0.003924
1697942820,312473690,312467040,0.003925
1697942880,312467040,312467040,NA
1697942940,312467040,312521530,0.003935
1697943000,312521530,312580520,0.003941
1697943060,312580520,312778080,0.003942
1697943120,312778080,312622870,0.003937
1697943180,312623750,312389030,0.003941
1697943240,312389030,312392450,0.003934
1697943300,312392450,312384190,0.00394
1697943360,312405970,312570400,0.003922
1697943420,312570400,312483420,0.003929
1697943480,312483420,312483420,0.00393
1697943540,312483420,312496320,0.003931
1697943600,312496320,312418460,0.003929
1697943660,312418460,312234960,0.003927
1697943720,312216050,312201380,0.003938
1697943780,312201380,312201380,0.003937
1697943840,312201380,312213110,0.003937
1697943900,312219070,312219080,0.00394
1697943960,312938370,312892990,0.003946
1697944020,312892990,313178620,0.003954
1697944080,313178620,313927710,0.003962
1697944140,313927710,314133830,0.003976
1697944200,314585240,316219400,0.003973
1697944260,316219400,317916340,0.00398
1697944320,317916340,317920700,0.003995
1697944380,317735250,318782080,0.004007
1697944440,318876720,319621470,0.004007
1697944500,319592860,320211570,0.004001
1697944560,320283390,320354980,0.004001
1697944620,320426800,320763010,0.004004
1697944680,320763010,320772130,0.004002
1697944740,320772130,321706220,0.004014
1697944800,321706220,322298670,0.004005
1697944860,322321730,322198040,0.004006
1697944920,322198040,322484260,0.004018
1697944980,322484260,322492260,0.00402
1697945040,322492260,322874890,0.004025
1697945100,322875510,323201730,0.00403
1697945160,323219170,322632220,0.00401
1697945220,322671310,322281980,0.004004
1697945280,322340530,322122860,0.004004
1697945340,322131350,321983650,0.004005
1697945400,321983650,321994420,0.004026
1697945460,322076600,322122650,0.004029
1697945520,322117080,322235000,0.004031
1697945580,322343130,322753660,0.004022
1697945640,322783460,322753650,0.004006
1697945700,322753650,322303580,0.004018
1697945760,322206600,322258560,0.004009
1697945820,322662820,322451620,0.004009
1697945880,322451620,322051240,0.004
1697945940,322051240,321965390,0.003999
1697946000,321823730,322856200,0.004003
1697946060,322861190,323001570,0.004011
1697946120,323001570,323074800,0.004015
1697946180,323080850,323072290,0.00402
1697946240,323072290,322701920,0.004025
1697946300,322701920,323143760,0.004025
1697946360,323143760,323529140,0.004026
1697946420,323530100,323508780,0.004026
1697946480,323508780,323491930,0.004026
1697946540,323491930,323429880,0.004025
1697946600,323412880,324080860,0.004019
1697946660,324080860,324742270,0.004029
1697946720,324742270,325281030,0.004046
1697946780,325689800,326286790,0.00406
1697946840,326433700,326837440,0.004057
1697946900,326838540,327900090,0.004048
1697946960,327855310,327964980,0.004043
1697947020,327964980,328565930,0.004057
1697947080,328565930,328653440,0.004065
1697947140,328653440,329109560,0.004063
1697947200,329119290,330995720,0.004047
1697947260,330995720,331362640,0.004048
1697947320,331355020,331491890,0.004042
1697947380,331491890,331872780,0.004045
1697947440,331872780,332135460,0.004039
1697947500,332135460,332009900,0.004041
1697947560,332009900,331821930,0.004046
1697947620,331821930,331809770,0.004047
1697947680,331809770,331809770,0.004047
1697947740,331809770,332468480,0.004069
1697947800,332468480,332607490,0.004078
1697947860,332607470,334930100,0.004094
1697947920,334931660,335822990,0.004096
1697947980,335822990,337522810,0.004118
1697948040,337522810,340442780,0.004105
1697948100,340442010,341034820,0.004117
1697948160,340987600,341495450,0.004126
1697948220,341464820,343330420,0.004114
1697948280,343330420,343477520,0.004115
1697948340,343477520,343191610,0.004106
1697948400,343233520,342538470,0.004092
1697948460,342538470,342551240,0.004091
1697948520,342569810,342455270,0.004101
1697948580,342455270,342393360,0.004099
1697948640,342393360,342793250,0.004086
1697948700,342793250,343012370,0.004091
1697948760,342941800,343717190,0.004115
1697948820,343717190,345829550,0.004147
1697948880,345792560,346629780,0.00414
1697948940,346629780,346533950,0.004176
1697949000,346624040,346561970,0.004258
1697949060,347086700,346119140,0.004321
1697949120,345578470,345614480,0.004272
1697949180,345768240,347782620,0.00427
1697949240,347743740,349074900,0.0043
1697949300,349111160,350079560,0.004288
1697949360,350079560,346641700,0.004209
1697949420,346347410,344343720,0.004208
1697949480,344352760,345298340,0.004225
1697949540,345305490,345884050,0.004236
1697949600,345979520,346153440,0.004246
1697949660,346111230,348211470,0.004279
1697949720,348211470,347062060,0.004251
1697949780,347072650,347381460,0.004272
1697949840,347444950,349412050,0.004288
1697949900,349447530,350197140,0.004276
1697949960,350245640,351969880,0.004318
1697950020,351982360,356713960,0.004388
1697950080,356806970,357880490,0.004391
1697950140,359299380,361082710,0.004382
1697950200,361042880,361356360,0.004417
1697950260,361310300,361108740,0.00444
1697950320,360892600,362035340,0.004372
1697950380,361585650,361563400,0.00439
1697950440,361642130,364269480,0.004388
1697950500,363995950,364212880,0.004418
1697950560,363937200,364597260,0.004422
1697950620,364031740,363533980,0.004387
1697950680,363528470,363421890,0.004389
1697950740,363422630,363364390,0.004354
1697950800,363551420,363627840,0.004381
1697950860,363457910,364506670,0.004391
1697950920,364506670,363668430,0.004375
1697950980,363606830,363179990,0.004339
1697951040,363157090,362846600,0.004327
1697951100,362785750,362082520,0.004303
1697951160,361764630,361137360,0.004317
1697951220,361121670,361484140,0.004336
1697951280,361432150,361713700,0.004311
1697951340,361713450,361280760,0.004317
1697951400,361280200,361300980,0.004313
1697951460,361287500,362141010,0.004313
1697951520,362141010,363883860,0.004348
1697951580,363968030,364093630,0.004361
1697951640,364079840,364630270,0.004363
1697951700,364630270,365057790,0.00442
1697951760,365194600,368423370,0.004403
1697951820,368439180,368305290,0.004385
1697951880,368305290,368934220,0.004378
1697951940,368934220,369148990,0.004372
1697952000,369197170,370587170,0.004393
1697952060,370593620,370661250,0.004385
1697952120,370661250,371238830,0.004417
1697952180,371060770,373069030,0.004407
1697952240,373171090,373335090,0.00441
1697952300,373335090,373089290,0.004376
1697952360,373068100,370910080,0.004362
1697952420,370882520,370819740,0.004375
1697952480,370814630,370936610,0.004378
1697952540,370936610,370742240,0.004375
1697952600,370742240,370271660,0.004332
1697952660,370271660,369968900,0.004343
1697952720,369966720,371467120,0.004348
1697952780,371398230,369728920,0.004312
1697952840,369487220,368363930,0.004324
1697952900,368245010,367751880,0.004321
1697952960,367799270,367442500,0.004324
1697953020,367442500,366827250,0.004359
1697953080,366817360,366940850,0.004362
1697953140,366940850,366588090,0.004333
1697953200,366654480,361570190,0.004307
1697953260,361570190,361284210,0.004319
1697953320,362205010,362599910,0.004303
1697953380,362755320,362660180,0.004305
1697953440,362660180,362487200,0.004315
1697953500,362487200,362516810,0.004314
1697953560,362516810,362558000,0.004347
1697953620,362558000,363441280,0.004344
1697953680,363362540,363950350,0.00434
1697953740,363950350,364023310,0.004331
1697953800,363821590,363650430,0.004329
1697953860,363650430,363570790,0.004339
1697953920,363565680,364427950,0.00435
1697953980,364427950,364853060,0.004344
1697954040,364902600,365781980,0.004348
1697954100,365781980,366158690,0.004359
1697954160,366158690,365925950,0.004361
1697954220,365974160,366346010,0.00434
1697954280,366346010,365711850,0.004331
1697954340,365592420,362067390,0.004314
1697954400,362067390,360972020,0.004325
1697954460,361032940,361026970,0.004323
1697954520,361024460,361407270,0.004338
1697954580,361407270,361362990,0.004341
1697954640,361346010,361153310,0.004323
1697954700,361147590,359898430,0.004312
1697954760,359898430,358289890,0.004309
1697954820,358295240,354413500,0.004308
1697954880,354385290,354161290,0.004308
1697954940,354161290,353993770,0.00432
1697955000,353993770,353956610,0.004313
1697955060,353602190,353588650,0.004319
1697955120,353539600,353392700,0.004317
1697955180,353392720,354013770,0.004302
1697955240,353826210,353488110,0.004312
1697955300,353488130,354016520,0.004309
1697955360,354016520,354437970,0.004307
1697955420,354439800,354297330,0.00431
1697955480,354297330,354260930,0.004306
1697955540,354262090,354286670,0.004312
1697955600,354286670,353692440,0.004327
1697955660,353692440,353778120,0.004318
1697955720,353778120,354110140,0.004323
1697955780,354113420,353980660,0.004332
1697955840,353986210,355721030,0.004399
1697955900,355707770,355680220,0.00438
1697955960,355680240,355608560,0.00438
1697956020,355609580,358140310,0.004372
1697956080,358140310,358217810,0.004366
1697956140,358217810,358274930,0.004342
1697956200,358693840,359866850,0.004361
1697956260,359866850,360977670,0.004366
1697956320,360954790,361212180,0.004369
1697956380,361186270,361643160,0.004372
1697956440,361670610,362480500,0.004379
1697956500,362490500,361809500,0.004405
1697956560,361835240,361882740,0.004411
1697956620,361880740,363084580,0.004397
1697956680,363084580,362737300,0.004412
1697956740,362737300,362326690,0.004404
1697956800,362280890,362134570,0.004406
1697956860,362134570,361563510,0.004408
1697956920,361605000,361647660,0.004416
1697956980,361650870,362392980,0.004407
1697957040,362522190,363388180,0.00442
1697957100,362791110,363032120,0.004432
1697957160,363061420,363273620,0.004402
1697957220,363271970,363410210,0.004382
1697957280,363349320,362498090,0.004377
1697957340,362500830,362406080,0.004368
1697957400,362300030,361607920,0.004382
1697957460,361607920,361631600,0.004378
1697957520,361631600,361831020,0.004385
1697957580,361804230,361461700,0.004386
1697957640,361461700,361694500,0.004377
1697957700,361779480,361779480,0.004387
1697957760,361844420,361813540,0.004383
1697957820,361813540,359700920,0.004362
1697957880,359700920,359062840,0.00436
1697957940,359062840,358981130,0.004356
1697958000,358981130,358794140,0.004357
1697958060,358794140,359386640,0.004362
1697958120,359386640,360117970,0.004366
1697958180,360117970,359901250,0.004338
1697958240,359582210,359339880,0.00434
1697958300,359339880,359406960,0.004338
1697958360,359406960,359224460,0.004329
1697958420,359094120,357859720,0.004323
1697958480,357859720,357805460,0.004332
1697958540,357805460,357913870,0.004338
1697958600,357913880,357900290,0.004336
1697958660,357900290,358029030,0.004327
1697958720,358080780,358134940,0.004327
1697958780,358134940,358193650,0.004326
1697958840,358193650,358177870,0.004323
1697958900,358177870,358288370,0.004325
1697958960,358288370,358495650,0.00434
1697959020,358483590,358281400,0.004349
1697959080,358279550,358288650,0.004345
1697959140,358288650,358181900,0.004345
1697959200,358181900,358037610,0.004347
1697959260,358037610,358118810,0.004332
1697959320,358118810,358021030,0.004326
1697959380,357994310,356930040,0.004307
1697959440,356930040,356260050,0.004307
1697959500,356260050,356113660,0.004313
1697959560,356084250,356941040,0.004315
1697959620,356945730,356940960,0.004308
1697959680,356940960,357004890,0.004313
1697959740,357004890,357279380,0.004319
1697959800,357243840,357860440,0.00434
1697959860,357963680,357989790,0.004331
1697959920,357989790,358069690,0.004309
1697959980,358094080,356621530,0.004282
1697960040,356335990,351565490,0.004257
1697960100,350727890,349462800,0.00428
1697960160,349432820,344575980,0.004252
1697960220,344575990,344350520,0.004261
1697960280,344300890,344542480,0.004267
1697960340,344542480,343322350,0.004227
1697960400,343321630,332153120,0.004125
1697960460,331036600,327058540,0.004177
1697960520,326935090,326167980,0.004173
1697960580,326095140,325851590,0.004196
1697960640,325968340,325494170,0.004149
1697960700,325503030,327548730,0.004176
1697960760,327533250,328835970,0.004174
1697960820,328838410,328831990,0.004176
1697960880,328831230,327948490,0.004168
1697960940,327996550,327199090,0.004152
1697961000,327239170,326911010,0.004157
1697961060,326898980,325948490,0.004163
1697961120,325948490,326019300,0.004177
1697961180,326019300,325675900,0.004165
1697961240,325955720,325761730,0.004157
1697961300,325761730,325483820,0.004138
1697961360,325437050,325072040,0.004119
1697961420,325082030,324654920,0.004132
1697961480,325060950,324831870,0.004133
1697961540,324655560,324590450,0.004141
1697961600,324590450,324353810,0.004142
1697961660,324353810,323938960,0.004168
1697961720,323938960,323893720,0.004164
1697961780,323917720,323737470,0.004185
1697961840,323737470,323543890,0.00416
1697961900,323543890,323651310,0.00417
1697961960,323651310,323441730,0.004163
1697962020,323441730,323254700,0.004143
1697962080,323351670,323218770,0.004145
1697962140,323218770,323241950,0.004157
1697962200,323241950,323221740,0.004165
1697962260,323221740,323572720,0.004173
1697962320,323576260,324094120,0.004194
1697962380,324264940,324110810,0.004187
1697962440,324123110,324127930,0.004176
1697962500,324127930,323837060,0.004166
1697962560,323837060,323751430,0.004182
1697962620,323752630,323607320,0.004183
1697962680,323607320,323915590,0.004178
1697962740,323960670,324192130,0.004194
1697962800,324363290,326199840,0.004192
1697962860,326199670,326084170,0.004183
1697962920,326104650,326065640,0.00416
1697962980,326065640,326166540,0.004162
1697963040,326166540,324740230,0.004135
1697963100,324420560,324080560,0.004132
1697963160,324080560,323511460,0.00412
1697963220,323514180,321958320,0.004082
1697963280,320764490,320890250,0.004079
1697963340,320474110,319015090,0.004087
1697963400,318704140,318730450,0.004074
1697963460,318730450,319153880,0.004055
1697963520,319213720,318971310,0.004085
1697963580,318994650,319296390,0.004114
1697963640,319401070,319715080,0.004098
1697963700,319788290,319603050,0.004099
1697963760,319560100,319547840,0.004111
1697963820,319541570,319531600,0.004101
1697963880,319531600,319622370,0.004108
1697963940,319622370,319547380,0.004104
1697964000,319547380,319488700,0.004099
1697964060,319488700,319488700,0.004087
1697964120,319488700,319968960,0.004085
1697964180,319973130,320567390,0.004095
1697964240,320567390,320602030,0.004096
1697964300,320722320,321311260,0.004118
1697964360,321461770,321685470,0.004114
1697964420,321685470,321566950,0.0041
1697964480,321559650,321399760,0.00409
1697964540,321399760,321367390,0.004096
1697964600,321367390,322370820,0.004091
1697964660,322366700,322438710,0.004086
1697964720,322438710,322673570,0.004077
1697964780,322673570,322579220,0.004074
1697964840,322618810,323152340,0.004063
1697964900,322688360,322761830,0.004057
1697964960,322771380,322792190,0.004064
1697965020,322792190,321952930,0.004087
1697965080,321931960,321520640,0.004084
1697965140,321470140,321859500,0.0041
1697965200,321823990,321776740,0.004101
1697965260,321783970,322156920,0.004114
1697965320,322156920,322672420,0.004124
1697965380,322667460,322701170,0.004122
1697965440,322701170,322900720,0.004125
1697965500,322900720,323087080,0.004129
1697965560,323087080,323218110,0.004129
1697965620,323261830,323338330,0.004129
1697965680,323338330,323307350,0.00412
1697965740,323307350,323074370,0.004138
1697965800,323099880,323221600,0.004145
1697965860,323181300,323792880,0.004138
1697965920,323792880,326031010,0.004131
1697965980,326031010,326030650,0.004133
1697966040,326030650,325785980,0.004136
1697966100,325785980,325337790,0.004115
1697966160,325337810,325045400,0.004127
1697966220,325045400,324951490,0.004137
1697966280,324951490,325923050,0.004133
1697966340,325923050,325301640,0.004139
1697966400,325301640,325309110,0.00414
1697966460,325309110,323610840,0.00417
1697966520,323610840,324381530,0.004161
1697966580,324381530,323105710,0.004166
1697966640,323086020,322633770,0.00416
1697966700,322633770,323188160,0.004166
1697966760,322978540,322642840,0.004164
1697966820,322642840,322719790,0.004167
1697966880,322719790,322121950,0.00417
1697966940,322121300,322043710,0.004158
1697967000,322043710,322305770,0.004145
1697967060,322049700,321850980,0.004157
1697967120,321850980,321634100,0.004164
1697967180,321634100,321647200,0.004165
1697967240,321647200,322184010,0.004161
1697967300,322179850,322208090,0.004165
1697967360,322208090,323009040,0.004183
1697967420,323009040,323161670,0.004178
1697967480,323073840,322609030,0.004174
1697967540,322609030,322565840,0.004165
1697967600,322565840,322577900,0.004169
1697967660,322577900,321985830,0.004165
1697967720,321985830,322013210,0.004174
1697967780,322013210,322361800,0.004193
1697967840,323610660,323040170,0.004196
1697967900,323040170,324173940,0.004192
1697967960,324161460,324362270,0.004193
1697968020,324362270,324306130,0.00418
1697968080,324306130,324348720,0.004181
1697968140,324354200,325546370,0.004176
1697968200,325546370,322179550,0.00413
1697968260,322172220,322827920,0.004123
1697968320,322663800,322166620,0.004132
1697968380,322166620,321872400,0.004154
1697968440,321888470,321915690,0.004153
1697968500,321915690,322411980,0.004152
1697968560,322411980,322448840,0.004152
1697968620,322448840,322454390,0.004153
1697968680,322454390,322624230,0.004154
1697968740,322624230,323385460,0.004155
1697968800,323385460,324040010,0.004146
1697968860,324040010,323949320,0.00415
1697968920,323949320,324122240,0.004155
1697968980,324122240,324092200,0.00415
1697969040,324092200,324212080,0.00417
1697969100,324636970,324686950,0.004177
1697969160,324680540,325262450,0.004181
1697969220,325262450,325462350,0.004197
1697969280,325462350,325774260,0.004205
1697969340,325856240,325956570,0.004206
1697969400,325956570,325772950,0.004177
1697969460,325772950,325825800,0.004179
1697969520,325825800,325657410,0.004186
1697969580,325657410,325771710,0.004185
1697969640,325771710,325577940,0.004162
1697969700,325577940,325459980,0.00415
1697969760,325459980,325388510,0.004153
1697969820,325388510,325368060,0.004156
1697969880,325368060,325253470,0.004177
1697969940,325158570,325395760,0.004182
1697970000,325408790,326292000,0.004204
1697970060,326544970,327452000,0.004217
1697970120,327452000,326542950,0.004206
1697970180,326543140,326668780,0.004194
1697970240,326668780,326458430,0.004196
1697970300,326458430,327033400,0.004197
1697970360,327033400,327263530,0.0042
1697970420,327263530,327388330,0.004202
1697970480,327388330,327920630,0.004203
1697970540,327920630,327859980,0.004197
1697970600,327859980,327857440,0.004203
1697970660,327857440,327918670,0.004204
1697970720,327952730,327920140,0.004197
1697970780,327920140,327670270,0.004208
1697970840,327790220,327790230,0.004209
1697970900,327790230,327875840,0.004222
1697970960,327875840,328228670,0.004236
1697971020,328228670,328145450,0.004225
1697971080,328145450,328205180,0.004214
1697971140,328226100,328435580,0.004218
1697971200,328402800,328004710,0.004217
1697971260,328004710,327871060,0.004223
1697971320,327871060,327943820,0.004232
1697971380,327943820,327698210,0.004236
1697971440,327698210,328063480,0.004252
1697971500,328199460,327023270,0.004257
1697971560,327106440,327256860,0.004243
1697971620,327256860,327273570,0.004226
1697971680,327273610,327202900,0.004219
1697971740,327389860,327409600,0.004223
1697971800,327409600,327348420,0.004217
1697971860,327331520,327078680,0.004207
1697971920,327078680,326893080,0.004209
1697971980,326884910,326782520,0.004206
1697972040,326782520,326884390,0.004213
1697972100,326884390,326738390,0.004207
1697972160,326738390,326878960,0.004204
1697972220,326878960,326892320,0.004214
1697972280,326892320,326947480,0.004215
1697972340,326947480,327020540,0.00422
1697972400,327129910,327071220,0.004227
1697972460,327071220,326956450,0.004207
1697972520,326745910,327212520,0.004202
1697972580,327223220,327095180,0.004203
1697972640,327095180,327784030,0.004197
1697972700,327784030,327978290,0.004196
1697972760,327970390,327992050,0.004206
1697972820,327900790,328084440,0.004192
1697972880,328107920,328371380,0.004187
1697972940,328371380,328052810,0.004193
1697973000,328052810,328027650,0.004195
1697973060,328032260,328067160,0.004191
1697973120,328067160,327881260,0.004201
1697973180,327881260,327881720,0.0042
1697973240,327881720,327889010,0.004204
1697973300,327889010,327850400,0.004199
1697973360,327850400,328322030,0.004181
1697973420,328345160,328850580,0.00418
1697973480,328850580,329014920,0.004179
1697973540,329014920,328481040,0.004176
1697973600,328481040,328382470,0.004182
1697973660,328382470,328112840,0.00418
1697973720,328112840,328253790,0.004188
1697973780,328253790,328243450,0.004193
1697973840,328241110,329479510,0.004205
1697973900,329479510,329928790,0.004205
1697973960,329952590,329572580,0.004179
1697974020,329572580,329505040,0.004183
1697974080,329505040,329480210,0.00417
1697974140,329488210,329434070,0.004168
1697974200,329434070,329432020,0.004172
1697974260,329432020,329424160,0.004169
1697974320,329424160,329059770,0.004154
1697974380,329059770,329327540,0.004156
1697974440,329327220,328736630,0.004146
1697974500,328736630,328640330,0.00414
1697974560,328640330,328313320,0.004135
1697974620,328313320,327336320,0.004127
1697974680,327336320,327400180,0.004126
1697974740,327329390,327356850,0.004134
1697974800,327356850,327265820,0.004138
1697974860,327265820,327137450,0.004135
1697974920,327137450,327111360,0.004148
1697974980,327111360,327111360,0.004145
1697975040,327111360,327287300,0.004148
1697975100,327287300,328252000,0.004151
1697975160,328208510,328143560,0.004146
1697975220,328143560,328126960,0.004156
1697975280,328137430,329012570,0.004148
1697975340,329012570,328870630,0.004148
1697975400,328871560,328844440,0.004155
1697975460,328844440,329053010,0.004173
1697975520,329053010,329796470,0.004179
1697975580,329850180,329851130,0.004177
1697975640,329851130,329851130,0.004176
1697975700,329851130,329851130,0.004175
1697975760,329851130,330168090,0.004176
1697975820,330168090,331336260,0.004194
1697975880,331336260,331102270,0.004182
1697975940,331102270,331022670,0.00419
1697976000,331022670,330907340,0.004191
1697976060,330907340,330423200,0.004205
1697976120,330423200,330023550,0.004196
1697976180,330023550,330072470,0.004198
1697976240,330072470,330131770,0.004203
1697976300,330131770,330312090,0.004204
1697976360,330312090,330169590,0.004207
1697976420,330169590,330482970,0.004209
1697976480,330482970,330796190,0.004209
1697976540,330796190,330319850,0.004203
1697976600,330280580,330282220,0.004213
1697976660,330242290,330240940,0.004213
1697976720,330240940,330235170,0.004215
1697976780,330235170,330235510,0.004215
1697976840,330235510,330277080,0.004213
1697976900,330277080,330209730,0.004214
1697976960,330209730,330216420,0.004215
1697977020,330603660,332358630,0.004231
1697977080,332399010,332636170,0.004233
1697977140,332636180,333934280,0.004241
1697977200,334060420,334205030,0.004248
1697977260,334296190,334456820,0.004261
1697977320,334459280,334549120,0.004252
1697977380,334268220,334279650,0.004253
1697977440,334279650,334289040,0.004256
1697977500,334289040,334359450,0.004263
1697977560,334359450,334976170,0.004289
1697977620,334976160,335614070,0.004275
1697977680,335614070,335354030,0.004281
1697977740,335495780,335264620,0.004273
1697977800,335292430,335274120,0.004281
1697977860,335285770,335165380,0.004271
1697977920,335165990,334626680,0.004252
1697977980,334626680,334627240,0.004258
1697978040,334627230,334758900,0.00426
1697978100,334758900,334616730,0.004258
1697978160,334682490,335189390,0.004263
1697978220,335189390,335052570,0.004248
1697978280,335052570,334834610,0.004232
1697978340,334795680,334619140,0.004246
1697978400,334619140,334671320,0.004241
1697978460,334827440,334879200,0.004241
1697978520,334879200,334260220,0.004226
1697978580,334246140,334106440,0.004225
1697978640,334106440,333706060,0.004219
1697978700,333703720,333329260,0.004222
1697978760,333329260,333379230,0.004229
1697978820,333379230,333415420,0.00424
1697978880,333415420,333307850,0.004248
1697978940,333523690,333660320,0.004251
1697979000,333660320,333800860,0.004245
1697979060,333800860,333482950,0.004237
1697979120,333482950,334399090,0.004238
1697979180,334399090,334440430,0.004234
1697979240,334315760,333334130,0.004266
1697979300,333292140,333338980,0.004271
1697979360,333338980,333649770,0.004266
1697979420,333649770,333816850,0.004251
1697979480,333816850,333705670,0.004251
1697979540,333701620,333525830,0.004247
1697979600,333525830,333922150,0.004247
1697979660,333922150,333969380,0.004232
1697979720,333969380,333983140,0.004217
1697979780,333983140,333647800,0.004212
1697979840,333647800,333418210,0.00421
1697979900,333418210,332590010,0.004197
1697979960,332426300,332337960,0.004206
1697980020,332337960,332893330,0.004205
1697980080,332893330,333045170,0.004221
1697980140,333045170,333162160,0.004213
1697980200,333108760,333098760,0.004215
1697980260,333098760,333106710,0.004211
1697980320,333106710,333045990,0.004228
1697980380,333045990,333044620,0.004225
1697980440,333044620,333155020,0.004229
1697980500,333163180,333178210,0.00423
1697980560,333178210,333141230,0.00423
1697980620,333141230,333694440,0.004251
1697980680,333694440,333924810,0.004247
1697980740,333924810,334370310,0.004244
1697980800,334370310,334370310,0.004247
1697980860,334370310,334318880,0.004249
1697980920,334318880,334243060,0.004256
1697980980,334243060,334232100,0.004258
1697981040,334231300,334234510,0.004269
1697981100,334234510,334069310,0.004273
1697981160,334069310,333942460,0.004265
1697981220,333965670,334446170,0.004265
1697981280,334446170,334441030,0.004267
1697981340,334441030,334427010,0.004269
1697981400,334427010,334950600,0.004259
1697981460,334950600,335027170,0.004256
1697981520,335027170,335007110,0.004256
1697981580,335007110,334599560,0.004274
1697981640,334599560,335927000,0.004282
1697981700,335927000,335901070,0.004291
1697981760,336364930,337104860,0.004309
1697981820,337104860,336755190,0.004304
1697981880,336774180,337559210,0.004297
1697981940,337667150,337951370,0.004305
1697982000,337951370,338365260,0.004311
1697982060,338252800,336416590,0.004316
1697982120,336416590,336005070,0.004305
1697982180,335999260,336020500,0.004301
1697982240,336164260,336334140,0.0043
1697982300,336360540,335836360,0.004298
1697982360,335836360,336158470,0.004301
1697982420,336159240,336048890,0.004295
1697982480,336048890,335963260,0.00429
1697982540,335963260,335985440,0.004302
1697982600,336032870,336147890,0.0043
1697982660,336147890,336039520,0.004295
1697982720,336039520,336231470,0.004287
1697982780,336229230,336834760,0.004289
1697982840,336834760,337340100,0.004294
1697982900,337340100,336814380,0.00428
1697982960,336378390,336416630,0.004293
1697983020,336416640,336426100,0.004288
1697983080,336426100,336433360,0.004285
1697983140,336433360,336713690,0.004287
1697983200,336713690,336650140,0.004295
1697983260,336754910,337375510,0.004292
1697983320,337375510,337786610,0.004275
1697983380,337623690,338385620,0.004279
1697983440,338319100,337421430,0.004277
1697983500,337421430,337135360,0.004287
1697983560,337135360,337285050,0.004298
1697983620,337257680,337458210,0.0043
1697983680,337458200,337457060,0.004316
1697983740,337471880,338192480,0.00431
1697983800,338192480,338295710,0.004306
1697983860,338325060,338148140,0.00429
1697983920,338029440,337102270,0.004281
1697983980,337102270,336657110,0.004269
1697984040,336823300,336793310,0.004271
1697984100,336642360,336594360,0.004271
1697984160,336594360,336586870,0.004274
1697984220,336594870,337135440,0.004282
1697984280,337135440,337003160,0.004282
1697984340,337003160,336767360,0.004284
1697984400,337023200,336494480,0.004266
1697984460,336494480,336039900,0.004258
1697984520,336039900,334724780,0.00425
1697984580,334724780,335079890,0.004249
1697984640,335270150,335185900,0.004259
1697984700,335185900,335364960,0.004264
1697984760,335364960,334629610,0.004255
1697984820,334629610,334443900,0.004245
1697984880,334443900,334383000,0.004235
1697984940,334383000,333420410,0.004211
1697985000,333505620,333517770,0.00421
1697985060,333517750,334237020,0.004226
1697985120,335274740,337924850,0.004245
1697985180,337924850,337908880,0.004249
1697985240,337908880,338065180,0.004252
1697985300,338065180,351288950,0.00429
1697985360,351341130,355228200,0.004314
1697985420,355184310,355583420,0.004298
1697985480,355618170,356630230,0.004299
1697985540,356639040,357046860,0.00429
1697985600,357132620,358827470,0.004309
1697985660,358843240,358275320,0.004301
1697985720,358332110,358324510,0.0043
1697985780,358386550,358743290,0.004307
1697985840,358693050,359939140,0.004313
1697985900,359939140,359636740,0.004314
1697985960,359636740,359616130,0.004305
1697986020,359616130,359942910,0.004296
1697986080,360010440,360256350,0.004291
1697986140,360289040,357439420,0.004273
1697986200,357439420,356082950,0.00428
1697986260,356047770,356230010,0.004296
1697986320,356863400,356860870,0.004295
1697986380,356860870,356606880,0.004292
1697986440,356606880,356805720,0.004287
1697986500,356805720,356805720,0.004289
1697986560,356805720,356805720,0.004299
1697986620,356805720,357275610,0.004305
1697986680,357291820,357470360,0.004303
1697986740,357470360,357539420,0.004322
1697986800,357803140,358094190,0.004319
1697986860,358094130,358239830,0.004315
1697986920,358254800,357701890,0.004339
1697986980,357701890,357957140,0.004353
1697987040,357768090,359629520,0.004352
1697987100,359629520,360522360,0.004359
1697987160,360616480,362063740,0.004334
1697987220,361993660,361984970,0.00434
1697987280,362016980,361517200,0.004348
1697987340,361463500,362004630,0.004355
1697987400,362004630,362065870,0.004355
1697987460,362065870,364623870,0.004393
1697987520,364648210,367500810,0.00439
1697987580,367454330,367927980,0.004389
1697987640,368202180,368758400,0.004382
1697987700,368758400,369328680,0.004434
1697987760,369947090,372250250,0.00447
1697987820,372272530,379060930,0.004516
1697987880,379553460,382375880,0.004487
1697987940,382416360,385781790,0.004487
1697988000,385693130,386700180,0.00449
1697988060,386705170,387849140,0.00448
1697988120,387613030,387856330,0.004481
1697988180,387857330,387204490,0.00443
1697988240,387225600,387077310,0.004448
1697988300,387084710,387276350,0.004457
1697988360,387276350,388097130,0.004486
1697988420,388129620,387714280,0.004502
1697988480,387711660,388132470,0.004482
1697988540,388083730,389959100,0.004502
1697988600,389983200,392761790,0.004522
1697988660,392786070,393353600,0.004491
1697988720,392866040,392528710,0.004495
1697988780,392528220,393833910,0.004546
1697988840,394306020,393916750,0.004634
1697988900,394362790,396235090,0.004609
1697988960,396214950,396145250,0.004578
1697989020,396139030,396175020,0.004602
1697989080,396465750,395510600,0.004584
1697989140,395491280,395984760,0.004596
1697989200,395955600,395544870,0.004586
1697989260,395544870,397187120,0.004592
1697989320,397187120,398094350,0.004613
1697989380,398101210,398306170,0.004625
1697989440,398300030,396209760,0.004653
1697989500,396280010,397973750,0.004682
1697989560,397957460,401592600,0.004657
1697989620,401618280,402725640,0.004627
1697989680,402645570,401496640,0.004598
1697989740,401417150,402483820,0.004607
1697989800,402483520,403680720,0.004601
1697989860,403562170,403807330,0.004594
1697989920,403807330,403331870,0.004613
1697989980,403331890,404622490,0.004623
1697990040,404654870,406000490,0.004631
1697990100,406062010,405662840,0.004639
1697990160,405119680,404862720,0.004642
1697990220,404862720,404637450,0.00472
1697990280,403542330,406820590,0.004705
1697990340,406931540,408844180,0.004693
1697990400,409317860,409945750,0.004715
1697990460,410279940,407717880,0.004858
1697990520,407883690,409575740,0.00494
1697990580,409545480,410747020,0.004883
1697990640,411293790,412477630,0.004976
1697990700,412938630,412830020,0.004855
1697990760,411621950,405607230,0.00479
1697990820,405695540,407608210,0.004819
1697990880,407634540,407329730,0.004829
1697990940,407348440,406465180,0.004802
1697991000,406417540,409037250,0.004847
1697991060,409033310,409473560,0.004834
1697991120,409540260,409314840,0.004816
1697991180,409322630,409170380,0.004798
1697991240,408717070,407910330,0.004797
1697991300,407916000,409561930,0.004818
1697991360,409675700,410745730,0.004851
1697991420,410856960,411875490,0.004824
1697991480,412568440,412951020,0.004833
1697991540,412671630,415206900,0.004802
1697991600,415206900,416111000,0.004823
1697991660,416111000,416889220,0.004845
1697991720,417692150,418937770,0.004889
1697991780,419349610,421314870,0.004917
1697991840,420625540,419518870,0.004883
1697991900,419785200,419753320,0.004896
1697991960,419753320,419685940,0.004861
1697992020,419667400,418787390,0.004827
1697992080,418438060,416950840,0.004823
1697992140,416955020,417084840,0.004828
1697992200,417085760,417416490,0.004811
1697992260,417424510,416928110,0.004803
1697992320,416794380,415979280,0.004778
1697992380,415760600,415555370,0.004792
1697992440,415562690,415387740,0.004816
1697992500,415473520,415927180,0.004816
1697992560,415694000,415783320,0.00485
1697992620,416255520,419165060,0.004889
1697992680,419337110,419203480,0.004863
1697992740,419115710,419321650,0.004851
1697992800,419261900,419413660,0.004868
1697992860,419413660,420980810,0.004924
1697992920,420656360,423204640,0.004914
1697992980,423104180,424750250,0.004908
1697993040,424750250,424354570,0.004927
1697993100,424351080,421634540,0.004944
1697993160,421682090,419254640,0.004872
1697993220,419004200,419977980,0.004846
1697993280,419951120,419394500,0.004841
1697993340,419405580,421003080,0.004879
1697993400,421059010,421264090,0.00488
1697993460,421352670,421484640,0.004843
1697993520,421143740,420815060,0.004863
1697993580,420816500,420480310,0.004862
1697993640,420480310,420342590,0.004877
1697993700,420346450,420255050,0.004875
1697993760,420241950,421065690,0.004895
1697993820,421065690,420385670,0.004917
1697993880,420400020,421377340,0.004906
1697993940,421377340,421735930,0.004913
1697994000,421441420,427286780,0.004944
1697994060,427351750,428782430,0.004902
1697994120,428780010,425252030,0.004845
1697994180,425264760,425181780,0.004864
1697994240,425113250,423810130,0.00483
1697994300,423567300,421211950,0.00482
1697994360,421182720,419804370,0.004808
1697994420,419782160,420003950,0.004832
1697994480,420027880,422281770,0.004881
1697994540,422281770,422424940,0.004908
1697994600,422427720,422766290,0.004892
1697994660,422766290,421683290,0.00488
1697994720,421676370,421174450,0.004861
1697994780,421174450,421344440,0.004868
1697994840,421344440,421237050,0.004873
1697994900,421245870,421262350,0.004861
1697994960,421015200,421003670,0.00484
1697995020,421053540,420648710,0.004841
1697995080,420715500,419691320,0.004837
1697995140,419688490,417028840,0.004817
1697995200,417268470,417175730,0.004815
1697995260,417175560,415154200,0.004799
1697995320,415104030,413529130,0.00481
1697995380,413526560,412834770,0.004801
1697995440,412833970,412387260,0.004795
1697995500,412387250,411942220,0.004818
1697995560,411852030,411505230,0.004819
1697995620,411360240,412221130,0.004811
1697995680,412220030,412312580,0.004803
1697995740,412311850,413945980,0.004801
1697995800,413943390,414257040,0.004813
1697995860,414255470,414179250,0.004812
1697995920,414177710,414145570,0.004798
1697995980,414145570,412421540,0.004798
1697996040,412422980,412531290,0.004815
1697996100,412531290,412231710,0.004802
1697996160,412230990,411891860,0.004845
1697996220,411891860,412345280,0.004844
1697996280,412345280,412870100,0.00487
1697996340,412854530,412508590,0.004869
1697996400,412518200,412660210,0.004863
1697996460,412660820,413257210,0.004851
1697996520,413258660,413493730,0.004875
1697996580,413533920,413452340,0.004864
1697996640,413431850,413772460,0.004872
1697996700,413773070,413628890,0.00485
1697996760,413628890,413409320,0.00484
1697996820,413409320,413556370,0.004844
1697996880,413556370,413507590,0.00484
1697996940,413507590,413870300,0.00483
1697997000,413860340,413892330,0.004831
1697997060,413892330,413166440,0.004811
1697997120,413166440,413178210,0.004829
1697997180,413170630,413126790,0.004838
1697997240,413126790,413038760,0.004825
1697997300,413039540,412920860,0.004816
1697997360,412920190,411895380,0.004771
1697997420,411725970,413446030,0.004821
1697997480,413435400,413282060,0.004805
1697997540,413304360,413677150,0.004802
1697997600,413677150,413916440,0.0048
1697997660,413971340,412755080,0.004786
1697997720,412755080,413196140,0.004789
1697997780,413196140,413925250,0.004786
1697997840,413975530,414805790,0.004769
1697997900,414803320,415192880,0.004777
1697997960,415193500,417807160,0.004812
1697998020,417782270,419213720,0.004834
1697998080,419743970,422396340,0.004853
1697998140,422381170,422508990,0.004831
1697998200,422521230,422395460,0.004831
1697998260,422246350,422230740,0.004817
1697998320,422231860,422654330,0.004813
1697998380,422647470,422103280,0.004812
1697998440,422103280,422007640,0.00481
1697998500,422036560,422003790,0.004814
1697998560,421994240,422014120,0.004812
1697998620,422038790,422325400,0.004825
1697998680,422412210,422718290,0.004822
1697998740,422718290,422630760,0.004828
1697998800,422630760,423522920,0.004841
1697998860,423306350,422627490,0.004836
1697998920,422627490,422643530,0.004862
1697998980,422790690,424093460,0.004874
1697999040,424094220,424732000,0.004881
1697999100,424728220,425559140,0.004876
1697999160,425559140,425410380,0.004881
1697999220,425410380,425471690,0.004878
1697999280,425443730,427660000,0.004876
1697999340,427660000,427681230,0.004881
1697999400,427679710,426562450,0.004886
1697999460,426562450,426241550,0.004882
1697999520,426241550,426316880,0.004872
1697999580,426438880,425086460,0.004885
1697999640,425126150,425228430,0.004876
1697999700,425228480,424564000,0.004862
1697999760,424564000,424438390,0.004874
1697999820,424438390,424365890,0.004886
1697999880,424365890,424204580,0.004911
1697999940,424251990,424695120,0.004944
1698000000,424541200,425419790,0.004933
1698000060,425420390,425511850,0.004944
1698000120,425512340,425401330,0.004921
1698000180,425411970,425847960,0.004926
1698000240,425867540,427021330,0.004935
1698000300,427021330,425229450,0.00496
1698000360,425230640,425459890,0.004985
1698000420,425558190,429530070,0.004985
1698000480,429592450,430890350,0.004975
1698000540,430892110,433494070,0.004995
1698000600,433495270,434565870,0.005035
1698000660,434672510,436676770,0.005219
1698000720,433171790,434007990,0.00517
1698000780,434787450,437492180,0.005128
1698000840,437467420,440136750,0.005127
1698000900,440220490,440736940,0.005135
1698000960,440349410,440891570,0.005147
1698001020,440896100,441498110,0.005203
1698001080,441446790,444656570,0.005181
1698001140,444675130,444954330,0.005163
1698001200,445088250,445341270,0.00517
1698001260,445343430,444869860,0.005213
1698001320,444892500,444398550,0.005173
1698001380,444430040,442204220,0.005106
1698001440,441799010,442047780,0.005102
1698001500,442041700,441948810,0.005057
1698001560,441910930,437675390,0.005026
1698001620,437690200,437402970,0.00505
1698001680,437574550,438067400,0.005054
1698001740,438062230,437694520,0.005017
1698001800,436946980,437021300,0.005041
1698001860,437017470,436596170,0.005033
1698001920,436592850,435630800,0.005056
1698001980,435631180,431817370,0.005025
1698002040,426158400,425768960,0.005024
1698002100,425768960,422653440,0.005062
1698002160,422653440,419166510,0.005024
1698002220,419166510,418017340,0.005036
1698002280,418017340,417771370,0.005045
1698002340,417682490,417686830,0.005037
1698002400,417688460,416501150,0.005009
1698002460,416529830,416007560,0.004994
1698002520,415909330,414391440,0.004981
1698002580,414392060,413985410,0.004959
1698002640,414103390,413958840,0.004968
1698002700,413968840,414252800,0.004968
1698002760,414022810,413635090,0.004982
1698002820,413635690,413850450,0.004974
1698002880,413850570,414275820,0.004955
1698002940,414178400,413319150,0.004962
1698003000,413375940,413188800,0.004921
1698003060,412569920,410766690,0.004898
1698003120,410812950,410899700,0.004923
1698003180,410905460,410919620,0.004939
1698003240,410860800,410342510,0.004959
1698003300,410231240,409712030,0.004992
1698003360,409620680,410626730,0.005035
1698003420,410650010,410264030,0.00505
1698003480,410164210,410354490,0.005053
1698003540,410345220,411334040,0.005032
1698003600,411593670,412007120,0.005046
1698003660,412012220,411994910,0.005031
1698003720,411987240,412062600,0.004973
1698003780,412157480,412560300,0.004978
1698003840,412567190,412749010,0.004971
1698003900,412749010,412478920,0.00496
1698003960,412500050,412460810,0.004968
1698004020,412477550,412141670,0.005006
1698004080,412199320,412409690,0.005033
1698004140,412409690,414349470,0.005034
1698004200,414349470,416908010,0.005066
1698004260,416980560,417317280,0.005077
1698004320,417366450,419151610,0.005075
1698004380,419158970,421019350,0.005056
1698004440,421019350,421176370,0.005048
1698004500,421211310,419876930,0.005016
1698004560,419876930,419879720,0.005027
1698004620,419879720,419705810,0.005022
1698004680,419705810,419496280,0.005048
1698004740,419494720,419394110,0.005048
1698004800,419349160,418286890,0.005023
1698004860,418287480,418438210,0.005041
1698004920,418454440,419747920,0.0051
1698004980,420088980,420281650,0.005102
1698005040,420282030,420287240,0.0051
1698005100,420290470,420834110,0.00512
1698005160,420267840,421253060,0.005089
1698005220,421227980,421410940,0.005086
1698005280,421410940,421353750,0.005114
1698005340,421379600,421643690,0.005111
1698005400,421627470,421724950,0.005121
1698005460,421724950,420822270,0.005077
1698005520,420983560,419796850,0.005067
1698005580,419796850,419756320,0.005076
1698005640,419756350,420291960,0.005089
1698005700,420291960,420014340,0.005067
1698005760,418532590,418410260,0.005066
1698005820,418405760,418427860,0.005079
1698005880,418427860,418485780,0.005102
1698005940,418395450,418534640,0.005091
1698006000,418534640,418531960,0.005073
1698006060,418531960,418390340,0.00507
1698006120,418390340,418299980,0.005076
1698006180,418331420,418270910,0.005063
1698006240,418263050,418381470,0.005064
1698006300,418327320,418180160,0.005071
1698006360,418180160,417530010,0.005124
1698006420,417654720,417759980,0.005147
1698006480,417760360,419783750,0.005185
1698006540,419780340,420949260,0.005173
1698006600,420970820,422348880,0.00512
1698006660,422096030,422922800,0.005116
1698006720,422908490,422551630,0.005097
1698006780,422574930,422379270,0.005124
1698006840,422424250,422446010,0.005117
1698006900,422574080,422871660,0.005102
1698006960,422901570,422861110,0.005107
1698007020,422861110,422982040,0.0051
1698007080,422982070,421932090,0.005101
1698007140,421932090,422133140,0.00511
1698007200,422133140,422175320,0.005094
1698007260,422175320,422602700,0.0051
1698007320,422638100,422665280,0.005096
1698007380,422665280,422607350,0.005136
1698007440,422607350,422216220,0.005176
1698007500,422184730,424111210,0.005207
1698007560,424108000,427736480,0.005263
1698007620,427979900,431141530,0.005279
1698007680,431144980,434780800,0.005255
1698007740,434854630,432989620,0.005208
1698007800,433020190,433349320,0.005156
1698007860,433204390,432960480,0.005169
1698007920,432931250,433098270,0.005169
1698007980,433090860,432806890,0.005182
1698008040,432818660,433190570,0.005182
1698008100,433183030,433343600,0.005199
1698008160,433300510,433114710,0.005226
1698008220,433115890,433433180,0.00521
1698008280,433371640,433367390,0.005228
1698008340,433383910,434234910,0.005252
1698008400,434247300,434574550,0.005246
1698008460,434586030,433136660,0.00516
1698008520,433072360,432640740,0.005165
1698008580,432640690,432373630,0.005174
1698008640,432369120,432863730,0.0052
1698008700,433057180,434186940,0.005181
1698008760,433964810,431579350,0.005108
1698008820,431338310,431249110,0.005108
1698008880,431249110,431107070,0.005102
1698008940,431107070,431546850,0.005133
1698009000,431546850,431277800,0.005126
1698009060,431277800,431312690,0.005133
1698009120,431389380,431482710,0.005146
1698009180,431485270,431460920,0.005161
1698009240,431460920,432337180,0.005145
1698009300,432337180,429020460,0.005121
1698009360,428923780,428510330,0.005104
1698009420,428467880,427459730,0.005074
1698009480,427478180,427357610,0.005082
1698009540,427345480,426123840,0.005057
1698009600,425938130,425446640,0.005087
1698009660,425463800,425507850,0.00508
1698009720,425524660,425157980,0.005076
1698009780,425154100,424715540,0.00503
1698009840,424746490,423507490,0.004998
1698009900,423413200,423422390,0.005039
1698009960,423414630,423334840,0.005058
1698010020,423314540,423430820,0.005055
1698010080,423430820,423746370,0.005041
1698010140,423746370,423875920,0.00504
1698010200,423875920,423834770,0.005045
1698010260,423834770,423299090,0.005041
1698010320,423299090,422655200,0.005081
1698010380,422655200,422718650,0.005095
1698010440,422709320,422964850,0.005059
1698010500,422988670,422472790,0.005074
1698010560,422472000,422590770,0.00508
1698010620,422590770,422761500,0.00508
1698010680,422761500,422852100,0.005068
1698010740,422852100,422972900,0.005071
1698010800,422972900,423114350,0.005066
1698010860,423114350,422684020,0.005037
1698010920,422709590,422528680,0.005074
1698010980,422528230,422556630,0.005082
1698011040,422562040,422929420,0.005073
1698011100,422929420,422961310,0.005073
1698011160,422961310,422626800,0.005094
1698011220,422626800,422462550,0.005102
1698011280,422462550,422522670,0.005147
1698011340,424006790,424054350,0.005091
1698011400,424242070,424386150,0.00511
1698011460,424386150,424292660,0.005108
1698011520,424292660,423117640,0.005088
1698011580,423117640,422805030,0.005101
1698011640,422789700,423361920,0.005104
1698011700,423377080,423365240,0.005113
1698011760,423391240,423718450,0.005108
1698011820,423722480,423696070,0.005114
1698011880,423696070,423506790,0.00509
1698011940,422824870,422587280,0.005085
1698012000,422587270,422716540,0.005077
1698012060,422717470,421778380,0.005056
1698012120,421774410,421556400,0.005072
1698012180,421556410,421613340,0.005081
1698012240,421613240,421970120,0.005076
1698012300,421950800,421519060,0.005088
1698012360,421519060,422030400,0.005112
1698012420,422030400,422832210,0.005157
1698012480,422832210,422571960,0.00515
1698012540,422565140,423005520,0.005147
1698012600,423010580,422545510,0.005118
1698012660,422545510,422519050,0.005108
1698012720,422519050,422518100,0.005117
1698012780,422518100,422510340,0.0051
1698012840,422219100,422026880,0.005108
1698012900,422026880,422202940,0.005097
1698012960,422202850,421524780,0.005102
1698013020,421524780,421330090,0.005099
1698013080,421330090,421279790,0.0051
1698013140,421279790,421238690,0.005105
1698013200,421238690,421263330,0.0051
1698013260,421246500,421246660,0.005131
1698013320,421255450,421491480,0.005171
1698013380,421491540,421309470,0.005197
1698013440,421307870,421302860,0.005226
1698013500,421302860,420906800,0.005231
1698013560,420905210,421162710,0.005228
1698013620,421169830,420995030,0.005218
1698013680,420599540,420715570,0.005178
1698013740,420601590,420553870,0.005188
1698013800,420553870,420029370,0.00518
1698013860,420045110,418749730,0.005192
1698013920,418749730,418714510,0.005172
1698013980,418714510,418859760,0.005177
1698014040,418855370,418879410,0.005213
1698014100,418821240,420022090,0.00523
1698014160,419997400,421004180,0.005237
1698014220,421026690,422298240,0.005255
1698014280,422434330,422265870,0.00524
1698014340,422265870,422410680,0.005257
1698014400,422410680,422640980,0.005228
1698014460,422649480,422547290,0.005241
1698014520,422516950,422087360,0.005224
1698014580,422809360,423317480,0.005224
1698014640,423269360,423258530,0.005213
1698014700,423230270,422689950,0.005213
1698014760,422485620,420898070,0.005201
1698014820,420898070,420432060,0.005231
1698014880,420419200,420701930,0.005254
1698014940,420707750,421165430,0.005249
1698015000,421136560,419272380,0.005275
1698015060,419211600,418894910,0.005375
1698015120,418709690,421158130,0.005382
1698015180,421167560,421833540,0.005353
1698015240,421825860,422403530,0.005343
1698015300,421873590,422422750,0.005322
1698015360,422422750,422422750,0.005359
1698015420,422420230,423233940,0.005363
1698015480,423233930,422886560,0.005342
1698015540,422871920,423515410,0.00534
1698015600,423517430,421122960,0.005276
1698015660,420814360,420769180,0.005292
1698015720,420727120,420348200,0.005297
1698015780,420349010,420600740,0.005297
1698015840,420705410,422121940,0.005374
1698015900,422067540,421808990,0.005383
1698015960,421853680,421844420,0.005405
1698016020,421687650,422887960,0.005423
1698016080,422918170,423715190,0.00548
1698016140,423712350,428815200,0.005592
1698016200,429409210,429348500,0.005606
1698016260,429457030,430014470,0.005625
1698016320,430172120,431658240,0.005614
1698016380,431677610,431217440,0.005582
1698016440,431748670,432248990,0.00559
1698016500,432340470,432650260,0.005664
1698016560,432672010,433291140,0.00564
1698016620,433370000,434057820,0.0056
1698016680,434788830,435769370,0.005569
1698016740,435652020,436071270,0.005573
1698016800,436016920,436151450,0.005587
1698016860,436143950,436607660,0.005578
1698016920,436622100,435146700,0.005557
1698016980,434657080,431699670,0.005524
1698017040,431539330,431856510,0.005472
1698017100,431585800,426095950,0.005464
1698017160,426116910,427431850,0.005466
1698017220,427409910,427016650,0.005469
1698017280,427016650,427556020,0.00546
1698017340,427579170,427865750,0.005458
1698017400,427860550,425351310,0.005419
1698017460,425315130,425242110,0.005405
1698017520,425209410,424248660,0.005401
1698017580,424287660,423775120,0.005415
1698017640,423424220,423558550,0.005406
1698017700,423380670,423439150,0.005427
1698017760,423370850,423224410,0.00541
1698017820,423224410,423238000,0.005455
1698017880,423542010,422241200,0.005454
1698017940,422261850,423523300,0.005454
1698018000,423523300,423411300,0.00548
1698018060,423420100,423809950,0.005482
1698018120,423905740,423945440,0.005484
1698018180,423945440,424456710,0.005493
1698018240,424453030,424350620,0.005539
1698018300,424334660,424158630,0.005522
1698018360,424210320,424427660,0.005523
1698018420,424424490,424436980,0.005532
1698018480,424419390,424520320,0.005524
1698018540,424522470,424823150,0.005533
1698018600,424654870,424204820,0.00546
1698018660,423936680,424111710,0.005469
1698018720,424177460,423697040,0.00545
1698018780,423697040,423525180,0.005442
1698018840,423525180,423464880,0.005379
1698018900,423278580,423421490,0.005398
1698018960,423421490,423616370,0.005399
1698019020,423606430,423787910,0.005394
1698019080,423787910,423096450,0.005359
1698019140,423022140,421653060,0.00532
1698019200,421605080,421940670,0.005306
1698019260,422048980,422262290,0.005294
1698019320,422280400,422661350,0.0053
1698019380,422657680,421980190,0.005297
1698019440,421980190,421908260,0.005318
1698019500,422086950,422165100,0.005339
1698019560,422256320,423574100,0.005374
1698019620,423561270,424794570,0.005376
1698019680,424816700,427406350,0.005441
1698019740,427200810,427835200,0.005445
1698019800,427816610,427950270,0.005435
1698019860,428134480,427147590,0.005399
1698019920,427132210,426122060,0.005376
1698019980,426013160,424680750,0.005378
1698020040,424680750,425028900,0.005373
1698020100,425028900,424396120,0.005356
1698020160,424325490,423866190,0.005357
1698020220,423866250,423927040,0.005337
1698020280,423905280,424293960,0.005333
1698020340,424293580,420801430,0.005287
1698020400,420801890,420561310,0.0053
1698020460,420554950,420137680,0.005292
1698020520,420137680,419015400,0.005288
1698020580,419023260,418788190,0.00526
1698020640,418788190,418959580,0.005258
1698020700,418910820,419638680,0.00524
1698020760,419633950,412688590,0.005154
1698020820,412647600,416221360,0.005202
1698020880,416044100,417175190,0.005198
1698020940,417103650,417219800,0.005164
1698021000,417195980,413370660,0.005121
1698021060,413381270,391049160,0.00505
1698021120,391119270,389632470,0.005036
1698021180,389635210,389762400,0.005069
1698021240,389761340,389274860,0.005071
1698021300,389209210,388858770,0.005073
1698021360,388853590,387929010,0.005022
1698021420,387943430,388479420,0.005033
1698021480,388710160,388615560,0.005064
1698021540,388317740,388732970,0.005038
1698021600,388732970,388808500,0.00505
1698021660,388811200,388263910,0.005026
1698021720,388315490,388293160,0.005039
1698021780,388301450,388938670,0.005035
1698021840,388996680,389073500,0.005012
1698021900,388962390,388629290,0.004986
1698021960,388548910,388483220,0.00499
1698022020,388449630,388082880,0.005021
1698022080,388540190,388000130,0.005062
1698022140,387966980,387505250,0.005029
1698022200,387504400,387590370,0.005033
1698022260,387569620,387530280,0.005021
1698022320,387532050,387202920,0.005037
1698022380,387191410,387492400,0.005066
1698022440,387873390,387411710,0.005057
1698022500,387931240,387876940,0.005052
1698022560,387877700,387811410,0.005077
1698022620,387847520,386406100,0.005109
1698022680,386243390,386923380,0.005084
1698022740,386923220,386336430,0.005073
1698022800,386336340,385991190,0.005057
1698022860,385947610,385463490,0.005055
1698022920,385461240,385561670,0.005061
1698022980,385620600,385588990,0.005086
1698023040,385588720,386246310,0.005128
1698023100,386333380,387229500,0.005141
1698023160,387226950,386080010,0.005202
1698023220,385960850,386158060,0.005176
1698023280,386094210,386019680,0.005222
1698023340,387743740,388486010,0.005184
1698023400,388492230,387836490,0.005147
1698023460,387836490,387836490,0.00515
1698023520,387829010,387650880,0.005124
1698023580,387650880,388287730,0.005144
1698023640,388287730,388321350,0.005136
1698023700,388321350,388343580,0.005127
1698023760,388343580,388446980,0.005104
1698023820,388457000,386671020,0.005104
1698023880,386675960,386664280,0.005088
1698023940,386352130,386343110,0.005098
1698024000,386343110,387657660,0.005114
1698024060,387646670,387664550,0.0051
1698024120,387842180,387608970,0.005072
1698024180,387608970,387625030,0.005085
1698024240,387613890,387565120,0.005079
1698024300,387550180,387823300,0.005147
1698024360,387649860,387385520,0.005188
1698024420,387403000,388647670,0.005201
1698024480,388622650,389668550,0.005184
1698024540,389668550,389398470,0.005183
1698024600,389368690,389283710,0.005182
1698024660,389283710,389284840,0.005214
1698024720,389289660,389563810,0.005197
1698024780,389547160,389235950,0.005132
1698024840,389242120,389658580,0.005141
1698024900,389613650,389987160,0.005088
1698024960,390069110,390061790,0.005074
