"timestamp","OI_open","OI_close","price_close"
1697843700,15820013,15773596,0.1906
1697843760,15773011,15776022,0.1904
1697843820,15765072,15753519,0.1902
1697843880,15761055,15767796,0.1902
1697843940,15738738,15733146,0.1901
1697844000,15734988,15746852,0.1902
1697844060,15744295,15748289,0.1902
1697844120,15748362,15748815,0.1901
1697844180,15739259,15752456,0.1899
1697844240,15751644,15725670,0.1904
1697844300,15687497,15691328,0.1904
1697844360,15694009,15686581,0.1904
1697844420,15687277,15687364,0.1904
1697844480,15665686,15663566,0.1904
1697844540,15666500,15666500,0.1906
1697844600,15665249,15679452,0.1904
1697844660,15674065,15659839,0.1901
1697844720,15645244,15646215,0.1902
1697844780,15646644,15643326,0.1903
1697844840,15648279,15648095,0.1902
1697844900,15640720,15643795,0.1904
1697844960,15643866,15638749,0.1901
1697845020,15639190,15644255,0.1902
1697845080,15642527,15635232,0.19
1697845140,15648258,15636653,0.1901
1697845200,15636648,15634385,0.1899
1697845260,15631355,15651278,0.19
1697845320,15635401,15635370,0.1901
1697845380,15636362,15635666,0.1901
1697845440,15631990,15631860,0.1903
1697845500,15631169,15631312,0.1902
1697845560,15635727,15628526,0.19
1697845620,15635171,15648815,0.19
1697845680,15651117,15660794,0.19
1697845740,15666433,15681306,0.1902
1697845800,15681284,15675115,0.1901
1697845860,15676399,15678480,0.1899
1697845920,15678301,15689645,0.19
1697845980,15692796,15698061,0.19
1697846040,15700357,15700357,0.19
1697846100,15701677,15701285,0.19
1697846160,15702756,15711876,0.1901
1697846220,15713020,15729917,0.1903
1697846280,15733295,15734318,0.1902
1697846340,15733463,15737402,0.1903
1697846400,15740018,15678487,0.1899
1697846460,15740232,15760999,0.1895
1697846520,15727596,15632580,0.189
1697846580,15609810,15587711,0.189
1697846640,15575591,15580299,0.1889
1697846700,15590034,15590034,0.1888
1697846760,15586678,15591859,0.1888
1697846820,15586542,15601414,0.1887
1697846880,15600885,15600885,0.1888
1697846940,15589627,15589627,0.1886
1697847000,15576313,15568405,0.1886
1697847060,15539776,15528982,0.1885
1697847120,15526856,15492578,0.1882
1697847180,15492190,15628268,0.1878
1697847240,15574285,15500093,0.1876
1697847300,15474231,15469262,0.1878
1697847360,15473014,15486498,0.1879
1697847420,15482753,15487411,0.1878
1697847480,15494832,15459987,0.1879
1697847540,15454693,15455017,0.1878
1697847600,15448417,15448890,0.188
1697847660,15444166,15438360,0.1881
1697847720,15440167,15427828,0.1882
1697847780,15432448,15456052,0.1885
1697847840,15456083,15563873,0.1885
1697847900,15561415,15566270,0.1885
1697847960,15571452,15575070,0.1885
1697848020,15569358,15565662,0.1884
1697848080,15553559,15554591,0.1886
1697848140,15555018,15571176,0.1887
1697848200,15556775,15540161,0.1888
1697848260,15533462,15527563,0.1888
1697848320,15535919,15539058,0.1889
1697848380,15539283,15555215,0.1887
1697848440,15553399,15552901,0.1889
1697848500,15551269,15550690,0.1891
1697848560,15553048,15566387,0.1894
1697848620,15548699,15548256,0.1891
1697848680,15565783,15556452,0.1893
1697848740,15556599,15575064,0.1889
1697848800,15580014,15581629,0.1891
1697848860,15579561,15587540,0.1894
1697848920,15587219,15585559,0.1897
1697848980,15605286,15608050,0.1898
1697849040,15620775,15625338,0.1897
1697849100,15614909,15630366,0.1898
1697849160,15625306,15630416,0.1893
1697849220,15627943,15597888,0.1885
1697849280,15521564,15513776,0.1884
1697849340,15513220,15535044,0.1885
1697849400,15529066,15529066,0.1885
1697849460,15521513,15522213,0.1886
1697849520,15522177,15522737,0.1885
1697849580,15534969,15534671,0.1886
1697849640,15529320,15531175,0.1889
1697849700,15532995,15536573,0.1889
1697849760,15537510,15539149,0.1889
1697849820,15529935,15529939,0.1889
1697849880,15531098,15557834,0.1891
1697849940,15560942,15560942,0.1891
1697850000,15561942,15545307,0.1889
1697850060,15549416,15551057,0.1891
1697850120,15548812,15552244,0.1892
1697850180,15552242,15551471,0.1894
1697850240,15565541,15573348,0.1892
1697850300,15572916,15572916,0.1892
1697850360,15572338,15618667,0.19
1697850420,15621682,15621566,0.1901
1697850480,15636867,15634160,0.1901
1697850540,15644006,15645406,0.1905
1697850600,15639402,15635451,0.1903
1697850660,15635208,15675216,0.1904
1697850720,15673046,15672757,0.1905
1697850780,15679509,15682466,0.1904
1697850840,15698682,15701470,0.1904
1697850900,15701937,15713195,0.1905
1697850960,15727403,15755108,0.1906
1697851020,15761687,15770739,0.1906
1697851080,15775508,15786660,0.1908
1697851140,15787391,15789462,0.1911
1697851200,15825795,15820327,0.191
1697851260,15821217,15825131,0.1912
1697851320,15832575,15846920,0.1912
1697851380,15845932,15842623,0.1911
1697851440,15851214,15868484,0.1915
1697851500,15871409,15874116,0.1914
1697851560,15856889,15877246,0.1911
1697851620,15874300,15870598,0.1909
1697851680,15880323,15893965,0.1915
1697851740,15899490,15932151,0.1917
1697851800,15921446,15921961,0.1913
1697851860,15913428,15912872,0.1913
1697851920,15884275,15882120,0.1909
1697851980,15891109,15877975,0.1909
1697852040,15872862,15870259,0.1909
1697852100,15870782,15905624,0.1908
1697852160,15902785,15888829,0.1908
1697852220,15891509,15921700,0.1911
1697852280,15921700,15992070,0.1913
1697852340,16012980,16015907,0.1914
1697852400,16018368,16021966,0.1915
1697852460,16018941,16022999,0.1913
1697852520,16023624,16029028,0.1915
1697852580,16070364,16081234,0.1914
1697852640,16092029,16125138,0.191
1697852700,16129774,16125509,0.1912
1697852760,16122174,16129257,0.1913
1697852820,16129412,16203280,0.1907
1697852880,16199244,16193707,0.1905
1697852940,16192234,16194999,0.1907
1697853000,16197052,16196545,0.1905
1697853060,16194703,16184468,0.1905
1697853120,16177554,16174661,0.1904
1697853180,16186922,16159997,0.1904
1697853240,16160314,16159052,0.1904
1697853300,16164872,16166026,0.19
1697853360,16126511,16124514,0.1898
1697853420,16100848,16123954,0.1897
1697853480,16137120,16131272,0.1895
1697853540,16129376,16129460,0.1897
1697853600,16127761,16121480,0.1895
1697853660,16130140,16162814,0.1899
1697853720,16168148,16166033,0.1897
1697853780,16171184,16107094,0.1894
1697853840,16104751,16103032,0.1897
1697853900,16097739,16098654,0.1898
1697853960,16098486,16098486,0.19
1697854020,16149676,16182061,0.1901
1697854080,16187807,16190069,0.1901
1697854140,16197449,16193280,0.1902
1697854200,16194073,16224389,0.1899
1697854260,16224389,16206175,0.1901
1697854320,16241807,16241807,0.1902
1697854380,16242688,16245986,0.1903
1697854440,16260796,16275669,0.1905
1697854500,16281444,16283049,0.1903
1697854560,16283197,16283256,0.1903
1697854620,16300846,16322919,0.1905
1697854680,16324539,16330128,0.1903
1697854740,16331097,16339367,0.1905
1697854800,16345546,16345105,0.1905
1697854860,16407380,16407380,0.191
1697854920,16409852,16401412,0.1908
1697854980,16405590,16402173,0.1912
1697855040,16494280,16497603,0.1908
1697855100,16497971,16508758,0.1911
1697855160,16555941,16566988,0.1914
1697855220,16664996,16707434,0.1913
1697855280,16712216,16737971,0.1915
1697855340,16735910,16763145,0.1918
1697855400,16786230,16797026,0.1917
1697855460,16798625,16803344,0.1917
1697855520,16825457,16828362,0.1916
1697855580,16829125,16830245,0.1912
1697855640,16832919,16806397,0.1909
1697855700,16804897,16786669,0.1908
1697855760,16770023,16771369,0.1908
1697855820,16750404,16748267,0.1908
1697855880,16748267,16752324,0.1908
1697855940,16737579,16738574,0.1909
1697856000,16738298,16737848,0.191
1697856060,16763931,16798523,0.1909
1697856120,16798965,16803256,0.1909
1697856180,16827702,16830176,0.1914
1697856240,16841200,16867736,0.1913
1697856300,16891952,16922760,0.1913
1697856360,16929076,16942309,0.1915
1697856420,16957469,17002040,0.1917
1697856480,17001848,17057388,0.192
1697856540,17086806,17081272,0.1919
1697856600,17063440,17052145,0.1923
1697856660,17047318,17019749,0.1913
1697856720,17022940,17022940,0.1913
1697856780,17013193,17023710,0.1914
1697856840,17039439,17063312,0.1914
1697856900,17061771,17062248,0.1914
1697856960,17053508,17053271,0.1913
1697857020,17052489,17054762,0.1916
1697857080,17068862,17072109,0.1914
1697857140,17052548,17053117,0.1913
1697857200,17052506,17050264,0.1914
1697857260,17029004,17012854,0.1911
1697857320,17016739,17024538,0.1911
1697857380,17032994,17025135,0.1911
1697857440,17025298,17024513,0.1911
1697857500,17011190,17012187,0.1909
1697857560,17004815,16990302,0.191
1697857620,16990969,16990144,0.1909
1697857680,16907261,16914718,0.1904
1697857740,16917516,16943138,0.1906
1697857800,16941364,16942081,0.1903
1697857860,16923771,16914998,0.19
1697857920,16944973,16928493,0.1898
1697857980,16926873,16940826,0.1899
1697858040,16941725,16930402,0.1901
1697858100,16929991,16943299,0.1904
1697858160,16940147,16948217,0.1901
1697858220,16871187,16873767,0.1901
1697858280,16875940,16904803,0.1901
1697858340,16906037,16907088,0.1901
1697858400,16912049,16919817,0.19
1697858460,16927791,16929333,0.1902
1697858520,16938088,16937896,0.1901
1697858580,16931179,16919156,0.1902
1697858640,16946700,16946924,0.1906
1697858700,16966610,16971888,0.1906
1697858760,16972026,16972026,0.1905
1697858820,16968401,16970381,0.1906
1697858880,16967751,16976354,0.1907
1697858940,16977226,16992198,0.1909
1697859000,16990168,17002056,0.191
1697859060,17002478,16997965,0.1911
1697859120,16987520,16997523,0.1912
1697859180,16997244,17001658,0.1913
1697859240,17003501,17004357,0.1913
1697859300,17016512,17033088,0.1916
1697859360,17034746,17078355,0.1915
1697859420,17079715,17086455,0.1915
1697859480,17086993,17093185,0.1914
1697859540,17094551,17123730,0.1915
1697859600,17116478,17166156,0.192
1697859660,17168137,17173634,0.1921
1697859720,17171737,17191800,0.1922
1697859780,17204012,17200117,0.1922
1697859840,17200015,17211420,0.1923
1697859900,17217134,17217134,0.1918
1697859960,17190477,17187010,0.192
1697860020,17189560,17190560,0.1919
1697860080,17190552,17186990,0.192
1697860140,17183756,17176959,0.192
1697860200,17220887,17221485,0.1919
1697860260,17241863,17244877,0.1922
1697860320,17224791,17229102,0.1922
1697860380,17222171,17221716,0.1921
1697860440,17214980,17217616,0.192
1697860500,17219020,17217940,0.192
1697860560,17216385,17215419,0.1919
1697860620,17212260,17199782,0.1919
1697860680,17203715,17201991,0.1918
1697860740,17207084,17208223,0.1919
1697860800,17209222,17241560,0.1924
1697860860,17249492,17257164,0.1922
1697860920,17260972,17270881,0.1921
1697860980,17295770,17295523,0.1923
1697861040,17298263,17362644,0.1924
1697861100,17374141,17405670,0.1923
1697861160,17407048,17422064,0.1925
1697861220,17423014,17456726,0.1925
1697861280,17459649,17458945,0.1924
1697861340,17459248,17483757,0.1923
1697861400,17489614,17485899,0.1924
1697861460,17486262,17495567,0.1924
1697861520,17502418,17499514,0.1923
1697861580,17495306,17489959,0.1922
1697861640,17490099,17489668,0.1923
1697861700,17488638,17490950,0.1923
1697861760,17487661,17487661,0.1922
1697861820,17493286,17502122,0.192
1697861880,17510752,17514178,0.1918
1697861940,17506670,17505025,0.1916
1697862000,17439758,17418402,0.1914
1697862060,17408822,17415948,0.1913
1697862120,17390148,17388507,0.1928
1697862180,17483609,17398722,0.1968
1697862240,18068061,18579997,0.2003
1697862300,19204180,19497134,0.2002
1697862360,19565140,19767560,0.2007
1697862420,19948341,20373711,0.2024
1697862480,20445974,20531239,0.2023
1697862540,20575856,20840881,0.2019
1697862600,21109691,20905019,0.1996
1697862660,20917603,21334149,0.2008
1697862720,21337739,21458084,0.2012
1697862780,21465123,21504607,0.2012
1697862840,21590156,21694414,0.2013
1697862900,21755049,21811290,0.2005
1697862960,21918346,21988528,0.2002
1697863020,22060641,22136131,0.2001
1697863080,22175692,22249967,0.2004
1697863140,22383967,22528308,0.2016
1697863200,22760494,22812579,0.204
1697863260,22888520,22860670,0.2032
1697863320,22909851,23073585,0.2034
1697863380,23120242,23198312,0.2035
1697863440,23201099,23240481,0.2031
1697863500,23241241,23069681,0.2017
1697863560,23071562,22897268,0.2007
1697863620,22842301,22858114,0.2006
1697863680,22863360,22925333,0.201
1697863740,22969443,22976270,0.201
1697863800,23006159,23199875,0.2016
1697863860,23189015,23347840,0.2022
1697863920,23390242,23389617,0.2018
1697863980,23418720,23543832,0.2029
1697864040,23659768,23806118,0.2036
1697864100,23825051,23868337,0.203
1697864160,23868677,23891216,0.2036
1697864220,24006561,24000067,0.2028
1697864280,24155345,24168631,0.2032
1697864340,24094427,24070930,0.2018
1697864400,23992400,24081187,0.2019
1697864460,24194804,24251502,0.2021
1697864520,24279932,24184474,0.2012
1697864580,24276320,24328502,0.2015
1697864640,24324832,24461104,0.2012
1697864700,24481962,24511620,0.2012
1697864760,24618516,24568098,0.201
1697864820,24510253,24649831,0.2018
1697864880,24757060,24777162,0.2034
1697864940,24929624,24928981,0.2021
1697865000,24867706,24760921,0.2024
1697865060,24776764,24794413,0.2025
1697865120,24798752,24804763,0.2026
1697865180,24864173,24829427,0.2024
1697865240,24843597,24835115,0.2022
1697865300,24870117,24927761,0.2024
1697865360,24954179,24964394,0.2022
1697865420,24948746,24859057,0.2018
1697865480,24794337,24767242,0.2014
1697865540,24750360,24784588,0.2012
1697865600,24727650,24763011,0.2017
1697865660,24754081,24782092,0.2016
1697865720,24787290,24797506,0.2015
1697865780,24808670,24832975,0.2013
1697865840,24829208,24811343,0.2007
1697865900,24829803,24808725,0.2007
1697865960,24800005,24737636,0.2004
1697866020,24707793,24533234,0.2002
1697866080,24575430,24594561,0.2005
1697866140,24602668,24535041,0.2008
1697866200,24562506,24587525,0.2012
1697866260,24566996,24584822,0.2009
1697866320,24514133,24539406,0.2006
1697866380,24557731,24553590,0.2007
1697866440,24551886,24555654,0.2007
1697866500,24552904,24552904,0.2007
1697866560,24575682,24612296,0.2007
1697866620,24622142,24645308,0.2007
1697866680,24646070,24648750,0.2009
1697866740,24661854,24691553,0.2007
1697866800,24688052,24707712,0.2008
1697866860,24763669,24776045,0.2017
1697866920,24790812,24816855,0.2019
1697866980,24800986,24803002,0.2017
1697867040,24759581,24758530,0.2013
1697867100,24807343,24846919,0.2014
1697867160,24851304,24882626,0.2016
1697867220,24882510,24808029,0.2012
1697867280,24760410,24768855,0.2017
1697867340,24782421,24771592,0.2015
1697867400,24782911,24812127,0.2013
1697867460,24817516,24841517,0.2016
1697867520,24846176,24849793,0.2019
1697867580,24836819,24826116,0.2015
1697867640,24819698,24802175,0.2022
1697867700,25003843,25026808,0.2023
1697867760,25086571,25089810,0.2026
1697867820,25053913,25054464,0.203
1697867880,25091163,25139409,0.203
1697867940,25159860,25318787,0.2032
1697868000,25322178,25287099,0.2028
1697868060,25265251,25274178,0.2028
1697868120,25292245,25337337,0.2028
1697868180,25344646,25378086,0.2028
1697868240,25415506,25421406,0.203
1697868300,25409166,25423612,0.2024
1697868360,25465910,25479765,0.2027
1697868420,25472830,25394160,0.202
1697868480,25481700,25486971,0.2021
1697868540,25503134,25501683,0.2019
1697868600,25634300,25634300,0.2021
1697868660,25630591,25658244,0.2022
1697868720,25656674,25668372,0.2021
1697868780,25534343,25542966,0.202
1697868840,25588335,25589765,0.202
1697868900,25593629,25578663,0.2024
1697868960,25636202,25651735,0.2027
1697869020,25622945,25606613,0.2033
1697869080,25608344,25651101,0.2033
1697869140,25586195,25638380,0.2034
1697869200,25616650,25592699,0.203
1697869260,25606842,25677145,0.2042
1697869320,25759702,26066802,0.2038
1697869380,26048618,25954993,0.2035
1697869440,25977389,26004542,0.2046
1697869500,26040765,26042587,0.2043
1697869560,25889838,25916628,0.2037
1697869620,25889339,25879078,0.2034
1697869680,25872995,25879062,0.2035
1697869740,25839885,25814779,0.2033
1697869800,25851354,25851354,0.2039
1697869860,25911669,25906223,0.2037
1697869920,25964848,25928365,0.2036
1697869980,25887325,25853475,0.2037
1697870040,25861129,25848702,0.2037
1697870100,25839885,25833206,0.2032
1697870160,25716323,25710172,0.2027
1697870220,25747230,25733801,0.2031
1697870280,25683666,25678300,0.203
1697870340,25659567,25656125,0.2028
1697870400,25630978,25582209,0.2031
1697870460,25587510,25586227,0.2033
1697870520,25669968,25674911,0.203
1697870580,25617088,25530480,0.2027
1697870640,25563458,25575429,0.2033
1697870700,25679893,25728746,0.2026
1697870760,25672588,25676227,0.2026
1697870820,25658165,25611482,0.2023
1697870880,25604951,25609864,0.2026
1697870940,25581848,25553480,0.2028
1697871000,25563704,25563704,0.203
1697871060,25608163,25563701,0.2031
1697871120,25577711,25565000,0.2027
1697871180,25486957,25470447,0.2027
1697871240,25489131,25476587,0.2029
1697871300,25472991,25477372,0.2024
1697871360,25488695,25486065,0.2025
1697871420,25588917,25597904,0.2026
1697871480,25609342,25573348,0.2024
1697871540,25520963,25528221,0.2023
1697871600,25508947,25521489,0.2022
1697871660,25495609,25496358,0.202
1697871720,25499669,25416756,0.2014
1697871780,25173861,25166466,0.2015
1697871840,25161678,25153423,0.2019
1697871900,25184811,25209839,0.2017
1697871960,25216949,25224735,0.2013
1697872020,25176335,25180172,0.2014
1697872080,25178409,25178296,0.2013
1697872140,25177689,25187097,0.2018
1697872200,25193624,25204582,0.2021
1697872260,25202402,25202402,0.202
1697872320,25199724,25192618,0.2017
1697872380,25176128,25176128,0.2015
1697872440,25204339,25191771,0.2015
1697872500,25186726,25181609,0.2015
1697872560,25186687,25169434,0.2023
1697872620,25201309,25210292,0.2017
1697872680,25199258,25205518,0.2016
1697872740,25185157,25193143,0.2018
1697872800,25201380,25226952,0.2018
1697872860,25248627,25247032,0.2016
1697872920,25251926,25244064,0.2016
1697872980,25271675,25271439,0.2015
1697873040,25270852,25246540,0.2015
1697873100,25258145,25300979,0.2013
1697873160,25308350,25304968,0.2013
1697873220,25295130,25286938,0.2013
1697873280,25288208,25301655,0.2017
1697873340,25329677,25344710,0.2015
1697873400,25344040,25336769,0.2012
1697873460,25357376,25318570,0.2014
1697873520,25328951,25268284,0.2013
1697873580,25195174,25231626,0.2013
1697873640,25241835,25250253,0.2012
1697873700,25251038,25251038,0.2012
1697873760,25279609,25280133,0.2014
1697873820,25278531,25300249,0.2017
1697873880,25267057,25261701,0.2017
1697873940,25244613,25240728,0.202
1697874000,25269076,25272538,0.2015
1697874060,25282986,25283010,0.2015
1697874120,25265277,25262316,0.2018
1697874180,25259013,25248015,0.2015
1697874240,25252814,25262978,0.2017
1697874300,25280317,25281419,0.2017
1697874360,25295188,25327204,0.2016
1697874420,25319500,25342209,0.2021
1697874480,25334114,25354452,0.2022
1697874540,25365307,25340769,0.2022
1697874600,25319582,25334447,0.202
1697874660,25360295,25366406,0.2022
1697874720,25366318,25365173,0.2025
1697874780,25366881,25374451,0.2024
1697874840,25389425,25388327,0.2022
1697874900,25425165,25454498,0.2018
1697874960,25489570,25488892,0.2017
1697875020,25487790,25500341,0.2016
1697875080,25482544,25482544,0.2021
1697875140,25486726,25531188,0.2021
1697875200,25522702,25522702,0.2021
1697875260,25511187,25506832,0.2022
1697875320,25532187,25563768,0.2021
1697875380,25558770,25551831,0.2022
1697875440,25548736,25560561,0.2023
1697875500,25513152,25531344,0.2023
1697875560,25535535,25533383,0.2022
1697875620,25542202,25555192,0.202
1697875680,25590634,25606899,0.2024
1697875740,25601074,25621754,0.2022
1697875800,25629266,25677665,0.2023
1697875860,25707967,25751007,0.2023
1697875920,25777122,25780969,0.2022
1697875980,25778586,25774814,0.2021
1697876040,25769919,25772598,0.2021
1697876100,25772872,25758180,0.2021
1697876160,25649733,25615266,0.2018
1697876220,25627097,25669513,0.2026
1697876280,25635404,25651593,0.2023
1697876340,25717031,25741149,0.2029
1697876400,25799779,25925418,0.203
1697876460,25923031,25923031,0.2027
1697876520,25935237,25929529,0.203
1697876580,25962863,25998352,0.2029
1697876640,26000696,26058498,0.2037
1697876700,26139467,26159410,0.2037
1697876760,26245032,26239607,0.2033
1697876820,26252143,26256890,0.2037
1697876880,26273707,26303054,0.2045
1697876940,26386502,26454494,0.2052
1697877000,26519145,26571581,0.2053
1697877060,26603777,26650483,0.2061
1697877120,26710197,26708086,0.207
1697877180,26894570,26874272,0.2079
1697877240,26929441,26917700,0.2068
1697877300,26973765,26892966,0.2066
1697877360,26806145,26964018,0.2073
1697877420,27024978,27061814,0.2073
1697877480,27149140,27219018,0.2071
1697877540,27404496,27131119,0.206
1697877600,26940161,26862571,0.2062
1697877660,26888544,26888544,0.2058
1697877720,26900968,27013596,0.2063
1697877780,27005029,27019846,0.2065
1697877840,27047824,27126051,0.2068
1697877900,27164523,27257355,0.2078
1697877960,27395505,27388306,0.2068
1697878020,27420529,27404960,0.2071
1697878080,27388359,27400783,0.2067
1697878140,27412830,27481127,0.207
1697878200,27606357,27568253,0.2062
1697878260,27604475,27605388,0.2058
1697878320,27618061,27511944,0.2056
1697878380,27563310,27588386,0.2057
1697878440,27571586,27571030,0.2056
1697878500,27569734,27561789,0.2054
1697878560,27522086,27519527,0.2053
1697878620,27499872,27487538,0.2053
1697878680,27501214,27495402,0.2051
1697878740,27453180,27410188,0.2051
1697878800,27437674,27450063,0.2053
1697878860,27481996,27521725,0.205
1697878920,27481493,27465459,0.2047
1697878980,27450694,27456934,0.2048
1697879040,27495795,27485743,0.2048
1697879100,27450774,27469014,0.2051
1697879160,27493540,27496370,0.2048
1697879220,27496973,27441063,0.2045
1697879280,27378069,27378069,0.2043
1697879340,27364517,27316022,0.2049
1697879400,27277210,27338609,0.2049
1697879460,27335582,27334470,0.205
1697879520,27341432,27351663,0.2044
1697879580,27310911,27301076,0.2042
1697879640,27292581,27279637,0.2043
1697879700,27174690,27024659,0.2043
1697879760,27045253,27071312,0.2044
1697879820,27075946,27074909,0.2043
1697879880,27060799,27053924,0.2045
1697879940,27057235,26977648,0.2048
1697880000,26966749,27020933,0.2048
1697880060,27018642,27001105,0.2048
1697880120,27043661,27048052,0.2046
1697880180,27077443,27120878,0.2047
1697880240,27122123,27149834,0.2047
1697880300,27157138,27185431,0.2054
1697880360,27213416,27214341,0.2054
1697880420,27226538,27235738,0.2055
1697880480,27265520,27259437,0.2053
1697880540,27297083,27300102,0.2052
1697880600,27328455,27328723,0.2053
1697880660,27306246,27306246,0.2053
1697880720,27319980,27335507,0.2052
1697880780,27364764,27371617,0.2047
1697880840,27411142,27423588,0.2051
1697880900,27431225,27434834,0.2055
1697880960,27446218,27465275,0.2056
1697881020,27476737,27502901,0.2056
1697881080,27514514,27653188,0.2062
1697881140,27691412,27751239,0.2064
1697881200,27778129,27845248,0.2066
1697881260,27824555,27728225,0.2071
1697881320,27749767,27753930,0.2068
1697881380,27745305,27712027,0.2063
1697881440,27724066,27665872,0.2063
1697881500,27702622,27776074,0.207
1697881560,27804365,27804786,0.2066
1697881620,27835442,27846527,0.2067
1697881680,27828304,27824630,0.2067
1697881740,27847569,27849421,0.2063
1697881800,27803859,27785637,0.2062
1697881860,27789679,27789679,0.2064
1697881920,27757016,27727664,0.2063
1697881980,27728872,27747285,0.2061
1697882040,27777475,27722609,0.206
1697882100,27733685,27748333,0.2062
1697882160,27754424,27749994,0.2062
1697882220,27746533,27766031,0.2059
1697882280,27760976,27766120,0.206
1697882340,27762497,27764842,0.206
1697882400,27789415,27789398,0.2059
1697882460,27707987,27724231,0.2059
1697882520,27760223,27740333,0.2059
1697882580,27737260,27744690,0.2063
1697882640,27741861,27743988,0.2059
1697882700,27781977,27741567,0.2058
1697882760,27728881,27724984,0.2059
1697882820,27721642,27693290,0.2061
1697882880,27797120,27837403,0.2065
1697882940,27862431,27942328,0.207
1697883000,27971556,28004508,0.2073
1697883060,27981580,27969815,0.2071
1697883120,28030995,28030995,0.2076
1697883180,28075422,28128444,0.2073
1697883240,28146763,28146763,0.2072
1697883300,28060402,28043736,0.2068
1697883360,28044279,27965135,0.2065
1697883420,27965829,27972013,0.2062
1697883480,27977473,27989340,0.2063
1697883540,27980027,27965431,0.2068
1697883600,27934853,27930814,0.2063
1697883660,27964136,27932210,0.2064
1697883720,27922897,27929351,0.2064
1697883780,27972660,27913341,0.2062
1697883840,27838427,27831229,0.2065
1697883900,27819176,27837348,0.2065
1697883960,27825165,27829520,0.2063
1697884020,27820471,27805131,0.2065
1697884080,27824168,27827238,0.2067
1697884140,27769813,27787042,0.2067
1697884200,27841001,27847697,0.2067
1697884260,27844058,27869684,0.2065
1697884320,27869820,27837428,0.2062
1697884380,27795809,27836733,0.2061
1697884440,27902869,27928889,0.2061
1697884500,27950847,27893854,0.2053
1697884560,27836587,27806666,0.2056
1697884620,27805758,27735054,0.2055
1697884680,27759645,27689585,0.2052
1697884740,27668945,27668945,0.2053
1697884800,27680131,27698799,0.2056
1697884860,27716009,27701770,0.2062
1697884920,27694905,27692824,0.2061
1697884980,27690198,27689846,0.2058
1697885040,27728071,27712094,0.2057
1697885100,27697286,27738340,0.2056
1697885160,27763355,27744125,0.2059
1697885220,27729510,27726980,0.2059
1697885280,27723520,27742476,0.2057
1697885340,27744897,27743528,0.2055
1697885400,27744160,27742865,0.2054
1697885460,27734450,27764071,0.2055
1697885520,27763733,27757021,0.206
1697885580,27757992,27765585,0.2057
1697885640,27769672,27750763,0.2055
1697885700,27753867,27756891,0.2059
1697885760,27762018,27757150,0.2055
1697885820,27749395,27748511,0.2058
1697885880,27769315,27755359,0.2057
1697885940,27773690,27773690,0.2058
1697886000,27751279,27753190,0.2062
1697886060,27774918,27832886,0.2057
1697886120,27874378,27899717,0.2061
1697886180,27872478,27879309,0.2058
1697886240,27866734,27877415,0.2061
1697886300,27866890,27935416,0.2056
1697886360,27913346,27914058,0.2055
1697886420,27838221,27812920,0.2054
1697886480,27801879,27809851,0.2056
1697886540,27845805,27833584,0.2055
1697886600,27820104,27856224,0.2055
1697886660,27845536,27845240,0.2055
1697886720,27878626,27884556,0.2055
1697886780,27888178,27917957,0.2059
1697886840,27947146,27936486,0.2059
1697886900,27927416,27979743,0.2055
1697886960,27989605,27998821,0.2058
1697887020,27998298,27976750,0.2058
1697887080,28056307,28056307,0.2059
1697887140,28072374,28117806,0.2058
1697887200,28114208,28118615,0.2056
1697887260,28057674,28037593,0.2054
1697887320,28047850,28045541,0.2054
1697887380,28048767,28048457,0.2052
1697887440,28053818,28067636,0.2057
1697887500,28036674,28037070,0.2057
1697887560,28037244,28024491,0.2059
1697887620,28023333,28034144,0.2059
1697887680,28059107,28083268,0.206
1697887740,28086214,28087942,0.206
1697887800,28087131,28097224,0.206
1697887860,28088851,28101588,0.206
1697887920,28134726,28134129,0.2058
1697887980,28126407,28173855,0.2063
1697888040,28194722,28182018,0.2062
1697888100,28174889,28182601,0.2064
1697888160,28191012,28191012,0.2066
1697888220,28211343,28254313,0.2067
1697888280,28308502,28334169,0.2066
1697888340,28396035,28425230,0.2068
1697888400,28417818,28460274,0.2069
1697888460,28480395,28521062,0.2067
1697888520,28518622,28516306,0.2066
1697888580,28529111,28518260,0.2067
1697888640,28536365,28515662,0.2068
1697888700,28508704,28443604,0.2069
1697888760,28437155,28429563,0.2066
1697888820,28431815,28434703,0.2066
1697888880,28537708,28554217,0.2072
1697888940,28544017,28589235,0.2073
1697889000,28573976,28486468,0.2069
1697889060,28472309,28466419,0.2067
1697889120,28479075,28484828,0.2065
1697889180,28471799,28453633,0.2068
1697889240,28466061,28416396,0.2064
1697889300,28408692,28424008,0.2065
1697889360,28400899,28402020,0.2061
1697889420,28426992,28434964,0.2062
1697889480,28461137,28469321,0.2061
1697889540,28485598,28485598,0.2061
1697889600,28481862,28504124,0.2064
1697889660,28635111,28670430,0.2068
1697889720,28681455,28703232,0.2067
1697889780,28693376,28726095,0.2064
1697889840,28746783,28751448,0.2064
1697889900,28754161,28759141,0.2065
1697889960,28771296,28774197,0.2071
1697890020,28647720,28791318,0.207
1697890080,28788275,28830776,0.2073
1697890140,28883344,28985238,0.2075
1697890200,28984489,28969959,0.2077
1697890260,28961616,29026037,0.2077
1697890320,29056703,29076731,0.2074
1697890380,29019974,28981615,0.207
1697890440,28961820,28960198,0.2071
1697890500,28951220,28947753,0.2064
1697890560,28956656,28960545,0.2066
1697890620,28951356,28951356,0.2065
1697890680,28942588,28974080,0.2066
1697890740,28968335,28960030,0.2066
1697890800,29032635,29055116,0.2063
1697890860,29049417,29060608,0.2065
1697890920,29043305,29024943,0.2069
1697890980,29046414,29045152,0.2071
1697891040,29031113,29045415,0.2071
1697891100,29056111,29072558,0.2071
1697891160,29073310,29077143,0.2068
1697891220,29115902,29110268,0.2067
1697891280,29102354,29094318,0.2069
1697891340,29106337,29107481,0.2065
1697891400,29095901,29099191,0.207
1697891460,29100572,29115108,0.2073
1697891520,29119699,29145814,0.207
1697891580,29138415,29182044,0.2066
1697891640,29192492,29223292,0.2068
1697891700,29248769,29261440,0.2068
1697891760,29294624,29325193,0.2072
1697891820,29325420,29348416,0.2072
1697891880,29402749,29402749,0.2074
1697891940,29493986,29500768,0.2073
1697892000,29541881,29541881,0.2071
1697892060,29527005,29571717,0.2071
1697892120,29555238,29562362,0.2071
1697892180,29551304,29577672,0.2072
1697892240,29585394,29585330,0.2075
1697892300,29609646,29680599,0.2073
1697892360,29701692,29635973,0.2072
1697892420,29676963,29692463,0.2079
1697892480,29736360,29750644,0.2092
1697892540,29796247,29875629,0.2092
1697892600,30013943,30034433,0.2095
1697892660,30185964,30398993,0.2095
1697892720,30514443,30727192,0.2094
1697892780,30819422,30876231,0.2092
1697892840,30991251,31019366,0.2087
1697892900,31127846,31272553,0.2094
1697892960,31299179,31352624,0.2095
1697893020,31531580,31615988,0.2095
1697893080,31613655,31552747,0.2099
1697893140,31702219,31690101,0.2094
1697893200,31712573,31712573,0.2098
1697893260,31711042,31837932,0.2096
1697893320,31830470,31847907,0.2089
1697893380,31747531,31676177,0.2089
1697893440,31431524,31431524,0.2094
1697893500,31463022,31479471,0.2105
1697893560,31700774,31674444,0.2116
1697893620,31782334,31843969,0.2104
1697893680,31857846,31911806,0.2101
1697893740,31916688,31899832,0.2102
1697893800,32034135,31946816,0.2095
1697893860,31860320,31765626,0.21
1697893920,31865412,31869151,0.21
1697893980,31925258,31895209,0.2098
1697894040,31910105,31885389,0.2095
1697894100,31931152,31924338,0.2096
1697894160,31910618,31864683,0.2091
1697894220,31865139,31844966,0.2091
1697894280,31865775,31852494,0.2088
1697894340,31787702,31709798,0.2087
1697894400,31718549,31647945,0.2085
1697894460,31672414,31672414,0.2076
1697894520,31549724,31481261,0.2069
1697894580,31228641,31255809,0.207
1697894640,31231469,31230334,0.2073
1697894700,31193799,31199281,0.2077
1697894760,31270050,31239913,0.2076
1697894820,31219284,31165730,0.2075
1697894880,31238610,31242370,0.2079
1697894940,31250309,31243192,0.2075
1697895000,31239415,31257462,0.2073
1697895060,31277787,31222353,0.2071
1697895120,31199628,30873144,0.2059
1697895180,30890694,30867995,0.206
1697895240,30835986,30805531,0.2053
1697895300,30623918,30410228,0.205
1697895360,30495291,30499891,0.2048
1697895420,30466904,30368674,0.2048
1697895480,29911370,29920195,0.2033
1697895540,29960930,29861458,0.2036
1697895600,29768891,29768891,0.2034
1697895660,29707562,29621915,0.2034
1697895720,29624711,29585093,0.2034
1697895780,29587678,29381151,0.2044
1697895840,29387846,29349612,0.204
1697895900,29366580,29334406,0.2043
1697895960,29340616,29344570,0.2037
1697896020,29331935,29317286,0.2054
1697896080,29225327,29328262,0.2043
1697896140,29345805,29352731,0.2041
1697896200,29342276,29351270,0.2033
1697896260,29355139,29372020,0.2039
1697896320,29350416,29304411,0.2038
1697896380,29288497,29258076,0.2036
1697896440,29304447,29286030,0.2034
1697896500,29266570,29165909,0.2028
1697896560,29163584,29149814,0.2029
1697896620,29090205,29132235,0.2023
1697896680,28736069,28736069,0.2019
1697896740,28808608,28809222,0.2015
1697896800,28740591,28725714,0.2013
1697896860,28703215,28676061,0.2007
1697896920,28560580,28632110,0.2004
1697896980,28657006,28502334,0.2006
1697897040,28416464,28357405,0.201
1697897100,28320250,28273000,0.201
1697897160,28227467,28034784,0.2016
1697897220,28099087,28112573,0.2018
1697897280,28128053,28107903,0.2009
1697897340,28183444,28246815,0.2006
1697897400,28218280,28258143,0.2002
1697897460,28281297,27996025,0.1992
1697897520,27829586,27579496,0.1991
1697897580,27581301,27549823,0.1996
1697897640,27487719,27423427,0.1997
1697897700,27323196,27329712,0.1992
1697897760,27328898,27292130,0.1994
1697897820,27282250,27370225,0.1995
1697897880,27380877,27380877,0.1996
1697897940,27389991,27351530,0.1992
1697898000,27329282,27286561,0.1989
1697898060,27301958,27304053,0.1993
1697898120,27316815,27306901,0.1987
1697898180,27308223,27384457,0.1989
1697898240,27381718,27343250,0.1988
1697898300,27348699,27302817,0.1991
1697898360,27340450,27370869,0.1991
1697899320,26720742,26720742,0.2022
1697899380,26700435,26646797,0.2028
1697899440,26638506,26690453,0.2025
1697899500,26672314,26704672,0.2025
1697899560,26661337,26668194,0.2022
1697899620,26652202,26651765,0.202
1697899680,26620260,26629025,0.201
1697899740,26591060,26552284,0.2013
1697899800,26611001,26632494,0.2009
1697899860,26665501,26673007,0.2009
1697899920,26677576,26667610,0.2013
1697899980,26630850,26630850,0.2015
1697900040,26622703,26613157,0.2015
1697900100,26613904,26590563,0.2016
1697900160,26589059,26572950,0.2017
1697900220,26505144,26495284,0.2022
1697900280,26516753,26672878,0.2034
1697900340,26659236,26674546,0.203
1697900400,26648624,26648624,0.2028
1697900460,26556740,26546556,0.2028
1697900520,26501588,26485483,0.2026
1697900580,26438419,26374975,0.2025
1697900640,26363781,26400035,0.2026
1697900700,26435813,26321698,0.2023
1697900760,26312845,26302417,0.2024
1697900820,26306622,26284786,0.2021
1697900880,26279378,26256169,0.2021
1697900940,26296215,26287720,0.2018
1697901000,26289610,26270032,0.2014
1697901060,26323722,26347384,0.2014
1697901120,26365158,26361726,0.2012
1697901180,26397578,26387518,0.2016
1697901240,26415628,26413213,0.2022
1697901300,26509764,26488277,0.2012
1697901360,26468378,26468378,0.2017
1697901420,26471060,26449841,0.2023
1697901480,26451970,26451970,0.2031
1697901540,26434506,26403331,0.2031
1697901600,26383754,26365685,0.2031
1697901660,26370784,26312629,0.2031
1697901720,26325632,26328696,0.2033
1697901780,26313689,26317025,0.2031
1697901840,26302350,26344924,0.2032
1697901900,26335972,26307017,0.2032
1697901960,26324645,26320190,0.203
1697902020,26322370,26396005,0.2027
1697902080,26386435,26378903,0.2025
1697902140,26386883,26378649,0.2023
1697902200,26386715,26378548,0.2024
1697902260,26390093,26390358,0.2023
1697902320,26396177,26374142,0.2023
1697902380,26405675,26399250,0.2022
1697902440,26367256,26381336,0.2031
1697902500,26342519,26352035,0.2038
1697902560,26336156,26331615,0.2038
1697902620,26337658,26337658,0.2046
1697902680,26245859,26297881,0.2047
1697902740,26259640,26259640,0.2053
1697902800,26232723,26217119,0.2046
1697902860,26272136,26272136,0.2051
1697902920,26295340,26293992,0.2046
1697902980,26302730,26286120,0.2045
1697903040,26282101,26300198,0.2042
1697903100,26428638,26433307,0.2045
1697903160,26443231,26433778,0.2045
1697903220,26434941,26436967,0.2045
1697903280,26415944,26406441,0.2051
1697903340,26400151,26407906,0.2051
1697903400,26414963,26456214,0.2055
1697903460,26437026,26443063,0.2049
1697903520,26451450,26438346,0.2049
1697903580,26450674,26453270,0.2048
1697903640,26455666,26446672,0.205
1697903700,26448725,26425363,0.2049
1697903760,26470139,26463669,0.2052
1697903820,26466106,26451334,0.2053
1697903880,26470370,26470370,0.2055
1697903940,26456525,26449391,0.205
1697904000,26449306,26378695,0.2043
1697904060,26399196,26402422,0.2041
1697904120,26386220,26380093,0.2043
1697904180,26353633,26277603,0.2035
1697904240,25965749,25964471,0.2041
1697904300,25953476,25970685,0.2041
1697904360,25919300,25986785,0.2051
1697904420,25994654,25957296,0.2052
1697904480,25998236,26008458,0.2056
1697904540,25983160,26163457,0.2079
1697904600,26120567,26089852,0.208
1697904660,26100748,26114100,0.2074
1697904720,26165608,26181288,0.2079
1697904780,26193836,26123829,0.2068
1697904840,26100213,26092908,0.2069
1697904900,26045874,26049627,0.2062
1697904960,26061099,26061099,0.2057
1697905020,26047931,26028491,0.2058
1697905080,26036876,26018511,0.2062
1697905140,26047683,26193659,0.2062
1697905200,26201904,26168258,0.2063
1697905260,26169375,26183218,0.2062
1697905320,26179826,26170385,0.2061
1697905380,26169676,26142897,0.206
1697905440,26142867,26157261,0.2062
1697905500,26188250,26195732,0.208
1697905560,26019971,25985388,0.207
1697905620,25984051,25981332,0.207
1697905680,25976967,25953047,0.2068
1697905740,25941895,25949831,0.2066
1697905800,25966698,25927482,0.207
1697905860,25923967,25921360,0.2069
1697905920,26014964,26014964,0.2073
1697905980,26069373,25896683,0.2064
1697906040,25889688,25889688,0.2064
1697906100,25873592,25870109,0.2064
1697906160,25880790,25901694,0.2065
1697906220,25883799,25904965,0.2077
1697906280,25904792,25903897,0.2078
1697906340,25912432,25963560,0.2082
1697906400,26007619,25993304,0.2077
1697906460,25976193,25994958,0.2071
1697906520,25993763,25990307,0.2069
1697906580,25915090,25924269,0.2069
1697906640,25929196,25941339,0.207
1697906700,25919187,25936579,0.2073
1697906760,25936570,25933483,0.2072
1697906820,25935749,25948813,0.2073
1697906880,25938885,25935783,0.2072
1697906940,25931993,25926660,0.2072
1697907000,25930453,25877621,0.2073
1697907060,25880293,25876504,0.2071
1697907120,25865778,25846307,0.2071
1697907180,25849897,25828437,0.2068
1697907240,25828557,25828557,0.2063
1697907300,25845950,25847152,0.2063
1697907360,25822659,25811746,0.2065
1697907420,25808246,25725212,0.2065
1697907480,25724283,25684480,0.2063
1697907540,25683976,25685681,0.2065
1697907600,25658012,25659204,0.2063
1697907660,25632135,25601642,0.2065
1697907720,25559695,25536587,0.2063
1697907780,25513892,25510428,0.2062
1697907840,25488783,25489336,0.2064
1697907900,25469136,25402456,0.2065
1697907960,25454347,25437034,0.2072
1697908020,25446802,25440177,0.2073
1697908080,25393586,25409435,0.2072
1697908140,25410846,25389980,0.2074
1697908200,25398384,25419083,0.2076
1697908260,25419795,25380585,0.207
1697908320,25378841,25369716,0.207
1697908380,25349845,25350442,0.2067
1697908440,25291194,25291194,0.2063
1697908500,25273356,25279035,0.2059
1697908560,25260102,25260102,0.2058
1697908620,25230064,25221609,0.2058
1697908680,25215961,25215961,0.2063
1697908740,25203281,25199722,0.2062
1697908800,25189538,25191699,0.2064
1697908860,25179945,25173251,0.2064
1697908920,25168125,25163828,0.2062
1697908980,25128588,25139125,0.2063
1697909040,25133519,25115353,0.2062
1697909100,25113958,25118847,0.2064
1697909160,25098441,25095395,0.2063
1697909220,25062854,25067871,0.2061
1697909280,25066325,25071336,0.2064
1697909340,25062403,25065356,0.2064
1697909400,25058686,25064094,0.2065
1697909460,25043204,25043255,0.2064
1697909520,25051905,25051919,0.2064
1697909580,25044281,25029370,0.2062
1697909640,25018239,25020398,0.2064
1697909700,25025696,25025696,0.2064
1697909760,25025380,25018952,0.2066
1697909820,25019859,25019019,0.2065
1697909880,25021642,25022817,0.2063
1697909940,25010152,25015039,0.2067
1697910000,24999823,24996652,0.2071
1697910060,24975654,24970186,0.2072
1697910120,24930320,24932020,0.207
1697910180,24926224,24907745,0.2069
1697910240,24900797,24893579,0.2069
1697910300,24889954,24879318,0.2072
1697910360,24852696,24849723,0.207
1697910420,24836625,24790060,0.2068
1697910480,24793615,24796106,0.2067
1697910540,24801944,24802328,0.2068
1697910600,24810041,24799412,0.2065
1697910660,24781307,24774897,0.2065
1697910720,24774558,24774558,0.2062
1697910780,24775688,24747343,0.2059
1697910840,24827802,24828307,0.2061
1697910900,24828292,24828292,0.206
1697910960,24831284,24832104,0.2061
1697911020,24819517,24818085,0.2062
1697911080,24817731,24859035,0.2061
1697911140,24877549,24881818,0.2061
1697911200,24867429,24857062,0.2067
1697911260,24841338,24841134,0.2066
1697911320,24845666,24852064,0.2062
1697911380,24850225,24820932,0.2063
1697911440,24820362,24816511,0.206
1697911500,24805487,24826358,0.2058
1697911560,24822743,24799223,0.2056
1697911620,24788902,24786529,0.2056
1697911680,24762578,24763698,0.2059
1697911740,24751266,24728748,0.2058
1697911800,24720355,24676803,0.2057
1697911860,24684564,24676664,0.2056
1697911920,24708756,24703784,0.2056
1697911980,24713185,24696813,0.2054
1697912040,24654599,24632434,0.2054
1697912100,24621334,24597287,0.2049
1697912160,24546080,24536767,0.2051
1697912220,24539059,24592612,0.2048
1697912280,24584167,24573015,0.2049
1697912340,24568108,24568108,0.2051
1697912400,24567423,24574524,0.2051
1697912460,24597363,24595117,0.2053
1697912520,24586921,24585068,0.2057
1697912580,24572364,24555948,0.2056
1697912640,24561053,24563531,0.2057
1697912700,24565226,24551977,0.2056
1697912760,24541375,24549470,0.2055
1697912820,24553123,24549422,0.2057
1697912880,24555226,24552670,0.2058
1697912940,24512757,24511996,0.206
1697913000,24514774,24514439,0.2057
1697913060,24515615,24520694,0.2055
1697913120,24519877,24431221,0.2056
1697913180,24423073,24427302,0.2058
1697913240,24418513,24416714,0.2058
1697913300,24402093,24386923,0.2057
1697913360,24383987,24387115,0.2058
1697913420,24385045,24380007,0.2056
1697913480,24379269,24377990,0.2057
1697913540,24372319,24367218,0.2055
1697913600,24366422,24369437,0.2055
1697913660,24362073,24359619,0.2056
1697913720,24384667,24382349,0.2054
1697913780,24387563,24382836,0.2056
1697913840,24384998,24381935,0.2054
1697913900,24384200,24384729,0.2055
1697913960,24382764,24382764,0.2057
1697914020,24377168,24363212,0.2055
1697914080,24363214,24363214,0.2058
1697914140,24373772,24369451,0.2058
1697914200,24370258,24355995,0.2061
1697914260,24407307,24413355,0.2057
1697914320,24413049,24431737,0.2058
1697914380,24501552,24500391,0.2058
1697914440,24499619,24503634,0.2056
1697914500,24504232,24504144,0.2055
1697914560,24501822,24514775,0.2056
1697914620,24508962,24486184,0.2055
1697914680,24483459,24483655,0.2056
1697914740,24484035,24481051,0.2055
1697914800,24479960,24482086,0.2054
1697914860,24461172,24468106,0.2053
1697914920,24462558,24487778,0.2052
1697914980,24451010,24442473,0.2054
1697915040,24541861,24540178,0.2053
1697915100,24526879,24540266,0.2053
1697915160,24539474,24545264,0.2054
1697915220,24544880,24538825,0.2055
1697915280,24464721,24517545,0.2052
1697915340,24520054,24524565,0.2051
1697915400,24503434,24512561,0.2048
1697915460,24515616,24509396,0.2047
1697915520,24515061,24515061,0.2045
1697915580,24500820,24495811,0.2046
1697915640,24491576,24482276,0.2045
1697915700,24467457,24469634,0.2044
1697915760,24481118,24482695,0.2047
1697915820,24469988,24478865,0.2045
1697915880,24478379,24463593,0.2042
1697915940,24465712,24466271,0.2044
1697916000,24471677,24473624,0.2043
1697916060,24473522,24474405,0.2042
1697916120,24487895,24481385,0.2041
1697916180,24476939,24469796,0.2042
1697916240,24466325,24467312,0.204
1697916300,24464618,24468252,0.2039
1697916360,24481657,24547783,0.2043
1697916420,24556525,24534078,0.204
1697916480,24521921,24520353,0.2041
1697916540,24521119,24503992,0.204
1697916600,24509387,24509387,0.2043
1697916660,24528021,24517702,0.2037
1697916720,24478431,24489022,0.2041
1697916780,24489176,24486363,0.2039
1697916840,24456436,24455264,0.2042
1697916900,24584450,24630774,0.2052
1697916960,24622130,24649773,0.2052
1697917020,24645057,24644978,0.2052
1697917080,24647608,24634851,0.2053
1697917140,24642324,24648757,0.2051
1697917200,24627984,24598765,0.2053
1697917260,24584521,24564449,0.2052
1697917320,24578709,24578709,0.2053
1697917380,24570571,24573075,0.206
1697917440,24524069,24570846,0.2053
1697917500,24574285,24579378,0.2055
1697917560,24558953,24559505,0.2055
1697917620,24549244,24549247,0.2053
1697917680,24549297,24559883,0.2053
1697917740,24556585,24562924,0.2052
1697917800,24559990,24569798,0.2053
1697917860,24561147,24561147,0.2051
1697917920,24563093,24562935,0.2052
1697917980,24569976,24562925,0.2052
1697918040,24575687,24575653,0.2052
1697918100,24569066,24566874,0.205
1697918160,24557580,24557580,0.2049
1697918220,24558227,24565445,0.2051
1697918280,24572347,24573420,0.205
1697918340,24570781,24574175,0.205
1697918400,24572252,24581573,0.2051
1697918460,24565062,24550475,0.205
1697918520,24551230,24552512,0.2048
1697918580,24556028,24566363,0.2049
1697918640,24554310,24566693,0.205
1697918700,24575861,24578106,0.2051
1697918760,24587624,24596547,0.2053
1697918820,24599189,24599189,0.2054
1697918880,24596860,24596706,0.2056
1697918940,24617550,24604082,0.2055
1697919000,24583152,24583693,0.2056
1697919060,24590279,24590279,0.2057
1697919120,24712359,24721368,0.2056
1697919180,24723763,24726426,0.2055
1697919240,24805349,24818770,0.2053
1697919300,24811683,24803213,0.2052
1697919360,24781454,24775143,0.2052
1697919420,24779516,24779157,0.2053
1697919480,24770155,24760776,0.2053
1697919540,24754427,24756925,0.2054
1697919600,24747712,24744562,0.2055
1697919660,24744399,24741973,0.2055
1697919720,24741182,24740283,0.2052
1697919780,24723141,24720369,0.205
1697919840,24716825,24651852,0.2045
1697919900,24659453,24667471,0.2048
1697919960,24666301,24666640,0.2049
1697920020,24660810,24671033,0.2052
1697920080,24671968,24664563,0.2051
1697920140,24648632,24653114,0.2055
1697920200,24672565,24669057,0.2056
1697920260,24668096,24668096,0.2055
1697920320,24651892,24649466,0.2055
1697920380,24651271,24652615,0.2057
1697920440,24652825,24646684,0.206
1697920500,24645668,24653300,0.2054
1697920560,24636131,24625345,0.2055
1697920620,24617992,24608467,0.2053
1697920680,24607467,24622565,0.2056
1697920740,24620064,24620064,0.2056
1697920800,24620583,24619038,0.2051
1697920860,24620066,24618472,0.205
1697920920,24636258,24641661,0.2051
1697920980,24642555,24642885,0.2053
1697921040,24635594,24639296,0.2053
1697921100,24640259,24637243,0.2053
1697921160,24642763,24642455,0.2054
1697921220,24642349,24633679,0.2056
1697921280,24638975,24637158,0.2059
1697921340,24615868,24612654,0.2053
1697921400,24606420,24618970,0.2057
1697921460,24614132,24614132,0.2055
1697921520,24589492,24592681,0.2052
1697921580,24590819,24582628,0.2054
1697921640,24580015,24580015,0.2053
1697921700,24572458,24567258,0.2055
1697921760,24624472,24604763,0.206
1697921820,24591296,24600444,0.2057
1697921880,24599645,24604343,0.2056
1697921940,24603294,24601018,0.2057
1697922000,24595241,24587934,0.2055
1697922060,24575868,24582150,0.2056
1697922120,24584723,24587660,0.2057
1697922180,24582819,24581379,0.2058
1697922240,24568785,24567684,0.2058
1697922300,24565365,24650114,0.2057
1697922360,24650978,24652102,0.2057
1697922420,24652252,24646973,0.2058
1697922480,24650704,24652132,0.2057
1697922540,24653280,24663712,0.2058
1697922600,24663903,24671883,0.2058
1697922660,24680225,24680225,0.2057
1697922720,24693046,24704494,0.2059
1697922780,24703886,24716536,0.2059
1697922840,24690979,24694523,0.2062
1697922900,24724727,24724727,0.2063
1697922960,24718966,24727478,0.2061
1697923020,24726684,24726931,0.206
1697923080,24722710,24721202,0.2061
1697923140,24722181,24723233,0.206
1697923200,24723165,24716789,0.206
1697923260,24717827,24717961,0.206
1697923320,24718170,24718170,0.206
1697923380,24715194,24714502,0.206
1697923440,24718506,24720188,0.2061
1697923500,24721281,24715319,0.2057
1697923560,24711743,24707019,0.2056
1697923620,24705441,24696561,0.2059
1697923680,24681797,24681727,0.2058
1697923740,24670768,24670958,0.2059
1697923800,24665209,24666633,0.2058
1697923860,24666717,24666833,0.2057
1697923920,24666359,24675218,0.2057
1697923980,24718176,24715261,0.206
1697924040,24714789,24718566,0.2061
1697924100,24734155,24733640,0.2057
1697924160,24730262,24734861,0.2057
1697924220,24696167,24696167,0.2058
1697924280,24697205,24692761,0.2055
1697924340,24659280,24652953,0.2055
1697924400,24646357,24647600,0.2055
1697924460,24625016,24624569,0.2054
1697924520,24632831,24635232,0.2054
1697924580,24599307,24594551,0.2054
1697924640,24591693,24591986,0.2054
1697924700,24591839,24590780,0.2053
1697924760,24591236,24591101,0.2054
1697924820,24590702,24592743,0.2054
1697924880,24585514,24584768,0.2053
1697924940,24594298,24587304,0.2056
1697925000,24575628,24575030,0.2055
1697925060,24575365,24581962,0.2056
1697925120,24583000,24583000,0.2057
1697925180,24579114,24578772,0.2056
1697925240,24581877,24595863,0.2056
1697925300,24579897,24579897,0.2056
1697925360,24580032,24584079,0.2059
1697925420,24570895,24570916,0.2059
1697925480,24566311,24566361,0.2057
1697925540,24568732,24564975,0.2059
1697925600,24559255,24558458,0.2059
1697925660,24548106,24540493,0.2059
1697925720,24543268,24540640,0.206
1697925780,24556557,24560435,0.206
1697925840,24582002,24578538,0.2061
1697925900,24577100,24580128,0.2064
1697925960,24579433,24579527,0.2064
1697926020,24575889,24660697,0.2061
1697926080,24657012,24656143,0.2059
1697926140,24647453,24618608,0.206
1697926200,24618055,24617370,0.2057
1697926260,24593956,24593956,0.2055
1697926320,24594873,24593768,0.2057
1697926380,24593683,24548164,0.206
1697926440,24548094,24548094,0.2057
1697926500,24548312,24548187,0.2058
1697926560,24548907,24555721,0.2056
1697926620,24565597,24565721,0.2062
1697926680,24562333,24562333,0.2061
1697926740,24562728,24568239,0.2061
1697926800,24569893,24589129,0.2059
1697926860,24590636,24591516,0.2058
1697926920,24588354,24588102,0.2054
1697926980,24573617,24573101,0.2056
1697927040,24569022,24572586,0.2055
1697927100,24570125,24570795,0.2053
1697927160,24568373,24566191,0.2052
1697927220,24566011,24572552,0.2051
1697927280,24545492,24539968,0.2052
1697927340,24536316,24540427,0.2051
1697927400,24528098,24512253,0.2049
1697927460,24510910,24514954,0.2049
1697927520,24511253,24511253,0.2047
1697927580,24513250,24547697,0.2045
1697927640,24550254,24552532,0.2044
1697927700,24555068,24556105,0.2045
1697927760,24597294,24570133,0.2045
1697927820,24578158,24573259,0.2045
1697927880,24562373,24554897,0.2046
1697927940,24554755,24554291,0.2045
1697928000,24528541,24531952,0.2047
1697928060,24531511,24562807,0.2045
1697928120,24563480,24539005,0.2049
1697928180,24532754,24531156,0.2046
1697928240,24532649,24529226,0.2048
1697928300,24529182,24527375,0.2049
1697928360,24534424,24534749,0.2049
1697928420,24535127,24535127,0.2045
1697928480,24504253,24507549,0.2044
1697928540,24507874,24508973,0.2045
1697928600,24509226,24516756,0.2043
1697928660,24529017,24529017,0.2042
1697928720,24486174,24482610,0.2045
1697928780,24481605,24479095,0.2045
1697928840,24478538,24479418,0.2044
1697928900,24478909,24474545,0.2044
1697928960,24474315,24474809,0.2045
1697929020,24476388,24476859,0.2046
1697929080,24493279,24492559,0.2043
1697929140,24493982,24492254,0.2044
1697929200,24487423,24482607,0.204
1697929260,24485984,24481760,0.2039
1697929320,24498626,24533762,0.2037
1697929380,24523059,24538115,0.2036
1697929440,24565807,24565807,0.2036
1697929500,24560340,24595480,0.2035
1697929560,24596740,24588321,0.2038
1697929620,24586618,24591275,0.2036
1697929680,24648237,24634107,0.2035
1697929740,24617592,24614846,0.2035
1697929800,24567455,24546132,0.2041
1697929860,24503417,24482744,0.204
1697929920,24480790,24480481,0.2041
1697929980,24474682,24475024,0.2042
1697930040,24448466,24449690,0.2043
1697930100,24449387,24443795,0.2043
1697930160,24361007,24383890,0.2058
1697930220,24408938,24594294,0.2062
1697930280,24555520,24546954,0.2054
1697930340,24421996,24422216,0.2061
1697930400,24729161,24733304,0.2063
1697930460,24739717,24738323,0.2059
1697930520,24745784,24762426,0.2064
1697930580,24815152,24821295,0.2059
1697930640,24818478,24817309,0.2058
1697930700,24819075,24815118,0.2059
1697930760,24817637,24820817,0.2059
1697930820,24819575,24820075,0.2059
1697930880,24818677,24817111,0.206
1697930940,24819508,24819508,0.2059
1697931000,24824047,24810447,0.206
1697931060,24837093,24837093,0.2066
1697931120,24867023,24871644,0.2064
1697931180,24870453,24841514,0.2063
1697931240,24856701,24862087,0.2064
1697931300,24859383,24892946,0.2066
1697931360,24892630,24887127,0.2063
1697931420,24879992,24875768,0.2064
1697931480,24884370,24885787,0.2063
1697931540,24887115,24928358,0.2065
1697931600,24928149,24939135,0.2072
1697931660,24975958,25034146,0.2076
1697931720,24992685,25001487,0.2079
1697931780,25036357,25030936,0.2079
1697931840,25023585,25002277,0.2077
1697931900,25023812,25198959,0.2085
1697931960,25580194,25663990,0.2091
1697932020,25755253,25765974,0.2091
1697932080,25802609,25802609,0.2087
1697932140,25804945,25852165,0.2087
1697932200,25884972,25859593,0.2094
1697932260,25918682,25983217,0.2105
1697932320,26179632,26208902,0.2118
1697932380,26377369,26509482,0.2106
1697932440,26633666,26676221,0.2098
1697932500,26717144,26770116,0.2097
1697932560,26802504,26809716,0.2096
1697932620,26847063,26792508,0.2102
1697932680,26826373,26913650,0.2108
1697932740,26948668,26960635,0.2106
1697932800,27153567,27196909,0.209
1697932860,27198233,27293274,0.2102
1697932920,27362711,27411678,0.2104
1697932980,27570627,28004241,0.2134
1697933040,28505764,28386224,0.2132
1697933100,28526461,28672165,0.2141
1697933160,29046052,29171689,0.2153
1697933220,29222472,29222472,0.2175
1697933280,29399417,29528134,0.2159
1697933340,29424528,29321565,0.2144
1697933400,29250092,29157788,0.213
1697933460,29161379,29293764,0.2149
1697933520,29263400,29307198,0.2137
1697933580,29306085,29364817,0.215
1697933640,29420063,29419379,0.2143
1697933700,29398715,29195267,0.2125
1697933760,29164641,29181290,0.2115
1697933820,29102460,28983967,0.2109
1697933880,28902568,28923424,0.2114
1697933940,28939235,28967763,0.2128
1697934000,29128293,29185802,0.2142
1697934060,29211723,29231505,0.2127
1697934120,29192571,29219861,0.2123
1697934180,29253249,29258679,0.2118
1697934240,29237605,29254484,0.211
1697934300,29272129,29279068,0.2107
1697934360,29355475,29394052,0.212
1697934420,29567381,29603554,0.2136
1697934480,29618469,29618469,0.2135
1697934540,29661418,29702070,0.2135
1697934600,29744958,29741480,0.2125
1697934660,29714930,29683811,0.2122
1697934720,29621874,29595295,0.2127
1697934780,29616744,29549556,0.2114
1697934840,29527457,29560155,0.2109
1697934900,29579052,29616104,0.2113
1697934960,29609106,29612226,0.2113
1697935020,29624126,29627230,0.2113
1697935080,29616050,29622206,0.2112
1697935140,29631781,29642531,0.2104
1697935200,29659358,29639833,0.2102
1697935260,29704797,29660949,0.21
1697935320,29631066,29568184,0.2074
1697935380,29565549,29548094,0.206
1697935440,29514222,28905535,0.204
1697935500,29051643,29180072,0.2034
1697935560,28840707,28948970,0.2031
1697935620,28976473,28937514,0.204
1697935680,28935747,28874962,0.2039
1697935740,28871300,28922631,0.2049
1697935800,28750764,28779374,0.2054
1697935860,28744122,28744122,0.2059
1697935920,28751145,28715412,0.2056
1697935980,28724727,28748387,0.2057
1697936040,28759757,28728698,0.2051
1697936100,28826525,28818632,0.2052
1697936160,28803494,28804837,0.2052
1697936220,28813322,28808999,0.2051
1697936280,28807067,28771953,0.2048
1697936340,28778078,28710649,0.2044
1697936400,28754687,28932215,0.2052
1697936460,28919266,28913765,0.2055
1697936520,28914874,28913735,0.2052
1697936580,28839929,28853117,0.2057
1697936640,28843294,28850633,0.2048
1697936700,28815239,28845013,0.2046
1697936760,28874613,28895115,0.2039
1697936820,28899234,28903944,0.2035
1697936880,28905724,28873579,0.2044
1697936940,28862598,28903665,0.2045
1697937000,28902576,28928668,0.2045
1697937060,28934779,28930453,0.2046
1697937120,29020244,28987557,0.2051
1697937180,28986342,28986332,0.205
1697937240,28994399,29198963,0.2043
1697937300,29276540,29304419,0.2041
1697937360,29288472,29288472,0.2039
1697937420,29330222,29316767,0.2035
1697937480,29341401,29350540,0.203
1697937540,29290172,29306423,0.2033
1697937600,29313600,29305911,0.2034
1697937660,29315220,29329359,0.2035
1697937720,29323250,29332605,0.2034
1697937780,29341715,29357165,0.2034
1697937840,29358819,29387212,0.2034
1697937900,29385143,29401401,0.2033
1697937960,29401497,29406441,0.2031
1697938020,29392968,29322604,0.2027
1697938080,29322171,29313160,0.2028
1697938140,29289393,29296851,0.2024
1697938200,29288440,29288440,0.2024
1697938260,29280974,29299005,0.202
1697938320,29265952,29265952,0.2018
1697938380,29301081,29305981,0.2017
1697938440,29297094,29283262,0.2017
1697938500,29281385,29231710,0.2018
1697938560,29253362,29326209,0.2017
1697938620,29280963,29279892,0.2018
1697938680,29285554,29257110,0.2017
1697938740,29259449,29250896,0.2016
1697938800,29249814,29246509,0.2018
1697938860,29225324,29220349,0.2018
1697938920,29196506,29183256,0.2018
1697938980,29192663,29176985,0.2018
1697939040,29163847,29125672,0.2023
1697939100,NA,NA,0.2019
