"OI_open","OI_close","timestamp","price_open","price_close"
62349291,62332252,1698937080,0.235,0.235
62329289,62333111,1698937140,0.235,0.2351
62334032,62334032,1698937200,0.2351,0.2352
62328028,62334845,1698937260,0.2351,0.2345
62310333,62314158,1698937320,0.2345,0.234
62313698,62327753,1698937380,0.2339,0.2336
62306715,62296255,1698937440,0.2335,0.2335
62279347,62295899,1698937500,0.2335,0.2328
62289715,62269015,1698937560,0.2328,0.2317
62127599,62007286,1698937620,0.2316,0.2322
61980554,61994638,1698937680,0.2321,0.2322
61993168,62017060,1698937740,0.2323,0.2326
61996630,62008758,1698937800,0.2327,0.2329
61999430,61996046,1698937860,0.2329,0.2326
61989047,61994473,1698937920,0.2325,0.2328
61999218,62003651,1698937980,0.2328,0.2323
62002072,61995632,1698938040,0.2323,0.2315
61977476,61950367,1698938100,0.2315,0.2314
61958916,61975573,1698938160,0.2315,0.2319
62017650,62078082,1698938220,0.2319,0.2323
62086865,62091384,1698938280,0.2324,0.2319
62072743,62072059,1698938340,0.2318,0.2313
62059637,62059637,1698938400,0.2313,0.2305
62077028,61496682,1698938460,0.2305,0.231
61229582,61310126,1698938520,0.2311,0.2314
61311462,61307039,1698938580,0.2314,0.2316
61297595,61290553,1698938640,0.2316,0.2313
61315775,61273159,1698938700,0.2312,0.2312
61287336,61291817,1698938760,0.2312,0.2313
61322246,61342441,1698938820,0.2314,0.2318
61346044,61344884,1698938880,0.2318,0.2313
61345186,61345116,1698938940,0.2312,0.2311
61337171,61309580,1698939000,0.2311,0.231
61315391,61044582,1698939060,0.231,0.2296
60951957,61010375,1698939120,0.2296,0.2307
61012852,60993733,1698939180,0.2308,0.2314
60989859,60996800,1698939240,0.2315,0.2317
60973830,60978520,1698939300,0.2317,0.2325
60958144,60956568,1698939360,0.2325,0.2325
60958510,60951010,1698939420,0.2325,0.2328
60947367,60945455,1698939480,0.2329,0.2333
60946108,60940763,1698939540,0.2332,0.233
60931070,60936539,1698939600,0.233,0.2328
60946221,60947376,1698939660,0.2328,0.2331
60948435,60948435,1698939720,0.2331,0.2333
60942925,60968575,1698939780,0.2333,0.2334
60965453,60965453,1698939840,0.2335,0.2337
60983814,60988459,1698939900,0.2338,0.2339
61000302,61011523,1698939960,0.2338,0.2345
61032985,61038185,1698940020,0.2344,0.2337
61042757,60985218,1698940080,0.2336,0.2335
60975128,60983341,1698940140,0.2335,0.2336
60995719,60995719,1698940200,0.2335,0.2336
61025098,61025588,1698940260,0.2336,0.2334
61014974,61013867,1698940320,0.2335,0.2334
61028145,61000866,1698940380,0.2334,0.2331
60998658,61005524,1698940440,0.233,0.2336
60998940,60988789,1698940500,0.2336,0.2332
61006424,60966072,1698940560,0.2332,0.2327
60965431,60971037,1698940620,0.2327,0.2327
60971278,60963173,1698940680,0.2328,0.2325
60946337,60924462,1698940740,0.2325,0.2319
60925707,60929533,1698940800,0.2319,0.2323
60947243,60943143,1698940860,0.2323,0.2315
60943867,60954594,1698940920,0.2315,0.2312
60963376,60977443,1698940980,0.2312,0.2317
60962280,60962280,1698941040,0.2317,0.2329
61000314,60985426,1698941100,0.2329,0.2331
60983785,60983295,1698941160,0.2331,0.233
60969986,60992420,1698941220,0.233,0.2332
60995910,61021535,1698941280,0.2332,0.2335
61028457,61019046,1698941340,0.2335,0.2333
61021775,61014055,1698941400,0.2333,0.2328
60961365,60962884,1698941460,0.2328,0.2331
60959683,60956866,1698941520,0.2331,0.2326
60960350,60956794,1698941580,0.2327,0.2328
60957571,61035610,1698941640,0.2328,0.2323
61056348,61061677,1698941700,0.2322,0.2329
61077337,61079228,1698941760,0.2329,0.2322
61082119,61074777,1698941820,0.2322,0.232
61047518,61026029,1698941880,0.232,0.2312
61045833,60967948,1698941940,0.2312,0.2305
60971294,60955443,1698942000,0.2307,0.2302
60913039,60850294,1698942060,0.2301,0.2304
60936749,60954679,1698942120,0.2305,0.2304
60954460,60959305,1698942180,0.2304,0.2307
60976952,60974022,1698942240,0.2307,0.2309
60981322,60987973,1698942300,0.2309,0.2304
60886172,60886172,1698942360,0.2303,0.2298
60885036,60867812,1698942420,0.2298,0.2301
60886532,60886532,1698942480,0.2301,0.2303
60895717,60908592,1698942540,0.2303,0.2297
60914298,60906121,1698942600,0.2298,0.2291
60774130,60492399,1698942660,0.2291,0.2291
60471824,60454747,1698942720,0.2292,0.2297
60458722,60450935,1698942780,0.2297,0.2299
60458282,60434036,1698942840,0.23,0.2299
60458772,60445542,1698942900,0.2299,0.2304
60438016,60405225,1698942960,0.2305,0.2308
60406703,60412195,1698943020,0.2307,0.2309
60427160,60438356,1698943080,0.231,0.2314
60439302,60444950,1698943140,0.2314,0.2317
60447031,60447130,1698943200,0.2317,0.2317
60441712,60449664,1698943260,0.2317,0.231
60463628,60460210,1698943320,0.231,0.2309
60446946,60453918,1698943380,0.231,0.2315
60452203,60453638,1698943440,0.2315,0.2313
60460734,60449758,1698943500,0.2312,0.2317
60452051,60463474,1698943560,0.2316,0.2317
60469191,60479263,1698943620,0.2318,0.2318
60478004,60510034,1698943680,0.2317,0.2316
60514548,60505395,1698943740,0.2316,0.231
60495233,60485659,1698943800,0.2311,0.2308
60493985,60493985,1698943860,0.2309,0.2318
60476963,60466750,1698943920,0.2319,0.2322
60472367,60467703,1698943980,0.2322,0.2325
60467953,60487954,1698944040,0.2326,0.2321
60491505,60494944,1698944100,0.2322,0.2324
60523136,60497011,1698944160,0.2324,0.2324
60503144,60490782,1698944220,0.2324,0.2325
60478044,60471394,1698944280,0.2325,0.2322
60462776,60473583,1698944340,0.2321,0.2323
60493327,60479021,1698944400,0.2322,0.2316
60488687,60487670,1698944460,0.2317,0.232
60462869,60469121,1698944520,0.2319,0.2324
60489451,60493908,1698944580,0.2325,0.2318
60495687,60471789,1698944640,0.2318,0.2316
60473474,60475227,1698944700,0.2316,0.2315
60474289,60490951,1698944760,0.2316,0.2314
60486393,60486927,1698944820,0.2315,0.2316
60492675,60499211,1698944880,0.2317,0.2321
60492410,60493693,1698944940,0.2321,0.2319
60504078,60505469,1698945000,0.2318,0.2314
60502844,60503650,1698945060,0.2314,0.2317
60480340,60479390,1698945120,0.2317,0.2319
60474840,60474891,1698945180,0.232,0.232
60473238,60473238,1698945240,0.2319,0.2313
60489083,60499949,1698945300,0.2313,0.2309
60496711,60551557,1698945360,0.2309,0.2307
60554811,60556814,1698945420,0.2308,0.231
60549088,60544277,1698945480,0.231,0.2312
60575858,60541418,1698945540,0.2312,0.2324
60548322,60548322,1698945600,0.2324,0.2324
60524269,60520933,1698945660,0.2324,0.2323
60515864,60517406,1698945720,0.2324,0.2317
60504932,60507171,1698945780,0.2318,0.2323
60508361,60631204,1698945840,0.2322,0.2319
60658830,60655564,1698945900,0.2318,0.2317
60688469,60674728,1698945960,0.2316,0.2317
60671874,60679296,1698946020,0.2318,0.232
60676493,60676413,1698946080,0.232,0.2322
60656666,60651509,1698946140,0.2323,0.2321
60650210,60643769,1698946200,0.2321,0.2328
60646467,60644953,1698946260,0.2329,0.233
60640057,60638465,1698946320,0.2331,0.2326
60637469,60637188,1698946380,0.2326,0.2327
60639267,60637309,1698946440,0.2328,0.2329
60637443,60637548,1698946500,0.2329,0.2333
60653217,60666495,1698946560,0.2332,0.2328
60668413,60691951,1698946620,0.2328,0.2327
60691196,60695600,1698946680,0.2326,0.2329
60711431,60703165,1698946740,0.233,0.2324
60707737,60707737,1698946800,0.2323,0.2324
60710097,60730041,1698946860,0.2324,0.2322
60730830,60728780,1698946920,0.2322,0.2323
60751840,60750792,1698946980,0.2323,0.2322
60753722,60762764,1698947040,0.2322,0.2322
60757516,60756285,1698947100,0.2323,0.2322
60765339,60775714,1698947160,0.2321,0.2318
60854299,60845405,1698947220,0.2318,0.2321
60847459,60846370,1698947280,0.2322,0.2326
60866203,60851237,1698947340,0.2326,0.2325
60856955,60933293,1698947400,0.2325,0.2329
60930683,60943293,1698947460,0.233,0.2329
60943577,60948469,1698947520,0.2329,0.233
60946149,60946247,1698947580,0.233,0.2332
60945053,60945601,1698947640,0.2332,0.233
60945130,60944170,1698947700,0.233,0.2332
60942179,60941615,1698947760,0.2331,0.2333
60944508,60944249,1698947820,0.2333,0.2333
60947948,60946997,1698947880,0.2332,0.2334
60960276,60950484,1698947940,0.2334,0.2333
60998285,61000617,1698948000,0.2333,0.2336
60997723,60966957,1698948060,0.2337,0.2337
60964315,60963714,1698948120,0.2336,0.2337
60929532,60950666,1698948180,0.2336,0.2334
60949789,60949900,1698948240,0.2334,0.2333
60949534,60967815,1698948300,0.2333,0.2328
60952581,60952581,1698948360,0.2328,0.2328
60949834,60933623,1698948420,0.2327,0.2327
60891571,60891571,1698948480,0.2327,0.2325
60887914,60886660,1698948540,0.2325,0.2327
60886812,60880495,1698948600,0.2327,0.2325
60880172,60878078,1698948660,0.2326,0.2324
60838939,60841052,1698948720,0.2325,0.2331
60840758,60839658,1698948780,0.2331,0.2334
60835400,60844256,1698948840,0.2334,0.2337
60846323,60844055,1698948900,0.2336,0.2336
60852691,60864720,1698948960,0.2335,0.2331
60867899,60873229,1698949020,0.2331,0.233
60880344,60880344,1698949080,0.2329,0.2332
60902082,60899050,1698949140,0.2331,0.2333
60893955,60899125,1698949200,0.2333,0.2331
60896141,60620977,1698949260,0.2331,0.2331
60600782,60596002,1698949320,0.2331,0.2332
60570359,60564936,1698949380,0.2331,0.2331
60565948,60557083,1698949440,0.2331,0.2334
60559368,60561475,1698949500,0.2333,0.2334
60562182,60556595,1698949560,0.2334,0.2335
60556332,60555512,1698949620,0.2336,0.2336
60556275,60562921,1698949680,0.2336,0.2338
60559696,60559696,1698949740,0.2338,0.2338
60556228,60556977,1698949800,0.2337,0.2335
60560001,60557386,1698949860,0.2336,0.2334
60553555,60553573,1698949920,0.2334,0.2336
60556617,60570567,1698949980,0.2335,0.2333
60572236,60572236,1698950040,0.2333,0.2333
60564564,60565903,1698950100,0.2334,0.2339
60563040,60572493,1698950160,0.2339,0.2339
60566172,60564833,1698950220,0.2339,0.2338
60562759,60566703,1698950280,0.2337,0.2336
60572858,60572858,1698950340,0.2336,0.2337
60567772,60558889,1698950400,0.2338,0.2337
60557555,60557578,1698950460,0.2337,0.234
60560648,60559464,1698950520,0.2339,0.2338
60568511,60563441,1698950580,0.2338,0.234
60559263,60567195,1698950640,0.2341,0.2346
60566798,60581967,1698950700,0.2346,0.2345
60588500,60588500,1698950760,0.2345,0.2344
60607458,60609562,1698950820,0.2344,0.2339
60617614,60636246,1698950880,0.2338,0.2334
60633513,60633513,1698950940,0.2335,0.2335
60642564,60638146,1698951000,0.2335,0.2335
60637100,60631608,1698951060,0.2335,0.2338
60629480,60636621,1698951120,0.2337,0.2338
60622997,60622315,1698951180,0.2339,0.2344
60622933,60622933,1698951240,0.2343,0.2343
60623725,60597786,1698951300,0.2343,0.2345
60602202,60585375,1698951360,0.2345,0.2343
60611978,60620577,1698951420,0.2342,0.2337
60620212,60623540,1698951480,0.2338,0.2339
60624884,60633324,1698951540,0.234,0.2338
60640338,60644622,1698951600,0.2337,0.2335
60649942,60650661,1698951660,0.2335,0.2336
60634930,60618241,1698951720,0.2337,0.2338
60614663,60610414,1698951780,0.2338,0.2339
60609207,60608426,1698951840,0.2339,0.2342
60604732,60600551,1698951900,0.2341,0.2342
60598042,60606042,1698951960,0.2343,0.2342
60608539,60613271,1698952020,0.2343,0.2343
60618801,60618801,1698952080,0.2344,0.2344
60605030,60609012,1698952140,0.2345,0.2344
60600998,60599799,1698952200,0.2344,0.2345
60597064,60597075,1698952260,0.2344,0.2343
60597947,60595242,1698952320,0.2344,0.2345
60599246,60599246,1698952380,0.2344,0.2348
60599730,60595715,1698952440,0.2349,0.2351
60599646,60587747,1698952500,0.2351,0.2352
60596411,60603616,1698952560,0.2351,0.2352
60607495,60607365,1698952620,0.2351,0.2354
60603057,60644340,1698952680,0.2354,0.2352
60649481,60646681,1698952740,0.2352,0.2348
60647186,60642524,1698952800,0.2348,0.2347
60655097,60648271,1698952860,0.2347,0.2349
60644676,60629600,1698952920,0.235,0.2354
60628187,60629910,1698952980,0.2354,0.2354
60641139,60641754,1698953040,0.2354,0.2354
60644160,60643788,1698953100,0.2355,0.2355
60646016,60665997,1698953160,0.2355,0.236
60657077,60678079,1698953220,0.2359,0.2362
60675702,60675290,1698953280,0.2362,0.2362
60679027,60680329,1698953340,0.2361,0.2354
60848048,60807001,1698953400,0.2354,0.2352
60805380,60805784,1698953460,0.2351,0.2352
60802221,60806579,1698953520,0.2352,0.2351
60810166,60828603,1698953580,0.2351,0.235
60836318,60849295,1698953640,0.2351,0.2351
60852768,60848431,1698953700,0.2351,0.2353
60839533,60859684,1698953760,0.2354,0.2361
60850606,60850606,1698953820,0.2361,0.2361
60850528,60851121,1698953880,0.2361,0.2362
60850019,60846999,1698953940,0.2362,0.2362
60852133,60852133,1698954000,0.2363,0.2365
60850105,60850422,1698954060,0.2365,0.2364
60851033,60858330,1698954120,0.2363,0.2364
60852651,60852651,1698954180,0.2365,0.2364
60854543,60852959,1698954240,0.2364,0.2362
60852959,60859829,1698954300,0.2361,0.2363
60856801,60855558,1698954360,0.2364,0.2364
60843503,60888928,1698954420,0.2363,0.2363
60879851,60797131,1698954480,0.2362,0.2357
60792675,60792110,1698954540,0.2357,0.2356
60796147,60795315,1698954600,0.2356,0.2358
60793408,60800010,1698954660,0.2358,0.2363
60802089,60796186,1698954720,0.2362,0.2366
60797083,60798638,1698954780,0.2366,0.2365
60799930,60806021,1698954840,0.2366,0.2368
60814335,60812870,1698954900,0.2368,0.2367
60816695,60815540,1698954960,0.2367,0.2368
60816587,63960869,1698955020,0.2369,0.2394
64380365,64421025,1698955080,0.2395,0.2389
64404406,64404406,1698955140,0.239,0.239
64453972,64575932,1698955200,0.239,0.2389
64524966,64523916,1698955260,0.2389,0.2388
64521607,64816777,1698955320,0.2388,0.2387
64843700,64820448,1698955380,0.2387,0.2381
64828079,64822300,1698955440,0.2381,0.2391
64834538,64836935,1698955500,0.239,0.2395
64814585,64814585,1698955560,0.2395,0.239
64827955,64823176,1698955620,0.2389,0.2395
65306252,65303418,1698955680,0.2394,0.2399
65283104,65280169,1698955740,0.2399,0.24
65279540,65277916,1698955800,0.24,0.24
65261978,65256280,1698955860,0.2401,0.2399
65337882,65309339,1698955920,0.24,0.2398
65302502,65304599,1698955980,0.2398,0.2399
65305767,65323529,1698956040,0.2399,0.24
65325118,65320057,1698956100,0.2401,0.2403
65305450,65319373,1698956160,0.2402,0.2407
65326873,65308965,1698956220,0.2407,0.2409
65395227,65373245,1698956280,0.2409,0.2408
65341103,65344836,1698956340,0.2408,0.2399
65384395,65368456,1698956400,0.2399,0.2396
65364084,65360629,1698956460,0.2396,0.2398
65361894,65361894,1698956520,0.2398,0.2391
65358016,65370100,1698956580,0.2392,0.2386
65369340,65386165,1698956640,0.2386,0.239
65385118,65389708,1698956700,0.239,0.2389
65390220,65395262,1698956760,0.2388,0.239
65380935,65340482,1698956820,0.2389,0.2388
65336680,65326690,1698956880,0.2388,0.239
65322488,65300725,1698956940,0.2389,0.2391
65302171,65247991,1698957000,0.2391,0.2386
65235329,65221054,1698957060,0.2386,0.2384
65221035,65216246,1698957120,0.2384,0.2383
65230885,65235090,1698957180,0.2383,0.2389
65111402,65118021,1698957240,0.2389,0.239
65132953,65140705,1698957300,0.2391,0.2391
65139070,65139200,1698957360,0.2391,0.2396
65138648,65137914,1698957420,0.2395,0.2396
65135248,65134222,1698957480,0.2396,0.2396
65127158,65121948,1698957540,0.2397,0.2397
65120449,65117036,1698957600,0.2397,0.2397
65121601,65138456,1698957660,0.2397,0.2395
65138817,65158879,1698957720,0.2395,0.2396
65162242,65162085,1698957780,0.2396,0.2397
65164740,65164740,1698957840,0.2396,0.2396
65147623,65147854,1698957900,0.2395,0.2396
65150366,65145558,1698957960,0.2397,0.2398
65146518,65146518,1698958020,0.2399,0.2399
65443050,65448384,1698958080,0.2399,0.24
65806756,65817080,1698958140,0.24,0.2395
65776961,65763680,1698958200,0.2395,0.2392
65748026,65747241,1698958260,0.2391,0.2392
65756632,65753977,1698958320,0.2393,0.2396
65761445,65763069,1698958380,0.2397,0.2402
65789117,65776917,1698958440,0.2402,0.2402
65779828,65769800,1698958500,0.2403,0.2402
65776255,65774639,1698958560,0.2403,0.2404
65774117,65848096,1698958620,0.2404,0.2403
65848694,65875055,1698958680,0.2403,0.2403
65874201,65869863,1698958740,0.2402,0.2402
65856612,65857284,1698958800,0.2403,0.2401
65860540,65862218,1698958860,0.24,0.2397
65858622,65856110,1698958920,0.2398,0.2398
65847568,65842707,1698958980,0.2398,0.2396
65837307,65821894,1698959040,0.2395,0.2389
65808791,65813058,1698959100,0.239,0.2393
65820468,65820468,1698959160,0.2393,0.2393
65820394,65822157,1698959220,0.2393,0.2389
65837557,65728746,1698959280,0.2389,0.2392
65707649,65712925,1698959340,0.2392,0.2389
65729626,65721813,1698959400,0.239,0.239
65720270,65725285,1698959460,0.2391,0.2393
65729388,65731100,1698959520,0.2393,0.2394
65741630,65751139,1698959580,0.2394,0.2397
65758353,65749105,1698959640,0.2397,0.2399
65971650,66196228,1698959700,0.2399,0.2405
66191568,66182660,1698959760,0.2404,0.2403
66155537,66143610,1698959820,0.2403,0.24
66145374,66142576,1698959880,0.2401,0.2399
66137387,66128708,1698959940,0.2399,0.2399
66117988,66114288,1698960000,0.2398,0.2398
66115623,66118767,1698960060,0.2399,0.2402
66116523,66111629,1698960120,0.2402,0.2402
66116081,66119765,1698960180,0.2402,0.24
66118760,66102900,1698960240,0.24,0.2398
66067629,66055598,1698960300,0.2397,0.239
66019565,66033011,1698960360,0.2389,0.2388
66028548,66026507,1698960420,0.2388,0.2391
66003925,66003948,1698960480,0.2392,0.2396
65987449,65987449,1698960540,0.2395,0.2395
65984915,65986653,1698960600,0.2395,0.2396
66000434,65938420,1698960660,0.2396,0.2392
65956024,65956024,1698960720,0.2392,0.2389
65970860,65990770,1698960780,0.239,0.2392
65996212,66007611,1698960840,0.2393,0.2395
66009410,65985087,1698960900,0.2395,0.2391
65965361,65961594,1698960960,0.2391,0.2399
66013604,66010282,1698961020,0.2399,0.2396
66015290,66012591,1698961080,0.2397,0.2395
66022741,66021949,1698961140,0.2395,0.2396
66012278,66008733,1698961200,0.2395,0.2395
66004705,66004705,1698961260,0.2394,0.2393
66016062,66014370,1698961320,0.2394,0.2393
66018818,66018901,1698961380,0.2394,0.2394
66024271,66024250,1698961440,0.2394,0.2393
66024373,66024373,1698961500,0.2393,0.2394
66023654,66041855,1698961560,0.2394,0.2396
66041457,66043799,1698961620,0.2396,0.2398
66043429,66043104,1698961680,0.2398,0.2398
66043104,66043104,1698961740,0.2399,0.2399
66048594,66048594,1698961800,0.2399,0.2398
66048723,66048723,1698961860,0.2398,0.24
66046541,66068185,1698961980,0.2404,0.2404
66072058,66072058,1698962040,0.2405,0.2404
66121958,66128827,1698962100,0.2405,0.2405
66130322,66130322,1698962160,0.2406,0.2406
66137836,66137836,1698962220,0.2406,0.2405
66174016,66185631,1698962280,0.2405,0.2406
66186777,66186684,1698962340,0.2406,0.2407
66188228,66188261,1698962400,0.2406,0.2406
66196033,66213088,1698962460,0.2407,0.2409
66215617,66221934,1698962520,0.2409,0.2409
66221936,66236302,1698962580,0.241,0.241
66234779,66234779,1698962640,0.2411,0.2409
66239712,66241164,1698962700,0.241,0.241
66240252,66239381,1698962760,0.2409,0.2409
66239332,66239332,1698962820,0.2409,0.2409
66244533,66244398,1698962880,0.2408,0.2403
66218183,66218127,1698962940,0.2403,0.2397
66217967,66224545,1698963000,0.2396,0.2396
66224064,66224736,1698963060,0.2396,0.2395
66255137,66281691,1698963120,0.2396,0.2392
66278231,66278231,1698963180,0.2391,0.239
66283374,66288382,1698963240,0.2391,0.2393
66289972,66289972,1698963300,0.2394,0.2391
66294453,66283247,1698963360,0.2391,0.2394
66308772,66311434,1698963420,0.2395,0.24
66303768,66317701,1698963480,0.2399,0.2401
66326982,66331093,1698963540,0.2402,0.2404
66327900,66334089,1698963600,0.2405,0.2407
66347020,66338344,1698963660,0.2408,0.2407
66329725,66337123,1698963720,0.2406,0.2401
66331899,66330865,1698963780,0.24,0.2406
66355806,66355785,1698963840,0.2405,0.2404
66330050,66327401,1698963900,0.2403,0.2402
66395805,66390080,1698963960,0.2401,0.2402
66394084,66424266,1698964020,0.2402,0.2408
66464178,66466915,1698964080,0.2409,0.2413
66473608,66475486,1698964140,0.2412,0.241
66471121,66482647,1698964200,0.2409,0.2408
66477556,66482266,1698964260,0.2408,0.2414
66487634,66491328,1698964320,0.2413,0.2416
66491930,66494226,1698964380,0.2416,0.2415
66531281,66530149,1698964440,0.2414,0.2411
66522584,66522584,1698964500,0.241,0.2416
66513176,66505073,1698964560,0.2417,0.2414
66507589,66514511,1698964620,0.2413,0.2412
66514533,66514533,1698964680,0.2412,0.2413
66480650,66491504,1698964740,0.2414,0.2416
66498543,66498543,1698964800,0.2416,0.2416
66515570,66512967,1698964860,0.2416,0.2413
66516355,66513005,1698964920,0.2412,0.2413
66640301,66704948,1698964980,0.2413,0.2417
66723440,66769059,1698965040,0.2418,0.2423
66854251,66857587,1698965100,0.2423,0.2423
66851494,66855918,1698965160,0.2422,0.2423
66881156,66884246,1698965220,0.2423,0.2426
66881626,66874652,1698965280,0.2425,0.2425
66879627,66967397,1698965340,0.2425,0.2423
66972594,66940818,1698965400,0.2424,0.2424
66984850,66982261,1698965460,0.2425,0.2423
66986793,66996017,1698965520,0.2424,0.2427
67051553,67072638,1698965580,0.2427,0.2429
67090116,67123225,1698965640,0.2428,0.2436
67131728,67131728,1698965700,0.2436,0.2436
67149803,67180388,1698965760,0.2436,0.2432
67202279,67202279,1698965820,0.2432,0.2431
67212796,67201103,1698965880,0.243,0.2436
67177002,67180462,1698965940,0.2436,0.2431
67194801,67210154,1698966000,0.2432,0.243
67210225,67193334,1698966060,0.2431,0.2422
67159206,67161784,1698966120,0.2422,0.2421
67206795,67213414,1698966180,0.2421,0.242
67216637,67223524,1698966240,0.242,0.2422
67286445,67286259,1698966300,0.2423,0.2424
67306318,67350480,1698966360,0.2424,0.2428
67417433,67427619,1698966420,0.2428,0.2428
67434465,67426616,1698966480,0.2428,0.2427
67448042,67465219,1698966540,0.2427,0.243
67469150,67472174,1698966600,0.243,0.2431
67536446,67517728,1698966660,0.2432,0.2422
67512013,67530731,1698966720,0.2422,0.2425
67531478,67542547,1698966780,0.2426,0.2426
67544390,67544856,1698966840,0.2426,0.2425
67543317,67539750,1698966900,0.2424,0.2425
67557987,67574683,1698966960,0.2425,0.2428
67618534,67591708,1698967020,0.2429,0.2434
67597465,67597465,1698967080,0.2434,0.2433
67601022,67595801,1698967140,0.2434,0.2434
67596629,67593167,1698967200,0.2434,0.2434
67590918,67595451,1698967260,0.2435,0.2433
67586504,67625829,1698967320,0.2433,0.2442
67717666,67710122,1698967380,0.2442,0.2446
67726926,67750719,1698967440,0.2446,0.2455
67875697,67937302,1698967500,0.2455,0.2453
68014741,68078985,1698967560,0.2453,0.2451
68115560,68140626,1698967620,0.2452,0.2458
68133826,68136513,1698967680,0.2458,0.2455
68134264,68313446,1698967740,0.2454,0.248
68343112,68361976,1698967800,0.248,0.2474
68383777,68366983,1698967860,0.2474,0.2472
68366087,68340056,1698967920,0.2472,0.2472
68343797,68342928,1698967980,0.2472,0.2466
68349030,68350489,1698968040,0.2465,0.2471
68351952,68369272,1698968100,0.247,0.2465
68355819,68316982,1698968160,0.2463,0.2466
68319219,68339697,1698968220,0.2466,0.2469
68345929,68494507,1698968280,0.2469,0.2475
68502090,68502090,1698968340,0.2476,0.2472
68507234,68513749,1698968400,0.2472,0.2469
68520091,68472849,1698968460,0.2469,0.2464
68408253,68408253,1698968520,0.2465,0.246
68393266,68394490,1698968580,0.2461,0.246
68394453,68394453,1698968640,0.246,0.246
68396518,68399006,1698968700,0.246,0.2458
68360430,68577413,1698968760,0.2459,0.2479
68543391,68488722,1698968820,0.248,0.2478
68383524,68369898,1698968880,0.2478,0.2477
68383096,68363257,1698968940,0.2477,0.2472
68246103,68227598,1698969000,0.2473,0.2472
68286633,68280039,1698969060,0.2474,0.247
68383257,68364837,1698969120,0.247,0.2465
68303661,68310159,1698969180,0.2465,0.2467
68321952,68309488,1698969240,0.2467,0.2462
68302550,68300651,1698969300,0.2462,0.246
68265735,68089990,1698969360,0.2459,0.2455
68107651,68035784,1698969420,0.2455,0.2468
68109326,68130152,1698969480,0.2467,0.2468
68000540,68016502,1698969540,0.2467,0.2474
68098318,68026432,1698969600,0.2475,0.2467
68050241,68050241,1698969660,0.2465,0.245
68250992,68215018,1698969720,0.2451,0.2471
68160740,68199024,1698969780,0.2471,0.2469
68027071,68096401,1698969840,0.2469,0.2478
68232759,68407520,1698969900,0.2478,0.2496
68768298,68981405,1698969960,0.2496,0.2525
68731358,68863929,1698970020,0.2525,0.2506
68889868,68910859,1698970080,0.2507,0.2509
68819964,69011180,1698970140,0.2509,0.2493
68852451,68819680,1698970200,0.2493,0.2503
68858388,68938354,1698970260,0.2502,0.2506
69000209,69039295,1698970320,0.2507,0.2505
69049602,68998780,1698970380,0.2504,0.2502
69010934,68983801,1698970440,0.2501,0.2498
68909222,68896193,1698970500,0.2498,0.2493
68872722,68920324,1698970560,0.2493,0.2512
68984129,69020675,1698970620,0.2512,0.2509
69247379,69435632,1698970680,0.251,0.2524
69455072,69427146,1698970740,0.2524,0.2525
69246961,69304725,1698970800,0.2526,0.2521
69491302,69566639,1698970860,0.252,0.2529
69776805,69795351,1698970920,0.253,0.2525
69880022,69754607,1698970980,0.2525,0.251
69727541,69695397,1698971040,0.251,0.252
69806136,69806136,1698971100,0.2521,0.2523
69843076,70043026,1698971160,0.2523,0.2532
70137317,70484634,1698971220,0.2534,0.2533
70416222,70514539,1698971280,0.2533,0.2544
70797235,70888052,1698971340,0.2545,0.2549
71126306,71295570,1698971400,0.2549,0.2562
71393055,71323865,1698971460,0.2562,0.2559
71376710,71385863,1698971520,0.2559,0.2554
71395002,71432023,1698971580,0.2554,0.2547
71369596,71047152,1698971640,0.2547,0.2536
71072976,71004779,1698971700,0.2537,0.2529
71058957,71056894,1698971760,0.2528,0.2553
71205638,71215632,1698971820,0.2552,0.2564
71255520,71151921,1698971880,0.2564,0.254
71118613,71241624,1698971940,0.2541,0.2556
71281977,71565515,1698972000,0.2555,0.2561
71961250,72029124,1698972060,0.2561,0.2563
72412386,72436877,1698972120,0.2563,0.2569
72607296,72665715,1698972180,0.2568,0.2581
72823616,72831886,1698972240,0.2581,0.2578
72910745,72967138,1698972300,0.2577,0.2573
73025084,73025084,1698972360,0.2572,0.2579
73002280,73117600,1698972420,0.2578,0.2541
73130726,72884597,1698972480,0.2541,0.2546
72875387,72995479,1698972540,0.2546,0.2548
73117088,73223009,1698972600,0.2548,0.2543
73312351,73332312,1698972660,0.2542,0.2554
73386464,73528380,1698972720,0.2554,0.2553
73503982,73373668,1698972780,0.2553,0.2547
73208007,73140293,1698972840,0.2548,0.2542
73038467,73023514,1698972900,0.2541,0.2531
73034438,72702451,1698972960,0.2532,0.2497
72356009,71990865,1698973020,0.2496,0.2511
71958909,72125989,1698973080,0.251,0.2494
72183988,72162707,1698973140,0.2495,0.2499
72073998,72011633,1698973200,0.25,0.2507
71994497,71999936,1698973260,0.2507,0.2506
72006146,71768299,1698973320,0.2507,0.2513
71763398,71741824,1698973380,0.2513,0.2512
71749313,71930015,1698973440,0.2513,0.2512
71965190,71962891,1698973500,0.2513,0.2505
71926415,71974710,1698973560,0.2505,0.2506
72031399,72031399,1698973620,0.2507,0.2507
72192961,72057075,1698973680,0.2507,0.2501
72151919,72174454,1698973740,0.2502,0.2516
72259251,72290004,1698973800,0.2517,0.2532
72232394,72199477,1698973860,0.2533,0.2524
72327862,72288839,1698973920,0.2523,0.2524
72444645,72415412,1698973980,0.2523,0.2523
72461438,72474259,1698974040,0.2523,0.2527
72689480,72967451,1698974100,0.2526,0.2524
73084401,73203106,1698974160,0.2524,0.2516
73080845,73051062,1698974220,0.2517,0.2515
73238231,73130800,1698974280,0.2516,0.2494
72970556,72434961,1698974340,0.2495,0.2482
72311511,72191625,1698974400,0.2483,0.2498
72218015,72310989,1698974460,0.2498,0.2509
72327737,72422451,1698974520,0.2508,0.2506
72444917,72410159,1698974580,0.2506,0.2508
72289935,72279775,1698974640,0.2507,0.2506
72233359,72241978,1698974700,0.2506,0.2498
72147064,72120998,1698974760,0.2497,0.2499
72109584,72200807,1698974820,0.25,0.25
72225584,72196634,1698974880,0.2499,0.2505
72215485,72215485,1698974940,0.2506,0.2518
72178992,72233104,1698975000,0.2517,0.2519
72329863,72329863,1698975060,0.2519,0.2526
72422164,72464552,1698975120,0.2526,0.2527
72447903,72475291,1698975180,0.2528,0.2543
72433389,72376604,1698975240,0.2542,0.2547
72421867,72469021,1698975300,0.2548,0.256
72441837,72462235,1698975360,0.256,0.2539
72313433,72338063,1698975420,0.2538,0.2534
72354615,72295914,1698975480,0.2534,0.2532
72328319,72291336,1698975540,0.2533,0.2525
72312963,72270674,1698975600,0.2525,0.2516
72149661,72201982,1698975660,0.2517,0.2512
72104031,72128084,1698975720,0.2512,0.2521
72194928,72267907,1698975780,0.2521,0.2528
72199992,72160621,1698975840,0.2528,0.253
72137512,72136155,1698975900,0.253,0.2542
72163106,72190888,1698975960,0.2543,0.2533
72227211,72242880,1698976020,0.2533,0.2542
72595430,72586712,1698976080,0.2542,0.2543
72618415,72652856,1698976140,0.2542,0.2542
72720559,72807008,1698976200,0.2543,0.2545
72814761,72775210,1698976260,0.2545,0.2541
72774988,72831966,1698976320,0.2541,0.2538
72832844,72832844,1698976380,0.2539,0.2547
72869060,73078953,1698976440,0.2546,0.2556
73107719,73107719,1698976500,0.2557,0.2567
73181486,73252449,1698976560,0.2568,0.2555
73241400,73380335,1698976620,0.2554,0.2569
73434317,73476810,1698976680,0.257,0.2573
73450867,73564985,1698976740,0.2573,0.256
73597208,73725227,1698976800,0.256,0.2557
73868208,73966540,1698976860,0.2556,0.2559
74033331,74101461,1698976920,0.2559,0.2563
74223872,74207766,1698976980,0.2564,0.2548
74164845,74049233,1698977040,0.2548,0.2554
73989995,74031590,1698977100,0.2555,0.2563
73850892,73740656,1698977160,0.2564,0.2564
73912306,73903343,1698977220,0.2563,0.2574
73860414,73809517,1698977280,0.2574,0.2586
73978953,74430435,1698977340,0.2586,0.2585
74664977,74842102,1698977400,0.2585,0.2586
74828214,75056969,1698977460,0.2586,0.2601
74890469,74787523,1698977520,0.2601,0.2606
74829228,74816114,1698977580,0.2606,0.2618
74935999,75179116,1698977640,0.2616,0.2615
75060389,75004608,1698977700,0.2615,0.2597
75205326,75205326,1698977760,0.2598,0.2618
75162857,75324624,1698977820,0.2618,0.2609
75175413,75241389,1698977880,0.2609,0.2599
75293554,75460366,1698977940,0.2598,0.2631
75371343,74966205,1698978000,0.2631,0.2607
74984652,75118320,1698978060,0.2608,0.2626
75350215,75393234,1698978120,0.2626,0.2616
75664688,75543957,1698978180,0.2617,0.2601
75817886,75763651,1698978240,0.2601,0.2598
75855197,75734398,1698978300,0.2599,0.2599
75804913,75848856,1698978360,0.26,0.2613
75814001,75857009,1698978420,0.2613,0.2622
76072469,76041400,1698978480,0.2622,0.2625
76082087,75958427,1698978540,0.2625,0.2617
76001539,75909786,1698978600,0.2618,0.2613
75877245,75931616,1698978660,0.2614,0.2617
75976960,75971170,1698978720,0.2616,0.2605
75900894,75930911,1698978780,0.2606,0.2612
76017095,76056113,1698978840,0.2611,0.262
76065311,76350028,1698978900,0.262,0.2598
76674458,76355003,1698978960,0.2598,0.2581
76397151,76611518,1698979020,0.258,0.2588
76591375,76591375,1698979080,0.2587,0.2604
76458329,76409431,1698979140,0.2603,0.2612
76282846,76048781,1698979200,0.2612,0.2623
76041529,76169871,1698979260,0.2622,0.2626
76196590,76405713,1698979320,0.2625,0.2632
76556321,76578251,1698979380,0.2632,0.2638
76634761,76680851,1698979440,0.2638,0.2629
76653835,76726329,1698979500,0.263,0.2626
76754450,76831460,1698979560,0.2627,0.2627
76825233,76919734,1698979620,0.2627,0.2614
76901080,76842077,1698979680,0.2613,0.2617
76924313,77129539,1698979740,0.2618,0.2617
77196762,77201971,1698979800,0.2617,0.2613
77098068,77062816,1698979860,0.2614,0.2613
77083163,76904535,1698979920,0.2612,0.2599
76922582,77446053,1698979980,0.26,0.259
77395808,77400174,1698980040,0.259,0.2596
77275281,77277861,1698980100,0.2595,0.2601
77298962,77333649,1698980160,0.26,0.2599
77336155,77351306,1698980220,0.2599,0.2598
77734288,77568484,1698980280,0.2597,0.2581
77606406,77595269,1698980340,0.2582,0.2579
77511578,77554846,1698980400,0.2579,0.2588
77634566,77634566,1698980460,0.2587,0.2592
77833758,78026911,1698980520,0.2591,0.2583
78025758,77979640,1698980580,0.2582,0.2582
77978496,77946057,1698980640,0.2583,0.2586
77972756,77966711,1698980700,0.2587,0.2595
78017832,78151717,1698980760,0.2594,0.2595
78143283,78149328,1698980820,0.2594,0.2592
78199657,78188429,1698980880,0.2591,0.2601
78175476,78140158,1698980940,0.2602,0.2604
78105004,78193445,1698981000,0.2605,0.2597
78178854,78149796,1698981060,0.2597,0.2602
78136000,78154741,1698981120,0.2603,0.2602
78207227,78230992,1698981180,0.2601,0.2606
78176412,78185495,1698981240,0.2606,0.2614
78092773,77983235,1698981300,0.2615,0.262
78177079,78144779,1698981360,0.2619,0.2613
78268602,78320530,1698981420,0.2612,0.2593
78452805,78393449,1698981480,0.2593,0.2602
78376140,78234985,1698981540,0.2602,0.2606
78319407,78291088,1698981600,0.2606,0.2595
78278867,78265469,1698981660,0.2595,0.2602
78269605,78270621,1698981720,0.2601,0.26
78207140,78190978,1698981780,0.26,0.2592
78108402,78108402,1698981840,0.2592,0.2596
78015191,77983930,1698981900,0.2595,0.2614
77903677,77946422,1698981960,0.2614,0.262
77991729,77917558,1698982020,0.262,0.2618
77930690,77949942,1698982080,0.2618,0.2616
77981946,78060402,1698982140,0.2617,0.2621
78119372,78116503,1698982200,0.2621,0.2616
78225597,78245947,1698982260,0.2617,0.2614
78180861,78189985,1698982320,0.2615,0.2603
78062899,78049460,1698982380,0.2603,0.2602
78046728,78038825,1698982440,0.2602,0.2594
77992404,78024974,1698982500,0.2593,0.2604
78024097,78071611,1698982560,0.2603,0.2602
78064114,78232527,1698982620,0.2601,0.2619
78342949,78407515,1698982680,0.2618,0.262
78277441,78299918,1698982740,0.262,0.2614
78283725,78330536,1698982800,0.2615,0.2618
78409899,78416669,1698982860,0.2618,0.2611
78457773,78522769,1698982920,0.2612,0.2605
78459214,78633053,1698982980,0.2605,0.2593
78542891,78562526,1698983040,0.2594,0.2591
78528518,78643102,1698983100,0.2591,0.2592
79345138,79345138,1698983160,0.2592,0.2581
79209411,78734923,1698983220,0.2581,0.255
78162572,78105989,1698983280,0.2549,0.2555
78283430,78047920,1698983340,0.2555,0.2543
78079949,78139597,1698983400,0.2543,0.2543
78077096,78157337,1698983460,0.2542,0.255
78145539,78171370,1698983520,0.2549,0.2545
77993000,78023483,1698983580,0.2546,0.2545
78125857,78136123,1698983640,0.2544,0.2547
78159766,78083443,1698983700,0.2547,0.255
78095255,78112378,1698983760,0.2551,0.2555
78104067,77993673,1698983820,0.2555,0.2546
77956843,77934696,1698983880,0.2546,0.2547
78115618,78112176,1698983940,0.2547,0.2552
78221745,78314922,1698984000,0.2551,0.2547
78359419,78362989,1698984060,0.2547,0.2543
78475436,78468571,1698984120,0.2543,0.2543
78417769,78370531,1698984180,0.2543,0.255
78355402,78401760,1698984240,0.255,0.2555
78415876,78420964,1698984300,0.2554,0.2551
78359493,78433406,1698984360,0.2551,0.2551
78430399,78543583,1698984420,0.255,0.2548
78581204,78581204,1698984480,0.2549,0.2545
78526988,78436731,1698984540,0.2545,0.2546
78487273,78532536,1698984600,0.2546,0.2541
78494973,78543736,1698984660,0.2542,0.2542
78462336,78567508,1698984720,0.2543,0.255
78685293,78705087,1698984780,0.2551,0.2547
78697259,78723799,1698984840,0.2548,0.254
78694265,78635255,1698984900,0.2541,0.2552
78710764,78821700,1698984960,0.2551,0.2546
78778292,78797852,1698985020,0.2545,0.2541
78842338,78815472,1698985080,0.254,0.2532
78924836,78798664,1698985140,0.2532,0.2526
78794130,78804933,1698985200,0.2525,0.2524
78989604,78897366,1698985260,0.2525,0.2521
78853054,78994140,1698985320,0.2521,0.2519
79001232,78953255,1698985380,0.2518,0.2523
78989802,78992093,1698985440,0.2523,0.2521
78992180,79038564,1698985500,0.2521,0.2506
79094061,79271034,1698985560,0.2506,0.2506
79246068,79174715,1698985620,0.2505,0.2508
79030572,79085411,1698985680,0.2507,0.2509
79144974,79074230,1698985740,0.2509,0.2504
79036714,79260795,1698985800,0.2504,0.2507
79186180,79198792,1698985860,0.2506,0.2506
79091561,79091561,1698985920,0.2506,0.2499
78843699,78859591,1698985980,0.2498,0.2505
78865680,78703829,1698986040,0.2504,0.2507
78579620,78575496,1698986100,0.2506,0.2507
78583217,78684911,1698986160,0.2507,0.251
78762696,78774780,1698986220,0.251,0.2514
78721705,78586721,1698986280,0.2515,0.2516
78642118,78805480,1698986340,0.2516,0.2522
78879614,78904472,1698986400,0.2521,0.2523
78913866,78913742,1698986460,0.2523,0.2517
78929437,78937459,1698986520,0.2516,0.2516
78938180,78931615,1698986580,0.2516,0.2521
78918960,78953945,1698986640,0.2522,0.2518
78861669,78826415,1698986700,0.2518,0.2514
78800761,78786426,1698986760,0.2515,0.2504
78806768,78832745,1698986820,0.2505,0.2513
78864426,78981336,1698986880,0.2514,0.2512
78925023,79002868,1698986940,0.2512,0.2515
79070472,79080189,1698987000,0.2515,0.2521
79177857,79166363,1698987060,0.252,0.2532
78858284,78783902,1698987120,0.2532,0.2528
78844295,78913127,1698987180,0.2528,0.2519
78954199,78953350,1698987240,0.2519,0.2512
78957148,78957148,1698987300,0.2513,0.251
78849109,78797060,1698987360,0.2511,0.2521
78745386,78843365,1698987420,0.252,0.2521
78843365,78843365,1698961920,0.2399,0.2404
78843365,78843365,1698987480,0.2521,0.2519
