"OI_open","OI_close","timestamp","price_open","price_close"
1459934684,1459898066,1698531660,0.01813,0.01812
1459869877,1459922542,1698531720,0.01812,0.0181
1459829595,1459704806,1698531780,0.0181,0.0181
1459726308,1459829644,1698531840,0.01809,0.0181
1459794973,1458975816,1698531900,0.0181,0.01808
1458791500,1458503060,1698531960,0.01809,0.01808
1458533131,1458533131,1698532020,0.01809,0.01807
1458926216,1459982274,1698532080,0.01807,0.01806
1459981848,1459036492,1698532140,0.01805,0.01807
1458247181,1458287154,1698532200,0.01806,0.01801
1453820279,1453207184,1698532260,0.01801,0.01801
1453209022,1452401486,1698532320,0.018,0.01798
1452489762,1449453136,1698532380,0.01799,0.01799
1449176044,1448928734,1698532440,0.01799,0.01801
1448866610,1449216957,1698532500,0.01801,0.01803
1448108677,1448198304,1698532560,0.01803,0.01806
1448574902,1448021486,1698532620,0.01806,0.01807
1448388144,1448646499,1698532680,0.01807,0.01807
1448436921,1448452938,1698532740,0.01807,0.01806
1448930556,1449070366,1698532800,0.01806,0.0181
1448804510,1448798104,1698532860,0.0181,0.01808
1448672413,1448903825,1698532920,0.01809,0.01809
1448918395,1448994525,1698532980,0.01808,0.01811
1448980929,1448507757,1698533040,0.01811,0.01811
1448504068,1448687079,1698533100,0.0181,0.0181
1448146879,1448397981,1698533160,0.01811,0.01812
1448584558,1448515693,1698533220,0.01811,0.01812
1448752086,1448734155,1698533280,0.01811,0.0181
1448333595,1448235152,1698533340,0.01811,0.0181
1448467817,1448377121,1698533400,0.01811,0.01809
1448649486,1448649486,1698533460,0.0181,0.01811
1448432353,1448459123,1698533520,0.01811,0.01811
1448352366,1448380571,1698533580,0.01811,0.01812
1448835349,1449178548,1698533640,0.01812,0.01812
1449472265,1449504108,1698533700,0.01811,0.01811
1450266907,1450253489,1698533760,0.01812,0.01811
1450190342,1450257102,1698533820,0.01812,0.01812
1450194691,1450129939,1698533880,0.01812,0.01812
1449882485,1449860678,1698533940,0.01813,0.01812
1449330213,1449338156,1698534000,0.01813,0.01812
1449129698,1449305869,1698534060,0.01812,0.01812
1449388706,1449588278,1698534120,0.01811,0.01813
1449872822,1449651885,1698534180,0.01812,0.01813
1449112708,1449874677,1698534240,0.01813,0.01812
1449877652,1455224671,1698534300,0.01811,0.01808
1456054233,1455164401,1698534360,0.01808,0.01804
1454062659,1453220164,1698534420,0.01803,0.01804
1452785050,1452807198,1698534480,0.01805,0.01804
1452577358,1453350072,1698534540,0.01804,0.01803
1452612281,1452445254,1698534600,0.01802,0.01807
1452506487,1452247506,1698534660,0.01806,0.01807
1452284227,1451807332,1698534720,0.01806,0.01805
1451743049,1451931194,1698534780,0.01805,0.01804
1451702255,1451767774,1698534840,0.01804,0.01802
1451965677,1451757367,1698534900,0.01801,0.01804
1451394788,1451174363,1698534960,0.01804,0.01803
1451255498,1450797976,1698535020,0.01802,0.01801
1450840267,1450887460,1698535080,0.018,0.01801
1450915685,1451628609,1698535140,0.01801,0.01803
1450970428,1450970428,1698535200,0.01802,0.01801
1450935726,1451519160,1698535260,0.01802,0.01802
1451817075,1453047240,1698535320,0.01802,0.01804
1453186344,1453186344,1698535380,0.01804,0.01804
1452948118,1452948118,1698535440,0.01805,0.01807
1453069640,1453408429,1698535500,0.01807,0.0181
1453291387,1453024961,1698535560,0.01809,0.01811
1453359974,1453415548,1698535620,0.01812,0.01812
1453390590,1453460335,1698535680,0.01813,0.01815
1453427981,1453633555,1698535740,0.01815,0.01816
1452913219,1454388748,1698535800,0.01817,0.01818
1455110738,1455527509,1698535860,0.01817,0.01817
1455915810,1456595122,1698535920,0.01816,0.01817
1456798095,1456734063,1698535980,0.01816,0.01819
1456656479,1456089926,1698536040,0.0182,0.01818
1453471837,1453700208,1698536100,0.01818,0.01819
1454025011,1454529613,1698536160,0.01819,0.01817
1454409675,1455199327,1698536220,0.01817,0.01817
1455367046,1454273037,1698536280,0.01817,0.01815
1454702925,1454857235,1698536340,0.01815,0.01815
1454442107,1454423334,1698536400,0.01815,0.01813
1454705271,1454829055,1698536460,0.01814,0.01813
1454829055,1455205228,1698536520,0.01813,0.01813
1455232688,1455517391,1698536580,0.01813,0.0181
1455517715,1455131587,1698536640,0.01811,0.01811
1455058271,1454910963,1698536700,0.01811,0.01808
1454912258,1454912258,1698536760,0.01809,0.01811
1454909743,1454826295,1698536820,0.01811,0.01809
1454861980,1455044257,1698536880,0.01809,0.01808
1454946654,1455328954,1698536940,0.01809,0.01808
1455364586,1455364586,1698537000,0.01809,0.01809
1455355994,1454720524,1698537060,0.01809,0.01808
1454840745,1455292592,1698537120,0.01808,0.01808
1455276622,1455251632,1698537180,0.01808,0.01811
1455166066,1455257172,1698537240,0.01811,0.01812
1455206859,1453982633,1698537300,0.01811,0.01812
1454163317,1454252444,1698537360,0.01811,0.01812
1454398042,1454442963,1698537420,0.01812,0.01811
1454011405,1454320015,1698537480,0.01811,0.01811
1453597326,1453847006,1698537540,0.01811,0.01809
1451886259,1451845227,1698537600,0.01809,0.01815
1452175993,1452233430,1698537660,0.01815,0.0181
1451926282,1451592880,1698537720,0.0181,0.01808
1451235407,1450731914,1698537780,0.01808,0.01814
1450851802,1450505718,1698537840,0.01815,0.01824
1450728574,1449564669,1698537900,0.01823,0.01822
1450517931,1451558522,1698537960,0.01822,0.01824
1453866025,1454359407,1698538020,0.01824,0.01826
1454770979,1456200940,1698538080,0.01826,0.01827
1456453263,1456276132,1698538140,0.01827,0.01823
1454976724,1452956837,1698538200,0.01822,0.01813
1451045672,1449488900,1698538260,0.01812,0.01812
1449545953,1449801731,1698538320,0.01811,0.01806
1450020620,1449921086,1698538380,0.01805,0.01802
1449189351,1447811056,1698538440,0.01802,0.01805
1448235598,1447479334,1698538500,0.01804,0.01806
1446840719,1446840719,1698538560,0.01805,0.01806
1446348331,1446880546,1698538620,0.01806,0.01804
1447150522,1447382695,1698538680,0.01804,0.01805
1446976084,1446596827,1698538740,0.01805,0.01804
1446638172,1446294750,1698538800,0.01803,0.01805
1446140098,1445886128,1698538860,0.01806,0.01804
1445185310,1444900221,1698538920,0.01804,0.01803
1445358017,1445718715,1698538980,0.01803,0.01803
1444522337,1444354399,1698539040,0.01803,0.01801
1444353242,1444392808,1698539100,0.018,0.018
1444289668,1444521232,1698539160,0.01799,0.01799
1444330688,1445141162,1698539220,0.01799,0.01801
1445222726,1445398983,1698539280,0.01801,0.01804
1445367482,1445198447,1698539340,0.01803,0.01804
1445260672,1445713508,1698539400,0.01803,0.01802
1445038272,1445537368,1698539460,0.01802,0.018
1446109435,1448564456,1698539520,0.018,0.01795
1444401025,1441989875,1698539580,0.01794,0.018
1441237330,1440779862,1698539640,0.01801,0.01802
1441092845,1441284510,1698539700,0.01801,0.018
1441134610,1439343940,1698539760,0.01801,0.01804
1439176846,1437422062,1698539820,0.01804,0.01806
1438533766,1438572764,1698539880,0.01805,0.01806
1438318634,1438176504,1698539940,0.01806,0.01807
1438583802,1434421416,1698540000,0.01807,0.01811
1434494872,1434017193,1698540060,0.01811,0.01814
1433665609,1433644396,1698540120,0.01813,0.01816
1433628165,1432883981,1698540180,0.01816,0.0182
1432637943,1432090972,1698540240,0.01821,0.01824
1432385357,1435003046,1698540300,0.01824,0.01825
1434928960,1434245390,1698540360,0.01825,0.01827
1434384286,1435330292,1698540420,0.01826,0.01826
1435609921,1436095329,1698540480,0.01825,0.01821
1436468926,1436587777,1698540540,0.0182,0.01817
1436656685,1436809128,1698540600,0.01818,0.01819
1436758206,1436735805,1698540660,0.01819,0.01816
1436856649,1435550703,1698540720,0.01817,0.01821
1435905946,1435195668,1698540780,0.0182,0.01812
1435282572,1434637082,1698540840,0.01813,0.01812
1434775174,1435105387,1698540900,0.01811,0.01812
1435103727,1435092299,1698540960,0.01812,0.01807
1434691392,1434957065,1698541020,0.01807,0.01808
1434931547,1434791695,1698541080,0.01808,0.01806
1434432066,1434495666,1698541140,0.01807,0.01803
1434535228,1434314329,1698541200,0.01804,0.01807
1435215919,1434232418,1698541260,0.01808,0.01799
1433030856,1433249584,1698541320,0.018,0.01804
1433187158,1432823948,1698541380,0.01804,0.01802
1433511384,1432970149,1698541440,0.01802,0.01802
1432490834,1432283086,1698541500,0.01802,0.01803
1432327193,1431355620,1698541560,0.01804,0.01806
1432042919,1432592930,1698541620,0.01807,0.0181
1433194446,1433337498,1698541680,0.0181,0.01807
1433254581,1433828833,1698541740,0.01807,0.01804
1433673097,1433633786,1698541800,0.01805,0.01801
1433885266,1433982321,1698541860,0.01801,0.018
1433988825,1434211763,1698541920,0.018,0.01796
1434004540,1435262332,1698541980,0.01795,0.01786
1428331377,1427563470,1698542040,0.01786,0.01792
1428196709,1426562362,1698542100,0.01792,0.01788
1425608574,1425870751,1698542160,0.01789,0.01792
1425909544,1426123419,1698542220,0.01792,0.0179
1427442668,1428383173,1698542280,0.0179,0.01784
1428213208,1426818878,1698542340,0.01784,0.01786
1426570482,1426856947,1698542400,0.01787,0.01779
1426862325,1426314209,1698542460,0.01779,0.01782
1423259839,1423333502,1698542520,0.01782,0.01781
1419383275,1417320471,1698542580,0.01781,0.01776
1418351075,1416578369,1698542640,0.01777,0.01781
1416539224,1417395834,1698542700,0.01781,0.01779
1418486288,1418728954,1698542760,0.01779,0.0178
1418830062,1419422387,1698542820,0.0178,0.01778
1419789033,1419666609,1698542880,0.01779,0.01778
1419300483,1419586890,1698542940,0.01777,0.01776
1419409335,1420010156,1698543000,0.01776,0.01777
1420159675,1420808556,1698543060,0.01777,0.01774
1422057991,1421496127,1698543120,0.01774,0.0178
1422523781,1422850041,1698543180,0.0178,0.01783
1422494036,1425112649,1698543240,0.01782,0.01783
1423598509,1423970902,1698543300,0.01783,0.01787
1426224470,1426484214,1698543360,0.01786,0.01787
1426853759,1427270004,1698543420,0.01786,0.01787
1427271724,1427998923,1698543480,0.01787,0.01786
1428294972,1427226146,1698543540,0.01786,0.01785
1428271938,1428345057,1698543600,0.01785,0.01785
1428117947,1427809276,1698543660,0.01786,0.01788
1427381424,1427298030,1698543720,0.01787,0.01786
1427245561,1427265628,1698543780,0.01786,0.01787
1427410581,1427400913,1698543840,0.01788,0.01786
1427402843,1427119204,1698543900,0.01786,0.01788
1427574984,1428312864,1698543960,0.01788,0.01786
1427917260,1428393678,1698544020,0.01786,0.01786
1428223383,1428305185,1698544080,0.01787,0.01786
1428196475,1428339690,1698544140,0.01786,0.01788
1428611769,1428723315,1698544200,0.01788,0.01788
1428725294,1429088208,1698544260,0.01788,0.01786
1428965401,1428790452,1698544320,0.01787,0.01789
1428107200,1428008653,1698544380,0.01788,0.01789
1427928325,1427959291,1698544440,0.0179,0.01786
1429590411,1429783453,1698544500,0.01787,0.01788
1429725972,1429718667,1698544560,0.01788,0.01788
1429820513,1429861068,1698544620,0.01789,0.01786
1429824440,1431177455,1698544680,0.01787,0.01789
1431177455,1431172814,1698544740,0.0179,0.01788
1431105699,1431383910,1698544800,0.01787,0.01789
1431508934,1433083186,1698544860,0.01788,0.01784
1432586007,1431738991,1698544920,0.01785,0.01783
1431779200,1431813271,1698544980,0.01783,0.01782
1431702339,1431669365,1698545040,0.01782,0.01781
1431863782,1432045074,1698545100,0.01781,0.01782
1431573756,1431591859,1698545160,0.01783,0.01783
1431559114,1431979926,1698545220,0.01783,0.01786
1431835026,1431797928,1698545280,0.01786,0.01786
1432137769,1431962478,1698545340,0.01786,0.01785
1431889194,1431403071,1698545400,0.01786,0.01787
1431561518,1431900584,1698545460,0.01788,0.01786
1431542696,1431981806,1698545520,0.01786,0.01786
1432700827,1432677733,1698545580,0.01786,0.01783
1432577143,1432561891,1698545640,0.01783,0.01783
1432911607,1432933387,1698545700,0.01784,0.01785
1432811386,1432672065,1698545760,0.01785,0.01788
1432658036,1432679858,1698545820,0.01787,0.01788
1433355652,1433486486,1698545880,0.01787,0.01786
1433397187,1433769689,1698545940,0.01786,0.01788
1433991260,1433735005,1698546000,0.01788,0.01789
1433743740,1433825182,1698546060,0.01788,0.01788
1433665880,1433665880,1698546120,0.01787,0.01788
1433627860,1433796144,1698546180,0.01788,0.01788
1433785442,1433297644,1698546240,0.01789,0.01789
1433362105,1433636034,1698546300,0.01789,0.01787
1433640871,1433419886,1698546360,0.01788,0.01788
1433460493,1433472658,1698546420,0.01789,0.01789
1433632341,1433480854,1698546480,0.01789,0.01788
1433299764,1433938979,1698546540,0.01788,0.01787
1433809644,1433838652,1698546600,0.01787,0.01788
1434060259,1434532797,1698546660,0.01787,0.01785
1434537903,1434743056,1698546720,0.01785,0.01784
1434830676,1434422325,1698546780,0.01783,0.01783
1434360329,1434377602,1698546840,0.01782,0.01781
1434471048,1434422881,1698546900,0.01781,0.01783
1434275250,1434781666,1698546960,0.01782,0.0178
1434523395,1436621061,1698547020,0.01779,0.01775
1436567501,1436159138,1698547080,0.01774,0.01776
1436514382,1436677366,1698547140,0.01776,0.01777
1436758617,1436499830,1698547200,0.01776,0.01778
1435657309,1435660393,1698547260,0.01778,0.0178
1436161068,1436649854,1698547320,0.0178,0.0178
1437130638,1437857459,1698547380,0.0178,0.01781
1437881706,1437873485,1698547440,0.01782,0.01784
1437787103,1437418355,1698547500,0.01784,0.01786
1436731983,1436472301,1698547560,0.01786,0.01787
1436271857,1435978681,1698547620,0.01786,0.01788
1435950079,1436077286,1698547680,0.01787,0.01787
1435795362,1435705114,1698547740,0.01788,0.01788
1435825124,1436675118,1698547800,0.01787,0.01785
1436623615,1436943486,1698547860,0.01786,0.01786
1436826243,1436863675,1698547920,0.01786,0.01786
1436827186,1436855643,1698547980,0.01785,0.01785
1437016883,1437317092,1698548040,0.01785,0.01786
1437783943,1437790846,1698548100,0.01787,0.01784
1437684555,1437591864,1698548160,0.01784,0.01788
1437683935,1438017200,1698548220,0.01788,0.0179
1437822525,1437751272,1698548280,0.01789,0.0179
1437642457,1437645678,1698548340,0.01789,0.0179
1437711202,1438048205,1698548400,0.01789,0.01791
1438638376,1438606680,1698548460,0.01792,0.0179
1439258907,1439258907,1698548520,0.0179,0.01792
1439535275,1439563631,1698548580,0.01791,0.0179
1439561116,1439665015,1698548640,0.0179,0.01789
1439914555,1439932046,1698548700,0.01789,0.01789
1440372901,1441345231,1698548760,0.01788,0.01788
1441480365,1443949033,1698548820,0.01788,0.01784
1443554971,1443761921,1698548880,0.01784,0.01787
1443886103,1443886103,1698548940,0.01788,0.01788
1443880133,1443844841,1698549000,0.01787,0.01786
1444463090,1444443697,1698549060,0.01786,0.01788
1444751327,1445022199,1698549120,0.01789,0.01788
1444728159,1445009030,1698549180,0.01787,0.01786
1444455715,1444535456,1698549240,0.01786,0.01787
1443500135,1443522027,1698549300,0.01787,0.01788
1443613177,1443873381,1698549360,0.01788,0.01788
1444232322,1444382675,1698549420,0.01787,0.01786
1443084048,1442962390,1698549480,0.01786,0.01786
1442989352,1443152924,1698549540,0.01786,0.01785
1442476144,1437489728,1698549600,0.01784,0.01793
1436453145,1436070414,1698549660,0.01793,0.01799
1438176104,1443494026,1698549720,0.01799,0.01798
1445538949,1447065127,1698549780,0.01797,0.01792
1446820334,1448223191,1698549840,0.01791,0.01793
1447825298,1448411363,1698549900,0.01793,0.01791
1448319820,1448319820,1698549960,0.01791,0.01792
1445402431,1445460166,1698550020,0.01791,0.0179
1445578275,1445533530,1698550080,0.0179,0.0179
1445779450,1445857397,1698550140,0.01791,0.01795
1443423461,1441648618,1698550200,0.01796,0.01808
1439169178,1437246763,1698550260,0.01808,0.01808
1437125171,1437864689,1698550320,0.01808,0.01806
1438075447,1439480091,1698550380,0.01806,0.01799
1439645819,1440579846,1698550440,0.01799,0.01793
1443210632,1444118890,1698550500,0.01793,0.01789
1444497037,1444411932,1698550560,0.01789,0.01787
1445494094,1445210995,1698550620,0.01787,0.01785
1445426457,1445965539,1698550680,0.01784,0.01789
1445491603,1446099900,1698550740,0.01789,0.01788
1446728794,1445169855,1698550800,0.01789,0.01784
1444322159,1444501143,1698550860,0.01783,0.01785
1444406896,1444292820,1698550920,0.01785,0.01784
1444264911,1444974008,1698550980,0.01785,0.01784
1445116990,1444869017,1698551040,0.01784,0.01784
1444438376,1447146676,1698551100,0.01785,0.01785
1446907634,1447092098,1698551160,0.01785,0.01784
1446454990,1446166232,1698551220,0.01785,0.01783
1445854063,1446579784,1698551280,0.01784,0.01782
1446416348,1446579950,1698551340,0.01783,0.01782
1446603952,1446603952,1698551400,0.01782,0.0178
1446819771,1447266712,1698551460,0.0178,0.0178
1447063773,1447026810,1698551520,0.01781,0.01777
1445817710,1445250584,1698551580,0.01777,0.01776
1445607314,1446066596,1698551640,0.01775,0.01773
1445984945,1446628896,1698551700,0.01773,0.01778
1446480683,1446700559,1698551760,0.01777,0.0178
1446427602,1446666802,1698551820,0.01779,0.01779
1446650339,1446562985,1698551880,0.01778,0.01779
1446738542,1446705743,1698551940,0.01779,0.0178
1446456468,1445988055,1698552000,0.0178,0.0178
1446674983,1446349494,1698552060,0.0178,0.01777
1446321335,1446057334,1698552120,0.01777,0.01777
1445818321,1444428430,1698552180,0.01776,0.01775
1444451942,1444286154,1698552240,0.01776,0.01777
1444114732,1444732075,1698552300,0.01777,0.01778
1444637399,1445035810,1698552360,0.01778,0.01781
1445218237,1445321883,1698552420,0.01781,0.01781
1445295989,1445318426,1698552480,0.01781,0.01782
1445361669,1445679118,1698552540,0.01781,0.01783
1445851437,1445367653,1698552600,0.01784,0.01787
1445357572,1444988688,1698552660,0.01787,0.01787
1446272804,1445997100,1698552720,0.01787,0.0179
1444624750,1444581483,1698552780,0.0179,0.0179
1444078868,1444092834,1698552840,0.01791,0.01788
1444214798,1444418871,1698552900,0.01789,0.01789
1444666672,1444817764,1698552960,0.01788,0.01787
1444710333,1444786100,1698553020,0.01787,0.01786
1445181720,1445154542,1698553080,0.01787,0.01789
1445577520,1445175645,1698553140,0.0179,0.01793
1445844758,1445344858,1698553200,0.01792,0.01793
1445054575,1445083482,1698553260,0.01793,0.01792
1445146183,1445164085,1698553320,0.01793,0.01793
1444914009,1444972878,1698553380,0.01794,0.01793
1444820176,1444723696,1698553440,0.01793,0.01793
1444710148,1443273088,1698553500,0.01794,0.01796
1443426868,1443100850,1698553560,0.01796,0.01795
1442890958,1442889223,1698553620,0.01794,0.01793
1442587156,1442900049,1698553680,0.01794,0.01796
1442685297,1442709184,1698553740,0.01797,0.01798
1443132661,1442969400,1698553800,0.01797,0.01798
1442747806,1442826637,1698553860,0.01798,0.01796
1442435802,1442524082,1698553920,0.01796,0.01798
1442615989,1442449933,1698553980,0.01797,0.01796
1442386725,1440819448,1698554040,0.01796,0.01801
1441103288,1442698951,1698554100,0.01801,0.01801
1442802019,1441379083,1698554160,0.01801,0.018
1441379416,1441731638,1698554220,0.01801,0.018
1441951539,1442331103,1698554280,0.01801,0.01799
1442600665,1442497695,1698554340,0.01799,0.01798
1442060687,1442068838,1698554400,0.01799,0.01799
1442223052,1442225379,1698554460,0.018,0.01799
1442305380,1442319461,1698554520,0.01799,0.018
1442205888,1442116454,1698554580,0.01801,0.01803
1442640422,1442294912,1698554640,0.01803,0.01806
1442691284,1442914901,1698554700,0.01806,0.01806
1443298695,1443712424,1698554760,0.01807,0.01811
1443731477,1443568421,1698554820,0.01811,0.01813
1444161318,1444090717,1698554880,0.01812,0.01811
1444427102,1444575249,1698554940,0.01811,0.01812
1444670092,1444907558,1698555000,0.01813,0.01815
1445022722,1445719582,1698555060,0.01815,0.01813
1445293646,1445833932,1698555120,0.01813,0.0181
1445212840,1445203910,1698555180,0.01811,0.01811
1446015472,1446258642,1698555240,0.01811,0.01813
1446262489,1446749398,1698555300,0.01813,0.01816
1446582575,1446668791,1698555360,0.01815,0.01814
1446557701,1446607501,1698555420,0.01814,0.0181
1446875393,1447174580,1698555480,0.0181,0.01813
1446798514,1446475486,1698555540,0.01812,0.01812
1446224977,1446985016,1698555600,0.01813,0.01809
1446849913,1445896353,1698555660,0.0181,0.01813
1446185960,1446468485,1698555720,0.01813,0.0181
1446088692,1446213373,1698555780,0.01811,0.0181
1445943924,1445963961,1698555840,0.0181,0.0181
1446202641,1446129556,1698555900,0.01809,0.01811
1445983523,1445971146,1698555960,0.01811,0.0181
1446020046,1445307695,1698556020,0.01811,0.01807
1444957969,1445160849,1698556080,0.01808,0.01811
1445890087,1446002959,1698556140,0.0181,0.01813
1447533318,1448011932,1698556200,0.01812,0.01812
1448043830,1448139900,1698556260,0.01811,0.01811
1449246277,1449242196,1698556320,0.01811,0.01809
1448826548,1449066464,1698556380,0.0181,0.01813
1449127761,1449393792,1698556440,0.01813,0.01814
1449464331,1449976563,1698556500,0.01814,0.01815
1449488187,1449357867,1698556560,0.01816,0.01816
1449450522,1449463166,1698556620,0.01817,0.01815
1450153605,1450024549,1698556680,0.01816,0.01815
1448996699,1448711132,1698556740,0.01814,0.01812
1448860538,1448970183,1698556800,0.01813,0.0181
1448973479,1448161880,1698556860,0.01811,0.01808
1447500608,1447481036,1698556920,0.01808,0.01809
1447990461,1448517272,1698556980,0.0181,0.01809
1448461048,1448293099,1698557040,0.01808,0.01809
1447736045,1447736045,1698557100,0.01809,0.01808
1447989106,1447773325,1698557160,0.01808,0.01808
1445642709,1445656051,1698557220,0.01807,0.0181
1445705436,1445598739,1698557280,0.01809,0.0181
1445557407,1445514695,1698557340,0.0181,0.01811
1445508027,1446179294,1698557400,0.01812,0.01811
1446413775,1446413775,1698557460,0.01811,0.01812
1447273110,1446755923,1698557520,0.01811,0.01809
1446321174,1446637047,1698557580,0.0181,0.01809
1446614973,1446903974,1698557640,0.0181,0.01811
1446375457,1446455995,1698557700,0.01811,0.01814
1446257856,1446532456,1698557760,0.01814,0.0181
1446157729,1446129977,1698557820,0.01811,0.01811
1445977762,1446293614,1698557880,0.01812,0.01808
1446832594,1446624448,1698557940,0.01809,0.01807
1446599993,1446758924,1698558000,0.01808,0.01808
1446895904,1446779283,1698558060,0.01808,0.01812
1446917045,1446957987,1698558120,0.01812,0.0181
1447039585,1446787764,1698558180,0.01809,0.0181
1446715002,1446660433,1698558240,0.01809,0.01812
1447176937,1447208998,1698558300,0.01813,0.01812
1446804580,1446652634,1698558360,0.01812,0.01812
1446850801,1446959678,1698558420,0.01812,0.0181
1446890555,1446960719,1698558480,0.0181,0.01808
1446867598,1447100797,1698558540,0.01809,0.01811
1447153696,1447104147,1698558600,0.0181,0.01811
1447208816,1447291843,1698558660,0.01811,0.01811
1447303459,1447106356,1698558720,0.01811,0.01813
1447669105,1447079346,1698558780,0.01812,0.01812
1447764584,1447762470,1698558840,0.01811,0.01811
1447721892,1447721892,1698558900,0.01811,0.01811
1447908886,1447908886,1698558960,0.01811,0.01811
1447094081,1447014657,1698559080,0.01811,0.01808
1447347357,1447347357,1698559320,0.01808,0.01807
1447222369,1447222369,1698559380,0.01806,0.01807
1447015819,1447015819,1698559440,0.01809,0.01807
1450431750,1450431750,1698560160,0.01812,0.01812
1451199126,1451521356,1698560220,0.01813,0.01811
1452120258,1452590931,1698560280,0.01811,0.01811
1452618436,1452761052,1698560340,0.01812,0.01809
1452867864,1453150806,1698560400,0.01809,0.01811
1453138484,1453152751,1698560460,0.0181,0.01811
1452702711,1452785877,1698560520,0.01811,0.01811
1452714008,1452910855,1698560580,0.0181,0.01811
1452876626,1452916662,1698560640,0.0181,0.01811
1453047018,1453066723,1698560700,0.01811,0.01811
1453012320,1453002919,1698560760,0.01812,0.01814
1453441263,1452904349,1698560820,0.01814,0.01813
1452905461,1452944273,1698560880,0.01813,0.01813
1452951741,1453352417,1698560940,0.01813,0.01814
1453534031,1453275962,1698561000,0.01813,0.01815
1453594168,1453675371,1698561060,0.01816,0.01816
1455096516,1455265143,1698561120,0.01817,0.01817
1455210707,1455716717,1698561180,0.01817,0.01817
1455329124,1455481569,1698561240,0.01818,0.01819
1455621934,1456054307,1698561300,0.01818,0.01821
1456686184,1456947427,1698561360,0.01821,0.0182
1457881434,1460500765,1698561420,0.0182,0.01819
1460362792,1460963391,1698561480,0.01819,0.01821
1461030185,1461067917,1698561540,0.01822,0.01822
1461407000,1462168653,1698561600,0.01822,0.01821
1462086720,1462153542,1698561660,0.01821,0.01818
1461437825,1461733281,1698561720,0.01818,0.0182
1461735021,1461310126,1698561780,0.0182,0.0182
1461521307,1461522863,1698561840,0.0182,0.01822
1461828281,1461804037,1698561900,0.01821,0.01822
1461806704,1462473738,1698561960,0.01821,0.01824
1462936183,1463277109,1698562020,0.01825,0.01823
1464157210,1464334423,1698562080,0.01822,0.0182
1464239722,1463977664,1698562140,0.0182,0.01817
1464374601,1465824352,1698562200,0.01817,0.01815
1465480539,1465417255,1698562260,0.01815,0.01816
1465099426,1464843096,1698562320,0.01816,0.01815
1464967841,1464891686,1698562380,0.01815,0.01817
1464830900,1464864760,1698562440,0.01817,0.01816
1464950679,1464916033,1698562500,0.01816,0.01818
1464936177,1465102446,1698562560,0.01817,0.01817
1465430493,1465430493,1698562860,0.01818,0.01823
1465419046,1465419046,1698562920,0.01824,0.01822
1465270535,1465547213,1698562980,0.01823,0.01822
1465915037,1464677354,1698563040,0.01822,0.01819
1464549582,1464549582,1698563100,0.01819,0.01819
1463981857,1463747628,1698563160,0.01819,0.0182
1463774843,1463794752,1698563220,0.01821,0.01819
1463990002,1463990002,1698563280,0.01818,0.01818
1464014230,1463980605,1698563340,0.01818,0.01817
1463929697,1463929697,1698563400,0.01817,0.01816
1463790887,1463374411,1698563460,0.01817,0.01817
1463382856,1463606466,1698563520,0.01817,0.01816
1462651958,1462651958,1698563580,0.01814,0.01813
1462249508,1462249508,1698563640,0.01812,0.01814
1463190876,1462875284,1698563700,0.01813,0.01813
1463254610,1463254610,1698563760,0.01814,0.01814
1463328027,1462957470,1698563820,0.01814,0.01817
1463422690,1464022376,1698563880,0.01816,0.01814
1463984082,1464004342,1698563940,0.01815,0.01818
1463912255,1463905834,1698564000,0.01818,0.01819
1464229244,1464770259,1698564060,0.01818,0.0182
1464956389,1465342421,1698564120,0.0182,0.0182
1465436993,1465585313,1698564180,0.01821,0.0182
1465972797,1466066112,1698564240,0.0182,0.01821
1466679797,1466995568,1698564300,0.01821,0.01824
1467104581,1467303543,1698564360,0.01824,0.01825
1467337389,1468159034,1698564420,0.01825,0.01823
1468546018,1469301293,1698564480,0.01824,0.01827
1469569030,1469411092,1698564540,0.01826,0.01826
1469111222,1470075728,1698564600,0.01825,0.01829
1468600993,1468511009,1698564660,0.01829,0.01832
1469164567,1469141719,1698564720,0.01832,0.01828
1469460834,1469182772,1698564780,0.01828,0.0183
1469133579,1469470543,1698564840,0.01829,0.01833
1473784701,1475354777,1698564900,0.01832,0.0183
1475944892,1475508320,1698564960,0.0183,0.01831
1475643158,1475851968,1698565020,0.01831,0.01827
1475390890,1475184038,1698565080,0.01827,0.01831
1476015540,1474577855,1698565140,0.0183,0.01824
1473391433,1473607773,1698565200,0.01824,0.01824
1474298933,1474305698,1698565260,0.01824,0.01822
1473805965,1473545081,1698565320,0.01822,0.01824
1473554737,1473372075,1698565380,0.01824,0.01823
1473729810,1474023820,1698565440,0.01823,0.01823
1474097853,1473844661,1698565500,0.01823,0.01827
1473808823,1473747053,1698565560,0.01827,0.01823
1473769151,1473369910,1698565620,0.01823,0.01823
1473046863,1472764086,1698565680,0.01823,0.01824
1472614965,1472883810,1698565740,0.01824,0.01823
1472825887,1472307720,1698565800,0.01824,0.01826
1472150844,1473259926,1698565860,0.01826,0.01825
1472915991,1472118024,1698565920,0.01826,0.01824
1472555799,1472586929,1698565980,0.01825,0.01825
1472930244,1472064934,1698566040,0.01826,0.01822
1471988073,1472186608,1698566100,0.01822,0.01822
1471697835,1471738303,1698566160,0.01822,0.01821
1471707558,1471509931,1698566220,0.01821,0.01823
1471609409,1472107426,1698566280,0.01823,0.01821
1471956730,1472107397,1698566340,0.0182,0.01823
1471940765,1470662581,1698566400,0.01823,0.01825
1470171243,1470402475,1698566460,0.01826,0.01824
1470438514,1470298464,1698566520,0.01825,0.01824
1470307724,1470214586,1698566580,0.01824,0.01826
1471026203,1471065731,1698566640,0.01826,0.01826
1471730563,1471713496,1698566700,0.01826,0.01825
1471922312,1471941053,1698566760,0.01825,0.01827
1471923398,1472060902,1698566820,0.01826,0.01825
1472151247,1472359349,1698566880,0.01825,0.01826
1472188480,1471791630,1698566940,0.01827,0.01829
1471536084,1471664555,1698567000,0.0183,0.01827
1471090783,1471221258,1698567060,0.01827,0.01826
1471528655,1471619649,1698567120,0.01825,0.01829
1471782200,1470813685,1698567180,0.0183,0.01833
1471181387,1471302323,1698567240,0.01833,0.01832
1471263729,1471175316,1698567300,0.01831,0.01831
1471198180,1470939744,1698567360,0.01831,0.01832
1470982777,1470982777,1698567420,0.01832,0.01832
1470974702,1471115770,1698567480,0.01832,0.01831
1470380370,1470434797,1698567540,0.01832,0.0183
1470109404,1469978084,1698567600,0.01831,0.01828
1469844147,1470802527,1698567660,0.01828,0.01827
1470440829,1469458923,1698567720,0.01826,0.01826
1469444197,1468991533,1698567780,0.01825,0.01825
1468946518,1469431763,1698567840,0.01826,0.01826
1469746410,1469770705,1698567900,0.01827,0.01825
1469685958,1469617944,1698567960,0.01825,0.01827
1469365979,1469656474,1698568020,0.01827,0.01827
1470830135,1470463863,1698568080,0.01826,0.01825
1470191262,1469966438,1698568140,0.01824,0.01825
1470009081,1470226183,1698568200,0.01825,0.01822
1469497048,1469851233,1698568260,0.01822,0.01824
1469593668,1469000008,1698568320,0.01824,0.01826
1469343644,1469409877,1698568380,0.01825,0.01825
1468941196,1469260204,1698568440,0.01825,0.01824
1468907610,1469260924,1698568500,0.01824,0.01826
1470225755,1470423820,1698568560,0.01825,0.01824
1470301323,1470214811,1698568620,0.01824,0.01826
1470421034,1470434745,1698568680,0.01825,0.01828
1470352543,1470352543,1698568740,0.01828,0.01829
1470290618,1469479503,1698568800,0.0183,0.01832
1469573299,1469920605,1698568860,0.01832,0.01836
1470797967,1470837679,1698568920,0.01836,0.01832
1471260258,1471858222,1698568980,0.01833,0.0183
1471931262,1471706182,1698569040,0.0183,0.01828
1471344446,1471798485,1698569100,0.01829,0.01828
1472023291,1472229130,1698569160,0.01828,0.01826
1472000474,1470981645,1698569220,0.01825,0.01827
1470800936,1471058536,1698569280,0.01826,0.0183
1471383823,1471503936,1698569340,0.0183,0.01828
1471253077,1471455889,1698569400,0.01827,0.01824
1471357963,1470990998,1698569460,0.01825,0.01822
1470932998,1471445960,1698569520,0.01823,0.01824
1471258068,1471269247,1698569580,0.01825,0.01826
1471397730,1471374470,1698569640,0.01827,0.01828
1471410810,1471226323,1698569700,0.01827,0.01826
1471884888,1471890318,1698569760,0.01827,0.01825
1471860440,1471634701,1698569820,0.01825,0.01825
1471373484,1471018869,1698569880,0.01826,0.01829
1471201777,1471139959,1698569940,0.01828,0.01829
1471011309,1471011309,1698570000,0.0183,0.01829
1470975424,1473608406,1698570060,0.01829,0.01831
1473378592,1473712548,1698570120,0.0183,0.01829
1474776865,1473536864,1698570180,0.01828,0.01825
1473552655,1472991971,1698570240,0.01826,0.01824
1473117763,1472868477,1698570300,0.01823,0.01823
1472982245,1473099566,1698570360,0.01823,0.01821
1472740794,1472819465,1698570420,0.01822,0.01823
1472451095,1471867339,1698570480,0.01823,0.01824
1471506588,1471961644,1698570540,0.01824,0.01824
1471989480,1472114341,1698570600,0.01824,0.01824
1472576968,1472073773,1698570660,0.01824,0.01826
1471991898,1472511916,1698570720,0.01826,0.01824
1472602805,1472653467,1698570780,0.01824,0.01824
1472275051,1472436059,1698570840,0.01824,0.01826
1472215869,1472398463,1698570900,0.01827,0.01829
1471217633,1471272765,1698570960,0.01829,0.01828
1471394634,1471468292,1698571020,0.01828,0.01829
1471560530,1471949398,1698571080,0.01829,0.01827
1471957120,1471879143,1698571140,0.01827,0.01826
1471732171,1471532679,1698571200,0.01826,0.01827
1471590420,1471258960,1698571260,0.01827,0.01829
1470627141,1470416678,1698571320,0.01829,0.01825
1470417592,1470456554,1698571380,0.01825,0.01828
1470433395,1470239914,1698571440,0.01828,0.01828
1469972574,1469665281,1698571500,0.01827,0.01827
1469697210,1469300178,1698571560,0.01827,0.01825
1469259748,1469119330,1698571620,0.01826,0.01826
1468900742,1468885395,1698571680,0.01825,0.01825
1468378882,1468514058,1698571740,0.01825,0.01828
1468430717,1467948013,1698571800,0.01828,0.0183
1467981739,1467572709,1698571860,0.0183,0.01832
1467441066,1467481301,1698571920,0.01832,0.01831
1467686904,1467546049,1698571980,0.01832,0.01832
1466691876,1466991198,1698572040,0.01833,0.01833
1467215026,1466900658,1698572100,0.01832,0.01832
1466630609,1466882213,1698572160,0.01833,0.01834
1466076052,1466100949,1698572220,0.01833,0.01833
1466214025,1466289505,1698572280,0.01833,0.01833
1466631093,1466331968,1698572340,0.01832,0.01831
1466315996,1465768301,1698572400,0.01831,0.01828
1465316242,1465325396,1698572460,0.01828,0.0183
1465296644,1465060152,1698572520,0.0183,0.01829
1465203981,1465158585,1698572580,0.01829,0.01829
1465104207,1465104207,1698572640,0.0183,0.01828
1465243097,1465171794,1698572700,0.01829,0.01827
1465155580,1464766232,1698572760,0.01828,0.01825
1464882616,1465436594,1698572820,0.01824,0.01827
1465159022,1465159022,1698572880,0.01826,0.01827
1464644434,1464556824,1698572940,0.01826,0.01825
1464378524,1463217759,1698573000,0.01826,0.01825
1463153651,1463074656,1698573060,0.01825,0.01825
1463076078,1463481007,1698573120,0.01824,0.01822
1462912546,1462875782,1698573180,0.01823,0.01822
1463315368,1462764043,1698573240,0.01822,0.01822
1462283550,1462198592,1698573300,0.01822,0.01822
1462396033,1462650336,1698573360,0.01822,0.0182
1462417330,1462458957,1698573420,0.0182,0.01821
1462376482,1462312885,1698573480,0.01821,0.0182
1461844076,1461875652,1698573540,0.0182,0.01823
1461444484,1461011568,1698573600,0.01823,0.01823
1461072870,1460909440,1698573660,0.01822,0.01823
1460347842,1460009252,1698573720,0.01824,0.01825
1459924550,1459688289,1698573780,0.01825,0.01822
1460129986,1460146509,1698573840,0.01823,0.01823
1459779796,1459687598,1698573900,0.01824,0.01823
1459820295,1459702416,1698573960,0.01823,0.01822
1459718199,1464409404,1698574020,0.01822,0.01818
1464545751,1464545751,1698574080,0.01818,0.01819
1464474457,1464288508,1698574140,0.01819,0.0182
1463835477,1464445399,1698574200,0.01819,0.01823
1464456235,1464068633,1698574260,0.01822,0.01819
1463355852,1463245859,1698574320,0.01819,0.0182
1462965070,1463070412,1698574380,0.0182,0.01817
1464606950,1464303637,1698574440,0.01818,0.01817
1463901327,1464056911,1698574500,0.01817,0.01818
1464259286,1455131344,1698574560,0.01817,0.01806
1454096545,1450733408,1698574620,0.01806,0.01808
1450889737,1452316678,1698574680,0.01808,0.01809
1452496304,1451025123,1698574740,0.01809,0.01811
1451525504,1452065807,1698574800,0.01811,0.0181
1451057693,1453045671,1698574860,0.0181,0.01813
1452349447,1451701460,1698574920,0.01812,0.01813
1451674714,1451588808,1698574980,0.01814,0.01814
1451490671,1450790119,1698575040,0.01813,0.01814
1450116869,1449293076,1698575100,0.01815,0.01816
1449372570,1449109081,1698575160,0.01816,0.01816
1449516550,1450241366,1698575220,0.01816,0.01817
1449844180,1449553110,1698575280,0.01817,0.01814
1449416979,1449197927,1698575340,0.01814,0.01815
1449128926,1449131906,1698575400,0.01815,0.01815
1449436860,1448597804,1698575460,0.01816,0.01817
1448976408,1448886333,1698575520,0.01817,0.01815
1448901919,1448637753,1698575580,0.01815,0.01812
1448577209,1448557313,1698575640,0.01812,0.01813
1448492720,1448638162,1698575700,0.01813,0.01815
1449265460,1449042963,1698575760,0.01815,0.01816
1449147341,1449422876,1698575820,0.01816,0.01818
1449788442,1449586986,1698575880,0.01819,0.01816
1450134894,1449664558,1698575940,0.01817,0.01817
1449994986,1450136226,1698576000,0.01817,0.01816
1450051418,1450165765,1698576060,0.01816,0.01816
1450127064,1450244364,1698576120,0.01817,0.01817
1450342437,1450381675,1698576180,0.01817,0.01815
1450306028,1450799259,1698576240,0.01815,0.01813
1451620299,1451425996,1698576300,0.01812,0.01812
1451402816,1451068055,1698576360,0.01812,0.01813
1451253806,1451171159,1698576420,0.01812,0.01811
1451597649,1451930272,1698576480,0.01812,0.01813
1452412203,1452653852,1698576540,0.01813,0.01813
1452885406,1452945832,1698576600,0.01814,0.01813
1452686460,1452604699,1698576660,0.01814,0.01813
1452480293,1452445006,1698576720,0.01813,0.01812
1452381663,1452381663,1698576780,0.01812,0.01812
1452336903,1452570867,1698576840,0.01812,0.01811
1452404710,1452576568,1698576900,0.01811,0.01809
1453227988,1453768949,1698576960,0.01809,0.01812
1454022993,1454022993,1698577020,0.01812,0.01811
1454160026,1454923610,1698577080,0.01811,0.0181
1455272145,1455410250,1698577140,0.0181,0.0181
1455715616,1455988817,1698577200,0.01811,0.01808
1456393249,1457205589,1698577260,0.01809,0.0181
1457056967,1457619774,1698577320,0.0181,0.0181
1457854622,1457479638,1698577380,0.01809,0.01807
1457285925,1456560760,1698577440,0.01807,0.01807
1456715021,1456368634,1698577500,0.01807,0.01807
1456360755,1457071399,1698577560,0.01807,0.01808
1456869591,1457669597,1698577620,0.01809,0.01809
1457745283,1458838025,1698577680,0.01808,0.01808
1458776899,1457944018,1698577740,0.01808,0.01808
1457930146,1457602791,1698577800,0.01809,0.01811
1457588202,1457553770,1698577860,0.01811,0.01811
1457208259,1457194379,1698577920,0.01812,0.01812
1457011065,1456938667,1698577980,0.01813,0.01815
1457353459,1457474078,1698578040,0.01814,0.01813
1457280255,1457554764,1698578100,0.01813,0.01814
1457191312,1457203157,1698578160,0.01814,0.01815
1457360241,1457361841,1698578220,0.01815,0.01817
1457565266,1457654347,1698578280,0.01817,0.01817
1457880444,1456862891,1698578340,0.01816,0.01817
1456776267,1456661357,1698578400,0.01816,0.01813
1456893655,1456460969,1698578460,0.01813,0.01815
1456316745,1456423062,1698578520,0.01815,0.01814
1456453714,1456346068,1698578580,0.01815,0.01813
1456082045,1455271570,1698578640,0.01814,0.01815
1455328342,1455325585,1698578700,0.01816,0.01816
1455463694,1455447870,1698578760,0.01815,0.01819
1455055177,1454771716,1698578820,0.01818,0.0182
1455174737,1455215621,1698578880,0.01821,0.0182
1454669328,1456529007,1698578940,0.0182,0.0182
1456737146,1457018671,1698579000,0.01821,0.01816
1458915875,1458698827,1698579060,0.01817,0.0182
1458734766,1457986618,1698579120,0.01819,0.01819
1457656358,1457591638,1698579180,0.01818,0.0182
1458133157,1458506080,1698579240,0.0182,0.01819
1458417189,1458573858,1698579300,0.01819,0.0182
1458370114,1458424852,1698579360,0.0182,0.01818
1458245108,1458397343,1698579420,0.01819,0.01819
1458620905,1456474392,1698579480,0.01818,0.01818
1456437794,1456519874,1698579540,0.01818,0.01818
1456450001,1456475971,1698579600,0.01818,0.01818
1456470645,1456361418,1698579660,0.01818,0.01817
1456160961,1456160961,1698579720,0.01818,0.01818
1456256369,1456064121,1698579780,0.01819,0.01819
1456220326,1455471588,1698579840,0.01819,0.01818
1455543513,1455158957,1698579900,0.01818,0.01816
1455308922,1455678076,1698579960,0.01816,0.01815
1454987944,1454952834,1698580020,0.01815,0.01814
1454639191,1454429708,1698580080,0.01815,0.01815
1454480625,1454618855,1698580140,0.01814,0.01815
1454652165,1454670745,1698580200,0.01816,0.01817
1455251805,1455019118,1698580260,0.01818,0.01819
1455146021,1455720614,1698580320,0.01818,0.01815
1455802411,1456149468,1698580380,0.01816,0.01816
1456352201,1456577735,1698580440,0.01815,0.01817
1456575562,1456729984,1698580500,0.01816,0.01818
1456276995,1456278312,1698580560,0.01818,0.01819
1456135032,1456081050,1698580620,0.01819,0.01818
1455533706,1455634916,1698580680,0.01818,0.01816
1456884965,1456807521,1698580740,0.01816,0.01819
1456693784,1458160838,1698580800,0.01818,0.01818
1458160838,1458141428,1698580860,0.01819,0.01819
1458726382,1457768032,1698580920,0.0182,0.01823
1457030911,1457030911,1698580980,0.01823,0.01825
1457509568,1457934971,1698581040,0.01826,0.01823
1457907314,1457797830,1698581100,0.01823,0.01826
1458283375,1458592415,1698581160,0.01826,0.01825
1458728454,1457966650,1698581220,0.01825,0.01825
1457965521,1457408133,1698581280,0.01825,0.01825
1457401803,1457357642,1698581340,0.01825,0.01826
1457296901,1457189385,1698581400,0.01826,0.01822
1460323211,1454044099,1698581460,0.01822,0.01818
1454288106,1453665633,1698581520,0.01817,0.01816
1453572493,1452197093,1698581580,0.01817,0.01819
1450986748,1451046625,1698581640,0.01819,0.01818
1450522748,1450558288,1698581700,0.01818,0.01817
1450628783,1450287638,1698581760,0.01817,0.01819
1450422158,1449924624,1698581820,0.01819,0.01822
1449871507,1449809497,1698581880,0.01823,0.01822
1449714355,1449677853,1698581940,0.01823,0.01822
1450964316,1450837900,1698582000,0.01822,0.01824
1450472515,1450304755,1698582060,0.01825,0.01826
1450770842,1450596121,1698582120,0.01827,0.01824
1450555373,1450352312,1698582180,0.01823,0.01825
1450352661,1450148597,1698582240,0.01825,0.01825
1450188670,1450719472,1698582300,0.01824,0.01825
1451009765,1454234495,1698582360,0.01824,0.01825
1454320482,1454878341,1698582420,0.01825,0.01826
1454780260,1454785196,1698582480,0.01826,0.01825
1454864220,1454610505,1698582540,0.01826,0.01826
1454569787,1454472813,1698582600,0.01825,0.01826
1454436846,1454542931,1698582660,0.01827,0.01828
1455474638,1455493503,1698582720,0.01827,0.01828
1455450817,1454802275,1698582780,0.01828,0.0183
1455004545,1454791026,1698582840,0.01829,0.0183
1454678086,1455053098,1698582900,0.0183,0.01831
1456054743,1456534331,1698582960,0.01831,0.0183
1456760788,1456466807,1698583020,0.0183,0.01828
1456303145,1455909219,1698583080,0.01829,0.01827
1455897557,1455583425,1698583140,0.01827,0.01828
1455497348,1455606711,1698583200,0.01828,0.01827
1455719954,1455739584,1698583260,0.01827,0.01826
1455814546,1458319936,1698583320,0.01826,0.01824
1458571105,1458679237,1698583380,0.01823,0.01825
1458901653,1458860717,1698583440,0.01826,0.01825
1458814252,1458956048,1698583500,0.01824,0.01822
1458526507,1459321719,1698583560,0.01823,0.01824
1459920083,1458572899,1698583620,0.01823,0.01829
1458640137,1458985916,1698583680,0.01829,0.01826
1459095995,1458919116,1698583740,0.01826,0.01827
1459126918,1458888891,1698583800,0.01827,0.01828
1459651021,1459992478,1698583860,0.01827,0.01827
1460069376,1460451059,1698583920,0.01827,0.01824
1460531656,1460867471,1698583980,0.01825,0.01826
1461212929,1461172372,1698584040,0.01826,0.01826
1461367323,1461367323,1698584100,0.01827,0.0183
1462240646,1462680100,1698584160,0.0183,0.01831
1462624545,1462872642,1698584220,0.01831,0.01832
1462922663,1463047068,1698584280,0.01831,0.01831
1463003525,1462910607,1698584340,0.01831,0.01832
1463286525,1465112055,1698584400,0.01832,0.01833
1466987377,1467509468,1698584460,0.01833,0.01834
1467497857,1481070154,1698584520,0.01834,0.01831
1480535931,1479829003,1698584580,0.01831,0.01829
1480143756,1480597557,1698584640,0.0183,0.01831
1481083118,1481213834,1698584700,0.01832,0.01835
1480889064,1480838750,1698584760,0.01834,0.01836
1481362801,1480023630,1698584820,0.01835,0.0184
1478448067,1477045009,1698584880,0.0184,0.0184
1476775178,1477075067,1698584940,0.01839,0.01839
1477211473,1477006614,1698585000,0.01839,0.01835
1475454546,1475183012,1698585060,0.01835,0.01831
1474855993,1472920366,1698585120,0.01831,0.01829
1473590145,1472547743,1698585180,0.01829,0.01827
1471755880,1471652714,1698585240,0.01826,0.0183
1471006545,1469609611,1698585300,0.0183,0.01826
1469942130,1470097893,1698585360,0.01826,0.0183
1470132967,1469320028,1698585420,0.01829,0.01831
1468887047,1468978087,1698585480,0.01831,0.01833
1469040409,1468406927,1698585540,0.01833,0.01842
1467152308,1468205090,1698585600,0.01842,0.01841
1468345305,1468606869,1698585660,0.01842,0.01842
1468350563,1470076465,1698585720,0.01841,0.0184
1470446920,1469550978,1698585780,0.0184,0.01839
1471937583,1473272969,1698585840,0.01839,0.01841
1474190193,1474630176,1698585900,0.01841,0.01842
1475145764,1475829424,1698585960,0.01843,0.01857
1468069766,1470988823,1698586020,0.01856,0.01851
1470651415,1469681061,1698586080,0.01852,0.01851
1470876665,1472627414,1698586140,0.01851,0.01854
1474645005,1465242548,1698586200,0.01853,0.0185
1466720847,1469236791,1698586260,0.0185,0.01856
1469547802,1472344342,1698586320,0.01857,0.01866
1479771515,1479710337,1698586380,0.01865,0.01876
1481960469,1479136700,1698586440,0.01876,0.01869
1473529623,1473635960,1698586500,0.01869,0.01875
1480838750,1478893611,1698586560,0.01876,0.01864
1478496431,1479408819,1698586620,0.01865,0.01863
1479843256,1479843256,1698586680,0.01863,0.01872
1481782732,1484067688,1698586740,0.01873,0.01873
1486002874,1486574716,1698586800,0.01873,0.01889
1492887889,1496316435,1698586860,0.01889,0.01882
1499413161,1499413161,1698586920,0.01882,0.01881
1501275660,1504239233,1698586980,0.01881,0.01868
1501211922,1500931858,1698587040,0.01868,0.01868
1505315423,1502157045,1698587100,0.01867,0.0186
1503482648,1502620570,1698587160,0.0186,0.01859
1501465967,1502377786,1698587220,0.01859,0.01865
1502186910,1502507481,1698587280,0.01865,0.01865
1503097053,1505086601,1698587340,0.01866,0.01872
1505719092,1505369728,1698587400,0.01873,0.01876
1504910686,1504241360,1698587460,0.01876,0.01869
1504004545,1503987509,1698587520,0.01868,0.01869
1504048428,1503196194,1698587580,0.01869,0.01865
1503064076,1503472149,1698587640,0.01864,0.01871
1504058409,1504066039,1698587700,0.01871,0.01868
1505223970,1504751729,1698587760,0.01869,0.01867
1504887724,1505495325,1698587820,0.01868,0.01874
1503953692,1502512152,1698587880,0.01874,0.01869
1502605621,1502379934,1698587940,0.01868,0.01867
1505259741,1508676892,1698588000,0.01867,0.01885
1508816593,1508966072,1698588060,0.01885,0.0187
1507779908,1508056132,1698588120,0.01871,0.01869
1507133545,1506587921,1698588180,0.0187,0.01868
1505600572,1505547478,1698588240,0.01869,0.01873
1504925581,1505209039,1698588300,0.01873,0.01868
1505324824,1505519205,1698588360,0.01868,0.01867
1505939370,1504141888,1698588420,0.01867,0.01863
1504202196,1503326337,1698588480,0.01864,0.01861
1502073758,1503769365,1698588540,0.0186,0.01859
1503306374,1503906361,1698588600,0.01858,0.0186
1506209629,1509244356,1698588660,0.01861,0.01867
1509125845,1509872606,1698588720,0.01867,0.01865
1511499643,1505364498,1698588780,0.01864,0.0186
1505645095,1506485774,1698588840,0.01861,0.01866
1507658152,1507374984,1698588900,0.01866,0.01872
1507994938,1508335553,1698588960,0.01872,0.01877
1506860953,1507747941,1698589020,0.01877,0.01882
1509080612,1511185199,1698589080,0.01882,0.01885
1510256342,1508946524,1698589140,0.01885,0.01903
1503912995,1496547689,1698589200,0.01904,0.019
1496428329,1500280418,1698589260,0.019,0.01891
1499958750,1506801111,1698589320,0.01891,0.019
1511584249,1508824872,1698589380,0.019,0.0189
1509333188,1509755461,1698589440,0.01889,0.01899
1508939741,1509870532,1698589500,0.01899,0.01897
1509838152,1510672136,1698589560,0.01897,0.01892
1510557529,1509752295,1698589620,0.01893,0.01897
1509749397,1509615437,1698589680,0.01896,0.01893
1510205350,1508933452,1698589740,0.01893,0.0189
1508751937,1509224553,1698589800,0.0189,0.01894
1508471058,1507386834,1698589860,0.01895,0.01896
1510425596,1514532182,1698589920,0.01896,0.01896
1517163304,1522086058,1698589980,0.01896,0.01906
1522534047,1525468379,1698590040,0.01907,0.01908
1527775256,1529777367,1698590100,0.01908,0.01902
1530514945,1530613627,1698590160,0.01903,0.01902
1531132881,1532044019,1698590220,0.01901,0.01901
1543883092,1542918938,1698590280,0.01902,0.019
1541889597,1539107408,1698590340,0.019,0.01896
1536527056,1538571670,1698590400,0.01896,0.01898
1537346803,1537794411,1698590460,0.01898,0.01907
1539938625,1544745413,1698590520,0.01906,0.01914
1543512458,1536438708,1698590580,0.01914,0.01928
1538562084,1532764520,1698590640,0.01928,0.01918
1534688775,1534060578,1698590700,0.01919,0.01912
1537963272,1537963272,1698590760,0.01913,0.0191
1538426236,1537817849,1698590820,0.0191,0.01911
1536477776,1537197206,1698590880,0.01912,0.01909
1536872816,1537757363,1698590940,0.01908,0.01914
1536633687,1535919909,1698591000,0.01913,0.01915
1534620514,1535987058,1698591060,0.01916,0.01914
1536177596,1536905748,1698591120,0.01914,0.01909
1539439473,1539151984,1698591180,0.0191,0.01914
1539115234,1540563693,1698591240,0.01915,0.01911
1541020707,1542782614,1698591300,0.01911,0.01914
1542685052,1542204055,1698591360,0.01913,0.01914
1541623185,1542668009,1698591420,0.01914,0.01925
1543748600,1543863458,1698591480,0.01924,0.0193
1547166233,1547005529,1698591540,0.01931,0.01925
1546642545,1553446708,1698591600,0.01925,0.01965
1534965457,1536276527,1698591660,0.01966,0.0197
1527868245,1525675323,1698591720,0.0197,0.01962
1525634176,1530409067,1698591780,0.01962,0.01965
1530173459,1528980419,1698591840,0.01965,0.01958
1529534244,1531405475,1698591900,0.01958,0.01956
1533503071,1536301963,1698591960,0.01956,0.01956
1532035360,1527573213,1698592020,0.01956,0.01947
1529098241,1529098241,1698592080,0.01948,0.01942
1531992648,1531818701,1698592140,0.01941,0.0194
1532554349,1535884576,1698592200,0.01939,0.01943
1535251488,1536076195,1698592260,0.01943,0.01947
1537437030,1540724596,1698592320,0.01948,0.01953
1541729032,1543785386,1698592380,0.01952,0.01946
1543071325,1542800650,1698592440,0.01946,0.01946
1542956074,1543776055,1698592500,0.01946,0.01944
1537916785,1537401918,1698592560,0.01943,0.01946
1537970602,1538340235,1698592620,0.01946,0.01949
1538738846,1538828886,1698592680,0.01948,0.01951
1538572959,1539890730,1698592740,0.01951,0.01943
1540096345,1539529401,1698592800,0.01943,0.01935
1536412601,1537436783,1698592860,0.01934,0.01937
1536677831,1536259366,1698592920,0.01937,0.01929
1532491991,1531155607,1698592980,0.01929,0.01931
1531178570,1531487165,1698593040,0.0193,0.01931
1531280279,1531162489,1698593100,0.01931,0.01927
1529273467,1528978988,1698593160,0.01927,0.01922
1528155230,1529665564,1698593220,0.01923,0.01931
1531146739,1532731215,1698593280,0.01931,0.01931
1532479476,1532662487,1698593340,0.01931,0.01932
1532832038,1529913644,1698593400,0.01932,0.01923
1523972707,1517189867,1698593460,0.01923,0.01911
1514708657,1514708657,1698593520,0.01912,0.01913
1514926782,1514809061,1698593580,0.01913,0.01907
1514656917,1516420385,1698593640,0.01906,0.01913
1517000972,1517497340,1698593700,0.01914,0.01912
1517140592,1518096611,1698593760,0.01912,0.01908
1513229930,1511838157,1698593820,0.01908,0.01905
1510369535,1509521911,1698593880,0.01905,0.01901
1502770400,1502411136,1698593940,0.01902,0.01903
1501461519,1501664857,1698594000,0.01903,0.01907
1501219465,1502556966,1698594060,0.01907,0.01901
1500558246,1498959127,1698594120,0.019,0.01895
1496440242,1495465700,1698594180,0.01895,0.01899
1495420398,1495570203,1698594240,0.01899,0.01904
1496012558,1495857455,1698594300,0.01904,0.01907
1496440499,1497545246,1698594360,0.01907,0.01909
1497594961,1498284793,1698594420,0.01909,0.01906
1499000578,1499607150,1698594480,0.01905,0.01907
1500861719,1501456063,1698594540,0.01906,0.01907
1501478264,1501292540,1698594600,0.01907,0.01908
1501343370,1501675750,1698594660,0.01907,0.01902
1501312326,1500989375,1698594720,0.01901,0.01899
1500742480,1500369282,1698594780,0.01899,0.01901
1500457172,1500457172,1698594840,0.01902,0.01905
1500326413,1500188635,1698594900,0.01905,0.01906
1499480171,1500633925,1698594960,0.01907,0.0191
1501181958,1500589412,1698595020,0.0191,0.01904
1500884573,1501543547,1698595080,0.01904,0.01906
1501586930,1502086150,1698595140,0.01907,0.01906
1502145177,1501224755,1698595200,0.01907,0.01908
1502274659,1496646392,1698595260,0.01908,0.01907
1497436561,1497477841,1698595320,0.01907,0.01906
1497591396,1497934594,1698595380,0.01906,0.01909
1498773120,1499870902,1698595440,0.01909,0.01914
1500329685,1501454891,1698595500,0.01914,0.01918
1501469518,1502813054,1698595560,0.01917,0.01921
1503606379,1505090601,1698595620,0.01922,0.01929
1507094734,1507393560,1698595680,0.01928,0.01919
1508051126,1507723743,1698595740,0.01919,0.0192
1508628228,1508650805,1698595800,0.0192,0.01918
1507842829,1508337081,1698595860,0.01918,0.01915
1512380407,1510162006,1698595920,0.01916,0.01919
1509970248,1506604673,1698595980,0.0192,0.01926
1506414748,1507467967,1698596040,0.01926,0.01932
1506071567,1506389362,1698596100,0.01931,0.01924
1506450792,1507143058,1698596160,0.01925,0.01931
1507166366,1505761584,1698596220,0.0193,0.01933
1505792314,1509008257,1698596280,0.01932,0.01936
1508203579,1509374235,1698596340,0.01935,0.01932
1509449640,1509449640,1698596400,0.01932,0.01938
1510186124,1511262490,1698596460,0.01937,0.01935
1511720820,1511037343,1698596520,0.01935,0.0193
1509701041,1510194663,1698596580,0.01931,0.01941
1511725983,1516937326,1698596640,0.0194,0.01941
1516807032,1519287467,1698596700,0.0194,0.01939
1519708095,1522529242,1698596760,0.01939,0.01938
1523309382,1524045763,1698596820,0.01937,0.01931
1522752142,1522096526,1698596880,0.01931,0.01933
1522292217,1521441355,1698596940,0.01934,0.01934
1521872087,1523053150,1698597000,0.01935,0.01938
1524014778,1525461111,1698597060,0.01937,0.01926
1524656784,1524040011,1698597120,0.01926,0.01935
1524188806,1524441379,1698597180,0.01935,0.01947
1520725388,1518926879,1698597240,0.01946,0.01953
1519282527,1520427547,1698597300,0.01953,0.0195
1520687966,1522388315,1698597360,0.01949,0.01948
1521695573,1521168720,1698597420,0.01949,0.01945
1521899543,1517996160,1698597480,0.01945,0.01945
1518523575,1516709810,1698597540,0.01945,0.01949
1516777698,1517006107,1698597600,0.01948,0.01947
1516576051,1516888314,1698597660,0.01947,0.01943
1516755243,1512065380,1698597720,0.01942,0.01942
1512141055,1511629618,1698597780,0.01941,0.01944
1512419443,1512051325,1698597840,0.01943,0.01942
1512270504,1509902145,1698597900,0.01941,0.01937
1509490081,1509369767,1698597960,0.01936,0.01935
1509218827,1509316139,1698598020,0.01934,0.0194
1509942723,1510195642,1698598080,0.01939,0.0194
1510099000,1513280585,1698598140,0.01941,0.01939
1516183729,1516368018,1698598200,0.0194,0.01937
1516005450,1514943063,1698598260,0.01936,0.01935
1514251702,1513658104,1698598320,0.01935,0.0194
1513008162,1513672071,1698598380,0.01939,0.01941
1514274803,1514916586,1698598440,0.01942,0.01945
1513153806,1513363688,1698598500,0.01945,0.01948
1512478159,1513143898,1698598560,0.01948,0.01951
1514820505,1515071631,1698598620,0.01952,0.01959
1538518996,1539553744,1698598680,0.0196,0.01958
1539718242,1539682890,1698598740,0.01959,0.01957
1539470185,1539058585,1698598800,0.01957,0.01959
1539127972,1537852142,1698598860,0.01959,0.01964
1539323981,1539895429,1698598920,0.01963,0.01967
1542217475,1545548078,1698598980,0.01967,0.01969
1546130235,1543706054,1698599040,0.01969,0.01958
1538263760,1538238298,1698599100,0.01958,0.01967
1539964162,1542557160,1698599160,0.01967,0.01972
1541041404,1542081806,1698599220,0.01973,0.01978
1542139104,1541405044,1698599280,0.01978,0.01988
1547790556,1544269539,1698599340,0.01989,0.01997
1548294023,1543326595,1698599400,0.01997,0.01993
1541361313,1542116616,1698599460,0.01993,0.01985
1542454261,1543265643,1698599520,0.01986,0.01986
1543994159,1540470001,1698599580,0.01987,0.01985
1542986050,1543530388,1698599640,0.01986,0.01983
1544135351,1545040107,1698599700,0.01983,0.01982
1544998461,1542572389,1698599760,0.01982,0.01976
1536622557,1538443885,1698599820,0.01977,0.01991
1542976442,1545357584,1698599880,0.0199,0.02
1545304206,1546970514,1698599940,0.02,0.02011
1549734774,1549706736,1698600000,0.0201,0.02014
1548961064,1554580768,1698600060,0.02014,0.02022
1559128671,1559729933,1698600120,0.02022,0.02012
1556354116,1556805799,1698600180,0.02012,0.02012
1556393854,1562385308,1698600240,0.02011,0.02003
1562350753,1564848241,1698600300,0.02003,0.02009
1563758189,1565529757,1698600360,0.0201,0.02014
1565745080,1565751070,1698600420,0.02013,0.02007
1565804822,1566080216,1698600480,0.02006,0.02012
1565993138,1567685864,1698600540,0.02012,0.02016
1566761364,1567181336,1698600600,0.02016,0.02015
1568789119,1566700535,1698600660,0.02014,0.02011
1567975831,1566568797,1698600720,0.02011,0.02007
1564828135,1565944055,1698600780,0.02007,0.02011
1568394731,1569751863,1698600840,0.02011,0.0203
1575300302,1590854765,1698600900,0.02029,0.02044
1593239125,1589363220,1698600960,0.02044,0.02044
1583885675,1582602539,1698601020,0.02044,0.02041
1583415369,1588102542,1698601080,0.02041,0.02043
1589496510,1590978501,1698601140,0.02043,0.02039
1592130751,1590167309,1698601200,0.02039,0.0204
1590145301,1589968947,1698601260,0.02039,0.02041
1590890640,1591291252,1698601320,0.02041,0.02038
1590999486,1590471794,1698601380,0.02037,0.02036
1589515898,1589969300,1698601440,0.02037,0.02028
1593794652,1596847093,1698601500,0.02029,0.02031
1598841395,1603173799,1698601560,0.02031,0.02039
1599905960,1599208820,1698601620,0.02039,0.0203
1598857503,1598989583,1698601680,0.0203,0.02027
1597372151,1594837711,1698601740,0.02028,0.02026
1600217116,1599119552,1698601800,0.02027,0.02033
1601670883,1603715208,1698601860,0.02033,0.02037
1604111490,1602322731,1698601920,0.02037,0.02034
1601569948,1601488502,1698601980,0.02035,0.02038
1594598941,1596261451,1698602040,0.02037,0.02041
1598196350,1598884228,1698602100,0.02041,0.02026
1596040974,1590629413,1698602160,0.02027,0.0202
1586044912,1584847358,1698602220,0.0202,0.02009
1584856794,1584629018,1698602280,0.02008,0.02014
1584184678,1584959455,1698602340,0.02013,0.02016
1585028432,1586555471,1698602400,0.02016,0.02018
1587087982,1584718768,1698602460,0.02019,0.02018
1585351854,1587057632,1698602520,0.02018,0.02029
1587845406,1589189658,1698602580,0.0203,0.02025
1589796874,1591440606,1698602640,0.02024,0.0202
1588584575,1588328805,1698602700,0.0202,0.02024
1588510998,1587825117,1698602760,0.02024,0.02024
1586285775,1585883013,1698602820,0.02024,0.02031
1580834587,1583795122,1698602880,0.02031,0.02032
1588555781,1588155254,1698602940,0.02032,0.0204
1585207834,1588175212,1698603000,0.0204,0.02043
1589462229,1592492995,1698603060,0.02043,0.02066
1595111889,1594628591,1698603120,0.02067,0.02078
1596208353,1594357485,1698603180,0.02079,0.02063
1596830229,1597471342,1698603240,0.02062,0.02064
1595210530,1595210530,1698603300,0.02064,0.02069
1599629429,1600126047,1698603360,0.02069,0.02085
1604292202,1609795183,1698603420,0.02086,0.02077
1610382549,1611592044,1698603480,0.02077,0.02084
1610449108,1595682613,1698603540,0.02084,0.02099
1601032796,1607559343,1698603600,0.021,0.02103
1620035456,1622975424,1698603660,0.02103,0.02114
1622988137,1617208793,1698603720,0.02114,0.02132
1624896241,1630403975,1698603780,0.02131,0.02155
1633818702,1639501579,1698603840,0.02154,0.02151
1628821705,1624912330,1698603900,0.0215,0.0215
1627695167,1627348122,1698603960,0.02151,0.02144
1619137962,1615467211,1698604020,0.02144,0.02127
1611867937,1609847945,1698604080,0.02127,0.02147
1608607816,1606809303,1698604140,0.02146,0.0214
1608499695,1603407679,1698604200,0.02141,0.02169
1603562612,1615480679,1698604260,0.02169,0.02188
1615298582,1622787374,1698604320,0.02187,0.02173
1626670725,1625415435,1698604380,0.02173,0.02165
1625754936,1627796074,1698604440,0.02165,0.0217
1633259532,1631793890,1698604500,0.0217,0.02168
1630463760,1633098638,1698604560,0.02168,0.02163
1629978820,1637083212,1698604620,0.02163,0.02156
1636567844,1637969271,1698604680,0.02157,0.02161
1644668979,1640772863,1698604740,0.0216,0.0215
1639541454,1617781874,1698604800,0.02151,0.02125
1623475197,1625642004,1698604860,0.02124,0.0213
1626793580,1625341508,1698604920,0.02131,0.02135
1625379898,1609023618,1698604980,0.02135,0.02115
1609913083,1614589871,1698605040,0.02116,0.02115
1616384550,1620840105,1698605100,0.02116,0.02123
1628633051,1629254940,1698605160,0.02123,0.0214
1628725479,1626517086,1698605220,0.0214,0.02137
1627192228,1626182990,1698605280,0.02138,0.02136
1625925180,1621359126,1698605340,0.02137,0.02141
1623138755,1622548995,1698605400,0.02142,0.02145
1621022117,1620018212,1698605460,0.02145,0.02139
1619266555,1619909186,1698605520,0.0214,0.02143
1622599752,1614377214,1698605580,0.02143,0.02154
1616622968,1617285087,1698605640,0.02154,0.02151
1618554145,1619430309,1698605700,0.02151,0.02152
1620488067,1622301803,1698605760,0.02152,0.02158
1623570043,1623626963,1698605820,0.02157,0.0215
1624523112,1623813840,1698605880,0.02149,0.02152
1625531868,1625085483,1698605940,0.02151,0.02145
1627210577,1630091736,1698606000,0.02145,0.02142
1631817052,1628501991,1698606060,0.02141,0.0213
1629827557,1630247190,1698606120,0.0213,0.02122
1633162707,1633921893,1698606180,0.02123,0.02124
1638599909,1638599909,1698606240,0.02124,0.02121
1639177200,1641273487,1698606300,0.02121,0.02129
1640977484,1637734820,1698606360,0.02129,0.02132
1636751715,1639510530,1698606420,0.02133,0.02119
1639489653,1634108020,1698606480,0.0212,0.02114
1634033593,1635953760,1698606540,0.02113,0.0211
1636891211,1638188091,1698606600,0.02111,0.02102
1623996870,1623248252,1698606660,0.02101,0.021
1624769000,1623609255,1698606720,0.021,0.021
1628985999,1629509890,1698606780,0.02101,0.02103
1629247280,1630530575,1698606840,0.02104,0.02103
1631620524,1615104723,1698606900,0.02103,0.02089
1620915504,1624048788,1698606960,0.02089,0.02096
1623289545,1622503656,1698607020,0.02096,0.02097
1622924524,1623968985,1698607080,0.02098,0.02094
1621930499,1623498294,1698607140,0.02094,0.02101
1626211529,1624677676,1698607200,0.021,0.02101
1625511064,1625658684,1698607260,0.02102,0.02099
1626290204,1625749568,1698607320,0.021,0.02096
1624802542,1626716112,1698607380,0.02095,0.02094
1626758797,1624565811,1698607440,0.02094,0.02087
1623844915,1623324965,1698607500,0.02087,0.02081
1609040469,1613374281,1698607560,0.02081,0.02077
1617865982,1622803141,1698607620,0.02077,0.02092
1627712283,1626910939,1698607680,0.02093,0.02087
1627155150,1625753518,1698607740,0.02088,0.02085
1625609384,1627445713,1698607800,0.02086,0.02094
1628518638,1630845935,1698607860,0.02094,0.02101
1625169416,1623400778,1698607920,0.02102,0.02111
1622023347,1621658882,1698607980,0.0211,0.02115
1621560689,1620907819,1698608040,0.02115,0.02111
1620271745,1618820035,1698608100,0.02112,0.0212
1617647315,1617280539,1698608160,0.02119,0.02115
1617016440,1617718449,1698608220,0.02116,0.02117
1618137022,1619003225,1698608280,0.02117,0.02119
1620067728,1620216288,1698608340,0.0212,0.02121
1619100444,1616573672,1698608400,0.02122,0.02117
1619694034,1621186201,1698608460,0.02117,0.02123
1620265918,1621414980,1698608520,0.02123,0.02133
1618009341,1618701665,1698608580,0.02132,0.0213
1622367805,1626714833,1698608640,0.02131,0.02124
1622650237,1623015145,1698608700,0.02123,0.02129
1624099919,1625000871,1698608760,0.02128,0.02114
1620461822,1623158057,1698608820,0.02114,0.02119
1621548319,1621682705,1698608880,0.02119,0.02118
1622198261,1622940178,1698608940,0.02118,0.02117
1622569547,1622538187,1698609000,0.02117,0.02113
1620398890,1617716216,1698609060,0.02114,0.02106
1619729765,1620992436,1698609120,0.02107,0.02113
1621425685,1622037445,1698609180,0.02113,0.02109
1625635979,1625621060,1698609240,0.02109,0.0211
1625619570,1624978507,1698609300,0.02109,0.02113
1624789334,1621566584,1698609360,0.02112,0.02113
1623110641,1622055288,1698609420,0.02112,0.02109
1622453496,1621109063,1698609480,0.02109,0.02108
1621752977,1621777764,1698609540,0.02108,0.02114
1622201239,1623008568,1698609600,0.02114,0.02114
1622908445,1622171641,1698609660,0.02113,0.02131
1610025695,1611921608,1698609720,0.0213,0.02137
1612732062,1613555306,1698609780,0.02138,0.02152
1615310494,1621102637,1698609840,0.02152,0.02144
1620728132,1619505240,1698609900,0.02144,0.0214
1617643121,1617917701,1698609960,0.02141,0.02148
1617925293,1621109652,1698610020,0.02148,0.02136
1618295916,1618880194,1698610080,0.02137,0.02137
1622206846,1622563470,1698610140,0.02138,0.02136
1622794860,1622562672,1698610200,0.02135,0.0213
1623815713,1624213014,1698610260,0.0213,0.0213
1623437830,1623507821,1698610320,0.02131,0.02129
1623602201,1623233240,1698610380,0.02129,0.02127
1623990921,1624333489,1698610440,0.02126,0.02131
1624791724,1629918298,1698610500,0.0213,0.02131
1630094738,1627507872,1698610560,0.02132,0.0214
1636699851,1637544283,1698610620,0.02141,0.02145
1637856262,1634585999,1698610680,0.02145,0.02137
1635797625,1636416235,1698610740,0.02136,0.02143
1633318768,1631116127,1698610800,0.02143,0.02141
1630946776,1629713947,1698610860,0.02141,0.02139
1629713947,1629713947,1698559200,0.01809,0.01808
1629713947,1629713947,1698559260,0.01809,0.01808
1629713947,1629713947,1698559500,0.01808,0.01808
1629713947,1629713947,1698559560,0.01806,0.01805
1629713947,1629713947,1698559620,0.01804,0.01808
1629713947,1629713947,1698559680,0.01808,0.01809
1629713947,1629713947,1698559740,0.01809,0.01809
1629713947,1629713947,1698562620,0.01817,0.01818
1629713947,1629713947,1698562680,0.01817,0.01815
1629713947,1629713947,1698562800,0.01818,0.01818
