"timestamp","OI_open","OI_close","price_close"
1697571660,25564648,25564648,0.1628
1697571720,25566196,25566196,0.1629
1697571780,25566196,25566240,0.1629
1697571840,25576389,25576389,0.1632
1697571900,25573601,25580916,0.163
1697571960,25584524,25584524,0.163
1697572020,25584227,25583783,0.1631
1697572080,25585547,25584119,0.163
1697572140,25585091,25587273,0.163
1697572200,25583666,25583666,0.163
1697572260,25582944,25582944,0.163
1697572320,25576875,25578377,0.1632
1697572380,25581332,25581332,0.1632
1697572440,25580542,25585570,0.1633
1697572500,25595667,25595667,0.1633
1697572560,25594488,25589089,0.1632
1697572620,25592046,25591851,0.1632
1697572680,25591854,25591662,0.1632
1697572740,25591662,25591473,0.1631
1697572800,25591473,25593269,0.163
1697572860,25592927,25587097,0.1633
1697572920,25577638,25577235,0.1633
1697572980,25577134,25577257,0.1633
1697573040,25577393,25578697,0.1631
1697573100,25579990,25579990,0.163
1697573160,25579990,25579990,0.163
1697573220,25579990,25579990,0.1631
1697573340,25588840,25588840,0.1632
1697573400,25588840,25567469,0.1628
1697573580,25567245,25563209,0.1628
1697573640,25563209,25563209,0.1627
1697573700,25563209,25575133,0.1625
1697573820,25588994,25588994,0.1626
1697573880,25586028,25585966,0.1626
1697573940,25585966,25585966,0.1627
1697574000,25588908,25581997,0.1626
1697574060,25579194,25584111,0.1629
1697574120,25579656,25582970,0.1628
1697574180,25577893,25578781,0.1629
1697574240,25578859,25578859,0.1629
1697574300,25579238,25578798,0.1629
1697574360,25578038,25575495,0.1628
1697574420,25575146,25575027,0.1629
1697574480,25575027,25575027,0.1629
1697574540,25573862,25571089,0.1629
1697574600,25567370,25566928,0.1628
1697574660,25574956,25574956,0.1627
1697574720,25573983,25573614,0.1628
1697574780,25568950,25565280,0.1628
1697574840,25564451,25562705,0.1629
1697574900,25561727,25561727,0.1627
1697574960,25561490,25559389,0.1629
1697575020,25557441,25557430,0.1628
1697575080,25554755,25557214,0.1628
1697575200,25557436,25557436,0.1628
1697575260,25562527,25561366,0.1628
1697575320,25577555,25589566,0.1628
1697575380,25588577,25589134,0.163
1697575440,25586704,25586645,0.1631
1697575500,25579276,25562246,0.163
1697575560,25561468,25561409,0.1629
1697575620,25561093,25560218,0.1629
1697575680,25559531,25559531,0.163
1697575740,25564250,25564250,0.1629
1697575800,25560869,25562423,0.163
1697575860,25564391,25564391,0.163
1697575920,25564394,25629317,0.1628
1697575980,25630774,25630774,0.1629
1697576040,25622194,25622194,0.1628
1697576100,25620551,25619700,0.1627
1697576160,25613692,25615323,0.1628
1697576220,25610715,25610603,0.1628
1697576280,25610444,25610338,0.1628
1697576340,25610974,25613059,0.1628
1697576400,25609373,25612029,0.1628
1697576460,25602328,25602328,0.1626
1697576520,25602524,25610056,0.1627
1697576580,25605240,25609810,0.1627
1697576700,25616997,25609382,0.163
1697576760,25618325,25618325,0.163
1697576820,25618325,25618359,0.1631
1697576880,25614522,25614522,0.1631
1697576940,25614314,25592028,0.1634
1697577000,25590749,25579806,0.1632
1697577060,25580075,25580075,0.1633
1697577120,25576641,25576641,0.1634
1697577180,25571338,25573608,0.1636
1697577240,25570373,25533483,0.1633
1697577300,25534024,25534024,0.1633
1697577360,25540695,25540695,0.1634
1697577480,25536408,25547714,0.1635
1697577540,25547776,25547776,0.1635
1697577600,25546815,25546815,0.1635
1697577660,25547671,25538028,0.1635
1697577780,25538028,25539299,0.1636
1697577840,25536898,25536898,0.1635
1697577900,25540169,25535438,0.1635
1697577960,25535438,25535438,0.1635
1697578020,25535360,25535360,0.1635
1697578080,25531703,25531126,0.1635
1697578140,25531048,25531048,0.1636
1697578200,25531048,25531048,0.1635
1697578260,25520152,25520152,0.1635
1697578320,25521607,25521607,0.1635
1697578380,25522693,25523602,0.1634
1697578440,25523636,25523636,0.1635
1697578500,25523769,25523769,0.1634
1697578560,25535651,25535651,0.1633
1697578680,25535367,25528104,0.1632
1697578800,25527851,25527891,0.1632
1697578860,25519675,25519675,0.1633
1697578920,25519614,25518410,0.1633
1697579040,25520581,25519955,0.1632
1697579100,25519164,25518643,0.1633
1697579220,25518643,25518643,0.1633
1697579280,25518757,25518757,0.1633
1697579340,25518757,25518757,0.1632
1697579400,25518387,25518387,0.1632
1697579460,25518387,25547053,0.1633
1697579520,25547053,25547053,0.1632
1697579580,25549447,25549447,0.1633
1697579640,25549447,25549447,0.1632
1697579700,25553316,25553316,0.1632
1697579760,25554402,25554402,0.1632
1697579880,25554402,25556076,0.1633
1697579940,25556076,25556076,0.1632
1697580000,25556046,25583311,0.1631
1697580060,25586744,25599663,0.1629
1697580120,25599807,25590868,0.1628
1697580180,25583318,25592508,0.1627
1697580240,25585426,25590254,0.1627
1697580300,25586596,25581632,0.1626
1697580360,25581632,25583044,0.1627
1697580420,25582768,25582768,0.1626
1697580480,25581634,25580265,0.1627
1697580540,25580163,25582804,0.1626
1697580600,25581786,25587746,0.1622
1697580660,25584317,25584437,0.1622
1697580720,25583411,25581626,0.1622
1697580780,25580048,25578160,0.1623
1697580840,25584577,25581517,0.1623
1697580900,25578724,25577436,0.1622
1697580960,25570168,25566557,0.1623
1697581020,25559112,25559157,0.1623
1697581080,25559157,25559077,0.1623
1697581140,25559077,25552379,0.1623
1697581200,25551241,25549619,0.1622
1697581260,25548520,25548520,0.1622
1697581320,25547495,25532720,0.1625
1697581380,25536177,25536177,0.1624
1697581440,25541037,25541037,0.1623
1697581500,25548785,25548815,0.1622
1697581560,25548714,25531456,0.1622
1697581680,25531497,25517985,0.1624
1697581800,25510991,25520303,0.1625
1697581860,25519674,25513764,0.1626
1697581920,25515481,25515481,0.1628
1697581980,25515766,25515766,0.1628
1697582040,25515801,25515801,0.1628
1697582100,25522330,25521228,0.1626
1697582160,25521190,25524127,0.1627
1697582340,25525601,25525601,0.1627
1697582400,25524247,25524247,0.1627
1697582460,25525982,25525982,0.1626
1697582520,25515307,25515307,0.1623
1697582580,25520004,25517563,0.1623
1697582640,25516341,25516341,0.1624
1697582700,25522447,25522301,0.1623
1697582760,25519732,25519732,0.1624
1697582880,25519701,25519701,0.1624
1697582940,25518341,25518341,0.1624
1697583000,25517908,25517539,0.1623
1697583060,25516765,25517286,0.1624
1697583180,25517720,25517720,0.1623
1697583240,25519695,25500002,0.1626
1697583300,25499540,25503679,0.1626
1697583360,25498567,25498567,0.1628
1697583420,25498511,25497601,0.1627
1697583480,25497428,25497428,0.1627
1697583600,25496752,25496752,0.1628
1697583660,25487850,25488498,0.1629
1697583720,25489557,25486378,0.1628
1697583780,25490094,25490516,0.1625
1697583840,25490393,25490393,0.1626
1697583900,25488657,25488425,0.1626
1697583960,25483270,25483612,0.1628
1697584020,25481698,25481698,0.1629
1697584080,25481444,25481444,0.163
1697584140,25480749,25480749,0.1629
1697584200,25470997,25467289,0.1629
1697584260,25467289,25467289,0.163
1697584320,25473058,25473058,0.1629
1697584380,25475553,25474235,0.163
1697584440,25472992,25472992,0.1629
1697584500,25471795,25471795,0.163
1697584560,25470235,25467607,0.1628
1697584620,25465904,25465904,0.1629
1697584680,25468846,25468846,0.1629
1697584740,25468725,25468725,0.1629
1697584800,25452290,25454176,0.1629
1697584860,25453989,25455565,0.1629
1697584920,25455565,25455565,0.163
1697584980,25454769,25454769,0.163
1697585040,25455202,25446019,0.1631
1697585100,25445543,25445194,0.163
1697585160,25447189,25447189,0.1631
1697585280,25447142,25446589,0.1632
1697585340,25445752,25445752,0.1632
1697585400,25447632,25447278,0.1631
1697585460,25447594,25463974,0.1631
1697585520,25466310,25466383,0.163
1697585580,25467902.5,25469309,0.1631
1697585640,25469495,25472235,0.1633
1697585700,25462817,25460654,0.1631
1697585760,25460622,25460622,0.1631
1697585820,25459189,25459224,0.1632
1697586000,25458911,25477285,0.1632
1697586060,25476698,25476698,0.1632
1697586180,25479516,25479516,0.1632
1697586300,25478562,25478477,0.1633
1697586360,25477593,25477593,0.1629
1697586420,25528971,25530601,0.1628
1697586480,25530516,25520487,0.1628
1697586540,25517192,25518305,0.1629
1697586600,25520115,25519908,0.1629
1697586660,25519908,25524651,0.1629
1697586720,25524627,25520351,0.163
1697586780,25518687,25514165,0.163
1697586900,25513745,25519177,0.163
1697586960,25520146,25520716,0.163
1697587020,25519973,25521464,0.1629
1697587080,25526794,25536515,0.1629
1697587140,25537302,25537302,0.1629
1697587200,25454872,25888150,0.1691
1697587260,27342741,28888614,0.1716
1697587320,28945499,29411788,0.1732
1697587380,30685552,31441344,0.174
1697587440,31637773,31611725,0.1749
1697587500,31770208,32510856,0.1731
1697587560,32408395,32563443,0.1733
1697587620,32553918,32868971,0.1744
1697587680,33426503,33684729,0.1756
1697587740,34128844,33999112,0.1746
1697587800,33863600,34159571,0.1759
1697587860,34405548,33977784,0.1741
1697587920,34435903,34444264,0.1746
1697587980,34288238,34678583,0.176
1697588040,34518555,34548084,0.1766
1697588100,35189892,35507093,0.177
1697588160,35811271,36593328,0.1802
1697588220,36207780,36422848,0.1825
1697588280,36823910,37325236,0.1818
1697588340,37655194,37655194,0.1835
1697588400,37664974,38172096,0.1851
1697588460,38426574,38655496,0.1852
1697588520,38783537,38806285,0.1847
1697588580,38972788,39205406,0.1846
1697588640,39409036,39402514,0.1858
1697588700,39796008,39977333,0.1883
1697588760,39669130,40122187,0.1887
1697588820,40393674,40937159,0.1862
1697588880,41443005,41840262,0.1838
1697588940,42368004,43047494,0.1812
1697589000,43424413,43785747,0.1822
1697589060,44649337,45368315,0.1832
1697589120,45499666,46200859,0.1833
1697589180,46388270,46042987,0.1844
1697589240,46099111,46646115,0.1799
1697589300,47301735,47990093,0.1775
1697589360,49309948,49951814,0.1779
1697589420,50042753,50345122,0.1793
1697589480,50316905,50303680,0.1782
1697589540,50424294,50936215,0.1795
1697589600,51227369,51432939,0.1793
1697589660,51533252,51623247,0.1794
1697589720,51644051,51550489,0.1792
1697589780,51501875,51683070,0.1778
1697589840,51684118,51807821,0.1788
1697589900,51791511,51754035,0.1777
1697589960,51811452,51811452,0.1766
1697590020,51692719,51778758,0.1772
1697590080,51901485,51926353,0.1776
1697590140,52620679,52807075,0.1779
1697590200,52823028,52670720,0.1796
1697590260,52327057,52063103,0.1797
1697590320,51920686,51844869,0.1797
1697590380,51839062,51772839,0.1792
1697590440,51675920,51670558,0.1796
1697590500,51670983,51643969,0.1802
1697590560,51449980,51652193,0.1801
1697590620,51682045,51355802,0.1821
1697590680,51304453,51074317,0.1808
1697590740,51057715,51248024,0.1806
1697590800,51201427,51416932,0.1797
1697590860,51352689,51484950,0.1791
1697590920,51443686,51551749,0.179
1697590980,51713081,51818655,0.1782
1697591040,51679771,51738780,0.1793
1697591100,51818560,51928306,0.1804
1697591160,51965099,51965099,0.182
1697591220,51764283,51807990,0.1818
1697591280,51680008,52108658,0.1841
1697591340,52274064,52448319,0.1839
1697591400,52407456,52480116,0.1837
1697591460,52687865,52686600,0.1837
1697591520,52647928,52917903,0.1835
1697591580,52993646,53070343,0.1823
1697591640,53106257,53164143,0.1819
1697591700,53145562,53106499,0.1824
1697591760,53059110,52951511,0.1824
1697591820,52964312,53064790,0.1816
1697591880,52899338,52823216,0.1809
1697591940,52933876,52859611,0.1805
1697592000,52941260,53169860,0.1804
1697592060,53106024,52973823,0.1797
1697592120,53044602,53108496,0.1796
1697592180,53128846,53128846,0.1795
1697592240,53115168,53129437,0.1791
1697592300,53126913,53112094,0.1791
1697592360,53192583,53140236,0.1784
1697592420,53249286,53178237,0.1771
1697592480,52946923,52947648,0.1775
1697592540,53862691,53704990,0.1767
1697592600,53582552,52256966,0.1738
1697592660,52651767,52651277,0.1741
1697592720,52734691,52473612,0.1745
1697592780,52231131,51823255,0.1748
1697592840,51530745,51399837,0.1752
1697592900,51417640,51378176,0.1753
1697592960,51182566,51101025,0.1758
1697593020,51168844,51165616,0.1757
1697593080,51128485,51165477,0.1769
1697593140,51169901,51179647,0.1771
1697593200,51183591,51240693,0.1776
1697593260,51141286,51076993,0.1774
1697593320,51334444,51338566,0.1776
1697593380,51265524,51237362,0.1769
1697593440,51266693,51166406,0.1758
1697593500,51242781,51568934,0.1765
1697593560,51546543,51546543,0.1763
1697593620,51444020,51485936,0.1766
1697593680,51558279,51614774,0.1767
1697593740,51648901,51678796,0.1776
1697593800,51693110,51655242,0.1777
1697593860,51698065,51715058,0.178
1697593920,51765824,51825882,0.1778
1697593980,51787308,51805435,0.1781
1697594040,51687692,51706445,0.1784
1697594100,51650879,51670442,0.1784
1697594160,51707131,51721058,0.1788
1697594220,51730550,51824835,0.179
1697594280,51745779,51618482,0.1779
1697594340,51760241,51781375,0.1782
1697594400,51882353,51804521,0.177
1697594460,51671476,51837058,0.1776
1697594520,51690757,51681819,0.1776
1697594580,51616915,51641120,0.1769
1697594640,51426307,51427325,0.1767
1697594700,51623319,51750817,0.1758
1697594760,51723075,51748664,0.1752
1697594820,51733237,51643767,0.1751
1697594880,51654556,51654556,0.1746
1697594940,51652655,51714653,0.1747
1697595000,51730688,51702182,0.1739
1697595060,51581784,51593109,0.1743
1697595120,51510012,51536734,0.1745
1697595180,51502675,51355154,0.1743
1697595240,51420052,51402138,0.1741
1697595300,51390953,51323820,0.1739
1697595360,51335951,51433461,0.1746
1697595420,51345469,51302965,0.1749
1697595480,51405873,51298806,0.1754
1697595540,51337816,51317148,0.1751
1697595600,51288820,51266469,0.1749
1697595660,51164135,51152329,0.1754
1697595720,51167408,51214120,0.176
1697595780,51006773,50954707,0.1773
1697595840,51001177,50941933,0.177
1697595900,50969263,50941900,0.1768
1697595960,51027475,51101511,0.1773
1697596020,51169157,51169157,0.177
1697596080,51189264,51161099,0.1767
1697596140,51168740,51168740,0.1761
1697596200,51221681,51192853,0.176
1697596260,51177823,51152562,0.1764
1697596320,51143134,51185881,0.1771
1697596380,51219566,51100209,0.1769
1697596440,51088060,51136255,0.177
1697596500,51303959,51313051,0.1773
1697596560,51384043,51416531,0.177
1697596620,51486400,51461694,0.1778
1697596680,51288137,51309531,0.1784
1697596740,51267487,51309836,0.1775
1697596800,51246084,51251064,0.1777
1697596860,51275949,51308446,0.1775
1697596920,51375385,51494187,0.1772
1697596980,51486280,51470990,0.1772
1697597040,51469049,51510369,0.1771
1697597100,51490854,51491363,0.1768
1697597160,51558169,51606400,0.1773
1697597220,51543135,51563253,0.1767
1697597280,51576987,51586467,0.1765
1697597340,51649900,51662827,0.1762
1697597400,51646482,51646482,0.1762
1697597460,51628524,51674283,0.1764
1697597520,51681269,51696206,0.1763
1697597580,51682135,51649062,0.1758
1697597640,51981454,51976421,0.1766
1697597700,52022137,51813445,0.1773
1697597760,51970217,51981598,0.177
1697597820,52022726,51945674,0.1777
1697597880,51998897,51952402,0.1773
1697597940,51943746,51963069,0.1781
1697598000,51957412,51965618,0.1781
1697598060,51995218,52040912,0.178
1697598120,52100742,52111500,0.1777
1697598180,52136593,52116442,0.178
1697598240,52125361,52098211,0.1773
1697598300,52044859,52038189,0.1771
1697598360,52032243,52100335,0.1768
1697598420,52421581,52486130,0.1771
1697598480,52486342,52489443,0.1775
1697598540,52643247,52615353,0.1779
1697598600,52637086,52586229,0.1778
1697598660,52567758,52659539,0.1781
1697598720,52678352,52678352,0.1782
1697598780,52673017,52685804,0.1782
1697598840,52791624,52853348,0.1789
1697598900,52909942,52796085,0.1799
1697598960,52795300,52815913,0.1808
1697599020,52926792,52826312,0.1817
1697599080,52813664,52846677,0.1812
1697599140,52975168,52983988,0.1819
1697599200,52990064,53065208,0.1817
1697599260,53035799,53087174,0.1813
1697599320,53030415,52992321,0.1806
1697599380,52997172,53057736,0.1807
1697599440,53108624,53064554,0.1807
1697599500,53431402,53425881,0.1807
1697599560,53404930,53604814,0.1812
1697599620,53808777,53795689,0.1804
1697599680,53667014,53641613,0.1801
1697599740,53612280,53607711,0.1798
1697599800,53723288,53702623,0.1802
1697599860,53741927,53741927,0.1794
1697599920,53813010,53864025,0.1796
1697599980,53906096,53916530,0.1799
1697600040,54000595,54000890,0.1798
1697600100,54049472,54059717,0.1801
1697600160,54044696,54290140,0.1804
1697600220,54326659,54408131,0.1812
1697600280,54538781,54659591,0.1802
1697600340,54701090,54752087,0.1802
1697600400,54803638,54782425,0.1797
1697600460,54770065,54916707,0.1792
1697600520,54904255,54928735,0.1788
1697600580,54956688,54815415,0.1783
1697600640,54683055,54743582,0.1782
1697600700,54735483,54735670,0.1786
1697600760,54812393,54833420,0.178
1697600820,54855607,54863508,0.1773
1697600880,54820414,54810907,0.1776
1697600940,54777229,54777229,0.1776
1697601000,54792300,54781313,0.1779
1697601060,54799426,54788243,0.1773
1697601120,54804795,55036734,0.1773
1697601180,54950533,54926832,0.1771
1697601240,54952795,54879539,0.177
1697601300,54829763,54777079,0.1769
1697601360,54788030,54786985,0.1773
1697601420,54825597,54832433,0.1772
1697601480,54748326,54836194,0.1774
1697601540,54845120,54881044,0.1777
1697601600,54867633,54951206,0.1775
1697601660,54932004,54930292,0.1775
1697601720,54981833,55047637,0.1776
1697601780,55074542,55063974,0.1785
1697601840,55194162,55324320,0.1788
1697601900,55346289,55334295,0.1792
1697601960,55406025,55447731,0.1787
1697602020,55421016,55375997,0.1781
1697602080,55452972,55644473,0.1783
1697602140,55640415,55598073,0.1776
1697602200,55527552,55527552,0.179
1697602260,57228418,57108663,0.1804
1697602320,57130086,57203649,0.1811
1697602380,57503579,57504296,0.1803
1697602440,57485040,57499816,0.1804
1697602500,57515396,57590345,0.1806
1697602560,57592806,57640677,0.1797
1697602620,57544653,57586967,0.1805
1697602680,57644163,57676415,0.1803
1697602740,57754236,57791592,0.1804
1697602800,57740581,57786528,0.1803
1697602860,57800555,57859197,0.1806
1697602920,57900594,57894010,0.181
1697602980,57975658,57975140,0.1812
1697603040,57897419,57884354,0.1812
1697603100,57924057,57876461,0.1813
1697603160,57969009,58002693,0.1816
1697603220,58045959,58049196,0.1816
1697603280,58085884,58173757,0.182
1697603340,58267981,58565638,0.1827
1697603400,58597855,58692991,0.1819
1697603460,58682342,58757979,0.1816
1697603520,59003341,59003341,0.1818
1697603580,59058802,59104912,0.1824
1697603640,59170229,59251301,0.184
1697603700,58899886,59095560,0.1834
1697603760,59110236,59318856,0.1839
1697603820,59434765,59443625,0.1835
1697603880,59449568,59490739,0.1832
1697603940,59945227,59932987,0.1818
1697604000,59939819,59846442,0.1816
1697604060,59859795,59649854,0.1812
1697604120,59669810,59715114,0.1812
1697604180,59639055,59603939,0.1812
1697604240,59610492,59518328,0.1811
1697604300,59509248,59420247,0.1808
1697604360,59056920,59065343,0.1805
1697604420,59078521,59109772,0.1811
1697604480,59140283,59105905,0.1811
1697604540,59104649,59111337,0.1813
1697604600,59164302,59165099,0.1818
1697604660,59222453,59260895,0.1813
1697604720,59269724,59276671,0.1811
1697604780,59272095,59261539,0.1813
1697604840,59291082,59290225,0.1815
1697604900,59277410,59393018,0.1811
1697604960,59409740,59409740,0.1827
1697605020,59672573,59546912,0.1823
1697605080,59416283,59378255,0.1822
1697605140,59367208,59316941,0.1817
1697605200,59211246,59199498,0.1817
1697605260,59221630,59209538,0.1824
1697605320,59192007,59234577,0.1838
1697605380,59167553,59157858,0.183
1697605440,59225664,59370570,0.1838
1697605500,59428920,59491226,0.1837
1697605560,59426994,59693266,0.1839
1697605620,60717032,60886117,0.1835
1697605680,60908194,60864934,0.1826
1697605740,60907200,61045846,0.1826
1697605800,61002097,61018589,0.1821
1697605860,61105704,61237607,0.1822
1697605920,61204412,61292629,0.1819
1697605980,61329898,61330136,0.1828
1697606040,61357071,61392600,0.1827
1697606100,61467614,61475029,0.1829
1697606160,61492230,61450128,0.183
1697606220,61557069,61554320,0.1824
1697606280,61563685,61582722,0.1824
1697606340,61599412,61522581,0.1821
1697606400,61539786,61537282,0.1817
1697606460,61501669,61623584,0.1817
1697606520,61550135,61411162,0.1816
1697606580,61262606,61258299,0.1813
1697606640,61444460,61462032,0.182
1697606700,61417297,61433700,0.1816
1697606760,61433308,61448665,0.181
1697606820,61210750,61209800,0.1809
1697606880,61179503,61102225,0.1807
1697606940,61147339,61151494,0.1806
1697607000,61108192,61321485,0.1812
1697607060,61272504,61163686,0.1802
1697607120,60923159,61148453,0.1801
1697607180,61127998,61172709,0.1797
1697607240,61127186,61122851,0.18
1697607300,61075101,61075101,0.1794
1697607360,61166746,61085860,0.1795
1697607420,61127917,61127917,0.1794
1697607480,61156150,61161002,0.1793
1697607540,61184346,61184542,0.1797
1697607600,61200712,61230110,0.1791
1697607660,61235766,61250558,0.1791
1697607720,61250902,61287395,0.1795
1697607780,61264776,61255442,0.1798
1697607840,61356940,61377015,0.1796
1697607900,61436778,61321561,0.1794
1697607960,61344885,61347311,0.1795
1697608020,61319677,61258637,0.1797
1697608080,61192364,61258531,0.18
1697608140,61350463,61351788,0.1801
1697608200,61338163,61330661,0.1798
1697608260,61349521,61367849,0.18
1697608320,61389350,61385269,0.1795
1697608380,61524886,61557086,0.1793
1697608440,61392966,61425720,0.1798
1697608500,61516736,61539334,0.1801
1697608560,61600391,61612347,0.1804
1697608620,61613540,61588208,0.18
1697608680,61581118,61595659,0.1797
1697608740,61606331,61597468,0.1793
1697608800,61631016,61631016,0.1793
1697608860,61640708,61771694,0.18
1697608920,61785697,61774617,0.1803
1697608980,61804029,61815167,0.1802
1697609040,61833416,61823947,0.1802
1697609100,61928203,61945236,0.1799
1697609160,61924566,61958589,0.1799
1697609220,61935642,62037888,0.1803
1697609280,62105905,62183514,0.1805
1697609340,62216393,62594558,0.1808
1697609400,62519588,62469553,0.1801
1697609460,62447514,62474156,0.1795
1697609520,62443107,62317950,0.18
1697609580,62382366,62363737,0.1802
1697609640,62378898,62389608,0.18
1697609700,62425328,62430158,0.1798
1697609760,62418886,62418886,0.1794
1697609820,62448697,62396949,0.179
1697609880,62352956,62352956,0.1785
1697609940,62328855,62203559,0.1787
1697610000,62172741,62165290,0.1783
1697610060,62065023,62018118,0.1784
1697610120,62089529,62078650,0.1783
1697610180,62083685,62066981,0.1783
1697610240,62024662,62002706,0.1781
1697610300,62020421,62014430,0.1775
1697610360,61774204,61785232,0.1775
1697610420,61713734,61714110,0.1774
1697610480,61552331,61613664,0.1772
1697610540,61554152,60717801,0.1768
1697610600,60764481,60882037,0.1771
1697610660,60789326,60614361,0.1769
1697610720,59745602,59729631,0.1766
1697610780,59698535,59701631,0.1767
1697610840,59747456,59747456,0.1763
1697610900,59670013,59699595,0.1765
1697610960,59610966,59611002,0.1769
1697611020,59622875,59632988,0.1774
1697611080,59992050,59999147,0.1773
1697611140,60004542,60008232,0.177
1697611200,60026526,60038564,0.1767
1697611260,60084009,60091392,0.1767
1697611320,60098047,60000501,0.177
1697611380,60041116,60052544,0.1777
1697611440,60082960,60113721,0.1776
1697611500,60111744,60113589,0.1771
1697611560,60151412,60169979,0.1769
1697611620,60155261,60010336,0.1773
1697611680,60063641,60082745,0.1773
1697611740,60073450,60097058,0.1775
1697611800,60138538,60132547,0.1776
1697611860,60208497,60260101,0.1776
1697611920,60257445,60260331,0.1772
1697611980,60263299,60271216,0.177
1697612040,60265210,60311593,0.1768
1697612100,60323247,60387116,0.1773
1697612160,60343414,60321794,0.1775
1697612220,60360926,60275463,0.1783
1697612280,60307926,60307926,0.1781
1697612340,60341252,60378842,0.178
1697612400,60426682,60426682,0.1776
1697612460,60552193,60543608,0.1774
1697612520,60555269,60558130,0.1772
1697612580,60574349,60581073,0.1775
1697612640,60605139,60623382,0.1775
1697612700,60717568,60717183,0.1774
1697612760,60731262,60712095,0.1772
1697612820,60714609,60721210,0.1777
1697612880,60775989,60764201,0.178
1697612940,60791652,60796064,0.1781
1697613000,60810213,60831345,0.1781
1697613060,60809187,60797546,0.178
1697613120,60822643,60827056,0.1779
1697613180,60835476,60753242,0.1784
1697613240,60791218,60725562,0.1788
1697613300,60648749,60546716,0.1792
1697613360,60617925,60630405,0.1789
1697613420,60671401,60703942,0.179
1697613480,60661125,60684547,0.1788
1697613540,60683550,60715316,0.1787
1697613600,60771244,60612203,0.179
1697613660,60592114,60592652,0.1793
1697613720,60659633,60817426,0.1796
1697613780,60814565,60852787,0.1797
1697613840,60917097,60917097,0.1804
1697613900,60616363,60675463,0.1803
1697613960,60638929,60642500,0.1806
1697614020,60616399,60585936,0.1801
1697614080,60574490,60545044,0.1797
1697614140,60563316,60552165,0.18
1697614200,60544567,60533643,0.1798
1697614260,60550225,60515631,0.18
1697614320,60500140,60518178,0.18
1697614380,60531623,60556231,0.1805
1697614440,60601129,60676259,0.1807
1697614500,60579761,60878317,0.1799
1697614560,61125315,61142626,0.1795
1697614620,60976093,60911361,0.1793
1697614680,60914872,60928727,0.1789
1697614740,60864447,60891658,0.1791
1697614800,60862964,60883483,0.1792
1697614860,60870935,60872522,0.1793
1697614920,60868127,60857154,0.18
1697614980,60896852,60929991,0.1803
1697615040,61079905,61142631,0.1804
1697615100,61136018,61164182,0.1807
1697615160,61190421,61219833,0.1803
1697615220,61234242,61310311,0.18
1697615280,61297587,61297587,0.1804
1697615340,61301443,61322782,0.1803
1697615400,61305347,61305525,0.1798
1697615460,61309923,61308216,0.1794
1697615520,61194683,61260347,0.1796
1697615580,61261955,61311603,0.1792
1697615640,61457885,61514599,0.1795
1697615700,61594128,61596541,0.1794
1697615760,61595184,61624432,0.1792
1697615820,61625582,61744574,0.1796
1697615880,61740308,61745214,0.1792
1697615940,61743318,61731321,0.1796
1697616000,61828309,61901057,0.1797
1697616060,62004651,62070793,0.1797
1697616120,62094993,62092917,0.1799
1697616180,62512398,62521581,0.1802
1697616240,62551580,62745780,0.1804
1697616300,62869129,62883929,0.1804
1697616360,62964441,62956487,0.1802
1697616420,63005116,63105845,0.1801
1697616480,63096926,63104281,0.1803
1697616540,63171557,63181509,0.1804
1697616600,63233164,63267338,0.1802
1697616660,63268824,63337309,0.1809
1697616720,63417856,63450122,0.181
1697616780,63487551,63445045,0.1812
1697616840,63525157,63586989,0.1813
1697616900,63647726,63752495,0.1818
1697616960,64129540,64233065,0.1823
1697617020,64149252,64002662,0.182
1697617080,64213900,64345022,0.1813
1697617140,64339877,64505472,0.1808
1697617200,64592049,64629652,0.1808
1697617260,64580723,64518631,0.1801
1697617320,64534113,64559902,0.1798
1697617380,64606362,64582331,0.1804
1697617440,64592329,64589462,0.1803
1697617500,64657289,64692073,0.1802
1697617560,64691324,64543160,0.1803
1697617620,64595380,64626314,0.1804
1697617680,64593956,64571963,0.1801
1697617740,64597498,64597957,0.1799
1697617800,64571040,64618857,0.1798
1697617860,64667165,64642068,0.1794
1697617920,64721767,64730569,0.1793
1697617980,64671104,64739037,0.18
1697618040,64763935,64744881,0.1802
1697618100,64735594,64754921,0.1801
1697618160,64818211,64851576,0.1797
1697618220,64973797,64960768,0.1799
1697618280,64960997,64985431,0.1798
1697618340,65006458,65017225,0.1799
1697618400,65047204,65037707,0.18
1697618460,65066579,65099735,0.1796
1697618520,65078827,65074106,0.1795
1697618580,65103901,65239976,0.1792
1697618640,65196558,65200237,0.1788
1697618700,65224604,65327805,0.1789
1697618760,65260155,65061658,0.1784
1697618820,64908537,64990749,0.1792
1697618880,65058500,65057319,0.1791
1697618940,65044872,65057759,0.1788
1697619000,65065453,65069628,0.1789
1697619060,65074580,65050374,0.1791
1697619120,65061659,65057167,0.1792
1697619180,64878851,64854555,0.1795
1697619240,64838482,64850103,0.1793
1697619300,64786004,64758571,0.1794
1697619360,64755598,64857863,0.179
1697619420,64837949,64679105,0.1792
1697619480,64577038,64534661,0.1791
1697619540,64507559,64429236,0.1794
1697619600,64421003,64479474,0.1795
1697619660,64510550,64500117,0.1799
1697619720,64574744,64648272,0.1802
1697619780,64718899,64751013,0.1803
1697619840,64764257,64728451,0.1798
1697619900,64679789,64683872,0.1797
1697619960,64684010,64627536,0.1793
1697620020,64590823,64560696,0.1792
1697620080,64560876,64548435,0.1792
1697620140,64571261,64589083,0.1794
1697620200,64573824,64596570,0.1792
1697620260,64629208,64646581,0.1792
1697620320,64612945,64605360,0.1794
1697620380,64639197,64639197,0.1798
1697620440,64595495,64602756,0.1807
1697620500,65013818,65080184,0.1805
1697620560,65120895,65339752,0.1802
1697620620,65330666,65344358,0.1802
1697620680,65370480,65373424,0.1806
1697620740,65365465,65260745,0.1809
1697620800,65310424,65355660,0.1808
1697620860,65368215,65507940,0.1807
1697620920,65476297,65486493,0.1805
1697620980,65614139,65653354,0.1809
1697621040,65653628,65648015,0.1814
1697621100,65860508,65961629,0.1814
1697621160,66023458,66000047,0.1811
1697621220,65879585,65886155,0.1813
1697621280,65933857,66307181,0.182
1697621340,66285126,66334146,0.1817
1697621400,66489323,66529596,0.1813
1697621460,66483206,66501785,0.1817
1697621520,66566852,66659753,0.1816
1697621580,66710268,66689876,0.1813
1697621640,66737874,66787526,0.1811
1697621700,66782391,66774740,0.1811
1697621760,66823933,66927275,0.1812
1697621820,66931740,66940082,0.1813
1697621880,66547078,66559823,0.1815
1697621940,66608133,66597890,0.1812
1697622000,66775079,66787176,0.1812
1697622060,66804232,66772968,0.1813
1697622120,66754004,66780286,0.1812
1697622180,66875604,66913872,0.181
1697622240,66874395,66858057,0.1808
1697622300,66786296,66850979,0.181
1697622360,66845011,66956024,0.1811
1697622420,66992310,67007554,0.1809
1697622480,67043815,67062405,0.1809
1697622540,67120607,66968150,0.1812
1697622600,66989305,67016411,0.1815
1697622660,67027831,67044689,0.1817
1697622720,67280436,67254715,0.1819
1697622780,67331763,67349272,0.1815
1697622840,67371855,67413231,0.1813
1697622900,67484818,67525209,0.1816
1697622960,67531516,67681373,0.1816
1697623020,67692787,67625510,0.181
1697623080,67576388,67568551,0.1811
1697623140,67552191,67552191,0.1804
1697623200,67284917,67279823,0.1814
1697623260,67157787,67196279,0.1812
1697623320,67342277,67289057,0.1812
1697623380,67246585,67356112,0.1813
1697623440,67583577,67676065,0.1819
1697623500,67993890,68017312,0.1818
1697623560,68021900,68089322,0.1819
1697623620,68193886,68256135,0.1825
1697623680,68278878,68407575,0.1825
1697623740,68397956,68294788,0.1828
1697623800,68475644,68459021,0.1824
1697623860,68561195,68651869,0.1824
1697623920,68665818,68662858,0.1825
1697623980,68612526,68663768,0.1827
1697624040,68665899,68739618,0.1824
1697624100,68821280,68843814,0.1822
1697624160,68939679,68786917,0.1815
1697624220,68727131,68736146,0.182
1697624280,68689136,68752281,0.1821
1697624340,68829771,68890453,0.1818
1697624400,68953666,68928121,0.1817
1697624460,68931524,68907356,0.1815
1697624520,68873927,68469777,0.1811
1697624580,68553364,68350332,0.1812
1697624640,68351654,68337810,0.1813
1697624700,68330398,68194117,0.1815
1697624760,68174151,68173039,0.1819
1697624820,68216889,68233263,0.1826
1697624880,68330773,68469228,0.1822
1697624940,68489515,68536187,0.1824
1697625000,68602241,68701896,0.1822
1697625060,68738254,68815273,0.1821
1697625120,68820967,68917705,0.1832
1697625180,68691015,67702207,0.1861
1697625240,67544125,67393751,0.1851
1697625300,67518586,67450275,0.1847
1697625360,67604700,67555643,0.1845
1697625420,67604489,67643534,0.1842
1697625480,67405843,67367917,0.1834
1697625540,67328238,67337237,0.1832
1697625600,67467998,67822926,0.184
1697625660,67903715,67960723,0.184
1697625720,67963274,68038494,0.1849
1697625780,68112251,68112251,0.1849
1697625840,68163050,68157933,0.1846
1697625900,68198060,68230031,0.1842
1697625960,68175823,68228512,0.1844
1697626020,68286890,68353603,0.1842
1697626080,68343671,68354160,0.1838
1697626140,68344196,68351800,0.1837
1697626200,68414669,68460155,0.1842
1697626260,68474492,68451959,0.1834
1697626320,68463992,68530096,0.1834
1697626380,68572064,68640180,0.1839
1697626440,68529770,68561603,0.1835
1697626500,68689864,68685876,0.1831
1697626560,68565681,68605176,0.1835
1697626620,68627763,68420273,0.1829
1697626680,68397794,68224547,0.1829
1697626740,68324357,68383198,0.1832
1697626800,68484415,68506149,0.1831
1697626860,68635979,68810084,0.1833
1697626920,68810226,68769706,0.1829
1697626980,68778284,68789218,0.1829
1697627040,68783692,68783692,0.1826
1697627100,68568640,68314780,0.1821
1697627160,68397983,68480036,0.1815
1697627220,68377608,68323092,0.1815
1697627280,68298228,68298228,0.1814
1697627340,68289474,68295786,0.1814
1697627400,68266398,68243765,0.181
1697627460,68233116,68161649,0.1808
1697627520,68179078,68124352,0.1809
1697627580,68133593,68111526,0.1809
1697627640,68195400,68170117,0.1812
1697627700,68103614,68156456,0.1815
1697627760,68097906,68079367,0.1814
1697627820,68130910,68140597,0.1818
1697627880,68174935,68201548,0.1816
1697627940,68134512,68142630,0.1816
1697628000,68097298,68054782,0.1816
1697628060,68046660,68033339,0.1815
1697628120,68020058,68004141,0.1816
1697628180,67989115,67970384,0.1813
1697628240,67905749,68026777,0.1817
1697628300,68022847,68040162,0.1815
1697628360,68050201,68043992,0.1814
1697628420,68088545,68106718,0.1816
1697628480,68073815,67690917,0.1809
1697628540,67750637,67719026,0.1812
1697628600,67724168,67679281,0.1812
1697628660,67577107,67577107,0.1821
1697628720,67364366,67370894,0.1819
1697628780,67427409,67403547,0.1817
1697628840,67389748,67424695,0.1818
1697628900,67411528,67412450,0.1816
1697628960,67415158,67455709,0.1813
1697629020,67427811,67388118,0.1808
1697629080,67264893,67280418,0.181
1697629140,67278681,67292546,0.181
1697629200,67267142,67228510,0.1808
1697629260,67172537,67104138,0.1809
1697629320,67089182,67120721,0.1807
1697629380,67107978,67102452,0.1807
1697629440,67080637,67099581,0.1806
1697629500,67082877,67081067,0.1811
1697629560,67081073,67033362,0.1809
1697629620,67009433,67001574,0.1812
1697629680,66947258,66953469,0.1812
1697629740,66950597,66964729,0.1813
1697629800,66951658,66958741,0.1814
1697629860,66935057,66898073,0.1811
1697629920,66910564,66841371,0.1808
1697629980,66784664,66747963,0.1805
1697630040,66785067,66787190,0.1806
1697630100,66805335,66780561,0.1808
1697630160,66724970,66731424,0.1809
1697630220,66761860,66764850,0.1811
1697630280,66753044,66751149,0.1808
1697630340,66691281,66688622,0.181
1697630400,66682667,66805405,0.1811
1697630460,66785759,66758134,0.1808
1697630520,66693211,66689866,0.1808
1697630580,66694548,66694548,0.1806
1697630640,66687373,66708699,0.1803
1697630700,66712138,66608993,0.1801
1697630760,66623349,66707338,0.1799
1697630820,66768177,66552413,0.1797
1697630880,66557916,66611393,0.1798
1697630940,66637049,66620967,0.1799
1697631000,66610480,66436951,0.1799
1697631060,66450675,66430501,0.1802
1697631120,66486805,66488299,0.1797
1697631180,66323819,66257685,0.1794
1697631240,66120876,66130674,0.179
1697631300,66032980,66037920,0.179
1697631360,66042027,66117901,0.1794
1697631420,66119431,66106698,0.1795
1697631480,66227705,66241065,0.1795
1697631540,66264557,66261386,0.1793
1697631600,66323787,66319997,0.1799
1697631660,66188501,66065699,0.18
1697631720,66070971,66063646,0.1798
1697631780,66118636,66133897,0.1799
1697631840,66134116,66133397,0.1801
1697631900,66123399,66123399,0.18
1697631960,66119884,66193204,0.1804
1697632020,66214699,66162564,0.1801
1697632080,66166020,66234446,0.1802
1697632140,66225168,66253907,0.18
1697632200,66253608,66268734,0.1802
1697632260,66275417,66321800,0.1807
1697632320,66350127,66357042,0.1809
1697632380,66420329,66423995,0.1806
1697632440,66448701,66399838,0.1805
1697632500,66289925,66343965,0.1803
1697632560,66364428,66423168,0.1802
1697632620,66380639,66305309,0.18
1697632680,66313790,66296457,0.1801
1697632740,66294900,66307491,0.18
1697632800,66325378,66344442,0.1801
1697632860,66326445,66335230,0.1798
1697632920,66334355,66405636,0.1803
1697632980,66553453,66550945,0.1805
1697633040,66534890,66454810,0.181
1697633100,66489928,66507118,0.181
1697633160,66406281,66421173,0.1811
1697633220,66448839,66448839,0.1813
1697633280,66602747,66602546,0.1811
1697633340,66603380,66588602,0.1812
1697633400,66614966,66633440,0.1814
1697633460,66662714,66662403,0.1814
1697633520,66654882,66687917,0.1819
1697633580,66684070,66639656,0.1823
1697633640,66625857,66643820,0.1819
1697633700,66444686,66566744,0.182
1697633760,66640422,66768646,0.1822
1697633820,66787760,66712577,0.1822
1697633880,66776569,66762340,0.1825
1697633940,66763283,66831666,0.1824
1697634000,66886366,66924572,0.1822
1697634060,67033448,67082781,0.1823
1697634120,67059290,67151082,0.1826
1697634180,67212526,67254740,0.1827
1697634240,67313163,67326712,0.1825
1697634300,67345586,67292741,0.182
1697634360,67499092,67251413,0.182
1697634420,67206640,67519197,0.1827
1697634480,67666005,67875560,0.1821
1697634540,67934201,67975063,0.1822
1697634600,67992467,67963484,0.1819
1697634660,67961551,67961551,0.182
1697634720,67993055,67994589,0.182
1697634780,67836648,67871862,0.182
1697634840,67852698,67802085,0.1816
1697634900,67751750,67740662,0.1818
1697634960,67768890,67734525,0.1818
1697635020,67721324,67723624,0.1819
1697635080,67744906,67727246,0.1822
1697635140,67709111,67673117,0.1821
1697635200,67670777,67721917,0.1824
1697635260,67771826,67847815,0.182
1697635320,67775187,67665734,0.1812
1697635380,67223979,67256369,0.1815
1697635440,67283245,67274049,0.1816
1697635500,67267430,67142314,0.1812
1697635560,67109345,67127523,0.1813
1697635620,67085509,67073128,0.1813
1697635680,67093535,67040997,0.1814
1697635740,67019908,67046316,0.1812
1697635800,67031648,67033776,0.1814
1697635860,67037117,67047662,0.1816
1697635920,67073152,67054099,0.1813
1697635980,67081937,67031306,0.1809
1697636040,66916097,66818531,0.1804
1697636100,66819251,66819251,0.1801
1697636160,66777890,66755499,0.1802
1697636220,66762196,66774894,0.1805
1697636280,66818135,66818110,0.1804
1697636340,66810923,66806116,0.1805
1697636400,66817400,66870186,0.1802
1697636460,66813511,67108209,0.1802
1697636520,67045652,66927474,0.18
1697636580,66926498,66909871,0.1803
1697636640,66807524,66817821,0.1804
1697636700,66858038,66824590,0.1802
1697636760,66829414,66822540,0.1803
1697636820,66751501,66748896,0.1802
1697636880,66715931,66720212,0.1802
1697636940,66691150,66718681,0.18
1697637000,66575825,66571288,0.1797
1697637060,66604997,66526973,0.1805
1697637120,66537158,66509665,0.1805
1697637180,66505177,66591819,0.1808
1697637240,66567579,66683005,0.1815
1697637300,66846772,67223803,0.1816
1697637360,67356897,67356897,0.1822
1697637420,67520359,67592794,0.182
1697637480,67667615,67780409,0.1824
1697637540,67772187,67948498,0.182
1697637600,67964826,68224187,0.1818
1697637660,68208022,68226357,0.1814
1697637720,68274683,68282195,0.1814
1697637780,68291247,68397733,0.1819
1697637840,68359837,68355506,0.1821
1697637900,68398913,68423262,0.1823
1697637960,68549758,68571725,0.1826
1697638020,68529152,68586150,0.1828
1697638080,68639092,68670668,0.1837
1697638140,68964731,69305624,0.1846
1697638200,69212017,68851507,0.1872
1697638260,68861817,68816921,0.1854
1697638320,68853965,69008028,0.1856
1697638380,69125788,68933679,0.1853
1697638440,69147000,69063696,0.1848
1697638500,69198548,69323399,0.1857
1697638560,69529180,69811945,0.1857
1697638620,69940186,69870522,0.1868
1697638680,70101725,69662690,0.191
1697638740,70700873,71032390,0.1903
1697638800,71345077,71691581,0.1908
1697638860,71906894,72174965,0.1911
1697638920,72448740,72932184,0.1916
1697638980,73168226,73076531,0.1903
1697639040,72785473,72785473,0.1889
1697639100,72945073,72901308,0.1891
1697639160,72727664,72751335,0.1889
1697639220,72603093,72833719,0.1892
1697639280,73127503,72983107,0.1883
1697639340,72674331,72679361,0.1875
1697639400,72639963,72932784,0.1865
1697639460,72664473,72875431,0.1881
1697639520,72930973,73103299,0.1888
1697639580,73266052,73410787,0.1873
1697639640,73404946,73382976,0.1865
1697639700,73998059,74166640,0.1869
1697639760,74294371,74471028,0.1874
1697639820,74455839,74826273,0.1878
1697639880,74992403,74980926,0.1875
1697639940,74784922,75041590,0.1877
1697640000,75031281,74992912,0.1877
1697640060,74966211,74744447,0.1886
1697640120,74689360,74721369,0.1883
1697640180,74731717,74793010,0.1884
1697640240,74824194,74852033,0.1878
1697640300,74730723,74701733,0.1871
1697640360,74607638,74726220,0.1875
1697640420,74878972,74855929,0.1873
1697640480,74869160,74926569,0.1874
1697640540,75021540,75103681,0.1876
1697640600,75119416,75466155,0.1882
1697640660,75436646,75412490,0.1879
1697640720,75544014,75561335,0.1877
1697640780,75430069,75527242,0.1883
1697640840,75587531,75044553,0.1899
1697640900,75433774,75713341,0.1892
1697640960,75822010,75907447,0.189
1697641020,76036758,76210004,0.1886
1697641080,76190019,76065176,0.1886
1697641140,76088052,76085188,0.1888
1697641200,76333432,76510371,0.1886
1697641260,76504087,76655116,0.1888
1697641320,76566023,76438059,0.1914
1697641380,77373045,77277476,0.1907
1697641440,77508564,77283114,0.1899
1697641500,77522913,77786523,0.1902
1697641560,78074314,78141603,0.19
1697641620,78057260,78428945,0.1922
1697641680,78626487,78923184,0.1921
1697641740,78941657,79278682,0.1929
1697641800,79389305,79354580,0.1929
1697641860,79929700,79845894,0.1925
1697641920,79750770,79844254,0.193
1697641980,79969912,79935823,0.1932
1697642040,80618396,81621333,0.1943
1697642100,81556594,81666889,0.1942
1697642160,81653800,82092801,0.1941
1697642220,81860148,82227605,0.196
1697642280,82274905,82653335,0.1949
1697642340,82992506,82930439,0.1937
1697642400,83136775,82998850,0.1957
1697642460,83485095,84052776,0.1959
1697642520,84748933,85083635,0.1957
1697642580,84889019,85098594,0.1973
1697642640,85509177,85121506,0.1986
1697642700,85506675,87044161,0.2001
1697642760,88003637,88479619,0.2003
1697642820,88569363,88977875,0.1992
1697642880,89725388,89709182,0.1984
1697642940,89201001,89200104,0.1982
1697643000,89219652,89136504,0.1985
1697643060,89562820,89407389,0.1988
1697643120,89586975,90071294,0.1994
1697643180,90401627,90634230,0.1995
1697643240,90956357,90793485,0.2012
1697643300,91352706,91974055,0.2018
1697643360,92015857,91354016,0.2029
1697643420,91346225,91517713,0.2037
1697643480,91610623,91916381,0.2024
1697643540,91914685,91757570,0.203
1697643600,92031281,91800046,0.2014
1697643660,92034671,91842747,0.2008
1697643720,91832551,92037153,0.2015
1697643780,92027535,92386682,0.2017
1697643840,93112261,93403876,0.2019
1697643900,93425750,93355401,0.2012
1697643960,92679357,92056515,0.199
1697644020,92416730,92502760,0.1997
1697644080,92583303,92749941,0.1994
1697644140,92796940,93135365,0.1996
1697644200,93249969,93310966,0.1999
1697644260,93552439,94199028,0.2011
1697644320,94407006,94407006,0.2019
1697644380,94434131,94938931,0.2013
1697644440,94982135,95389377,0.2027
1697644500,95930056,96377430,0.2022
1697644560,96453309,96666935,0.2019
1697644620,96674738,96707460,0.2016
1697644680,96389926,96568735,0.2022
1697644740,96978545,97773063,0.2037
1697644800,98951986,98504870,0.2028
1697644860,98595864,98863431,0.2067
1697644920,97676156,98641442,0.2056
1697644980,98476538,98308590,0.2053
1697645040,98328667,98491320,0.2049
1697645100,98586440,98249783,0.2055
1697645160,98441154,98763716,0.2072
1697645220,99237015,99118972,0.2083
1697645280,98477986,98827630,0.2078
1697645340,99898650,99790049,0.208
1697645400,101150679,101297906,0.2085
1697645460,101278141,101971793,0.2084
1697645520,102676862,103034897,0.2098
1697645580,103559260,103917656,0.211
1697645640,103937846,104470346,0.211
1697645700,105159345,105638841,0.2114
1697645760,105949686,106134074,0.2129
1697645820,105498777,106144044,0.2108
1697645880,104814839,104814839,0.211
1697645940,105220318,105717468,0.2103
1697646000,105889055,104660237,0.2093
1697646060,104520538,104520538,0.2108
1697646120,104926262,105187882,0.2104
1697646180,105309192,105274663,0.2095
1697646240,105309808,105380427,0.2102
1697646300,105781063,105861277,0.2115
1697646360,106238926,106407341,0.2115
1697646420,106485014,106566952,0.2107
1697646480,106508533,106971724,0.2111
1697646540,106996830,106475103,0.214
1697646600,106508076,107045163,0.2132
1697646660,106625398,107125611,0.2156
1697646720,107584165,107532213,0.217
1697646780,107662057,108059845,0.2172
1697646840,108144524,109344267,0.2167
1697646900,109744904,109047969,0.2172
1697646960,108945636,109302369,0.2183
1697647020,109556822,109717010,0.2173
1697647080,108712606,108922992,0.2156
1697647140,108974804,108613423,0.2156
1697647200,109037703,108964977,0.2183
1697647260,109011814,109950819,0.2194
1697647320,110256132,109816675,0.2201
1697647380,109460724,109650437,0.2197
1697647440,109803128,110411664,0.2179
1697647500,109130174,109769005,0.2181
1697647560,110482384,110618419,0.2186
1697647620,111030530,110880926,0.2169
1697647680,111274010,111319136,0.2158
1697647740,111694744,112236336,0.2177
1697647800,112342244,112905620,0.2165
1697647860,113002497,112612864,0.2185
1697647920,112434956,111438542,0.2203
1697647980,111390372,111163585,0.2193
1697648040,111401711,111906679,0.2183
1697648100,111527417,111479263,0.2177
1697648160,112114203,112259397,0.2186
1697648220,112631728,112989316,0.2195
1697648280,113083011,113073322,0.2199
1697648340,113109133,113573367,0.2191
1697648400,113666435,114009163,0.2179
1697648460,114352097,114226327,0.2104
1697648520,109388131,110195692,0.2143
1697648580,110803753,110880906,0.2122
1697648640,111210608,111742719,0.2124
1697648700,112031818,112140647,0.2132
1697648760,112537705,112934071,0.2137
1697648820,113177041,113356408,0.2137
1697648880,113557203,113624694,0.2125
1697648940,113800376,113900364,0.2078
1697649000,112607862,113661051,0.2097
1697649060,113772171,114073471,0.2098
1697649120,114326111,114618543,0.2089
1697649180,114388744,114538602,0.2093
1697649240,114170324,114398400,0.2092
1697649300,114859768,114532963,0.2108
1697649360,113717583,113429275,0.2116
1697649420,113635774,113557618,0.2113
1697649480,113404672,113435998,0.2099
1697649540,113481747,113577064,0.2092
1697649600,113532571,113184213,0.2084
1697649660,113301053,113228720,0.2088
1697649720,113303976,113299413,0.2106
1697649780,113010298,113246147,0.2115
1697649840,113455297,113268690,0.2099
1697649900,113011402,112940622,0.2112
1697649960,113012935,113282548,0.2144
1697650020,111053656,111397773,0.2135
1697650080,111349022,111993163,0.2139
1697650140,111984378,112107188,0.2152
1697650200,112042431,112307560,0.2155
1697650260,112060164,111353404,0.217
1697650320,111242410,111007575,0.2195
1697650380,111203574,111235071,0.218
1697650440,111424509,111768747,0.2171
1697650500,112098857,112052492,0.2158
1697650560,111479916,111586229,0.2159
1697650620,111854039,111849665,0.215
1697650680,110465987,110379237,0.2134
1697650740,110753453,110743072,0.213
1697650800,110656476,110823718,0.2133
1697650860,110569313,110615514,0.2135
1697650920,110735527,110505910,0.2123
1697650980,110688297,110775664,0.2124
1697651040,110834667,110804724,0.2136
1697651100,110896965,111172425,0.2123
1697651160,111120615,111477310,0.2132
1697651220,111497402,111632715,0.2135
1697651280,111518179,110986283,0.2124
1697651340,110656677,110369610,0.2097
1697651400,110774403,111391301,0.21
1697651460,111639972,111719470,0.2105
1697651520,111275059,111160037,0.2108
1697651580,111300784,111403608,0.2106
1697651640,111417194,111578888,0.2108
1697651700,111632744,111547031,0.2108
1697651760,111599253,111668225,0.2118
1697651820,111038091,110863699,0.2122
1697651880,111003089,111011325,0.2119
1697651940,111073459,111065092,0.2122
1697652000,111189913,110982267,0.2121
1697652060,111029622,110973895,0.2108
1697652120,111298234,111138783,0.2123
1697652180,111262842,111406218,0.2129
1697652240,111431948,111419309,0.2124
1697652300,111500912,111442371,0.2125
1697652360,111581295,111766107,0.2135
1697652420,111520957,111389155,0.2138
1697652480,111344980,111344980,0.2136
1697652540,111401812,111548798,0.2141
1697652600,111417453,111551375,0.2144
1697652660,111784408,111770185,0.2145
1697652720,111727378,111881103,0.2141
1697652780,111834036,110074765,0.2167
1697652840,110190693,110621929,0.2167
1697652900,110829674,111153572,0.2175
1697652960,111386501,111409207,0.2166
1697653020,111861296,112041843,0.216
1697653080,111939714,111958004,0.2169
1697653140,112015142,112149935,0.2173
1697653200,112063840,112244515,0.2173
1697653260,112399840,112518109,0.2176
1697653320,113012789,113090119,0.2171
1697653380,113248393,113249965,0.2172
1697653440,113212879,113215467,0.2156
1697653500,112924705,112891613,0.2159
1697653560,112949065,113091702,0.216
1697653620,113171405,113287964,0.2162
1697653680,113353869,113530299,0.2169
1697653740,113528976,113507536,0.2165
1697653800,113424932,113510099,0.2165
1697653860,113587519,113592291,0.2151
1697653920,113536514,113717970,0.2155
1697653980,113766101,113888909,0.2153
1697654040,113709795,113823376,0.2152
1697654100,113772424,113800335,0.2149
1697654160,113811935,113686597,0.2148
1697654220,113680026,113765004,0.2155
1697654280,113885725,113821171,0.2147
1697654340,113838910,113838910,0.2152
1697654400,113942075,114096750,0.2153
1697654460,114153436,114446022,0.2141
1697654520,113801848,113873699,0.2138
1697654580,113844907,113849789,0.2141
1697654640,114152802,114341589,0.214
1697654700,114325839,114446226,0.2144
1697654760,114862746,115266649,0.2141
1697654820,115038494,114994538,0.2137
1697654880,114909527,114906876,0.2134
1697654940,114929691,115031342,0.2134
1697655000,115023508,115132292,0.2138
1697655060,115120434,115141109,0.2144
1697655120,115227232,115314713,0.215
1697655180,115390628,115321940,0.2151
1697655240,115277532,115263711,0.2148
1697655300,115318301,115341873,0.2152
1697655360,115359827,115149740,0.216
1697655420,115211283,115261882,0.2166
1697655480,115545491,115731464,0.2172
1697655540,115806255,115885165,0.2172
1697655600,116024010,116201692,0.2171
1697655660,116459561,116588232,0.2177
1697655720,116698426,116785300,0.2178
1697655780,116688166,116585463,0.2169
1697655840,116999427,117143096,0.2171
1697655900,117088185,117049600,0.2184
1697655960,116999543,116838006,0.2183
1697656020,116468142,116740198,0.2182
1697656080,116773270,116381947,0.2169
1697656140,116418739,115655693,0.2152
1697656200,115912681,115678137,0.2152
1697656260,115654855,115739115,0.2154
1697656320,115730875,115752631,0.2167
1697656380,115812595,115713203,0.2169
1697656440,115690955,115668919,0.2175
1697656500,115671949,115705683,0.2176
1697656560,115797672,116105761,0.2186
1697656620,116692082,114907307,0.2222
1697656680,114797740,115049925,0.2223
1697656740,115320941,115319107,0.221
1697656800,115762839,115630125,0.2213
1697656860,116073594,116003121,0.2197
1697656920,116400688,116175167,0.219
1697656980,116072954,115991092,0.2192
1697657040,115950286,116259701,0.218
1697657100,115942808,115960840,0.2176
1697657160,115957612,116010706,0.218
1697657220,115912634,116002318,0.2186
1697657280,115873776,115861486,0.2191
1697657340,115927640,116027182,0.2185
1697657400,116102618,116207398,0.2194
1697657460,116181190,116162092,0.2192
1697657520,116371132,116431771,0.2192
1697657580,116542769,116512705,0.2196
1697657640,116654521,116854406,0.2185
1697657700,116820826,116868987,0.2186
1697657760,116909242,116609829,0.2173
1697657820,116667424,116430997,0.2176
1697657880,116457537,116433202,0.2172
1697657940,116503114,116425856,0.2165
1697658000,116469910,116683022,0.2165
1697658060,116721092,116737691,0.2168
1697658120,116737858,116788111,0.2173
1697658180,116939623,116961892,0.2174
1697658240,117047801,116907821,0.2173
1697658300,116819645,116761589,0.2177
1697658360,116821484,116645099,0.2178
1697658420,116624906,116820242,0.2187
1697658480,116810772,116897907,0.2189
1697658540,116975520,117128868,0.2197
1697658600,117324739,117227340,0.2193
1697658660,117079705,117144523,0.2183
1697658720,116959425,116886247,0.2179
1697658780,116806339,116858792,0.219
1697658840,116819873,116841236,0.2195
1697658900,117052329,117138379,0.2195
1697658960,117194902,117322771,0.2185
1697659020,117337258,117375692,0.2185
1697659080,117387825,117156463,0.2179
1697659140,117183885,117108832,0.2181
1697659200,117163646,117236163,0.2192
1697659260,117151899,117118374,0.2183
1697659320,117371796,117576852,0.2179
1697659380,117658654,117557966,0.217
1697659440,117544552,117589892,0.217
1697659500,117633935,117808310,0.2159
1697659560,117970113,117960673,0.2165
1697659620,118016160,117978679,0.2164
1697659680,117945723,117811506,0.2159
1697659740,117126826,117172372,0.2162
1697659800,116956247,116780777,0.2164
1697659860,116900689,116920602,0.2165
1697659920,116754757,116837599,0.2164
1697659980,116884252,116856375,0.216
1697660040,116930135,116955896,0.2154
1697660100,116906334,116829650,0.2151
1697660160,116570451,116278906,0.2141
1697660220,116516172,116516172,0.2129
1697660280,115899013,115756697,0.2139
1697660340,115810218,115736833,0.2141
1697660400,115618062,115663327,0.2131
1697660460,115718806,115628008,0.2138
1697660520,115529495,115652904,0.2132
1697660580,115582501,115285055,0.2121
1697660640,115372599,114984075,0.2116
1697660700,115231022,115114798,0.2129
1697660760,114948630,115074402,0.2118
1697660820,115393311,115508105,0.2119
1697660880,115297520,115510160,0.2123
1697660940,115474945,115511941,0.2123
1697661000,115622121,115557822,0.2129
1697661060,115589400,115298169,0.2119
1697661120,115493331,116103821,0.2091
1697661180,113856051,112645559,0.2068
1697661240,112810380,113160053,0.2065
1697661300,113271230,113414306,0.2065
1697661360,113364904,113291386,0.2075
1697661420,113242155,113226323,0.2071
1697661480,113204654,113219521,0.2073
1697661540,113146072,112995541,0.2065
1697661600,112899951,113208965,0.2054
1697661660,112676384,112831545,0.2051
1697661720,112887728,112470111,0.204
1697661780,112504194,112791024,0.2033
1697661840,112793641,111929408,0.2016
1697661900,111790965,111538004,0.2002
1697661960,109977569,110863260,0.1984
1697662020,111117248,111397878,0.1986
1697662080,111389786,111447627,0.1999
1697662140,111637726,111637726,0.1984
1697662200,112114594,111754011,0.1989
1697662260,111808111,110254494,0.1962
1697662320,109532442,109532442,0.1942
1697662380,110260083,111127525,0.1945
1697662440,111002520,111278362,0.1956
1697662500,111363329,110722106,0.2001
1697662560,108802060,109517238,0.1978
1697662620,110303469,110195679,0.196
1697662680,110238561,110706693,0.1968
1697662740,110854315,110975918,0.1954
1697662800,111418368,112577332,0.193
1697662860,112132863,112501864,0.1901
1697662920,111155623,111212166,0.1909
1697662980,111646302,112077264,0.1918
1697663040,112405912,112344313,0.1899
1697663100,112879931,112838395,0.1911
1697663160,113716321,113644151,0.1911
1697663220,113670584,113886338,0.1909
1697663280,114165713,113849699,0.1913
1697663340,113968337,113951954,0.192
1697663400,113539902,113429001,0.1927
1697663460,113437670,113655691,0.1933
1697663520,113687110,113293963,0.1939
1697663580,113175858,113366440,0.193
1697663640,113592740,113787428,0.1926
1697663700,113839254,113290939,0.1942
1697663760,113042746,113018850,0.1943
1697663820,113118158,113169412,0.1942
1697663880,113075921,112845365,0.1938
1697663940,112921710,112646671,0.1927
1697664000,112633640,113029962,0.1917
1697664060,113031537,113792273,0.1907
1697664120,114086339,114130154,0.1913
1697664180,114051077,114092580,0.1909
1697664240,114351577,114283982,0.1907
1697664300,114209575,114209575,0.1912
1697664360,114110040,113926799,0.1913
1697664420,113999021,113999021,0.1905
1697664480,114245976,114340729,0.188
1697664540,113883067,114044922,0.1894
1697664600,114121434,114115287,0.1906
1697664660,113511166,113709442,0.191
1697664720,113868783,113916974,0.1915
1697664780,114074018,114086802,0.1909
1697664840,114116653,114247449,0.1906
1697664900,114265016,114365374,0.1908
1697664960,114290185,114556610,0.1912
1697665020,114413037,114389364,0.192
1697665080,114557717,114419967,0.1909
1697665140,114445517,114573150,0.1909
1697665200,114575453,114575378,0.1886
1697665260,114284283,114166004,0.1891
1697665320,114276995,114347187,0.1898
1697665380,114347014,114354954,0.1893
1697665440,114306516,114414942,0.1889
1697665500,114591566,114755257,0.1893
1697665560,114705423,114496449,0.1898
1697665620,114598027,114287745,0.19
1697665680,114369229,114440299,0.1901
1697665740,114612219,114809183,0.1906
1697665800,114590786,114590786,0.1908
1697665860,114219180,114201111,0.1905
1697665920,114221927,114261118,0.1907
1697665980,114214632,114175473,0.1905
1697666040,114459232,114431135,0.1895
1697666100,114583247,114583247,0.1895
1697666160,114385652,114532220,0.1908
1697666220,114566476,114688782,0.1906
1697666280,114807865,115040829,0.1906
1697666340,114925081,114925081,0.1903
1697666400,114810876,114693072,0.1899
1697666460,114719500,115125691,0.1898
1697666520,114977959,115135502,0.1891
1697666580,115093494,115152265,0.1898
1697666640,115078852,114700642,0.1855
1697666700,114624775,115207291,0.1864
1697666760,115194426,115220975,0.1856
1697666820,113031222,113302984,0.1864
1697666880,113441326,113443360,0.1865
1697666940,113340659,113166714,0.1867
1697667000,113156885,113391212,0.1868
1697667060,113496312,113785741,0.1852
1697667120,113023022,113324128,0.1859
1697667180,113519481,113709631,0.1859
1697667240,113692460,113752232,0.1862
1697667300,113655000,113831618,0.1863
1697667360,113780133,113977279,0.1874
1697667420,113797986,113810867,0.1874
1697667480,113665161,113751718,0.1875
1697667540,113533487,113223621,0.1878
1697667600,113222094,113101300,0.1882
1697667660,112810943,112709733,0.1889
1697667720,112768922,112871637,0.1886
1697667780,112810084,112786864,0.1901
1697667840,111961993,112074423,0.1896
1697667900,112169619,112102449,0.1907
1697667960,111361705,110293088,0.1923
1697668020,110159989,110144971,0.1922
1697668080,110058980,109711570,0.1938
1697668140,109883764,110048319,0.1941
1697668200,109887410,109887410,0.1922
1697668260,109233377,108880143,0.1918
1697668320,108436234,108346548,0.1916
1697668380,108586891,108525901,0.1919
1697668440,108521021,108519514,0.1915
1697668500,108613251,108577895,0.1919
1697668560,108712418,108590085,0.1921
1697668620,108651353,108559241,0.1938
1697668680,108302296,108367388,0.1932
1697668740,108410217,108432271,0.1927
1697668800,108401152,108449249,0.1925
1697668860,108382404,108622936,0.1917
1697668920,108710780,108926987,0.192
1697668980,108953420,109349600,0.1919
1697669040,109512221,109653519,0.192
1697669100,109652315,109730205,0.1919
1697669160,109912017,109868613,0.1921
1697669220,109772162,109719060,0.1914
1697669280,109710847,109647692,0.1923
1697669340,109438105,107491144,0.195
1697669400,106925141,106897563,0.1984
1697669460,107334336,107648273,0.198
1697669520,107820030,107764477,0.1976
1697669580,107883045,107960805,0.1973
1697669640,107640797,107354965,0.1982
1697669700,107383094,107405345,0.1974
1697669760,107306428,107313964,0.1981
1697669820,107392866,107463347,0.198
1697669880,107596823,107512689,0.1992
1697669940,106007811,105919831,0.2004
1697670000,105550160,105875221,0.1997
1697670060,106049002,106049002,0.1986
1697670120,105886408,105868108,0.1987
1697670180,105339828,105339828,0.1977
1697670240,105041667,105079107,0.1985
1697670300,105053948,105202808,0.1985
1697670360,105119790,104975460,0.1988
1697670420,104962355,104881716,0.1989
1697670480,104984598,104986730,0.1995
1697670540,105020601,105019188,0.1995
1697670600,104942453,105234424,0.2001
1697670660,105198741,105099965,0.1996
1697670720,105176130,105168959,0.1989
1697670780,105317339,105349567,0.199
1697670840,105385541,105360903,0.2003
1697670900,105573589,106245892,0.2014
1697670960,106192982,105833211,0.2022
1697671020,105830149,105781763,0.2023
1697671080,105594587,105496334,0.2025
1697671140,105583523,105552924,0.2019
1697671200,105624472,105443665,0.2008
1697671260,105418890,105589366,0.201
1697671320,105603651,105722090,0.2013
1697671380,105980322,105961533,0.2014
1697671440,105940448,105983095,0.2011
1697671500,106020849,106077900,0.2014
1697671560,106020517,105993694,0.1995
1697671620,105943886,105741931,0.1993
1697671680,105715656,105715656,0.1988
1697671740,105672805,105743238,0.1993
1697671800,105688279,105633200,0.1995
1697671860,105599155,105486489,0.1999
1697671920,105457796,105487046,0.2
1697671980,105397656,105422707,0.2009
1697672040,105498719,105396169,0.2015
1697672100,105386382,104915037,0.2015
1697672160,104717555,104807307,0.2004
1697672220,105015221,105092012,0.1996
1697672280,105132079,105321865,0.1999
1697672340,105307683,105244609,0.1997
1697672400,105267405,105367145,0.2004
1697672460,105454551,105454551,0.1987
