"OI_open","OI_close","timestamp","price_open","price_close"
495716.422,495704.116,1698276000,253.54,253.58
495694.907,495767.563,1698276060,253.56,253.69
495751.64,495730.113,1698276120,253.71,253.6
495729.468,495719.135,1698276180,253.57,253.73
495735.72,495736.521,1698276240,253.73,253.59
495726.198,495734.404,1698276300,253.58,253.64
495748.008,495741.301,1698276360,253.61,253.57
495745.611,495741.762,1698276420,253.59,253.66
495725.043,495721.733,1698276480,253.66,253.82
495486.307,495503.145,1698276540,253.8,253.86
495512.251,495538.778,1698276600,253.93,254.02
495503.926,495477.792,1698276660,254.05,254.07
495582.266,495561.256,1698276720,254.07,254.24
495582.254,495628.638,1698276780,254.24,254.09
495620.157,495597.212,1698276840,254.1,254
495729.708,495748.459,1698276900,254.01,253.81
495709.893,495705.949,1698276960,253.82,253.41
495426.949,495307.711,1698277020,253.44,253.27
495268.516,495204.503,1698277080,253.26,253.09
495109.549,495069.563,1698277140,253.09,253.13
495042.657,495033.705,1698277200,253.12,253.35
495045.637,495062.034,1698277260,253.35,253.75
495153.667,495182.584,1698277320,253.76,253.72
495184.748,495177.849,1698277380,253.7,254
495174.724,495185.671,1698277440,254,253.95
495124.294,495105.629,1698277500,253.95,254.16
494976.252,495136.882,1698277560,254.16,253.98
495139.045,495140.469,1698277620,253.97,253.69
495137.451,495119.96,1698277680,253.69,253.83
495115.951,495138.684,1698277740,253.83,253.68
495143.696,495154.492,1698277800,253.68,253.77
495156.702,495158.146,1698277860,253.78,253.94
495200.755,495168.564,1698277920,253.94,253.71
495171.356,495184.724,1698277980,253.71,253.72
495190.419,495178.749,1698278040,253.69,253.8
495132.789,495133.078,1698278100,253.8,253.89
495186.414,495201.782,1698278160,253.92,253.97
495185.028,495204.85,1698278220,253.98,254.01
495188.434,495185.161,1698278280,254,254.01
495157.093,495155.251,1698278340,254,254.03
495157.926,495201.952,1698278400,254.07,253.95
495254.979,495350.608,1698278460,253.95,253.64
495302.62,495342.879,1698278520,253.63,253.84
495398.621,495309.458,1698278580,253.83,253.94
495393.321,495371.244,1698278640,253.92,253.89
495276.037,495155.733,1698278700,253.91,254.11
495220.142,495242.373,1698278760,254.11,253.72
495241.822,495334.925,1698278820,253.72,253.36
495245.259,495145.1,1698278880,253.41,254.24
495126.112,495194.225,1698278940,254.24,253.87
495217.806,495217.861,1698279000,253.85,253.44
495175.079,495146.721,1698279060,253.42,254.12
495191.494,495208.466,1698279120,254.13,254.39
495300.372,495261.276,1698279180,254.37,254.35
495256.721,495214.023,1698279240,254.33,254.31
495258.183,495294.612,1698279300,254.34,254.03
495307.65,495300.359,1698279360,254.04,254.33
495269.702,495282.062,1698279420,254.4,254.47
495359.498,495393.982,1698279480,254.5,254.63
495218.464,495246.943,1698279540,254.63,254.51
495276.852,495273.741,1698279600,254.51,254.59
495047.944,495007.891,1698279660,254.61,254.58
495057.283,495069.655,1698279720,254.58,254.88
494932.788,494933.616,1698279780,254.87,254.81
494942.376,494959.268,1698279840,254.84,254.77
494991.817,495039.637,1698279900,254.78,254.93
495053.974,495039.299,1698279960,254.89,255.08
495136.155,495155.637,1698280020,255.08,255
495169.907,495243.886,1698280080,255.02,255.16
495311.93,495632.875,1698280140,255.17,254.95
495795.15,495783.891,1698280200,254.95,255.32
495807.92,495693.22,1698280260,255.32,255.68
495793.185,496365.396,1698280320,255.65,255.3
496338.832,496489.099,1698280380,255.28,255.62
496600.413,496603.304,1698280440,255.62,255.41
496579.408,496570.41,1698280500,255.43,255.36
496576.412,496443.366,1698280560,255.39,255.05
496416.817,496510.231,1698280620,255.03,254.6
496507.682,496495.276,1698280680,254.61,254.7
496492.822,496558.241,1698280740,254.69,255.15
496484.4,496457.322,1698280800,255.16,254.98
496426.777,496468.228,1698280860,254.98,254.93
496519.107,496526.818,1698280920,254.92,254.59
496523.987,496545.077,1698280980,254.62,254.82
496538.746,496684.441,1698281040,254.84,254.65
496686.055,496635.336,1698281100,254.64,254.11
496429.411,496086.535,1698281160,254.1,253.43
495924.83,495981.913,1698281220,253.42,253.05
495833.025,495850.518,1698281280,253.04,252.96
495876.302,495780.251,1698281340,252.97,253.26
495697.812,495747.008,1698281400,253.26,253.46
495737.19,495707.686,1698281460,253.47,253.48
495985.841,495975.395,1698281520,253.48,253.73
496111.997,496084.902,1698281580,253.72,254.3
496058.826,496081.769,1698281640,254.26,254.51
496130.417,496286.417,1698281700,254.48,254.49
496330.186,496369.061,1698281760,254.48,254.17
496419.793,496118.006,1698281820,254.12,254.89
496203.27,496202.254,1698281880,254.88,254.69
496214.67,496188.145,1698281940,254.69,254.81
496189.981,496160.978,1698282000,254.8,254.58
496025.652,496048.186,1698282060,254.59,255.1
496005.387,496092.404,1698282120,255.04,254.81
496106.1,496099.274,1698282180,254.8,254.83
496078.554,496094.506,1698282240,254.86,254.53
496064.001,496056.528,1698282300,254.5,254.54
496274.158,496254.539,1698282360,254.54,254.69
496147.963,496154.638,1698282420,254.68,254.57
496187.489,496185.219,1698282480,254.55,254.8
496151.315,496131.395,1698282540,254.79,254.49
496134.037,496207.336,1698282600,254.45,254.86
496190.975,496197.63,1698282660,254.85,254.76
496247.61,496272.111,1698282720,254.74,254.6
496264.331,496230.886,1698282780,254.59,254.66
496213.368,496228.774,1698282840,254.62,254.47
496191.745,496202.425,1698282900,254.46,254.52
496320.523,496281.129,1698282960,254.52,254.45
496263.397,496240.893,1698283020,254.45,254.49
496235.757,496200.436,1698283080,254.51,254.67
496205.366,496212.241,1698283140,254.67,254.48
496215.88,496260.567,1698283200,254.48,254.54
496284.685,496295.467,1698283260,254.54,254.64
496158.77,496074.613,1698283320,254.7,254.62
496087.492,496059.154,1698283380,254.6,254.85
496062.716,496078.817,1698283440,254.86,254.95
496099.225,496128.451,1698283500,254.93,255.1
496150.964,496142.929,1698283560,255.09,254.87
496190.866,496176.063,1698283620,254.88,255.01
496165.952,496177.738,1698283680,255,255.22
496189.228,496210.708,1698283740,255.2,255.19
496192.506,496196.929,1698283800,255.19,255.36
496229.133,496361.667,1698283860,255.36,255.29
496343.22,496341.907,1698283920,255.29,255.21
496371.695,496367.26,1698283980,255.21,255.29
496367.977,496394.595,1698284040,255.3,255.1
496394.95,496368.588,1698284100,255.1,255.42
496357.52,496329.824,1698284160,255.4,255.52
496380.8,496336.353,1698284220,255.52,255.64
496374.601,495830.264,1698284280,255.62,255.66
495816.376,495987.884,1698284340,255.67,255.4
495953.107,495960.783,1698284400,255.38,255.38
495956.675,496123.326,1698284460,255.35,254.83
496116.568,496010.787,1698284520,254.81,254.45
496070.775,495991.62,1698284580,254.43,254.55
495964.474,496015.805,1698284640,254.55,253.93
495806.964,496024.345,1698284700,253.91,253.69
495995.317,495927.809,1698284760,253.69,254.23
495918.921,495810.22,1698284820,254.24,253.66
495526.413,495440.975,1698284880,253.65,254.05
495455.139,495484.908,1698284940,254.08,254.31
495764.369,495754.424,1698285000,254.33,254.65
495566.493,495505.804,1698285060,254.65,254.08
495494.904,495799.398,1698285120,254.09,253.88
495789.346,495793.667,1698285180,253.88,254.16
495787.736,495878.833,1698285240,254.14,254.09
495895.218,495939.149,1698285300,254.1,254.27
495985.509,496009.899,1698285360,254.29,254.45
496011.754,496096.406,1698285420,254.43,254.3
496063.565,496050.648,1698285480,254.3,254.4
496030.735,496046.405,1698285540,254.37,254.38
496025.371,496024.122,1698285600,254.37,254.02
496062.18,496001.818,1698285660,254.04,254.43
495937.621,495993.479,1698285720,254.39,253.75
496099.485,496079.318,1698285780,253.76,253.85
496056.719,496061.631,1698285840,253.85,254.21
496037.133,496016.976,1698285900,254.22,254.37
496039.197,496056.98,1698285960,254.36,254.36
496053.182,496055.144,1698286020,254.33,253.81
496054.311,496102.324,1698286080,253.82,254.06
496204.81,496226.558,1698286140,254.07,254.4
496227.843,496225.33,1698286200,254.41,254.39
496153.376,496082.002,1698286260,254.38,254.33
496090.207,496092.405,1698286320,254.39,254.08
496062.438,496055.291,1698286380,254.1,253.91
496068.357,496072.373,1698286440,253.91,253.77
496050.452,496071.307,1698286500,253.78,253.79
495875.559,495796.307,1698286560,253.79,253.67
495804.799,495609.267,1698286620,253.67,253.74
495602.427,495612.281,1698286680,253.73,253.84
495593.037,495604.582,1698286740,253.85,253.61
495593.978,495605.595,1698286800,253.6,253.47
495606.033,495609.089,1698286860,253.49,253.92
495624.224,495635.37,1698286920,253.91,253.64
495619.253,495630.236,1698286980,253.66,253.65
495630.236,495640.838,1698287040,253.69,254.05
495610.116,495642.039,1698287100,254.05,253.74
495653.13,495661.409,1698287160,253.72,253.63
495651.092,495651.721,1698287220,253.62,253.39
495574.396,495611.131,1698287280,253.4,253.55
495640.651,495636.337,1698287340,253.54,253.5
495624.701,495598.723,1698287400,253.5,253.86
495595.416,495552.284,1698287460,253.86,253.83
495552.873,495559.567,1698287520,253.84,253.94
495524.602,495522.522,1698287580,253.93,254.01
495529.12,495524.194,1698287640,254.02,254.09
495515.754,495537.404,1698287700,254.09,254
495515.615,495514.303,1698287760,254.01,254.07
495494.834,495508.515,1698287820,254.08,254.1
495575.662,495628.004,1698287880,254.13,254.45
495680.341,495748.427,1698287940,254.45,254.29
495728.434,495813.897,1698288000,254.28,254.4
495833.254,495845.435,1698288060,254.37,254.52
495921.321,495945.778,1698288120,254.52,254.44
495917.757,495906.599,1698288180,254.44,254.41
495902.413,495918.463,1698288240,254.42,254.26
495921.922,495891.01,1698288300,254.26,254.36
495900.125,495904.393,1698288360,254.36,254.39
495922.753,495900.428,1698288420,254.4,254.3
495880.621,495869.764,1698288480,254.29,254.07
495806.892,495773.723,1698288540,254.07,254.17
495773.165,495773.081,1698288600,254.18,254.28
495752.83,495770.212,1698288660,254.26,254.32
495769.049,495744.465,1698288720,254.32,254.31
495745.706,495745.18,1698288780,254.32,254.5
495733.028,495741.492,1698288840,254.46,254.5
495757.465,495769.547,1698288900,254.51,254.51
495772.039,495763.35,1698288960,254.51,254.51
495781.767,495788.079,1698289020,254.47,254.42
495747.264,495739.495,1698289080,254.38,254.37
495718.143,495704.175,1698289140,254.37,254.54
495659.213,495666.879,1698289200,254.52,254.43
495657.955,495646.756,1698289260,254.42,254.57
495654.948,495641.299,1698289320,254.58,254.59
495616.425,495608.14,1698289380,254.59,254.61
495591.274,495609.812,1698289440,254.61,254.63
495692.779,495759.893,1698289500,254.64,254.68
495767.363,495804.028,1698289560,254.68,254.78
495796.947,495906.276,1698289620,254.77,254.47
495935.369,495915.043,1698289680,254.48,254.33
495914.888,495925.933,1698289740,254.33,254.43
495880.974,495911.094,1698289800,254.43,254.44
495928.255,495989.611,1698289860,254.44,254.19
495998.893,495972.196,1698289920,254.19,254.4
495966.621,495979.832,1698289980,254.4,254.19
495972.369,495840.943,1698290040,254.17,254.2
495825.757,495841.393,1698290100,254.2,254.38
495834.695,495840.287,1698290160,254.38,254.48
495845.122,495833.795,1698290220,254.48,254.49
495857.496,495873.519,1698290280,254.48,254.4
495832.24,495810.6,1698290340,254.41,254.62
495786.696,495784.211,1698290400,254.62,254.9
495784.731,495836.208,1698290460,254.91,254.92
495865.197,495811.799,1698290520,254.93,254.93
495777.442,495748.134,1698290580,254.92,255.12
495778.26,495591.342,1698290640,255.12,255.16
495590.268,495592.818,1698290700,255.17,255.44
495613.77,495604.783,1698290760,255.44,255.53
495483.792,495411.71,1698290820,255.53,255.24
495389.684,495391.508,1698290880,255.24,255.55
495382.189,495364.483,1698290940,255.54,255.46
495373.501,495411.064,1698291000,255.44,255.31
495404.371,495424.462,1698291060,255.33,255.54
495488.889,495517.116,1698291120,255.54,255.64
495503.129,495536.377,1698291180,255.64,255.17
495515.101,495503.394,1698291240,255.16,255.48
495487.558,495476.334,1698291300,255.47,255.69
495554.538,495505.703,1698291360,255.7,255.87
495509.54,495471.631,1698291420,255.85,255.86
495470.763,495454.367,1698291480,255.86,255.73
495581.738,495552.826,1698291540,255.74,255.74
495527.44,495520.521,1698291600,255.74,255.74
495589.025,495617.258,1698291660,255.73,255.73
495590.805,495586.401,1698291720,255.74,255.93
495581.553,495649.48,1698291780,255.93,255.59
495736.728,495736.248,1698291840,255.61,255.4
495700.301,495689.548,1698291900,255.41,255.04
495693.262,495628.954,1698291960,255.03,254.91
495951.043,495934.663,1698292020,254.92,255.27
495939.992,495945.699,1698292080,255.29,255.27
495971.82,496025.111,1698292140,255.27,255.62
496056.237,496047.71,1698292200,255.65,255.77
496068.621,496062.935,1698292260,255.76,255.54
496034.587,496099.282,1698292320,255.54,255.24
496124.085,496130.838,1698292380,255.23,255.38
496058.816,496077.521,1698292440,255.37,255.51
496125.304,496153.703,1698292500,255.53,255.43
496151.122,496144.139,1698292560,255.43,255.65
496156.737,496215.915,1698292620,255.65,255.82
496276.907,496286.449,1698292680,255.85,255.9
496261.969,496542.99,1698292740,255.9,256.06
496535.882,496577.664,1698292800,256.06,256.25
496740.962,496765.771,1698292860,256.24,256.24
496764.9,496948.556,1698292920,256.22,255.96
496813.882,497011.206,1698292980,255.96,255.83
497106.263,497191.478,1698293040,255.85,255.61
497157.431,497180.403,1698293100,255.62,255.67
497197.611,497207.421,1698293160,255.66,255.53
497162.246,497212.627,1698293220,255.53,255.34
497348.803,497449.352,1698293280,255.33,255.35
497428.995,497517.937,1698293340,255.35,255.24
497498.469,497248.129,1698293400,255.23,255.14
497241.211,497232.218,1698293460,255.12,255.14
497240.599,497195.273,1698293520,255.13,255.03
497208.353,497200.405,1698293580,255.03,254.98
497198.387,497284.825,1698293640,254.95,254.99
497277.939,497265.911,1698293700,254.98,254.97
497256.527,497269.92,1698293760,254.97,255.19
497271.907,497272.875,1698293820,255.16,254.83
497221.054,497185.783,1698293880,254.83,254.7
497156.17,497167.589,1698293940,254.75,255.15
497212.166,497208.214,1698294000,255.15,255.13
497217.605,497215.488,1698294060,255.12,254.88
497179.449,497195.25,1698294120,254.86,254.94
497179.058,497178.368,1698294180,254.93,254.65
496926.948,496932.909,1698294240,254.69,254.79
496962.741,496953.355,1698294300,254.78,254.94
496957.694,496977.149,1698294360,254.92,254.86
496993.052,496994.469,1698294420,254.85,254.88
496995.096,496995.667,1698294480,254.87,254.61
496995.566,497018.427,1698294540,254.61,254.81
497003.963,497011.643,1698294600,254.82,254.75
497000.775,497020.078,1698294660,254.74,254.52
497028.328,496942.389,1698294720,254.52,254.37
496964.078,496924.713,1698294780,254.36,254.35
496938.247,496938.247,1698294840,254.33,254.61
496941.588,496789.537,1698294900,254.6,254.72
496780.631,496781.702,1698294960,254.72,254.67
496797.467,496778.062,1698295020,254.64,254.83
496771.12,496755.981,1698295080,254.83,255
496649.147,496637.241,1698295140,255,254.95
496638.706,496488.176,1698295200,254.95,254.42
496479.049,496483.224,1698295260,254.43,254.39
496493.083,496482.298,1698295320,254.38,254.65
496597.616,496609.211,1698295380,254.64,254.85
496576.393,496580.552,1698295440,254.88,254.67
496604.116,496612.81,1698295500,254.67,254.55
496638.945,496638.779,1698295560,254.56,254.72
496512.459,496497.042,1698295620,254.72,254.49
496492.362,496460.773,1698295680,254.47,254.6
496432.686,496424.956,1698295740,254.58,254.6
496411.467,496463.881,1698295800,254.55,254.76
496489.37,496523.395,1698295860,254.76,254.54
496510.997,496525.897,1698295920,254.52,254.32
496505.849,496486.818,1698295980,254.31,254.61
496381.201,496361.258,1698296040,254.61,254.45
496427.303,496448.583,1698296100,254.48,254.63
496442.91,496539.69,1698296160,254.59,254.36
496454.547,496442.388,1698296220,254.38,254.2
496402.666,496658.971,1698296280,254.24,254.47
496666.753,496648.986,1698296340,254.47,254.5
496638.206,496655.519,1698296400,254.49,254.26
496660.01,496599.801,1698296460,254.26,254.23
496601.479,496572.598,1698296520,254.23,254.3
496649.95,496646.344,1698296580,254.32,254.3
496665.176,496689.503,1698296640,254.28,254.16
496741.075,496739.991,1698296700,254.19,254.17
496725.898,496708.685,1698296760,254.19,254.28
496698.611,496686.575,1698296820,254.29,254.17
496708.095,497255.236,1698296880,254.17,254.19
497292.315,497276.333,1698296940,254.18,254.3
497300.266,497226.248,1698297000,254.32,254.27
497223.391,497252.297,1698297060,254.27,254.42
497227.389,497247.893,1698297120,254.4,254.2
497258.09,497243.752,1698297180,254.21,254.28
497236.193,497371.607,1698297240,254.28,254.42
497387.777,497368.56,1698297300,254.42,254.37
497348.585,497372.908,1698297360,254.38,254.42
497361.462,497180.584,1698297420,254.42,254.14
496326.556,496201.56,1698297480,254.13,253.74
496200.148,496205.934,1698297540,253.75,253.83
496193.288,496209.585,1698297600,253.81,253.4
496262.466,496110.493,1698297660,253.4,253.54
496155.176,496113.305,1698297720,253.56,253.55
496083.324,496148.857,1698297780,253.53,253.61
496128.679,496276.801,1698297840,253.61,253.63
496276.181,496264.572,1698297900,253.6,253.38
496272.482,496331.139,1698297960,253.39,253.46
496309.573,496315.569,1698298020,253.44,253.48
496244.322,496250.49,1698298080,253.5,253.23
496097.027,496079.896,1698298140,253.24,253.34
496049.359,495976.322,1698298200,253.33,253.36
495971.912,496148.33,1698298260,253.36,253.49
496078.414,496079.218,1698298320,253.5,253.35
496083.047,496072.539,1698298380,253.32,253.24
496205.537,496249.163,1698298440,253.23,252.98
496239.187,496275.222,1698298500,252.97,252.87
496219.633,496228.332,1698298560,252.89,252.83
496153.241,495896.744,1698298620,252.81,252.58
495830.563,495586.221,1698298680,252.57,252.68
495582.756,495551.286,1698298740,252.7,252.4
495515.778,495545.081,1698298800,252.42,252.41
495519.569,495381.564,1698298860,252.39,252.61
495405.422,495281.657,1698298920,252.6,252.47
495246.412,495230.711,1698298980,252.45,252.43
495247.401,495287.491,1698299040,252.43,252.66
495326.134,495416.474,1698299100,252.65,252.43
495197.341,495063.54,1698299160,252.45,252.26
495061.008,494904.523,1698299220,252.26,252.3
494806.299,494806.299,1698299280,252.29,251.79
494937.157,494972.409,1698299340,251.79,251.73
495007.097,495001.689,1698299400,251.73,251.45
494966.091,494906.395,1698299460,251.45,251.23
494947.555,494773.289,1698299520,251.23,251.45
494671.866,494745.708,1698299580,251.44,251.18
494242.287,494154.826,1698299640,251.15,251.31
494155.305,494117.098,1698299700,251.28,251.65
494378.635,494429.863,1698299760,251.63,251.2
494564.453,494607.923,1698299820,251.2,250.9
494493.663,494469.151,1698299880,250.89,251.04
494488.122,494461.476,1698299940,251.03,251.09
494589.072,494416.045,1698300000,251.09,250.85
494552.786,494462.694,1698300060,250.88,250.4
494428.635,494214.682,1698300120,250.41,250.33
494188.082,494077.392,1698300180,250.3,249.96
494210.759,494237.82,1698300240,249.95,249.88
493984.462,494027.476,1698300300,249.88,250.1
493902.887,493656.641,1698300360,250.1,249.44
493741.017,493866.446,1698300420,249.43,249.05
493887.96,493849.326,1698300480,249.06,249.7
493834.828,493746.866,1698300540,249.7,249.73
493842.116,494059.429,1698300600,249.75,249.55
494099.257,494315.45,1698300660,249.55,249.92
494327.814,494560.722,1698300720,249.93,250.34
494739.123,494746.659,1698300780,250.39,250.28
494748.102,494783.897,1698300840,250.26,250.45
494796.503,494800.792,1698300900,250.44,250.06
494778.926,494809.328,1698300960,250.06,250.45
494799.037,494781.862,1698301020,250.46,250.55
494809.313,494474.151,1698301080,250.54,250.58
494422.398,494602.953,1698301140,250.6,250.74
494576.208,494622.166,1698301200,250.74,250.82
494747.497,494747.497,1698301260,250.83,250.83
494742.772,494783.795,1698301320,250.83,250.84
494783.23,494702.725,1698301380,250.86,250.99
494752.441,494765.909,1698301440,250.98,251.22
494776.239,494792.926,1698301500,251.23,250.87
494705.761,494680.379,1698301560,250.87,250.93
494733.299,494750.038,1698301620,250.93,251.03
494762.122,494799.397,1698301680,251.02,251.21
494816.276,494839.248,1698301740,251.21,250.96
494824.078,494811.943,1698301800,250.96,250.97
494816.159,494556.995,1698301860,250.98,251.44
494669.665,494673.845,1698301920,251.44,251.45
494791.363,494770.633,1698301980,251.44,251.31
494695.587,494556.934,1698302040,251.3,251.5
494643.301,494634.373,1698302100,251.49,251.53
494665.481,494641.146,1698302160,251.53,251.58
494680.416,494704.707,1698302220,251.59,251.67
494407.554,494414.798,1698302280,251.66,251.77
494355.402,494367.637,1698302340,251.76,251.69
494342.342,494389.861,1698302400,251.7,251.79
494324.482,494324.482,1698302460,251.79,251.79
494255.797,494291.589,1698302520,251.79,251.96
494232.156,494232.156,1698302580,251.96,252.08
494211.873,494294.126,1698302640,252.08,252
494341.678,494341.678,1698302700,252,251.98
494329.004,494374.859,1698302760,252.01,251.97
494422.268,494438.618,1698302820,251.98,252.12
494441.778,494574.342,1698302880,252.12,252.23
494597.681,494590.327,1698302940,252.23,252.19
494420.282,494438.846,1698303000,252.18,252.19
494471.52,494379.725,1698303060,252.18,252.25
494220.993,494539.354,1698303120,252.25,252.22
494539.771,494534.199,1698303180,252.22,252.36
494547.672,494514.852,1698303240,252.36,252.37
494531.926,494530.577,1698303300,252.36,252.39
494529.648,494526.732,1698303360,252.36,252.33
494827.476,494890.122,1698303420,252.31,252.54
494903.117,494939.125,1698303480,252.53,252.47
494761.862,494746.597,1698303540,252.47,252.56
494755.939,494758.01,1698303600,252.56,252.24
494745.839,495224.124,1698303660,252.23,252.05
495248.62,495351.41,1698303720,252.05,251.93
495304.795,495421.17,1698303780,251.94,251.86
495467.437,495416.374,1698303840,251.88,251.59
495945.714,495958.646,1698303900,251.58,251.64
495952.683,495947.11,1698303960,251.64,251.8
495924.674,495859.429,1698304020,251.82,251.7
495840.849,495830.203,1698304080,251.7,252.22
495605.049,495584.462,1698304140,252.23,252.22
495546.719,495491.626,1698304200,252.21,252.12
495434.381,495441.311,1698304260,252.13,252.49
495450.305,495358.091,1698304320,252.48,252.88
495180.885,494842.057,1698304380,252.88,253.63
494784.235,494800.078,1698304440,253.62,253.77
494882.675,494913.038,1698304500,253.79,253.88
494882.117,494764.269,1698304560,253.9,253.92
494756.126,494755.19,1698304620,253.92,254.35
495222.921,495241.404,1698304680,254.34,254.56
495269.379,495271.634,1698304740,254.57,254.37
495273.061,495041.746,1698304800,254.4,254.92
494969.77,495054.224,1698304860,254.9,254.82
494990.096,494786.936,1698304920,254.85,254.78
494788.31,494785.301,1698304980,254.82,254.7
494779.047,494813.43,1698305040,254.65,254.5
494813.585,494801.346,1698305100,254.5,254.88
494818.284,494417.607,1698305160,254.96,254.88
494471.4,494724.289,1698305220,254.87,255.32
494642.507,494572.528,1698305280,255.32,255.05
494367.559,494382.281,1698305340,255.06,255.55
494136.835,494079.202,1698305400,255.6,255.03
493939.339,493862.198,1698305460,255.03,254.94
493734.099,493550.436,1698305520,254.94,255.32
493455.926,493398.275,1698305580,255.32,255.26
493440.554,493347.592,1698305640,255.26,255.24
493321.963,491698.074,1698305700,255.23,254.85
491595.872,491574.068,1698305760,254.85,255.71
491526.733,491684.217,1698305820,255.72,255.73
491498.397,491359.826,1698305880,255.72,255.68
491299.152,491321.467,1698305940,255.68,255.91
491387.78,490914.359,1698306000,255.89,255.83
491124.138,491136.812,1698306060,255.83,256.12
491190.674,491617.491,1698306120,256.16,256.35
491345.504,491122.346,1698306180,256.36,256.24
491121.547,491189.386,1698306240,256.24,255.95
490880.796,490924.932,1698306300,255.96,255.29
490707.008,490653.34,1698306360,255.29,255.49
490684.559,490760.357,1698306420,255.5,255.4
490707.516,490684.96,1698306480,255.4,255.15
490632.783,490613.219,1698306540,255.16,255.22
490516.879,490295.741,1698306600,255.23,255
490281.234,490896.231,1698306660,255.01,254.55
491129.943,491055.864,1698306720,254.58,254.33
491007.144,490909.333,1698306780,254.33,254.5
490946.403,490776.397,1698306840,254.5,254.54
490761.43,490876.971,1698306900,254.58,254.88
490766.959,490754.905,1698306960,254.88,254.78
490744.022,490762.257,1698307020,254.79,254.42
490894.198,490984.445,1698307080,254.42,254.14
490939.271,490832.888,1698307140,254.12,254.46
490730.486,490559.257,1698307200,254.46,254.45
490639.297,490650.766,1698307260,254.45,254.65
490590.279,490542.673,1698307320,254.65,255.58
490304.907,490155.063,1698307380,255.57,255.55
490187.153,490671.838,1698307440,255.54,255.23
490676.37,490662.41,1698307500,255.24,255.57
490582.468,491023.817,1698307560,255.55,255.82
491097.694,491102.153,1698307620,255.8,255.29
491111.531,491093.454,1698307680,255.29,255.38
491160.597,491187.756,1698307740,255.37,255.4
491260.413,491407.658,1698307800,255.41,255
491645.373,491632.98,1698307860,255.01,253.96
490758.111,490683.712,1698307920,253.96,254.06
490698.049,490691.968,1698307980,254.05,253.38
490520.835,490324.44,1698308040,253.38,253.56
490358.274,490181.766,1698308100,253.61,253.87
490184.854,490182.202,1698308160,253.86,253.83
490180.146,490196.729,1698308220,253.81,253.74
490229.257,490301.958,1698308280,253.73,253.9
490291.369,490260.774,1698308340,253.86,253.99
490251.175,490314.01,1698308400,253.96,253.83
490363.913,490320.752,1698308460,253.83,253.54
490054.083,490106.077,1698308520,253.55,253.27
489848.395,489796.114,1698308580,253.28,253.95
489806.705,490017.616,1698308640,253.95,253.88
490070.948,490035.5,1698308700,253.89,253.57
490032.881,490014.777,1698308760,253.58,253.86
489998.369,490014.839,1698308820,253.86,253.49
490045.399,490051.067,1698308880,253.49,253.28
490061.343,489862.364,1698308940,253.28,252.84
489543.893,489548.941,1698309000,252.8,252.72
489317.75,488984.064,1698309060,252.77,252.75
488890.817,488975.763,1698309120,252.77,253.19
488939.32,489037.576,1698309180,253.2,253.3
489034.684,489005.461,1698309240,253.29,253.62
489019.456,489050.842,1698309300,253.68,253.9
489096.34,489099.317,1698309360,253.89,253.92
489100.244,489131.562,1698309420,253.91,253.67
489158.871,489158.871,1698309480,253.67,253.84
489252.972,489470.729,1698309540,253.81,253.88
489390.801,489514.781,1698309600,253.9,253.94
490107.641,490123.574,1698309660,253.93,254.06
490110.905,490089.77,1698309720,254.06,253.78
490076.123,490035.385,1698309780,253.78,254.04
490053.898,489970.783,1698309840,254.05,254.16
489929.463,489869.547,1698309900,254.15,254.23
489856.704,489761.959,1698309960,254.24,254.35
489717.507,489731.289,1698310020,254.35,254.47
489683.115,489702.221,1698310080,254.47,254.52
489575.851,489558.677,1698310140,254.54,254.76
489643.341,489614.269,1698310200,254.78,254.67
489631.493,489673.958,1698310260,254.67,253.98
489510.137,489480.89,1698310320,253.97,254.45
489553.643,489577.356,1698310380,254.45,254.8
489849.566,489851.219,1698310440,254.78,254.66
489974.156,489970.647,1698310500,254.66,254.69
489991.446,490010.71,1698310560,254.72,254.65
490092.972,490144.156,1698310620,254.65,254.41
490154.513,490163.65,1698310680,254.45,254.21
490218.857,490177.837,1698310740,254.24,254.22
490121.287,490014.234,1698310800,254.23,253.9
489963.45,490084.362,1698310860,253.9,254.04
490043.205,489938.571,1698310920,254.05,254.09
489913.533,489956.283,1698310980,254.09,254.13
489935.584,489982.41,1698311040,254.11,254.21
490032.436,490143.477,1698311100,254.23,254.52
490069.338,490115.809,1698311160,254.5,254.82
490179.458,490208.382,1698311220,254.8,254.58
490204.687,490119.185,1698311280,254.57,254.59
490149.817,490216.856,1698311340,254.58,254.43
490259.878,490305.332,1698311400,254.44,254.63
490283.87,490308.734,1698311460,254.62,254.31
490372.728,490569.762,1698311520,254.31,253.78
490581.303,490885.756,1698311580,253.78,253.2
490802.505,490829.122,1698311640,253.17,253.3
490707.434,490681.913,1698311700,253.29,252.78
490545.907,490492.587,1698311760,252.78,252.84
490551.688,490564.696,1698311820,252.85,252.99
490486.733,490362.343,1698311880,252.98,252.24
489927.501,489913.284,1698311940,252.24,252.42
489720.343,489671.212,1698312000,252.43,252.88
489595.658,489583.997,1698312060,252.83,252.68
489522.232,489516.552,1698312120,252.72,252.02
489465.957,489530.67,1698312180,252.02,252.23
489543.026,489517.619,1698312240,252.29,252.48
489831.13,489902.772,1698312300,252.5,252.09
489861.319,489867.358,1698312360,252.08,252.02
489904.473,489706.977,1698312420,252,251.7
489722.327,489453.642,1698312480,251.71,251.42
489455.816,489361.057,1698312540,251.41,251.23
489472.689,489507.948,1698312600,251.23,251.68
489509.049,489474.403,1698312660,251.68,251.71
489557.391,489591.42,1698312720,251.72,252.05
489549.991,489601.699,1698312780,252.04,252.25
489600.544,489614.678,1698312840,252.24,252.15
489672.167,489680.397,1698312900,252.14,252.32
489669.524,489611.133,1698312960,252.32,252.4
489664.308,489842.674,1698313020,252.4,252.28
489814.022,489809.3,1698313080,252.29,252.18
489735.727,489744.773,1698313140,252.19,252.49
489732.827,489747.635,1698313200,252.5,252.5
489732.278,489745.803,1698313260,252.52,252.39
489799.001,489802.876,1698313320,252.39,252.58
489788.039,489929.897,1698313380,252.58,252.41
489942.03,489923.068,1698313440,252.44,252.56
489935.493,489962.829,1698313500,252.55,253.34
489707.439,489585.197,1698313560,253.33,253.17
489585.135,489682.655,1698313620,253.17,252.8
489584.363,489684.313,1698313680,252.8,252.62
489650.416,489654.15,1698313740,252.63,252.76
489653.663,489598.494,1698313800,252.76,252.61
489712.31,489507.114,1698313860,252.62,253.07
489528.001,489557.047,1698313920,253.08,252.97
489567.028,489620.048,1698313980,252.97,252.66
489732.06,489881.474,1698314040,252.67,252.92
489873.535,489905.783,1698314100,252.96,252.99
489958.769,490007.873,1698314160,252.99,253.04
490018.574,490079.851,1698314220,253.05,252.99
490075.706,490080.43,1698314280,252.98,252.79
490109.116,490207.526,1698314340,252.79,252.83
490188.673,490086.764,1698314400,252.83,252.74
489876.644,489857.657,1698314460,252.74,252.5
490054.484,490168.098,1698314520,252.5,251.96
490171.078,490191.204,1698314580,251.98,251.86
490188.788,490216.67,1698314640,251.87,251.9
489963.001,489978.285,1698314700,251.87,251.38
489925.327,489914.211,1698314760,251.39,251.73
489860.974,489841.908,1698314820,251.67,251.29
489863.677,489690.339,1698314880,251.3,251.47
489765.883,489721.542,1698314940,251.48,252.26
489765.776,489740.894,1698315000,252.26,252.31
489625.893,489710.637,1698315060,252.3,252.65
489832.235,489827.301,1698315120,252.65,252.51
489902.276,489893.208,1698315180,252.51,252.35
489948.434,489920.934,1698315240,252.34,252.67
490206.345,490213.517,1698315300,252.65,252.02
490380.938,490546.605,1698315360,252.02,251.98
490536.188,490518.074,1698315420,251.99,252.4
490494.579,490475.587,1698315480,252.39,252.72
490469.373,490434.251,1698315540,252.69,253.08
490430.627,490420.797,1698315600,253.06,253.03
490424.087,490379.604,1698315660,253.04,253.43
490280.387,490277.399,1698315720,253.43,253.21
490345.939,490380.725,1698315780,253.21,253.15
490381.732,490393.78,1698315840,253.14,253.12
490378.437,490533.152,1698315900,253.12,253.05
490535.187,490369.651,1698315960,253.04,252.86
490342.537,490311.245,1698316020,252.87,253.28
490317.519,490346.644,1698316080,253.31,253.11
490341.817,490383.831,1698316140,253.11,252.94
490364.076,490372.67,1698316200,252.95,252.86
490375.881,490394.85,1698316260,252.86,252.8
490373.186,490406.214,1698316320,252.81,253.33
490380.846,490355.207,1698316380,253.32,253.46
490282.34,490269.625,1698316440,253.47,253.37
490272.88,490466.438,1698316500,253.35,253.04
490432.237,490405.32,1698316560,253.04,252.4
490468.568,490434.106,1698316620,252.41,252.61
490255.627,490290.653,1698316680,252.62,252.74
490408.926,490435.469,1698316740,252.75,252.78
490434.399,490825.174,1698316800,252.79,252.52
490848.114,490752.033,1698316860,252.52,252.6
490693.247,490716.906,1698316920,252.61,252.52
490725.851,490742.482,1698316980,252.47,252.32
490682.736,490895.324,1698317040,252.32,252.17
490807.552,490737.202,1698317100,252.17,251.95
490680.349,490316.442,1698317160,251.98,251.24
489941.241,489933.988,1698317220,251.2,251.43
489930.286,490087.168,1698317280,251.39,251.9
490526.185,490758.183,1698317340,251.9,251.78
490662.068,490549.695,1698317400,251.78,252.41
490542.43,490636.352,1698317460,252.41,252.03
490625.064,490685.355,1698317520,252.04,252.48
490759.931,490902.779,1698317580,252.47,252.48
490939.376,490817.314,1698317640,252.49,252.24
490824.221,490951.504,1698317700,252.24,252.47
490824.394,490866.91,1698317760,252.47,252.77
490966.802,490946.413,1698317820,252.78,252.7
490924.416,490942.785,1698317880,252.7,252.75
490952.912,490930.211,1698317940,252.76,252.8
490935.868,490857.724,1698318000,252.8,252.82
490838.254,490796.282,1698318060,252.82,252.78
490821.476,490788.206,1698318120,252.79,252.87
490881.206,490986.809,1698318180,252.86,253.07
491023.783,491100.583,1698318240,253.07,252.88
491500.451,491609.272,1698318300,252.87,253.08
491612.922,491615.01,1698318360,253.08,253.04
491641.291,491662.662,1698318420,253.06,253.05
491662.614,491654.978,1698318480,253.03,253.06
491573.755,491611.458,1698318540,253.06,253.11
491599.873,491622.143,1698318600,253.09,252.89
491645.499,491659.288,1698318660,252.89,253.04
491686.826,491689.532,1698318720,253.06,253.18
491692.683,491686.207,1698318780,253.19,253.02
491686.29,491634.648,1698318840,253.04,252.97
491472.309,491492.69,1698318900,252.98,252.56
491393.828,491410.627,1698318960,252.55,252.84
491440.405,491428.53,1698319020,252.85,252.71
491450.451,491365.449,1698319080,252.7,252.22
491501.182,491474.308,1698319140,252.19,252.14
491153.049,491204.161,1698319200,252.15,251.91
491195.041,491256.589,1698319260,251.9,251.9
491246.768,491262.105,1698319320,251.88,251.66
491285.031,491265.036,1698319380,251.66,251.77
491297.548,491426.687,1698319440,251.78,252.01
491483.374,491492.832,1698319500,252.05,251.48
491531.223,491509.535,1698319560,251.45,251.4
491502.585,491542.243,1698319620,251.4,251.43
491552.858,491497.404,1698319680,251.44,251.42
491514.106,491539.661,1698319740,251.43,251.56
491547.422,491719.452,1698319800,251.55,251.37
491660.298,491660.298,1698319860,251.37,251.71
491657.941,491671.876,1698319920,251.7,251.5
491661.444,491660,1698319980,251.55,251.57
491631.079,491774.661,1698320040,251.57,251.85
491837.527,491792.449,1698320100,251.86,251.53
491747.018,491724.06,1698320160,251.54,251.16
491905.29,491649.801,1698320220,251.15,251.16
491699.21,491775.38,1698320280,251.18,250.51
491858.373,491528.401,1698320340,250.54,249.69
491255.047,491357.666,1698320400,249.69,249.82
491345.809,491258.126,1698320460,249.76,249.58
491618.738,490930.282,1698320520,249.57,248.61
490504.88,490455.551,1698320580,248.6,249.21
490200.929,489975.619,1698320640,249.2,248.62
490098.67,490035.94,1698320700,248.62,248.25
489642.246,489707.316,1698320760,248.24,248.73
489697.492,489633.396,1698320820,248.74,248.64
489838.588,490096.786,1698320880,248.67,248.2
489755.467,490148.192,1698320940,248.2,248.11
490320.058,490635.031,1698321000,248.11,248.54
490631.719,490622.268,1698321060,248.54,248.9
490611.102,490515.231,1698321120,248.89,249.18
490468.073,490627.407,1698321180,249.19,249.45
490558.747,490631.921,1698321240,249.45,249.83
490736.539,490697.315,1698321300,249.82,249.8
490607.897,490695.302,1698321360,249.8,249.82
490712.68,490702.99,1698321420,249.88,250.18
490635.041,490644.914,1698321480,250.18,250
490637.1,490620.652,1698321540,249.97,249.83
490585.235,490638.496,1698321600,249.82,249.81
490834.549,490904.482,1698321660,249.8,250.32
490838.431,490799.347,1698321720,250.32,250.48
490815.207,490721.829,1698321780,250.46,250.47
490770.664,490907.789,1698321840,250.47,250.33
490875.15,490930.891,1698321900,250.33,250.19
490999.006,491001.425,1698321960,250.19,249.92
491040.24,491163.698,1698322020,249.94,250.23
491212.431,491185.878,1698322080,250.23,250.58
491325.563,491443.858,1698322140,250.58,250.72
491470.508,491487.15,1698322200,250.73,250.79
491510.159,491434.628,1698322260,250.8,250.98
491346.272,491351.052,1698322320,250.97,250.91
491347.5,491457.323,1698322380,250.9,250.73
491458.009,491597.498,1698322440,250.72,250.82
491619.358,491563.725,1698322500,250.82,250.44
491463.002,491463.199,1698322560,250.45,250.32
491461.998,491465.293,1698322620,250.33,250.5
491527.918,491565.333,1698322680,250.51,250.18
491559.479,491572.626,1698322740,250.16,250.73
491639.424,491623.277,1698322800,250.73,250.64
491632.306,491660.915,1698322860,250.64,250.77
492043.836,492044.985,1698322920,250.76,250.65
492328.067,492396.12,1698322980,250.64,250.65
492336.534,492383.89,1698323040,250.66,250.84
492306.125,492302.2,1698323100,250.82,250.61
492280.754,492282.361,1698323160,250.62,250.93
491972.938,491951.515,1698323220,250.93,250.78
491975.062,491916.163,1698323280,250.78,250.89
491987.993,491905.037,1698323340,250.89,250.45
491938.516,491965.317,1698323400,250.46,250.39
491992.235,491950.277,1698323460,250.37,250.67
491945.96,491945.96,1698323520,250.67,250.92
491995.416,491965.744,1698323580,250.92,251.17
491937.63,491926.633,1698323640,251.16,250.92
491855.053,491882.038,1698323700,250.92,250.62
491868.452,491911.916,1698323760,250.62,250.92
491921.682,491952.975,1698323820,250.9,250.92
491959.202,492095.365,1698323880,250.91,250.87
492085.299,492113.715,1698323940,250.85,250.77
492126.007,492164.767,1698324000,250.81,250.85
492212.513,492217.321,1698324060,250.88,251.15
492145.989,492114.849,1698324120,251.15,251.16
492110.981,492117.554,1698324180,251.16,251.13
492145.831,492159.264,1698324240,251.13,251.09
492161.319,492505.11,1698324300,251.08,250.88
492494.658,492483.377,1698324360,250.89,250.92
492454.185,492447.224,1698324420,250.9,250.86
492451.095,492416.116,1698324480,250.86,250.72
492411.692,492372.58,1698324540,250.72,250.74
493169.202,493141.144,1698324600,250.74,251.19
493498.003,493544.643,1698324660,251.19,251.3
493558.694,493474.554,1698324720,251.31,251.06
493416.282,493401.646,1698324780,251.07,251.06
493396.687,493380.368,1698324840,251.05,251.44
493366.597,493344.082,1698324900,251.44,251.53
493668.87,493583.4,1698324960,251.52,251.34
493589.629,493592.529,1698325020,251.33,251.4
493599.817,493304.55,1698325080,251.41,251.37
493375.474,493407.218,1698325140,251.37,251.05
493399.908,493496.023,1698325200,251.06,251.18
493487.259,493507.925,1698325260,251.18,250.97
493509.613,493496.498,1698325320,250.98,251.24
493487.824,493480.249,1698325380,251.26,251.25
493475.611,493473.872,1698325440,251.25,251.21
493484.837,493477.617,1698325500,251.23,251.1
493475.563,493480.733,1698325560,251.11,251.14
493498.621,493485.244,1698325620,251.15,250.97
493514.647,493624.141,1698325680,250.96,250.97
493615.072,493604.821,1698325740,250.96,250.86
493647.802,493621.62,1698325800,250.85,250.67
493639.94,493653.684,1698325860,250.68,250.79
493651.178,493645.787,1698325920,250.8,250.88
493580.886,493579.177,1698325980,250.89,250.87
493579.495,493585.309,1698326040,250.86,250.86
493584.134,493695.102,1698326100,250.86,250.9
493711.383,493690.139,1698326160,250.9,251.16
493842.158,493737.284,1698326220,251.13,250.5
493726.093,494091.456,1698326280,250.5,250.46
494055.096,493969.948,1698326340,250.5,250.55
494002.981,494026.776,1698326400,250.54,250.73
494438.828,494450.328,1698326460,250.73,250.6
494467.89,494477.976,1698326520,250.59,250.27
494476.702,494501.594,1698326580,250.27,250.39
494487.875,494478.86,1698326640,250.4,250.27
494423.586,494372.132,1698326700,250.28,250.34
494334.217,494331.592,1698326760,250.36,250.21
494293.123,494320.529,1698326820,250.21,249.96
494312.765,494381.931,1698326880,249.99,250.14
494331.416,494287.341,1698326940,250.14,249.83
494195.789,494134.16,1698327000,249.83,250.06
494140.341,494202.123,1698327060,250.08,250.41
494192.995,494172.55,1698327120,250.4,250.31
494187.693,494219.59,1698327180,250.3,250.01
494311.312,494321.979,1698327240,250.06,250.02
494325.047,494325.047,1698327300,250.02,249.65
494266.933,493881.447,1698327360,249.65,249.5
493935.754,493976.724,1698327420,249.5,249.42
493975.821,493891.863,1698327480,249.42,249.3
493871.524,493871.237,1698327540,249.3,249.18
493968.883,493876.787,1698327600,249.17,249.38
493807.054,493852.003,1698327660,249.36,249.78
494008.594,494027.818,1698327720,249.79,250
494037.469,494154.131,1698327780,250,250.26
494281.896,494278.503,1698327840,250.25,250.13
494278.653,494169.363,1698327900,250.11,250.12
494188.989,494099.905,1698327960,250.12,250.23
494112.19,494110.01,1698328020,250.2,249.86
494098.461,494052.724,1698328080,249.84,249.68
494040.598,493829.262,1698328140,249.68,249.46
493774.766,493814.153,1698328200,249.43,249.56
493824.691,493854.983,1698328260,249.56,249.31
493891.695,494016.647,1698328320,249.31,249.73
494193.187,494223.205,1698328380,249.74,249.53
494217.471,494246.703,1698328440,249.52,248.91
494127.024,494139.539,1698328500,248.91,248.66
494103.991,494044.509,1698328560,248.67,248.69
494061.431,494143.151,1698328620,248.69,248.3
494037.612,494069.69,1698328680,248.31,248.2
493892.149,493942.635,1698328740,248.19,248.32
493749.618,493762.36,1698328800,248.31,248.44
493801.889,493988.818,1698328860,248.49,248.43
493769.482,493759.638,1698328920,248.44,248.68
493628.455,493644.889,1698328980,248.67,249.01
493630.014,493637.573,1698329040,249,249.14
493671.978,493661.384,1698329100,249.15,249.26
493713.63,493740.893,1698329160,249.26,249.29
493804.741,493790.168,1698329220,249.26,249.44
493821.158,493967.243,1698329280,249.39,249.42
493995.878,494173.729,1698329340,249.41,249.07
494177.729,494265.213,1698329400,249.04,249.41
494246.629,494226.051,1698329460,249.38,249.67
494382.784,494392.231,1698329520,249.67,249.53
494421.868,494434.771,1698329580,249.54,249.84
494436.571,494450.537,1698329640,249.84,249.59
494434.236,494386.657,1698329700,249.6,249.49
494348.868,494224.091,1698329760,249.48,249.22
494174.539,494169.181,1698329820,249.22,248.83
494081.48,494080.706,1698329880,248.82,248.97
494097.653,494205.13,1698329940,248.99,249.1
494229.727,494174.992,1698330000,249.11,249.34
494163.784,494105.022,1698330060,249.34,249.15
494497.358,494405.448,1698330120,249.14,248.71
494410.853,494286.627,1698330180,248.72,247.85
494248.022,495302.733,1698330240,247.88,247.93
495428.3,495557.975,1698330300,247.93,248.15
495339.668,495342.364,1698330360,248.15,248.31
495435.887,495649.547,1698330420,248.32,248.15
495743.778,496080.391,1698330480,248.14,248.23
496045.642,496396.013,1698330540,248.2,248.2
496428.489,496433.229,1698330600,248.22,247.06
495946.828,495977.21,1698330660,247.05,246.48
495745.736,492007.775,1698330720,246.47,245.65
490813.388,491114.887,1698330780,245.62,244.85
491276.427,491257.539,1698330840,244.82,244.68
491709.382,491447.947,1698330900,244.67,244.24
491597.085,491491.643,1698330960,244.25,245.11
491586.928,491636.82,1698331020,245.11,244.14
491774.809,487966.473,1698331080,244.14,242.3
487495.79,488080.299,1698331140,242.29,242.89
488273.807,488352.95,1698331200,242.88,243.04
488189.131,488023.604,1698331260,243.03,243.54
488060.801,487986.891,1698331320,243.55,243.38
487999.567,487775.027,1698331380,243.37,243.77
487842.122,487928.898,1698331440,243.74,243.86
488032.151,488009.9,1698331500,243.86,244.24
487812.728,487982.803,1698331560,244.24,244.17
487940.024,487849.829,1698331620,244.18,244.67
487754.287,487608.005,1698331680,244.66,244.88
487642.043,487520.588,1698331740,244.9,244.99
487513.849,488288.759,1698331800,245.01,245.13
488266.194,488343.22,1698331860,245.17,245.05
488449.279,488339.362,1698331920,245.07,244.9
488222.661,488278.695,1698331980,244.9,245.14
488389.106,488233.982,1698332040,245.15,245.11
488275.249,488145.258,1698332100,245.14,245.08
488449.11,488423.64,1698332160,245.09,245.48
488444.181,488443.513,1698332220,245.48,245.28
488270.38,488282.8,1698332280,245.27,245.13
488283.034,488400.231,1698332340,245.12,245.4
488411.4,488358.568,1698332400,245.4,245.53
488220.466,488264.315,1698332460,245.51,245.71
488461.613,488558.386,1698332520,245.72,244.88
488588.506,488551.073,1698332580,244.88,244.81
488731.272,488794.956,1698332640,244.81,244.58
488833.115,488702.748,1698332700,244.59,244.39
488568.733,488577.019,1698332760,244.39,244.7
488775.615,488840.779,1698332820,244.69,244.15
488764.246,488724.81,1698332880,244.15,244.16
488915.389,488919.572,1698332940,244.15,244.21
488977.67,488920.063,1698333000,244.21,244.24
488908.074,488939.999,1698333060,244.22,243.97
488824.575,488721.914,1698333120,243.95,244.03
488848.292,488865.761,1698333180,244,243.9
488836.979,488827.152,1698333240,243.89,243.8
488774.461,488779.504,1698333300,243.77,243.29
488778.568,488833.305,1698333360,243.3,243.28
488953.313,489082.881,1698333420,243.27,243.23
489346.036,489386.268,1698333480,243.22,242.86
489555.84,489623.138,1698333540,242.85,242.55
489489.916,489456.981,1698333600,242.55,242.42
489324.595,489439.39,1698333660,242.43,242.48
489481.945,489495.434,1698333720,242.48,242.61
489748.803,489646.303,1698333780,242.59,242.27
489584.992,489660.409,1698333840,242.27,242.65
489340.095,489497.591,1698333900,242.64,241.85
489548.421,489939.505,1698333960,241.84,241.89
489999.12,490053.11,1698334020,241.89,241.95
489948.935,490617.89,1698334080,241.95,242.41
490816.655,490838.317,1698334140,242.39,242.01
490856.269,490866.478,1698334200,241.99,240.95
490781.434,490809.231,1698334260,240.96,241.91
491039.417,490892.963,1698334320,241.92,242.54
490510.304,490049.942,1698334380,242.53,242.79
490035.22,490172.329,1698334440,242.78,242.9
490281.219,490277.985,1698334500,242.92,242.88
490236.978,490407.213,1698334560,242.87,242.94
490395.758,490455.46,1698334620,242.96,242.79
490496.978,490681.57,1698334680,242.8,242.64
490684.65,490526.596,1698334740,242.59,242.57
490526.348,490583.597,1698334800,242.54,242.64
490582.633,490602.786,1698334860,242.62,242.67
490593.76,490571.008,1698334920,242.67,242.27
490656.366,490512.885,1698334980,242.27,242.03
490494.254,490674.033,1698335040,242,242.2
490460.59,490176.709,1698335100,242.19,242.22
490150.829,490358.944,1698335160,242.22,242.72
490279.398,490228.176,1698335220,242.72,242.99
490288.12,490282.878,1698335280,242.97,243.19
490267.653,490592.805,1698335340,243.21,243.37
490436.551,490375.655,1698335400,243.38,243.35
490329.944,490213.889,1698335460,243.35,243.13
490198.46,490211.755,1698335520,243.13,243.18
490103.257,490123.758,1698335580,243.19,243.42
490135.959,490064.922,1698335640,243.43,243.39
490045.495,490002.906,1698335700,243.38,243.53
489975.505,489849.771,1698335760,243.52,243.76
489894.414,489861.076,1698335820,243.75,243.83
489665.204,489627.22,1698335880,243.83,243.65
489531.063,489621.966,1698335940,243.64,243.56
489673.572,489647.135,1698336000,243.58,243.45
489596.445,489435.683,1698336060,243.42,243.88
489313.264,489281.026,1698336120,243.87,243.93
489270.48,489254.835,1698336180,243.93,243.77
489257.723,489292.113,1698336240,243.78,243.85
489432.015,489417.691,1698336300,243.86,243.81
489521.059,489461.422,1698336360,243.8,242.97
489437.419,489553.426,1698336420,242.98,242.87
489541.743,489518.917,1698336480,242.87,243.01
489652.717,489662.257,1698336540,243.01,242.96
489666.806,489780.48,1698336600,242.96,243.08
489792.502,489742.704,1698336660,243.08,242.73
489773.892,489755.335,1698336720,242.72,242.95
489747.902,489782.513,1698336780,242.97,243.03
489741.218,489756.126,1698336840,243.03,242.89
489998.965,490022.438,1698336900,242.88,242.83
489973.242,489892.64,1698336960,242.86,243.33
489937.938,489831.518,1698337020,243.36,243.62
489825.072,489872.277,1698337080,243.66,243.87
489856.199,489890.376,1698337140,243.82,243.36
489901.861,489942.812,1698337200,243.35,242.79
489922.074,489916.533,1698337260,242.72,242.79
489906.298,490007.057,1698337320,242.84,242.74
490026.589,490014.8,1698337380,242.72,243.29
490013.358,490156.204,1698337440,243.29,242.69
490159.993,490222.278,1698337500,242.69,242.55
490285.265,490284.353,1698337560,242.56,243.08
490284.007,490256.233,1698337620,243.09,243.55
490503.683,490500.341,1698337680,243.56,243.47
490450.835,490526.135,1698337740,243.46,243.41
490505.45,490541.287,1698337800,243.41,243.71
490529.366,490028.816,1698337860,243.72,243.51
490095.208,490100.248,1698337920,243.49,243.41
490098.623,490055.888,1698337980,243.45,242.33
490131.085,490106.574,1698338040,242.33,242.72
490149.624,490063.637,1698338100,242.7,243.18
490072.839,490559.266,1698338160,243.2,242.97
490610.024,490451.783,1698338220,242.95,242.9
490564.325,490622.969,1698338280,242.94,243.07
490536.542,490553.491,1698338340,243.07,242.96
490464.643,490411.336,1698338400,242.95,242.85
490440.771,490397.117,1698338460,242.9,242.94
490697.761,490773.058,1698338520,242.93,242.95
490666.915,490695.147,1698338580,242.93,242.84
490690.674,490707.951,1698338640,242.78,242.53
490772.312,490862.381,1698338700,242.55,242.55
490893.194,491047.65,1698338760,242.55,242.43
490956.975,490935.604,1698338820,242.46,242.49
490919.183,490976.539,1698338880,242.49,243
490990.878,491082.962,1698338940,242.98,242.6
491086.268,491250.857,1698339000,242.61,242.04
491280.672,491407.464,1698339060,242.06,242.21
491507.325,491535.81,1698339120,242.2,242.58
491581.38,491568.099,1698339180,242.59,242.83
491504.671,491558.801,1698339240,242.85,242.35
491571.586,491696.184,1698339300,242.36,242.71
491682.188,491660.235,1698339360,242.7,242.99
491743.763,491657.03,1698339420,243.02,242.87
491626.092,491592.519,1698339480,242.86,242.85
491610.79,491811.417,1698339540,242.85,242.5
491926,491963.27,1698339600,242.5,242.87
492045.699,492040.949,1698339660,242.87,242.78
492054.841,492042.676,1698339720,242.79,243.28
491933.797,492015.405,1698339780,243.29,243.22
492007.254,491992.075,1698339840,243.25,243.39
492142.584,492133.032,1698339900,243.38,243.27
492124.982,492041.978,1698339960,243.27,243.6
492018.268,491999.232,1698340020,243.6,243.46
492021.491,492045.197,1698340080,243.45,243.79
492097.686,492017.52,1698340140,243.79,243.82
492039.911,492005.683,1698340200,243.82,243.75
492065.42,492064.648,1698340260,243.76,244.13
492221.469,492202.922,1698340320,244.13,244.19
492172.283,492203.322,1698340380,244.18,244.09
492260.741,492277.081,1698340440,244.09,244.1
492272.789,492366.106,1698340500,244.12,243.97
492417.178,492378.208,1698340560,243.97,244.03
492344.505,492344.505,1698340620,244.02,244.35
492340.108,492353.89,1698340680,244.33,244.31
492327.525,492321.746,1698340740,244.34,244.14
492301.515,492272.568,1698340800,244.11,244.08
