"OI_open","OI_close","timestamp","price_open","price_close"
611095.35,611012.57,1699274820,246.61,246.62
611003.98,610833.88,1699274880,246.61,246.46
610751.23,610676.43,1699274940,246.46,246.49
610682.82,610688.11,1699275000,246.48,246.6
610675.77,610610.29,1699275060,246.59,246.4
610540.24,610715.03,1699275120,246.41,246.68
610665.25,610682.29,1699275180,246.67,246.72
610681.98,610698.42,1699275240,246.71,246.66
610716.05,610716.05,1699275300,246.66,246.58
610773.86,610738.87,1699275360,246.57,246.63
610753.22,610799.05,1699275420,246.63,246.7
610937.82,611661.23,1699275480,246.7,247.11
611485.43,611465.05,1699275540,247.11,247.24
611587.65,611786.4,1699275600,247.23,247.22
611769.37,613050.25,1699275660,247.22,247.43
616663.06,616551.43,1699275720,247.43,248.51
628623.27,630713.41,1699275780,248.49,248.92
631517.05,632160.09,1699275840,248.93,249.49
632286.96,632713.71,1699275900,249.47,248.62
632818.89,633370.25,1699275960,248.61,248.83
633248.14,633204.75,1699276020,248.84,249.22
634348.47,634566.16,1699276080,249.21,249.1
634555.46,650080.94,1699276140,249.09,250.68
655544.89,659260.71,1699276200,250.63,252.78
660517.47,661044.22,1699276260,252.78,251.88
658104.01,659541.5,1699276320,251.87,251.24
660173.54,661758.98,1699276380,251.23,251.48
662315.55,663484.5,1699276440,251.49,251.26
664622.97,664828.41,1699276500,251.26,251.41
663690.78,663248.14,1699276560,251.41,250.41
661308.47,661308.47,1699276620,250.41,249.98
661212.66,661597.54,1699276680,249.97,250.28
662242.54,662340.82,1699276740,250.28,250.73
662692.46,662383.84,1699276800,250.73,250.12
662923.72,663156.23,1699276860,250.12,249.7
663377.57,663742.36,1699276920,249.72,250.18
663608.59,663890.3,1699276980,250.19,250.12
664171.55,664482.18,1699277040,250.12,250.23
664360.3,664440.92,1699277100,250.23,250.33
664400.66,659097.83,1699277160,250.33,248.3
655700.85,655557.26,1699277220,248.28,248.77
655858.01,655640.29,1699277280,248.78,248.84
655740.44,655819.12,1699277340,248.84,249
653105.4,652722.7,1699277400,248.99,249.12
652474.76,655144.72,1699277460,249.13,249.8
656863.84,657162,1699277520,249.8,249.92
657249.09,657303.01,1699277580,249.92,249.91
657046.83,657072.84,1699277640,249.92,249.69
657391.9,657575.83,1699277700,249.69,250.09
657525.73,656751.68,1699277760,250.09,249.7
659752.18,661363.28,1699277820,249.7,251.86
660811.58,661507.73,1699277880,251.82,252.64
666115.71,665782.29,1699277940,252.65,252.3
666301.67,666213.31,1699278000,252.29,251.86
666096.3,666096.3,1699278060,251.86,251.03
665332.79,665738.13,1699278120,251.04,251.2
665766.43,665196.91,1699278180,251.21,250.08
664842.47,665195.61,1699278240,250.07,250.12
665342.3,665128.45,1699278300,250.15,250.33
665239.44,665149.12,1699278360,250.33,250.11
665185.19,664849.39,1699278420,250.12,249.49
663414.51,663288.82,1699278480,249.5,249.51
663361.62,663677.98,1699278540,249.51,249.68
663476.2,663771.17,1699278600,249.68,249.39
663369.66,662849.67,1699278660,249.39,249.57
662631.64,662605.31,1699278720,249.57,249.26
662421.26,662542.41,1699278780,249.25,249.41
662260.01,662213.16,1699278840,249.41,249.13
661842.58,661343.67,1699278900,249.15,249.29
661130.51,660913.73,1699278960,249.3,249.4
660845.94,660713.92,1699279020,249.4,249.34
660961.63,661114.12,1699279080,249.34,249.24
661082.42,661013.96,1699279140,249.25,249.5
661058.4,661111.36,1699279200,249.5,249.44
661580.09,660734.24,1699279260,249.43,249.94
661117.94,660918.52,1699279320,249.95,249.99
660745.69,660318.42,1699279380,249.99,250.44
660173.16,660134.95,1699279440,250.43,250.46
659697.29,659697.29,1699279500,250.46,250.56
659782.75,659985.52,1699279560,250.56,250.35
660084.17,660574,1699279620,250.34,250.84
660547.64,660610.88,1699279680,250.84,251.16
660464.2,660658.26,1699279740,251.16,251.29
660672.78,660226.49,1699279800,251.3,251.13
659768.08,658981.99,1699279860,251.14,250.55
658664.34,658717.34,1699279920,250.56,250.78
658986.58,659007.7,1699279980,250.8,250.51
659089.53,659610.54,1699280040,250.51,250.87
661122.77,661320.88,1699280100,250.88,251.11
661361.92,661520.24,1699280160,251.11,250.88
661490.33,661360.95,1699280220,250.89,251
661438.97,661407.02,1699280280,251,251.04
661440.68,661027.95,1699280340,251.04,251.22
660951.62,660181.7,1699280400,251.22,251.05
660082.59,660363.68,1699280460,251.04,251.55
660335.69,660640.56,1699280520,251.55,252.07
661759.64,661908.65,1699280580,252.07,251.91
662170.13,662140.22,1699280640,251.91,252.19
662352.74,662320.17,1699280700,252.21,252.14
662555.07,662555.07,1699280760,252.13,252.23
662492.07,662395.76,1699280820,252.23,252.15
661946.92,662264.78,1699280880,252.16,252.1
662156.22,662745.81,1699280940,252.09,251.93
662665.69,662780.98,1699281000,251.93,252.78
664403.61,664691.52,1699281060,252.76,252.56
665045.68,665075.3,1699281120,252.55,252.55
665334.26,665230.51,1699281180,252.55,251.55
661788.25,658830.59,1699281240,251.53,251.41
658668.72,658652.84,1699281300,251.41,251.56
658936.75,659095.37,1699281360,251.57,251.75
659074.1,659171.97,1699281420,251.75,251.96
659299.02,659441.11,1699281480,251.94,252.23
659675.26,659689.97,1699281540,252.23,252.15
659281.99,659886.89,1699281600,252.16,251.89
659544.19,659533.32,1699281660,251.89,251.72
659858.16,659021.93,1699281720,251.73,251.35
657959.66,657720.83,1699281780,251.35,251.54
657924.79,657905.93,1699281840,251.55,251.86
657882.25,657780.93,1699281900,251.86,251.67
657722.4,657758.78,1699281960,251.68,252.33
657928.59,657826.74,1699282020,252.33,252.04
657192.59,657192.59,1699282080,252.04,252.38
657171.13,656870.57,1699282140,252.38,252.58
655714.5,655751.45,1699282200,252.59,253.13
656316.97,658471.46,1699282260,253.13,253.51
658954.34,659284.75,1699282320,253.52,253.28
658068.6,657711.45,1699282380,253.28,253.4
657691.61,657824.65,1699282440,253.4,253.93
659565.84,659878.09,1699282500,253.93,254.11
659912.98,659866.65,1699282560,254.14,254.07
660039.8,659491.56,1699282620,254.08,253.77
658539.04,658607.44,1699282680,253.77,253.8
658839.96,658551.33,1699282740,253.81,254.49
658370.88,658365.28,1699282800,254.48,253.51
658057.2,658185.96,1699282860,253.51,253.75
658342.88,658557.36,1699282920,253.76,253.41
657800.07,656012.29,1699282980,253.4,253.05
655862.77,655815.15,1699283040,253.01,252.73
655875.78,655873.95,1699283100,252.72,252.76
656631.84,656719.95,1699283160,252.77,252.89
655765.43,655479.99,1699283220,252.88,252.55
655431.21,655407.83,1699283280,252.55,252.47
655635.17,655475.13,1699283340,252.47,252.57
655975.19,655975.19,1699283400,252.58,252.47
655953.7,656208.38,1699283460,252.47,252.82
656151.19,656301.95,1699283520,252.82,253.08
656174.3,655110.94,1699283580,253.09,252.64
654923.08,654927.89,1699283640,252.65,252.68
654815.65,654850.78,1699283700,252.69,252.54
654822.66,654794.7,1699283760,252.53,252.27
654468.14,654380.52,1699283820,252.23,252.22
654326.78,652644.86,1699283880,252.23,252.31
653234.52,653086.89,1699283940,252.31,252.36
652930.57,652908.28,1699284000,252.37,252.92
652911.62,652991.35,1699284060,252.92,252.96
652487.93,652346.36,1699284120,252.96,253.02
652311.37,652481.61,1699284180,253.02,253.01
652742.91,652551.82,1699284240,253.01,253.11
653718.37,652642.96,1699284300,253.12,252.82
652448.32,652553.15,1699284360,252.82,252.61
652533.44,652430.13,1699284420,252.61,252.67
652510.82,652406.3,1699284480,252.65,252.77
652103.46,651974.63,1699284540,252.77,252.82
651733.94,651471.46,1699284600,252.82,252.33
651239.03,650665.82,1699284660,252.33,251.7
649921.89,650811.71,1699284720,251.69,251.85
650441.26,650245.11,1699284780,251.85,251.65
649707.1,649589.25,1699284840,251.65,251.72
649428.76,649428.76,1699284900,251.73,251.72
649476.4,649507.87,1699284960,251.72,251.11
648821.25,648468.81,1699285020,251.12,251.49
648370.49,648393.2,1699285080,251.49,251.11
648181.49,648239.62,1699285140,251.12,251.57
648208.81,648376.68,1699285200,251.57,252.14
648386.78,648464.8,1699285260,252.14,252.16
648420.75,648411.17,1699285320,252.17,251.63
648341.46,648333.97,1699285380,251.64,251.82
648466.07,648426.35,1699285440,251.83,251.92
648351.31,648369.01,1699285500,251.92,251.67
648568.38,648534.73,1699285560,251.68,251.6
648566.81,648519.5,1699285620,251.6,251.52
648273.53,647793.38,1699285680,251.53,251.45
647592.36,647723.09,1699285740,251.45,251.69
647661.99,648423.42,1699285800,251.69,252.04
648408.69,648648.14,1699285860,252.05,251.97
648603.17,648548.6,1699285920,251.97,251.78
648560.8,648566.92,1699285980,251.78,251.98
648500.69,648444.72,1699286040,251.97,251.91
648404.36,648215.92,1699286100,251.91,251.89
648230.61,648214.64,1699286160,251.93,251.85
648107.59,648103.6,1699286220,251.85,251.63
648124.4,648341.11,1699286280,251.64,251.67
648317.65,648353.93,1699286340,251.67,251.9
648082.27,648082.27,1699286400,251.91,251.69
647939.35,647923.7,1699286460,251.69,252.09
648037.2,648027.74,1699286520,252.09,251.9
647965.35,647998.01,1699286580,251.9,252.06
648014.68,648197.97,1699286640,252.06,252.1
648154.4,648544.08,1699286700,252.12,251.49
648487.6,648401.57,1699286760,251.5,251.36
648304.9,648227.69,1699286820,251.36,251.3
648003.95,647574.17,1699286880,251.29,251.18
647516,647443.87,1699286940,251.18,251.09
647371.26,646390.75,1699287000,251.1,250.7
646249.85,646116.79,1699287060,250.7,250.55
646256.52,644541.35,1699287120,250.55,250.19
644541.07,645636.47,1699287180,250.2,250.37
645637.83,645652.13,1699287240,250.36,250.36
645632.54,645610.89,1699287300,250.37,250.12
645213.45,645067.74,1699287360,250.12,250.2
644926.55,645065.48,1699287420,250.2,250.18
645085.57,645160.83,1699287480,250.18,250.41
645236.65,645335.26,1699287540,250.4,250.7
645232.34,645324.68,1699287600,250.7,250.33
645598.2,645440.13,1699287660,250.34,250.28
645467.88,645557.1,1699287720,250.29,250.54
645439.86,645279.63,1699287780,250.55,250.34
645403.38,645468.4,1699287840,250.35,250.83
644899.62,644899.62,1699287900,250.84,250.77
644869.73,645937.23,1699287960,250.78,250.86
645696.35,645835.39,1699288020,250.87,250.87
645833.6,645604.06,1699288080,250.88,251.05
645558.17,645644.43,1699288140,251.06,251.26
645550.42,645505.2,1699288200,251.25,251.46
645629.45,645287.81,1699288260,251.46,251.44
645228.14,645387.78,1699288320,251.45,251.55
645212.47,645201.69,1699288380,251.55,251.67
643580.8,642333.7,1699288440,251.67,251.33
642128.13,642109.54,1699288500,251.32,251.46
641789.43,641828.44,1699288560,251.46,251.34
641759.16,641783.59,1699288620,251.34,251.38
641635.48,641677.41,1699288680,251.4,251.67
641613.28,641496.19,1699288740,251.66,251.66
641455.87,641475.32,1699288800,251.66,251.52
641379.17,641543.94,1699288860,251.51,251.57
641624.8,641405.95,1699288920,251.57,251.57
641518.22,641451.91,1699288980,251.56,251.64
641447.23,641466.04,1699289040,251.65,251.63
641234.31,641224.14,1699289100,251.63,251.44
641248.58,641170.91,1699289160,251.44,250.94
641002.68,640887.51,1699289220,250.94,251.09
640891.82,640057.64,1699289280,251.1,251.05
640045.22,640080.41,1699289340,251.05,251.29
640436.31,640310.49,1699289400,251.3,251.11
640348.19,640294.53,1699289460,251.12,251.18
640294.01,640294.01,1699289520,251.19,251.25
640258.06,640278.03,1699289580,251.26,251.4
640355.44,640301.68,1699289640,251.4,251.33
640270.11,640287.21,1699289700,251.34,251.33
640336.09,640386.1,1699289760,251.34,251.53
640362.76,640189.76,1699289820,251.53,251.5
640192.81,640436.68,1699289880,251.5,251.11
640363.31,640367.15,1699289940,251.11,251.07
640400.63,640309.33,1699290000,251.07,251.12
639998.68,640001.88,1699290060,251.12,251.23
640154.71,640063.32,1699290120,251.23,251.2
640046.9,639972.08,1699290180,251.2,251.3
640025.34,639962.39,1699290240,251.3,250.96
639595.91,639586.59,1699290300,250.97,251.15
639588.79,639646.1,1699290360,251.15,251.27
639444.01,639510.81,1699290420,251.28,251.5
640083.18,640191.57,1699290480,251.51,251.87
640341.6,640456.14,1699290540,251.88,251.85
640383.43,640427.46,1699290600,251.86,251.92
640430.77,640529.29,1699290660,251.92,252.18
640555.57,640633.91,1699290720,252.18,252.09
640678.45,640673.96,1699290780,252.08,252.07
640645.66,640645.66,1699290840,252.07,251.96
640687.95,640848.08,1699290900,251.97,251.93
640835.98,640914.03,1699290960,251.94,251.97
640992.57,640992.57,1699291020,251.97,252.38
640959.72,640504.35,1699291080,252.37,252.4
640184.06,640249.95,1699291140,252.4,252.25
639810.04,639815.7,1699291200,252.26,252.26
639845.06,639858.41,1699291260,252.27,252.13
639512.76,639671.33,1699291320,252.14,251.94
639711.98,639770.26,1699291380,251.95,252.14
639789.83,639769.41,1699291440,252.15,252.16
639917.2,640000.76,1699291500,252.15,252.03
640208.89,640424.65,1699291560,252.03,251.63
639631.33,639718.42,1699291620,251.63,251.72
639800.55,639813.24,1699291680,251.73,252.05
639798.21,639798.86,1699291740,252.06,251.94
639688.73,639800.14,1699291800,251.94,251.87
639962.83,639933.94,1699291860,251.88,252.13
639884.17,639850,1699291920,252.14,251.8
639806.79,639838.58,1699291980,251.8,251.66
639841.61,639839.42,1699292040,251.65,251.47
639761.94,639783.58,1699292100,251.47,251.37
639863.75,639827.41,1699292160,251.38,251.12
639932.69,640072.16,1699292220,251.12,251.13
640025.09,640025.09,1699292280,251.13,251.1
640022.73,640039.98,1699292340,251.1,251.29
640189.43,640602.05,1699292400,251.29,251.1
640676.28,640726.1,1699292460,251.1,251.1
639928.13,639969.14,1699292520,251.1,251.22
639946.35,640011.84,1699292580,251.21,251.5
639998.16,639888.51,1699292640,251.49,251.2
639848.49,639790.78,1699292700,251.21,251.08
639704.59,639711.55,1699292760,251.09,251.15
639785.8,639909.25,1699292820,251.15,251.26
639965.25,640063.88,1699292880,251.27,251.45
639983.09,640008.57,1699292940,251.45,251.28
639942.81,639956.31,1699293000,251.28,251.11
639929.67,640106.31,1699293060,251.11,251.37
640080.95,640097.4,1699293120,251.37,251.33
640030.61,640089.59,1699293180,251.32,251.33
640073.5,640077.55,1699293240,251.32,251.33
640048.66,640065.05,1699293300,251.33,251.34
639979.06,639975.25,1699293360,251.33,251.24
640017.82,640044.3,1699293420,251.24,251.35
640035.03,640055.71,1699293480,251.35,251.33
640026.31,640026.31,1699293540,251.34,251.28
640060.93,639898.15,1699293600,251.29,251.55
639832.31,639568.2,1699293660,251.54,251.74
639438.94,639073.15,1699293720,251.74,251.33
639119.25,639119.99,1699293780,251.33,251.56
639017.7,639111.02,1699293840,251.56,251.51
639079.68,639008.37,1699293900,251.51,251.42
638993.96,639058.22,1699293960,251.42,251.45
639060.97,639059.21,1699294020,251.46,251.56
639047.64,638859.21,1699294080,251.56,251.38
638782.5,638803.32,1699294140,251.38,251.35
638821.68,638772.6,1699294200,251.36,251.28
638827.73,638798.03,1699294260,251.28,250.99
638840,638886.33,1699294320,250.99,250.73
638983.22,638903.99,1699294380,250.74,250.77
638902.22,638928.78,1699294440,250.77,250.81
638897.23,638860.04,1699294500,250.82,250.7
638917.73,639330.88,1699294560,250.71,250.61
639327.05,639251.97,1699294620,250.6,250.55
640712.13,640661.42,1699294680,250.54,250.36
640441.66,640441.66,1699294740,250.36,250.3
640224.66,640162.75,1699294800,250.31,250.47
640227.99,640192.97,1699294860,250.47,250.54
640208.48,640291.38,1699294920,250.55,250.68
640303.36,640304.21,1699294980,250.68,251.04
640661.22,640721.27,1699295040,251.04,250.73
639144.14,639208.76,1699295100,250.73,250.67
639104.11,639101.35,1699295160,250.66,250.48
639004.57,639004.98,1699295220,250.48,250.48
638940.67,638954.51,1699295280,250.49,250.4
638682.36,638705.85,1699295340,250.39,250.42
638658.61,638689.38,1699295400,250.43,250.46
638719.7,638734.14,1699295460,250.46,250.61
638836.15,638840.48,1699295520,250.61,250.57
638746.1,638736.72,1699295580,250.56,250.62
638764.62,638757.43,1699295640,250.62,250.72
638708.63,638686.71,1699295700,250.73,250.78
638465.22,638584.21,1699295760,250.78,250.64
638580.4,638568.94,1699295820,250.65,250.71
638614.32,638840.52,1699295880,250.71,250.97
638813.05,638809.03,1699295940,250.97,251
638718.01,638687.55,1699296000,250.99,250.98
638723.65,638723.65,1699296060,250.97,251.04
638734.7,638746.67,1699296120,251.05,250.96
638748.97,638748.97,1699296180,250.95,251.05
638782.96,638707.4,1699296240,251.06,251.16
638729.98,638692.69,1699296300,251.17,251.19
638689.93,638700.5,1699296360,251.19,251.41
638602.22,638519.87,1699296420,251.4,251.63
638386.46,638376.82,1699296480,251.64,251.35
638442.34,638498.59,1699296540,251.37,251.43
638793.46,638570.17,1699296600,251.42,251.32
638578.33,638580.74,1699296660,251.32,251.44
638623.21,638633.73,1699296720,251.45,251.63
638703.86,638669.06,1699296780,251.62,251.53
638816.19,638789.28,1699296840,251.52,251.58
638854.43,638808.78,1699296900,251.57,251.6
638829.15,638768.73,1699296960,251.59,251.63
638855.2,638833.45,1699297020,251.63,251.71
638904.83,638982.46,1699297080,251.72,251.64
639198.37,639371.61,1699297140,251.64,251.75
639415.99,639431.95,1699297200,251.75,251.76
639422.98,641466.71,1699297260,251.76,251.46
641528.27,641609.26,1699297320,251.47,251.53
641741.31,641741.31,1699297380,251.53,251.49
641762.61,641786.4,1699297440,251.5,251.78
641837.58,641750.4,1699297500,251.79,251.54
641660.07,641722.67,1699297560,251.55,251.75
641806.21,641831.25,1699297620,251.75,251.67
641707.51,642100.54,1699297680,251.67,252.08
642156.67,641986.16,1699297740,252.07,251.96
642028.18,642318.23,1699297800,251.95,252.23
642410.2,642407.56,1699297860,252.21,252.21
642425.26,642456.04,1699297920,252.21,252.35
642539.25,642717.35,1699297980,252.35,252.39
642888.65,642961.7,1699298040,252.39,252.52
643132.44,643490.38,1699298100,252.53,252.53
643624.96,643530.3,1699298160,252.54,252.51
643545.05,643723.52,1699298220,252.5,252.65
643841.04,643902.4,1699298280,252.66,252.73
643896.69,643895.9,1699298340,252.72,252.7
644026.53,644204.72,1699298400,252.7,252.56
643904.23,643705.49,1699298460,252.55,252.52
643550.54,643409.21,1699298520,252.52,252.52
643448.77,643440.44,1699298580,252.52,252.58
643351.5,643403.4,1699298640,252.58,252.48
643196.63,643054.04,1699298700,252.49,252.36
643099.58,643099.58,1699298760,252.36,252.49
643131.71,643055.6,1699298820,252.51,252.42
643033.47,643017.73,1699298880,252.41,252.56
643045.26,643050.55,1699298940,252.55,252.57
643014.78,642638.93,1699299000,252.56,252.62
642676.13,642698.82,1699299060,252.62,252.81
642727.18,642711.58,1699299120,252.81,252.85
642734.1,642705.09,1699299180,252.85,252.89
642761.86,642817.82,1699299240,252.9,253.08
642562.96,642633.69,1699299300,253.08,253.04
642510.5,642485.11,1699299360,253.05,253
642532.28,642575.68,1699299420,253.01,253.05
642416.47,642356.59,1699299480,253.05,253.03
642345.36,642377.07,1699299540,253.04,252.94
642129.84,641654.94,1699299600,252.95,252.86
641752.73,641860.27,1699299660,252.87,253.02
643028.15,642972.45,1699299720,253.02,253.4
643007.75,643038.21,1699299780,253.4,253.35
642997.56,643063.8,1699299840,253.36,253.28
642907.74,643119.67,1699299900,253.29,253.48
643058.01,643931.88,1699299960,253.48,253.62
644065.75,644065.75,1699300020,253.61,253.88
645177.93,645969.02,1699300080,253.88,253.87
646081.05,646081.05,1699300140,253.87,253.94
646133.74,644536.14,1699300200,253.94,253.85
644615.46,642646.68,1699300260,253.86,253.84
642698.38,642590.93,1699300320,253.84,253.74
642515.25,642324.24,1699300380,253.75,253.75
642391.65,642197.66,1699300440,253.75,253.62
642173.17,642102.09,1699300500,253.61,253.6
642076.29,641986.72,1699300560,253.59,253.41
641914.6,641992.42,1699300620,253.42,253.52
641891.84,641797.82,1699300680,253.53,253.7
641624.49,641606.69,1699300740,253.7,253.63
641558.88,641503.85,1699300800,253.63,253.67
641338.3,641394.8,1699300860,253.68,253.72
641369.03,641337,1699300920,253.73,253.63
641311.4,641166.3,1699300980,253.63,253.68
641236.38,641161.91,1699301040,253.69,253.67
641125.05,640470.3,1699301100,253.67,253.29
640480.04,640649.55,1699301160,253.3,253.59
640569.53,640506.49,1699301220,253.59,253.64
640488.56,640477.3,1699301280,253.63,253.83
640125.63,640143.93,1699301340,253.82,253.51
640146.98,640129.23,1699301400,253.52,253.32
640201.29,640201.29,1699301460,253.32,253.48
640362.25,640580.11,1699301520,253.48,253.82
640652.49,640651.11,1699301580,253.82,253.7
640606.87,640475.85,1699301640,253.69,253.39
640388.29,640427.83,1699301700,253.4,253.54
640536.07,640571.47,1699301760,253.55,253.82
640630.37,640625.07,1699301820,253.82,253.88
640619.91,640645.37,1699301880,253.89,253.95
640695.99,640726.67,1699301940,253.95,254.13
640714.88,640725.25,1699302000,254.12,254.06
640718.2,640821.92,1699302060,254.07,253.98
640960.25,641024.1,1699302120,253.96,254.03
640843.81,641208.45,1699302180,254.03,254.16
641459.57,641870.62,1699302240,254.16,254.29
642082.93,642101.56,1699302300,254.28,254.37
642142.36,642145.92,1699302360,254.36,254.3
642412.84,642415.55,1699302420,254.31,254.53
642578.59,642521.11,1699302480,254.53,254.08
642574.74,642577.74,1699302540,254.08,253.78
642762.01,642734.02,1699302600,253.77,253.73
642705.57,642683.65,1699302660,253.74,253.62
642771.87,642771.87,1699302720,253.62,253.67
642801.53,642729.97,1699302780,253.66,253.76
642959.15,643076.05,1699302840,253.76,253.84
643001.16,642987.17,1699302900,253.85,253.82
643045.88,643102.88,1699302960,253.83,253.61
643104.68,643217.78,1699303020,253.6,253.66
643228.8,643188.6,1699303080,253.67,253.71
643157.23,642969.34,1699303140,253.71,253.61
643028.63,643011.03,1699303200,253.62,253.66
643094,643106.19,1699303260,253.66,253.74
643271.98,643595.57,1699303320,253.74,254.29
643759.96,643742.34,1699303380,254.29,254.34
643840.04,643965.95,1699303440,254.35,254.43
644084.77,644074.73,1699303500,254.42,254.34
644159.89,644226.4,1699303560,254.33,254.39
644177.87,644618.43,1699303620,254.39,254.49
644625.35,644716.4,1699303680,254.5,254.55
644692.96,644656.24,1699303740,254.55,254.34
644630.38,644631.07,1699303800,254.35,254.52
644691.83,644693.19,1699303860,254.52,254.55
645051.28,645028.32,1699303920,254.53,254.08
644827.71,644765.84,1699303980,254.07,253.95
644681.08,644681.08,1699304040,253.94,254.06
644714.74,644688.17,1699304100,254.06,253.82
644601.6,644666.82,1699304160,253.83,253.86
644525.32,644637.57,1699304220,253.86,253.76
644619.06,644572.58,1699304280,253.77,253.84
644468.38,644525.94,1699304340,253.85,253.85
644540.19,644561.74,1699304400,253.84,253.8
644615.01,644654.93,1699304460,253.81,253.8
644999.25,645159.7,1699304520,253.81,254.09
645294.11,645236.12,1699304580,254.09,254.21
645243.32,645248.53,1699304640,254.2,254.09
645251.79,645286.4,1699304700,254.08,253.79
645296.27,645458.18,1699304760,253.79,254.04
645774.95,645755.77,1699304820,254.04,254.1
645738.78,645607.68,1699304880,254.11,253.95
645558.18,645628.09,1699304940,253.94,253.87
645690.21,645564.07,1699305000,253.88,253.87
645667.14,645484.03,1699305060,253.86,253.83
645464.22,645403.93,1699305120,253.83,253.82
645392.44,645459.71,1699305180,253.8,253.86
645436.32,645426.27,1699305240,253.85,253.73
645108.03,644870.16,1699305300,253.73,253.42
644745.66,644745.66,1699305360,253.42,253.35
644736.73,644774.67,1699305420,253.36,253.47
644985.89,645018.63,1699305480,253.47,253.4
645067,644963.01,1699305540,253.4,253.29
644937.82,644618.86,1699305600,253.29,253.04
644567.7,644142.31,1699305660,253.04,252.89
644263.86,644169.42,1699305720,252.89,253.07
644172.54,644204.8,1699305780,253.08,253.22
644171.07,644460.45,1699305840,253.22,253.43
644188.52,644161.02,1699305900,253.43,253.46
644153.58,644129.15,1699305960,253.46,253.51
644786.6,645003.23,1699306020,253.51,253.72
644855.83,644836.47,1699306080,253.72,253.71
645121.31,645122.95,1699306140,253.72,253.77
645031.9,645167.34,1699306200,253.78,253.68
645118.31,645103.06,1699306260,253.67,253.74
645439.55,645385.08,1699306320,253.74,253.95
645406.86,645748.17,1699306380,253.94,253.98
645742.85,645993.73,1699306440,253.97,254.11
646022.06,646030.29,1699306500,254.12,254.09
646032.16,646231.35,1699306560,254.09,254.42
646217.58,646117.51,1699306620,254.42,254.39
646142.04,646142.04,1699306680,254.38,254.25
646291.95,646384.5,1699306740,254.25,254.35
646540.06,646685.44,1699306800,254.36,254.41
646757.23,646697.41,1699306860,254.42,254.44
646768.93,647223.95,1699306920,254.43,254.68
647317.7,647395.57,1699306980,254.69,255.19
645808.56,645977.54,1699307040,255.19,255.04
646585.33,646728.76,1699307100,255.03,254.36
646770.96,646955.68,1699307160,254.35,254.45
646913.11,646937.43,1699307220,254.44,254.36
646945.03,647028.64,1699307280,254.36,254.57
647062.26,647053.69,1699307340,254.57,254.6
647002.81,647047.76,1699307400,254.59,254.39
646987.53,646813.41,1699307460,254.39,254.22
646780.24,646942.69,1699307520,254.22,254.37
646950.67,646974.01,1699307580,254.37,254.57
647042.74,647028.98,1699307640,254.58,254.53
647074.91,647125.59,1699307700,254.53,254.51
647052.81,647143.42,1699307760,254.5,254.67
647244.08,647346.99,1699307820,254.66,254.6
647320.11,647384.78,1699307880,254.6,254.53
647292.49,647292.49,1699307940,254.53,254.52
647346.24,647301.79,1699308000,254.52,254.37
647373.23,647399.78,1699308060,254.38,254.62
647398.24,647486.59,1699308120,254.62,254.37
647508.79,647547.96,1699308180,254.36,254.52
647515.22,647497.03,1699308240,254.52,254.47
647517.07,647511.08,1699308300,254.46,254.68
647701.67,647401.15,1699308360,254.67,254.6
647482.78,647358.46,1699308420,254.6,254.4
647193.93,647018.25,1699308480,254.41,254.3
647121.87,647265.7,1699308540,254.31,254.63
647282.81,647373.06,1699308600,254.62,254.38
647407.65,647362.93,1699308660,254.37,254.29
647332.07,647330.46,1699308720,254.31,254.5
647278.69,647330.69,1699308780,254.5,254.45
647407.18,647402.75,1699308840,254.45,254.38
647754.88,647620.86,1699308900,254.39,254.12
647626.69,647601.72,1699308960,254.11,254.45
647806.88,647800.96,1699309020,254.46,254.47
647610.87,647614.61,1699309080,254.47,254.52
647520.37,647498.69,1699309140,254.52,254.54
647338.94,647281.78,1699309200,254.54,254.45
647213.33,647070,1699309260,254.45,254.32
647078.32,647105.1,1699309320,254.32,254.35
647059.28,647072.02,1699309380,254.35,254.33
646993.61,646993.61,1699309440,254.32,254.32
646936.11,646902.48,1699309500,254.32,254
646589.37,646668.66,1699309560,254.01,254.23
646609.1,646607.41,1699309620,254.24,254.13
646565.42,646627.14,1699309680,254.12,254.1
646633,646270.74,1699309740,254.1,254.43
646289.36,646433.72,1699309800,254.43,254.47
646244.25,646231.15,1699309860,254.49,254.39
646313.17,646359.79,1699309920,254.4,254.39
646383.21,646363.7,1699309980,254.38,254.33
646331.85,646182.43,1699310040,254.34,254.8
646144.95,646119.71,1699310100,254.79,254.53
646122.07,646166.42,1699310160,254.54,254.77
646325.02,646335.39,1699310220,254.78,254.76
646348.33,646338.12,1699310280,254.76,254.56
646399.33,646423.99,1699310340,254.57,254.71
646561.13,646635.55,1699310400,254.72,254.78
646579.42,646476.73,1699310460,254.78,254.66
646490.89,646483.96,1699310520,254.66,254.75
646542.95,646560.47,1699310580,254.75,254.8
646596.58,646580.59,1699310640,254.8,254.72
646563.05,646567.51,1699310700,254.71,254.57
646348.54,646348.54,1699310760,254.57,254.49
646324.87,646325.6,1699310820,254.49,254.43
646204.95,645820.13,1699310880,254.43,254.42
645630.69,645374.45,1699310940,254.43,254.41
645365.41,645356.5,1699311000,254.41,254.57
645336.34,645278.57,1699311060,254.57,254.68
645252.73,645212.4,1699311120,254.67,254.73
645237.73,645247.66,1699311180,254.73,254.91
645159.96,645312.02,1699311240,254.91,254.88
645307.13,645249.27,1699311300,254.88,254.97
645269.28,645262.16,1699311360,254.97,254.92
645312.17,645357.87,1699311420,254.92,254.98
645341.97,645175.76,1699311480,254.98,255.13
645258.02,645321.61,1699311540,255.13,254.97
645327.26,645364.55,1699311600,254.96,255.01
645408.04,645480.69,1699311660,255,255.1
645511.72,645552.87,1699311720,255.1,254.92
645685.35,645686.77,1699311780,254.95,255.02
645652.66,645573.17,1699311840,255.03,254.99
645562.13,645294.52,1699311900,254.99,254.66
645327.45,645260.99,1699311960,254.66,254.61
645231.55,645756.19,1699312020,254.61,254.73
647342.29,647316.41,1699312080,254.74,255.08
647126.76,650688.24,1699312140,255.08,255.84
650631.39,650631.39,1699312200,255.86,255.81
650614.41,650441.96,1699312260,255.81,255.7
650500.96,650428.03,1699312320,255.7,255.45
650549.89,650561.16,1699312380,255.45,255.17
650339.03,650326.03,1699312440,255.18,255
650555.16,650364.71,1699312500,255,254.57
650150.33,650055.16,1699312560,254.56,254.35
649864.38,649911.91,1699312620,254.36,254.06
649614.59,649613.36,1699312680,254.05,253.66
649344.04,649103.95,1699312740,253.66,253.52
649127.39,649086.22,1699312800,253.52,253.56
648410.08,648506.91,1699312860,253.57,253.41
648672.43,648508.44,1699312920,253.41,253.32
648463.2,648507.64,1699312980,253.33,253.48
648278.83,647904.58,1699313040,253.49,253.36
647844.63,647984.56,1699313100,253.36,253.13
648077.26,648028.75,1699313160,253.14,253.23
648045.13,647813.62,1699313220,253.24,253.03
647712.54,647689.67,1699313280,253.03,253.04
647994.83,647971.17,1699313340,253.04,253.28
648628.19,648628.19,1699313400,253.28,253.52
648670.66,648656.73,1699313460,253.53,253.6
648768.43,649166.68,1699313520,253.59,253.64
649060.17,649034.42,1699313580,253.65,253.22
648403.97,648467.19,1699313640,253.21,253.35
648499.21,648426.54,1699313700,253.34,253.16
648447.48,648215.54,1699313760,253.17,253.15
648140.25,648132.02,1699313820,253.15,253.3
648077.91,648095.48,1699313880,253.3,253.46
648042.64,648017.44,1699313940,253.46,253.71
648002.17,647942.66,1699314000,253.71,253.7
647913.44,647954.24,1699314060,253.71,253.67
648004.12,647951.43,1699314120,253.67,253.53
647813.49,647886.4,1699314180,253.53,253.49
647863.31,647859.74,1699314240,253.49,253.31
647908.83,647964.21,1699314300,253.31,253.33
648004.1,647926.89,1699314360,253.34,253.12
647849.34,647882.63,1699314420,253.13,253.2
647918.29,647736.95,1699314480,253.2,253.08
647528.41,647357.95,1699314540,253.09,253.03
647252.27,647294.34,1699314600,253.03,253.2
647399.54,647390.45,1699314660,253.2,253.39
647462.13,647462.13,1699314720,253.38,253.37
647476.76,647424.59,1699314780,253.37,253.55
647379.52,647944.56,1699314840,253.54,253.63
647892.09,647790.74,1699314900,253.62,253.88
648096.73,648701.84,1699314960,253.9,254.96
648741.1,648408.79,1699315020,254.96,254.82
648314.47,648284.2,1699315080,254.82,254.95
648318.36,648559.62,1699315140,254.95,255.27
648671.18,648803.01,1699315200,255.28,255.01
648863.1,648756.61,1699315260,255.01,254.74
648580.56,648443.62,1699315320,254.74,254.39
648486.83,648413.11,1699315380,254.4,254.52
648378.27,647868.22,1699315440,254.52,254.33
647903.96,647819.74,1699315500,254.34,254.76
647883.59,647939.65,1699315560,254.75,254.67
647946.43,647913.6,1699315620,254.67,254.4
647856.91,647857.88,1699315680,254.4,254.4
647746.01,647646.96,1699315740,254.41,254.18
647230.75,647229.25,1699315800,254.19,254.67
647185.48,647092.3,1699315860,254.67,254.86
647092.31,647140.56,1699315920,254.87,255.03
647301.42,647313.88,1699315980,255.04,255.39
647333.31,647333.31,1699316040,255.39,255.24
647362.51,647335.76,1699316100,255.25,255.06
647257.15,647605.03,1699316160,255.06,255.64
647826.5,647845.4,1699316220,255.64,255.58
648067.62,648006.16,1699316280,255.59,255.46
647965.87,647973.13,1699316340,255.46,255.61
647995.42,648033.09,1699316400,255.61,255.63
647953.7,647910.42,1699316460,255.63,255.28
647871.93,647979.45,1699316520,255.28,255.2
647876.81,647701.08,1699316580,255.19,254.77
647613.43,647330.61,1699316640,254.77,254.27
647483.16,647543.56,1699316700,254.27,254.04
647429.54,646339.18,1699316760,254.04,253.59
646522.88,646514.51,1699316820,253.59,253.73
646457.6,645824.2,1699316880,253.72,253.75
645932.65,645865.46,1699316940,253.76,253.81
645855.03,645698.96,1699317000,253.82,253.58
645541.54,645520.27,1699317060,253.57,253.77
645617.23,645529.83,1699317120,253.77,253.29
645446.09,645001.29,1699317180,253.29,252.27
645073.2,645073.2,1699317240,252.29,252.37
644827.58,644774.5,1699317300,252.37,252.61
645443.7,645367.04,1699317360,252.61,252.55
645323.47,645280.9,1699317420,252.54,252.83
645293.02,645257.38,1699317480,252.83,252.26
645455.06,645638.41,1699317540,252.26,252.17
646142.76,645173.39,1699317600,252.17,251.99
645603.56,645194.48,1699317660,251.99,251.71
645070.09,645381.48,1699317720,251.71,251.98
645328.58,645399.88,1699317780,251.99,252.37
645601.29,645885.28,1699317840,252.38,252.43
645949.86,645819.05,1699317900,252.44,252
645564.47,645642.38,1699317960,252.01,252.27
645556.36,645559.92,1699318020,252.27,252.63
646045.09,646332.92,1699318080,252.63,252.76
646481.45,646435.62,1699318140,252.76,252.56
646542.1,646645.19,1699318200,252.56,252.76
646694.97,646499.18,1699318260,252.77,252.93
646557.1,646542.21,1699318320,252.94,252.9
646397.84,646411.76,1699318380,252.9,252.8
646330.86,646336.23,1699318440,252.8,252.51
646368.11,646459.79,1699318500,252.51,252.83
646468.98,646468.98,1699318560,252.84,252.78
646477.8,646434.35,1699318620,252.78,252.74
646438.83,646438.83,1699318680,252.73,252.54
646421.58,646126.41,1699318740,252.55,252.14
646098.17,646202.54,1699318800,252.14,252.01
645894.13,645737.74,1699318860,252.01,252.01
645679.74,645689.42,1699318920,252.02,252.56
645681.68,647193.29,1699318980,252.56,252.29
647475.16,647442.66,1699319040,252.29,252.67
647471.46,647213.69,1699319100,252.68,252.36
647219.75,647207.29,1699319160,252.36,252.51
647148.57,647184.68,1699319220,252.52,252.61
647103.92,647097,1699319280,252.61,252.47
647054.98,646967.15,1699319340,252.47,252.58
647083.04,647113.88,1699319400,252.57,252.62
647133.01,647189.43,1699319460,252.62,252.92
647340.25,647354.94,1699319520,252.91,252.81
647358.86,647359.21,1699319580,252.81,252.83
647028.97,647241,1699319640,252.83,252.17
647255.46,647259.4,1699319700,252.18,252.16
647179.4,647150.92,1699319760,252.17,252.13
647263.77,647199.04,1699319820,252.14,252.29
647197.72,647154.41,1699319880,252.29,252.26
647057.08,646777.84,1699319940,252.26,251.98
646700.7,646739.52,1699320000,251.98,251.75
646567.08,646567.08,1699320060,251.75,251.58
646523.88,646574.69,1699320120,251.59,251.52
646605.5,646421.7,1699320180,251.52,251.38
646901.11,646877.13,1699320240,251.37,251.37
646577.2,646454.97,1699320300,251.38,251.25
646130.77,646103.62,1699320360,251.25,251.53
646045.95,646093.61,1699320420,251.54,251.75
646156.41,646141.78,1699320480,251.75,251.72
645960,646071.32,1699320540,251.71,251.35
646047.25,645968.6,1699320600,251.36,251.53
646016.65,645960.38,1699320660,251.52,251.62
646060.49,646192.76,1699320720,251.63,251.76
646318.78,646326.2,1699320780,251.75,251.86
646303.5,646391.52,1699320840,251.85,251.8
646425.64,646701.86,1699320900,251.81,251.87
646628.31,646637.67,1699320960,251.87,251.63
646735.72,646877.8,1699321020,251.63,251.63
647007.46,646959.22,1699321080,251.64,251.51
646934.8,646854.2,1699321140,251.51,251.04
646847.55,646795.46,1699321200,251.04,251.09
646872.52,646872.52,1699321260,251.1,251.37
646750.68,646630.69,1699321320,251.41,251.07
646674.1,646642.51,1699321380,251.07,251.42
646717.24,646710.16,1699321440,251.41,251.34
646883.8,646895.13,1699321500,251.36,251.54
646920.82,646941.22,1699321560,251.54,251.82
646911.75,646992.39,1699321620,251.83,251.9
646963.25,646996.18,1699321680,251.9,251.83
646924.92,646995.87,1699321740,251.84,251.85
647067.39,647051.55,1699321800,251.86,251.75
647062.51,646995.28,1699321860,251.74,251.75
647027.01,647062.29,1699321920,251.75,251.85
647040.05,647005.51,1699321980,251.86,251.66
647020.39,647038.24,1699322040,251.65,251.66
647124.69,647134.74,1699322100,251.65,251.98
647155.35,647118.71,1699322160,251.99,252.12
647148.08,647167.1,1699322220,252.12,251.95
647030.6,647080.71,1699322280,251.95,251.72
647070.5,647077.86,1699322340,251.73,251.73
647124.12,647153.69,1699322400,251.74,251.83
647304.9,647228.36,1699322460,251.82,251.98
647257.95,647197.73,1699322520,251.98,252.22
647350.75,647350.75,1699322580,252.23,252.21
647323.63,647377.48,1699322640,252.22,252.37
647128.2,647003.16,1699322700,252.38,252.31
646998.1,647009.86,1699322760,252.31,252.4
647040.94,646834.09,1699322820,252.4,252.44
646847.35,646871.92,1699322880,252.43,252.3
646923.15,646904.16,1699322940,252.31,252.27
646896.11,646832.06,1699323000,252.28,252.26
646839.03,646876.07,1699323060,252.25,252.23
646850.17,646854.67,1699323120,252.23,252.33
646892.75,646899.23,1699323180,252.33,252.29
646936.61,646881.68,1699323240,252.28,252.29
647125.52,647050.7,1699323300,252.29,252.26
647077.74,647079.58,1699323360,252.26,252.05
647028.3,646935.09,1699323420,252.06,251.74
646931.24,646928.3,1699323480,251.73,251.55
646953.37,646847.66,1699323540,251.55,251.1
647046.75,646978.01,1699323600,251.1,251.05
646921.98,646791.6,1699323660,251.04,251.13
646752.08,646803.54,1699323720,251.14,251.42
646765.96,646752.68,1699323780,251.42,251.3
646854.71,646853.91,1699323840,251.3,251.24
646926.96,646926.96,1699323900,251.23,251.06
646923.58,646639.18,1699323960,251.05,250.72
646428.72,646252.96,1699324020,250.72,250.7
645607.95,645689.92,1699324080,250.7,250.96
645765.18,645739.9,1699324140,250.96,250.88
645716.15,645667.28,1699324200,250.88,250.81
645598.19,645702.56,1699324260,250.82,250.84
645677.25,645838.61,1699324320,250.84,250.67
645839.03,645823.34,1699324380,250.66,250.75
645864.69,645488.96,1699324440,250.76,250.45
645405.5,645330.99,1699324500,250.44,250.21
643492.5,643499.97,1699324560,250.2,250.49
643242.38,642840.53,1699324620,250.5,250.21
642118.07,642174.81,1699324680,250.22,250.27
642047.3,642069.02,1699324740,250.26,250.38
641655.31,641600.25,1699324800,250.39,250.28
641574.49,641510.43,1699324860,250.28,250.24
641445.93,641507.87,1699324920,250.24,250.3
641476.82,641464.43,1699324980,250.3,250.26
641457.29,641373.2,1699325040,250.25,250.31
641296.28,641263.94,1699325100,250.31,250.36
641434.87,641434.87,1699325160,250.35,250.6
641285.25,641241.33,1699325220,250.61,250.5
641242.68,641237.23,1699325280,250.5,250.37
641366.27,641356.76,1699325340,250.37,250.27
641230.03,641245.56,1699325400,250.27,250.27
641277.77,641767.28,1699325460,250.26,250.35
641737.09,641630.61,1699325520,250.35,250.28
641644.34,641574.72,1699325580,250.28,250.17
641465.97,641422.62,1699325640,250.17,250.28
641457.5,641479.18,1699325700,250.29,250.3
641437.09,641452.23,1699325760,250.3,250.1
641297.66,641262.52,1699325820,250.11,250.22
641245.37,640827.88,1699325880,250.22,250.15
640911.61,640899.17,1699325940,250.15,250.17
640896.08,640635.87,1699326000,250.17,250.12
640546.82,640575.59,1699326060,250.12,250.34
640394.24,640456.3,1699326120,250.34,250.6
640407.15,640362.39,1699326180,250.6,250.61
640450.89,640512.21,1699326240,250.62,250.5
640524.67,640486.46,1699326300,250.5,250.35
640512.13,640816.8,1699326360,250.35,250.51
641054.02,641054.02,1699326420,250.51,250.42
641171.84,641395.53,1699326480,250.42,250.4
641603.33,641633.2,1699326540,250.39,250.42
641566.44,641583.8,1699326600,250.42,250.38
641561.59,641566.93,1699326660,250.39,250.51
641445.97,641346.14,1699326720,250.51,250.76
641275.41,641251.05,1699326780,250.75,250.67
641278.17,641329.23,1699326840,250.67,250.79
641238.3,641239.55,1699326900,250.8,250.75
641217.51,641312.07,1699326960,250.74,250.9
641330.81,641206.16,1699327020,250.89,251.12
641201.41,641179.96,1699327080,251.12,250.85
641244.53,641164.13,1699327140,250.86,251.07
641150.48,641134.1,1699327200,251.07,251.08
641174.53,641151.35,1699327260,251.08,251.2
641154.83,641181.6,1699327320,251.2,251.2
641035.77,641090.63,1699327380,251.21,251.11
641095.02,641203.79,1699327440,251.12,251.24
641160.51,641251.15,1699327500,251.25,251.21
641221.47,641209.22,1699327560,251.21,251.29
641227.8,641282.13,1699327620,251.28,251.29
641290.05,641272.77,1699327680,251.29,251.52
641251.03,641285.4,1699327740,251.53,251.43
641454.22,641454.22,1699327800,251.43,250.98
641377.14,641387.1,1699327860,251.01,251.02
641358.23,641333.09,1699327920,251.03,251.17
641345.82,641340.85,1699327980,251.17,251.09
641360.08,641377.34,1699328040,251.09,250.9
641431.15,641420.33,1699328100,250.91,251.13
641166.22,641053.51,1699328160,251.14,250.91
641094.2,641129.46,1699328220,250.92,251
641104.77,641011.34,1699328280,251.01,250.99
640994.06,640958.01,1699328340,251,251.15
641034.52,641033.28,1699328400,251.14,251.26
641359.92,641367.45,1699328460,251.25,251.5
641353.32,641308.36,1699328520,251.51,251.56
641344.43,641300.9,1699328580,251.56,251.57
641442.85,641227.73,1699328640,251.56,251.34
641346.69,641298.86,1699328700,251.33,251.25
641299.71,641293.18,1699328760,251.24,251.12
641340.93,641350.87,1699328820,251.13,251.23
641365.72,641423.4,1699328880,251.23,251.36
641408.74,641481.85,1699328940,251.36,251.44
641435.92,641435.92,1699329000,251.45,251.38
641446.21,641464.83,1699329060,251.39,251.43
641517.09,641474.7,1699329120,251.43,251.48
641454.79,641344.27,1699329180,251.49,251.34
641307.7,641317.96,1699329240,251.33,251.24
641362.29,641270.2,1699329300,251.26,251.27
641321.8,641393.53,1699329360,251.26,251.39
641741.84,641534.24,1699329420,251.38,251.56
641498.74,641624.49,1699329480,251.57,251.66
641501.73,641384.1,1699329540,251.65,251.6
641499.83,641431.98,1699329600,251.59,251.6
641465.37,641460.84,1699329660,251.61,251.54
641445.27,641483.16,1699329720,251.53,251.59
641481.41,641490.31,1699329780,251.6,251.74
641498.42,641471,1699329840,251.75,251.86
641383.63,641493.26,1699329900,251.86,251.61
641478.43,641240.04,1699329960,251.61,251.57
641246.73,641300.5,1699330020,251.56,251.62
641315.17,641266.96,1699330080,251.62,251.62
641255,641265.51,1699330140,251.62,251.56
641228.02,641152.31,1699330200,251.55,251.27
641145.54,641117.62,1699330260,251.27,251.15
641146.98,641072.44,1699330320,251.15,251.15
641123.68,641123.68,1699330380,251.15,251.12
641161.29,641049.58,1699330440,251.12,251.22
641008.55,640917.27,1699330500,251.22,251.37
640843.5,640790.24,1699330560,251.37,251.57
640647.7,640798.31,1699330620,251.57,251.58
640749.25,640643.68,1699330680,251.58,251.34
640606.4,640923.7,1699330740,251.35,251.58
640868.17,640697.08,1699330800,251.58,251.52
640685.23,640630.08,1699330860,251.53,251.42
640554.65,640729.89,1699330920,251.42,251.39
640627.49,640531.69,1699330980,251.39,251.44
640494.86,640411.08,1699331040,251.44,251.5
640265.89,640289.66,1699331100,251.5,251.52
640238.67,640228.41,1699331160,251.53,251.36
640224.31,640213.62,1699331220,251.36,251.53
640231.8,640238.45,1699331280,251.53,251.58
639776.93,639760.59,1699331340,251.58,251.34
639786.54,639804.4,1699331400,251.35,251.53
639750.66,639843.82,1699331460,251.52,251.43
639736.65,639741.34,1699331520,251.44,251.48
639742.66,639754.44,1699331580,251.47,251.51
639724.23,639712.82,1699331640,251.52,251.44
639707.2,639683.21,1699331700,251.45,251.48
639663.2,639663.2,1699331760,251.47,251.55
639635.67,639552.1,1699331820,251.55,251.48
639578,639567.9,1699331880,251.49,251.26
639446.03,639492.29,1699331940,251.26,251.23
639479.52,639344.66,1699332000,251.22,251.07
639329.25,639191.5,1699332060,251.06,251.06
639127.91,639082.33,1699332120,251.07,251.03
639091.29,639087.45,1699332180,251.04,251.01
639230.76,639237.05,1699332240,251.01,251.04
639196,638659.25,1699332300,251.04,251.25
639299.83,639304.18,1699332360,251.25,251.49
639248.16,638990.43,1699332420,251.5,251.63
638885.51,638950.96,1699332480,251.63,251.76
638984.14,638999.73,1699332540,251.76,251.74
639005.76,639071.06,1699332600,251.73,251.73
638862.66,638885.02,1699332660,251.73,251.72
639032.36,639142.43,1699332720,251.73,251.89
639135.99,639069.21,1699332780,251.88,251.75
639072.84,639141.52,1699332840,251.75,251.69
639198.32,639159.22,1699332900,251.69,251.62
639200.52,639200.52,1699332960,251.63,251.81
639237.99,639202.89,1699333020,251.81,251.84
639183.33,639183.33,1699333080,251.84,251.94
639198.89,639134.61,1699333140,251.94,251.88
639115.51,639172.59,1699333200,251.88,251.8
639129.72,639106.63,1699333260,251.81,251.66
639089.38,639136.03,1699333320,251.66,251.53
639120.24,639093.07,1699333380,251.54,251.44
639119.32,639059.45,1699333440,251.44,251.43
639026.91,639043.45,1699333500,251.43,251.45
639024.08,639346.72,1699333560,251.45,251.33
639350.97,639290.21,1699333620,251.33,251.35
639301.66,639300.1,1699333680,251.36,251.33
639335.45,639316.05,1699333740,251.34,251.56
639297.42,639351.79,1699333800,251.55,251.35
639449.74,639507.52,1699333860,251.35,251.14
639531.29,639610.52,1699333920,251.13,251.07
638732.56,638748.4,1699333980,251.06,251.04
638710.53,638736.22,1699334040,251.05,251.16
638603.97,638474.18,1699334100,251.16,251.24
638431.4,638402.98,1699334160,251.24,251.28
638472.56,638497.72,1699334220,251.28,251.42
638524.01,638524.01,1699334280,251.43,251.54
638517.36,638618.56,1699334340,251.54,251.69
638585.95,638569.09,1699334400,251.68,251.53
638556.21,638593.13,1699334460,251.54,251.54
638620.75,638797.16,1699334520,251.55,251.77
638789.02,638719.06,1699334580,251.77,251.61
638680.86,638739.4,1699334640,251.6,251.62
638611.91,638503.43,1699334700,251.62,251.28
638483.41,638479.39,1699334760,251.29,251.41
638551.51,638569.47,1699334820,251.41,251.5
638546.87,638600.99,1699334880,251.5,251.53
638559.68,638685.24,1699334940,251.53,251.66
638903.99,638894.35,1699335000,251.66,251.61
639040.49,639014.35,1699335060,251.62,251.77
639032.35,639073.01,1699335120,251.77,251.83
639064.07,639172.29,1699335180,251.84,251.93
639173.98,639124.4,1699335240,251.94,251.91
639283.01,639245.25,1699335300,251.91,251.91
639348.35,639325.17,1699335360,251.92,252.11
639309.02,639320.89,1699335420,252.12,252.16
639356.72,639326.88,1699335480,252.16,252.23
639328.44,639328.44,1699335540,252.24,252.28
639311.76,639209.17,1699335600,252.28,252.1
639174.36,639177.03,1699335660,252.11,252.1
639165.76,639167.73,1699335720,252.11,252.01
639102.44,639111.41,1699335780,252.03,252.01
639084.25,639047.27,1699335840,252.01,251.76
638505.72,638495.27,1699335900,251.77,251.79
638483.26,638561.6,1699335960,251.79,251.83
638534.99,638669.68,1699336020,251.83,252.11
638670.76,638747.04,1699336080,252.11,252.23
638746.69,639108.74,1699336140,252.24,252.22
639106.7,639633.38,1699336200,252.21,252.31
640266.17,639996.66,1699336260,252.31,252.31
640232.59,640331.59,1699336320,252.31,252.3
640509.43,640327.36,1699336380,252.3,252.34
640312.45,640331.04,1699336440,252.34,252.42
640104.19,640004.55,1699336500,252.43,252.53
639877.87,639882.62,1699336560,252.53,252.5
639797.32,639825.27,1699336620,252.5,252.42
640298.53,640316.51,1699336680,252.41,252.54
640272.07,640272.07,1699336740,252.54,252.58
640318.26,640052.81,1699336800,252.57,252.45
640031.31,639860.93,1699336860,252.45,252.37
639720.94,639705,1699336920,252.36,252.44
639739.45,639403.66,1699336980,252.44,252.21
639287.41,639287.66,1699337040,252.21,252.31
639275.8,639158.55,1699337100,252.31,252.28
639181.09,639183.9,1699337160,252.27,252.45
639208.44,639024.73,1699337220,252.45,252.53
638828.33,639562.2,1699337280,252.54,252.29
639456.78,639307.42,1699337340,252.29,251.97
639106.58,639216.21,1699337400,251.97,252.08
638244.23,638250.42,1699337460,252.09,251.9
638233.54,638238,1699337520,251.91,251.86
638222.23,638184.2,1699337580,251.87,252.13
638359.4,638345.29,1699337640,252.12,252.35
638221.87,638287.24,1699337700,252.34,252.32
638521.71,638540.56,1699337760,252.31,252.48
638514.13,638463.6,1699337820,252.49,252.57
638469.37,638507.43,1699337880,252.56,252.8
639551.61,639469.99,1699337940,252.81,252.38
639464.39,639258.82,1699338000,252.39,252.04
639246.44,638551.05,1699338060,252.05,252.13
638380.67,638380.67,1699338120,252.12,252.12
638356.19,638466.21,1699338180,252.12,252.18
638398.87,638378.37,1699338240,252.18,252.19
638277.25,638110.07,1699338300,252.19,252.44
638094.95,638104.11,1699338360,252.45,252.27
638082.31,638106.33,1699338420,252.27,252.21
638141.99,638178.37,1699338480,252.21,252.28
638225.05,638231.71,1699338540,252.29,252.3
638135.02,638094.69,1699338600,252.3,252.14
638127.55,638130.54,1699338660,252.14,252.31
638067.94,638060.91,1699338720,252.3,252.28
637947.98,638011.46,1699338780,252.28,252.53
638071.41,638086.3,1699338840,252.54,252.48
638106.56,638049.81,1699338900,252.49,252.49
637995.34,637943.24,1699338960,252.49,252.58
637975.06,637971.65,1699339020,252.59,252.64
637946.29,637887.81,1699339080,252.65,252.53
637843.81,637865.03,1699339140,252.54,252.59
637877.79,637908.78,1699339200,252.59,252.54
637880.11,637909.94,1699339260,252.54,252.66
637927.74,637927.74,1699339320,252.67,252.68
638509.14,638492.72,1699339380,252.69,252.76
638544.17,639012.38,1699339440,252.76,252.79
638906.28,638905,1699339500,252.8,252.82
638888.14,638907.42,1699339560,252.81,252.61
638845.19,638862.43,1699339620,252.61,252.77
638841.92,638860.72,1699339680,252.78,252.55
638790.86,638831.32,1699339740,252.55,252.42
638735.72,638710.43,1699339800,252.43,252.45
638535.9,638495.27,1699339860,252.45,252.28
638493.92,638481.97,1699339920,252.27,252.45
638681.72,638675.68,1699339980,252.46,252.48
638661.2,638657.62,1699340040,252.49,252.58
638716.25,638726.2,1699340100,252.57,252.57
638773.23,638767.24,1699340160,252.58,252.53
638774.02,638770.46,1699340220,252.54,252.52
638764.81,638758.27,1699340280,252.52,252.54
638691.58,638693.53,1699340340,252.53,252.54
638645.78,638513.69,1699340400,252.54,252.4
638514.49,638578.06,1699340460,252.4,252.54
638537.92,638538.62,1699340520,252.55,252.54
638530.26,638537.27,1699340580,252.53,252.39
638502.69,638502.69,1699340640,252.4,252.31
638485.42,638510.97,1699340700,252.31,252.32
638507.49,638534.4,1699340760,252.33,252.4
638596.74,638568.8,1699340820,252.41,252.36
638490.84,638466.27,1699340880,252.37,252.54
638355.54,638257.98,1699340940,252.54,252.68
638170.41,638057.24,1699341000,252.68,252.45
638077.95,638050.06,1699341060,252.46,252.52
638054.07,638063.21,1699341120,252.52,252.38
638048.88,638155.46,1699341180,252.39,252.43
638142.67,638305.15,1699341240,252.44,252.42
638231.56,638476.16,1699341300,252.43,252.01
638207.93,637722.73,1699341360,252.02,251.99
637512.52,637463.89,1699341420,252,252.31
637477.85,637411.8,1699341480,252.31,252.48
636732.4,636144.22,1699341540,252.47,252.23
636138.78,636150.4,1699341600,252.22,252.15
636175.95,636086.09,1699341660,252.16,252.08
635979.47,635949.22,1699341720,252.09,251.96
635770.36,635653.21,1699341780,251.95,251.88
635547.43,635378.64,1699341840,251.87,251.65
635351.85,635302.05,1699341900,251.66,251.6
635330.89,635330.89,1699341960,251.6,251.65
635346.18,635258.28,1699342020,251.66,251.79
635279,635215.14,1699342080,251.79,251.46
635399.11,635276.54,1699342140,251.45,251.35
635211.14,635672.55,1699342200,251.36,251.4
635734.86,635644.74,1699342260,251.4,251.26
635818.75,636011.09,1699342320,251.26,251.23
635967.69,636051.51,1699342380,251.24,251.29
636187.38,636238.59,1699342440,251.3,251.53
636249.03,636247.14,1699342500,251.54,251.42
636304,636285.44,1699342560,251.42,251.25
636379.56,636347.81,1699342620,251.25,251.28
636377.27,636617.63,1699342680,251.28,251.32
636662.29,636671.76,1699342740,251.32,251.28
637001.26,636999.25,1699342800,251.28,251.3
636981.88,638014.55,1699342860,251.31,251.1
637719.56,637979.36,1699342920,251.11,251.27
638007.57,638039.59,1699342980,251.28,251.3
638089.92,638163.35,1699343040,251.29,251.47
638066.62,638088.2,1699343100,251.46,251.32
638143.78,638079.82,1699343160,251.33,251.28
638155.39,638275.19,1699343220,251.29,251.37
638363.61,638363.61,1699343280,251.37,251.59
638384.72,638510.96,1699343340,251.59,251.58
638460.83,638434.68,1699343400,251.59,251.35
638768.14,638801.1,1699343460,251.36,251.38
638808.42,638891.69,1699343520,251.38,251.4
638920.16,638953.57,1699343580,251.41,251.31
639029.31,639048.95,1699343640,251.32,251.34
639094.67,639087.02,1699343700,251.34,251.37
639087.35,639049.63,1699343760,251.38,251.49
639840.42,639880.67,1699343820,251.49,251.46
640013.44,640031.97,1699343880,251.45,251.5
640128.18,639876.83,1699343940,251.49,251.36
639839.42,639899.85,1699344000,251.36,251.28
639943.55,639972.89,1699344060,251.28,251.55
640339.12,643596.77,1699344120,251.54,251.47
643698.43,643758.2,1699344180,251.48,251.9
643707.04,643664.29,1699344240,251.9,252.02
643631.55,644937.89,1699344300,252.02,252.3
644959.73,645031.89,1699344360,252.31,252.29
645123.89,645036.25,1699344420,252.29,252.31
645378.61,645323.86,1699344480,252.31,252.46
645441.9,645478.68,1699344540,252.47,252.44
645272.1,645199.81,1699344600,252.43,252.41
645164.86,645164.86,1699344660,252.42,252.21
645103.93,645127.83,1699344720,252.22,252.24
645119.66,645166.5,1699344780,252.25,252.09
645139.39,645245.15,1699344840,252.11,252.07
645284.35,645345.33,1699344900,252.06,251.97
645338.52,645484.03,1699344960,251.97,252.01
645420.29,645431.25,1699345020,252.02,251.88
645414.88,645451.62,1699345080,251.88,251.95
645432.02,645368.52,1699345140,251.96,251.86
645366.68,645149.88,1699345200,251.87,251.69
644058.24,644058.85,1699345260,251.68,251.46
644082.07,643848.99,1699345320,251.46,251.38
643810.77,643770.32,1699345380,251.36,251.34
643807.46,643813.06,1699345440,251.35,251.25
643876.82,643841.66,1699345500,251.25,251.37
643526.26,643437.2,1699345560,251.36,251.25
643340.96,643284.19,1699345620,251.24,251.15
643254.94,643220.75,1699345680,251.14,251.14
643225.51,643186.4,1699345740,251.14,251.15
643331.37,643426.71,1699345800,251.15,251.25
643526.47,643436,1699345860,251.25,251.41
643285.18,643285.18,1699345920,251.41,251.37
643295.58,643303.04,1699345980,251.38,251.36
643243,643241.88,1699346040,251.36,251.11
643233.44,643233.44,1699346100,251.11,250.92
643267.86,643346.51,1699346160,250.92,250.89
643408.04,643445.77,1699346220,250.89,251.04
643279.84,643182.37,1699346280,251.03,251.04
643189.29,643245.19,1699346340,251.04,250.97
643280.96,643317,1699346400,250.96,250.98
643292.72,643442.39,1699346460,250.97,251.09
643412.84,643409.64,1699346520,251.09,251.13
643349.49,643311.21,1699346580,251.13,251.12
643331.97,643353.58,1699346640,251.13,251.07
643382.02,643441.76,1699346700,251.08,250.97
643409.56,643429.81,1699346760,250.97,251.05
643594.09,643622.64,1699346820,251.06,251.09
643713.65,643866.54,1699346880,251.08,251.3
643881.98,643842.76,1699346940,251.31,251.13
643810.14,643885.31,1699347000,251.13,251.12
643905.12,643889.89,1699347060,251.09,251.05
643920.96,643897.54,1699347120,251.05,250.98
643901.97,644056.62,1699347180,250.98,250.79
644091.98,644120.21,1699347240,250.8,250.89
644032.3,643980.6,1699347300,250.89,250.99
643945.77,643867.57,1699347360,250.99,251.33
643854.29,643864.42,1699347420,251.32,251.24
643894.01,643894.01,1699347480,251.24,251.17
643889.08,643970.43,1699347540,251.18,251.05
644001.95,644202.84,1699347600,251.05,250.9
644144.83,644146.11,1699347660,250.91,250.72
644004.42,644080.74,1699347720,250.72,250.84
644119.96,644091.1,1699347780,250.84,251.13
643928.16,643661.25,1699347840,251.13,250.82
643626.12,643569.08,1699347900,250.82,250.83
643727.75,643720.65,1699347960,250.82,250.64
643651.31,643685.29,1699348020,250.65,250.81
643738.5,643701.95,1699348080,250.8,250.59
643758.34,643778.57,1699348140,250.6,250.64
643817.77,643749.93,1699348200,250.64,250.82
643744.76,643691.58,1699348260,250.82,250.6
643501.24,643589.04,1699348320,250.61,250.65
643765.15,643662.65,1699348380,250.65,250.53
643948.6,643869.27,1699348440,250.53,250.41
643835.37,643810.66,1699348500,250.42,250.59
643823.55,643853.78,1699348560,250.59,250.73
643856.4,643844.22,1699348620,250.74,250.62
643917.24,643934.05,1699348680,250.63,250.71
644063.02,644040.39,1699348740,250.71,250.47
643943.52,643863.66,1699348800,250.47,250.56
643896.4,643970.42,1699348860,250.56,250.59
643980.73,644051.73,1699348920,250.59,251.02
644026,644008.93,1699348980,251.02,250.79
643966.36,644013.17,1699349040,250.78,250.75
644023.66,644023.66,1699349100,250.75,250.88
644155.2,644197.52,1699349160,250.89,251.05
644017.21,644017.21,1699349220,251.05,250.62
643905.08,644012.36,1699349280,250.62,250.76
643911.86,643930.81,1699349340,250.77,250.74
643917.66,643976.5,1699349400,250.74,250.55
643877.97,643956.94,1699349460,250.54,250.45
643956.59,643957.88,1699349520,250.45,250.5
643860.79,643317.19,1699349580,250.5,250.3
643043.2,642779.71,1699349640,250.3,250.14
642295.86,642243.83,1699349700,250.14,250.16
640682.69,639243.98,1699349760,250.17,249.4
639111.47,638276.76,1699349820,249.41,249.19
639047.76,638946.07,1699349880,249.18,248.64
638290.89,638265.27,1699349940,248.65,248.66
638580.34,637887.01,1699350000,248.68,248.49
637801.71,637501.44,1699350060,248.5,249.07
637444.81,637602.73,1699350120,249.07,249.36
637599.79,637557.33,1699350180,249.36,249.29
637560.78,637591.02,1699350240,249.3,249.07
637784.9,637656.34,1699350300,249.07,249.27
637643.72,637490.03,1699350360,249.28,249.27
637541.92,637617.88,1699350420,249.26,249.55
637539.35,637768.61,1699350480,249.54,249.28
637837.62,637869.26,1699350540,249.3,249.58
637939.8,638002.93,1699350600,249.6,249.64
637992.64,638007.26,1699350660,249.65,249.76
638226.64,638433.95,1699350720,249.76,249.85
638265.6,638091.8,1699350780,249.85,249.71
638068.89,638067.2,1699350840,249.68,249.85
637768.12,637768.12,1699350900,249.85,249.72
637777.17,637860.65,1699350960,249.73,249.5
637860.51,637705.95,1699351020,249.5,249.25
638014.84,638242.17,1699351080,249.24,249.16
638204.28,638197.24,1699351140,249.16,249.12
638260.98,638678.78,1699351200,249.12,248.14
638725.89,638865.43,1699351260,248.13,248.42
638865.73,638893.41,1699351320,248.43,248.31
638638.44,638578.53,1699351380,248.32,248.77
638575.37,638491.67,1699351440,248.77,248.61
638450.85,638962.53,1699351500,248.6,247.98
637976.71,637111.39,1699351560,247.94,247.96
636900.47,636902.32,1699351620,247.97,248.17
637014.64,636314.09,1699351680,248.17,248.46
636368.88,636536.66,1699351740,248.46,248.23
636433.4,636360.79,1699351800,248.25,247.82
636405.91,636308.04,1699351860,247.84,247.97
636346.64,636334.26,1699351920,247.98,247.99
636455.8,636555.81,1699351980,247.99,248.23
636477.96,636587.78,1699352040,248.24,248.35
636572.54,636467.27,1699352100,248.35,248.64
636460.16,636576.99,1699352160,248.64,248.61
636650.25,636599.2,1699352220,248.61,248.29
636548.44,636557.06,1699352280,248.3,248.5
636675.59,636716.14,1699352340,248.5,248.37
636743.63,636743.63,1699352400,248.36,248.41
636842.76,637124.57,1699352460,248.41,248.34
637085.35,637085.35,1699352520,248.35,248.37
637384.42,636637.25,1699352580,248.37,247.95
636517.95,636450.02,1699352640,247.95,248.26
635978.11,635994.1,1699352700,248.28,248.07
635784.43,635815.71,1699352760,248.08,248.34
635932.3,635889.71,1699352820,248.35,248.15
635878.96,635594.69,1699352880,248.18,248.43
635676.6,635722.03,1699352940,248.43,248.47
635287.33,635517.07,1699353000,248.48,248.46
635719.77,635824.27,1699353060,248.46,248.53
635956.76,635854.44,1699353120,248.54,248.26
635857.44,635905.93,1699353180,248.26,248.4
635889.84,635908.67,1699353240,248.4,248.55
635940.61,635874.1,1699353300,248.55,248.67
635994.8,636004.83,1699353360,248.66,248.46
636133.54,636238.81,1699353420,248.47,248.3
636223.49,636355.29,1699353480,248.3,248.39
636323.51,636315.92,1699353540,248.39,248.29
636339.13,636525.75,1699353600,248.29,248.4
636531.03,636487.19,1699353660,248.39,248.25
636617.11,636464.84,1699353720,248.26,248.01
636445.52,636445.52,1699353780,248.02,247.92
636438.12,636468.94,1699353840,247.93,247.93
636422.14,636499.02,1699353900,247.93,247.78
636298.4,636309.4,1699353960,247.79,247.57
635964.92,635351.94,1699354020,247.53,247.32
635357.64,635436.81,1699354080,247.33,247.54
635530.09,635603.69,1699354140,247.52,247.53
635582.2,635459.24,1699354200,247.53,247.17
635381.84,635262.72,1699354260,247.18,247.34
635303.78,635348.76,1699354320,247.34,246.73
634437.97,634451.19,1699354380,246.73,247.05
634782.35,634684.75,1699354440,247.07,247.09
634646.31,634633.29,1699354500,247.09,246.9
634741.39,634733.02,1699354560,246.9,246.96
634707.23,634985.28,1699354620,246.96,247.12
635037.27,635019.92,1699354680,247.12,247.03
635127.71,635153.5,1699354740,247.04,247.06
635200.67,635344.86,1699354800,247.06,246.97
635363.94,635669.16,1699354860,246.97,247.24
636379.45,636296.38,1699354920,247.24,247.32
636854.91,636854.91,1699354980,247.31,247.44
636871.1,636934.52,1699355040,247.43,247.36
637684.07,637855.72,1699355100,247.36,247.24
638140.32,638209.26,1699355160,247.24,247.5
638208.68,638233.53,1699355220,247.5,247.58
638278.94,638176.82,1699355280,247.57,247.45
638295.61,638301.95,1699355340,247.44,247.53
639161.02,639079.41,1699355400,247.52,247.53
639264.81,639198.96,1699355460,247.52,247.3
639692.7,639730.63,1699355520,247.29,247.54
639777.61,639675.57,1699355580,247.54,247.44
639801.48,639837.82,1699355640,247.43,247.4
639857.11,639309.39,1699355700,247.41,247.82
638667.3,638761.41,1699355760,247.83,247.85
638758.9,638850.08,1699355820,247.84,247.89
638883.25,640361.26,1699355880,247.9,248.2
640794.02,640690.41,1699355940,248.2,248.44
640493.91,640504.56,1699356000,248.44,248.29
640544.52,640559.93,1699356060,248.29,248.4
640721.59,640769.86,1699356120,248.41,248.4
640787.61,640843.17,1699356180,248.41,248.41
641200,641152.73,1699356240,248.42,248.5
641072.53,641072.53,1699356300,248.5,248.46
641186.22,641153.08,1699356360,248.46,248.26
641278.63,641266.71,1699356420,248.26,248.26
641314.64,641392.28,1699356480,248.26,248.44
641156.84,641058.89,1699356540,248.43,248.21
641240.47,640725.63,1699356600,248.21,248.07
640791.19,640735.49,1699356660,248.07,248.05
640729.06,640820.85,1699356720,248.05,248.14
640818.76,640924.46,1699356780,248.13,248.33
640931.1,640936.42,1699356840,248.34,248.3
640959,640894.13,1699356900,248.31,248.31
640888.28,640890.19,1699356960,248.31,247.95
640792.89,640858.8,1699357020,247.95,247.74
640873.38,640808.34,1699357080,247.74,247.63
640848.75,639199.77,1699357140,247.62,247.29
638972.94,638873.5,1699357200,247.29,247.23
638688.27,638712.7,1699357260,247.24,247.3
638718.17,638730.34,1699357320,247.31,247.57
638698.75,638818.27,1699357380,247.57,247.67
638725.18,638759.75,1699357440,247.66,247.64
638834.63,638848.85,1699357500,247.64,247.73
638802.64,638802.64,1699357560,247.73,247.34
638767.73,638965.42,1699357620,247.34,247.52
638863.2,638752.11,1699357680,247.54,247.5
638760.25,638808.94,1699357740,247.49,247.63
638966.66,638923.83,1699357800,247.62,247.64
639022.44,639015.51,1699357860,247.62,247.4
638921.1,639004.09,1699357920,247.4,247.54
638991.31,639013.54,1699357980,247.54,247.53
639012.62,639064.31,1699358040,247.53,247.49
639045.43,639121.78,1699358100,247.5,247.57
639083.52,639061.43,1699358160,247.57,247.48
638734.63,638021.36,1699358220,247.47,247.81
637946.37,638735.91,1699358280,247.8,247.8
638884.91,638948.89,1699358340,247.8,247.89
641030.95,641110.17,1699358400,247.89,248.24
641106.71,641128.35,1699358460,248.25,248.25
641279.9,641281.93,1699358520,248.25,248.26
641314,641360.68,1699358580,248.26,248.17
641167.19,641247.75,1699358640,248.17,248.11
640848.88,640780.44,1699358700,248.1,247.79
640847.13,640826.3,1699358760,247.79,247.6
640703.22,640615.66,1699358820,247.59,247.41
640740.7,640740.7,1699358880,247.41,247.52
640778.31,640711.85,1699358940,247.52,247.3
640599.62,640319.08,1699359000,247.29,247.25
640203.17,639966.59,1699359060,247.26,247.06
639999.66,639924.67,1699359120,247.07,246.81
639566.29,639540.61,1699359180,246.82,247
639487.49,639548.89,1699359240,247,247.34
640094.21,639926.46,1699359300,247.33,247.27
640122.53,640185.12,1699359360,247.27,247.67
640245.67,640219.22,1699359420,247.68,247.69
640193.25,640226.4,1699359480,247.69,247.84
640270.65,640292.34,1699359540,247.84,247.98
640349.63,640477.73,1699359600,247.99,247.9
640607.35,640839.1,1699359660,247.9,247.94
640901.13,641450.02,1699359720,247.94,248.08
641888.73,641858.42,1699359780,248.08,248.12
641912.49,641968.46,1699359840,248.12,248.08
641963.79,641924.56,1699359900,248.08,247.63
641202.62,641179.56,1699359960,247.64,247.89
641190.66,641317.5,1699360020,247.9,247.9
641142.57,641165.92,1699360080,247.9,247.91
641242.73,641226.21,1699360140,247.9,247.68
641301.81,641301.81,1699360200,247.69,247.84
641405.82,641420.38,1699360260,247.73,247.64
641342.44,641378.34,1699360320,247.63,247.67
641381.42,641326.2,1699360380,247.68,247.63
641430.23,641537.19,1699360440,247.62,247.69
641549.37,641589.24,1699360500,247.7,247.94
641613.22,641609.76,1699360560,247.94,247.99
641603.65,641574.29,1699360620,247.99,248.03
641600.35,641615.78,1699360680,248.03,248.25
641739.21,641874.49,1699360740,248.26,248.16
641756.02,641839.32,1699360800,248.16,248.24
641960.79,641774.37,1699360860,248.24,248.28
641900.79,641909.69,1699360920,248.29,248.46
641714.14,641747.71,1699360980,248.46,248.47
642330.76,642409.02,1699361040,248.47,248.47
642446.29,642403.43,1699361100,248.46,248.46
642389.05,642394.65,1699361160,248.47,248.4
642469.52,642637.7,1699361220,248.4,248.3
642255.77,642241.76,1699361280,248.3,248.43
642073.58,642338.46,1699361340,248.44,248.47
642383.59,642375.74,1699361400,248.46,248.35
642251.2,642119.82,1699361460,248.34,248.34
642147.29,642120.1,1699361520,248.33,248.29
642194.56,642188.47,1699361580,248.3,248.5
642254.84,642254.84,1699361640,248.47,248.51
642363.4,642422.9,1699361700,248.5,248.53
642433.24,642433.24,1699361760,248.52,248.35
642319.18,642325.06,1699361820,248.35,248.37
642371.02,642426.51,1699361880,248.38,248.4
642459.09,642581.74,1699361940,248.4,248.46
642466.77,642512.67,1699362000,248.45,248.47
642527.33,642527.39,1699362060,248.47,248.37
642551.97,642627.73,1699362120,248.37,248.44
642664.61,642720.8,1699362180,248.44,248.36
642739.28,642767.96,1699362240,248.36,248.37
642760.3,641452.51,1699362300,248.38,248
641446.84,641356.1,1699362360,248.01,247.97
641407.36,641511.51,1699362420,247.97,248.1
641509.21,641570,1699362480,248.09,247.98
641594.59,641647.71,1699362540,247.99,248.08
641714.32,641669.57,1699362600,248.06,247.94
641643.17,641656.52,1699362660,247.95,247.96
641681.79,641668.6,1699362720,247.97,247.94
641696.06,641651.86,1699362780,247.94,247.9
641608.16,641692.39,1699362840,247.9,247.96
641687.02,641687.02,1699362900,247.96,248.08
641744.79,641608.93,1699362960,248.07,247.84
641616.71,641634.16,1699363020,247.83,248.08
641499.89,641481.8,1699363080,248.09,247.9
641531.1,641612.66,1699363140,247.9,248.12
641591.01,641564.16,1699363200,248.12,248.29
641526.02,641512.07,1699363260,248.3,248.33
641522.67,641294.41,1699363320,248.34,248
641273.55,641362.93,1699363380,247.99,247.92
641362.86,641331.6,1699363440,247.93,247.91
641392.38,641320.89,1699363500,247.91,247.85
641350.49,641179.09,1699363560,247.85,247.77
641206.05,641113.31,1699363620,247.76,247.67
641104.71,641003.6,1699363680,247.68,247.65
641091.89,640816.3,1699363740,247.65,247.43
640802.02,640575.05,1699363800,247.44,247.18
640258.16,639980.04,1699363860,247.18,247.03
640034.28,640109.84,1699363920,247.04,247.21
640128.99,640122.05,1699363980,247.2,247.14
640110.17,640186.78,1699364040,247.15,247.06
640358.26,640383.76,1699364100,247.07,246.94
640586.98,639734.84,1699364160,246.95,246.76
639662.09,639650.2,1699364220,246.76,246.7
639908.36,639883.4,1699364280,246.71,246.67
638009.92,634658.99,1699364340,246.68,246
634576.87,634659.03,1699364400,246.01,246.38
634580.1,634549.11,1699364460,246.39,246.15
634558.74,634416.6,1699364520,246.15,245.93
634163.51,634163.51,1699364580,245.93,246.17
634215.87,633719.69,1699364640,246.18,246.16
633761.46,633608.76,1699364700,246.16,246.29
633474.54,633222.42,1699364760,246.3,246.21
633026.91,633312.58,1699364820,246.21,246.58
633355.9,633430.75,1699364880,246.58,246.76
633474.03,633599.53,1699364940,246.76,246.97
633521.31,633544.08,1699365000,246.95,246.87
633856.35,633892.71,1699365060,246.9,246.83
633890.29,633744.3,1699365120,246.82,246.41
633994.51,633945.23,1699365180,246.4,246.38
633721.98,633677.29,1699365240,246.39,246.44
633485.49,633528.01,1699365300,246.45,246.51
633544.55,634139.93,1699365360,246.52,246.86
634034.16,633966.35,1699365420,246.87,246.89
633926.33,634068.77,1699365480,246.88,246.91
633961.16,633991.17,1699365540,246.92,247.1
634059.98,633820.13,1699365600,247.09,246.76
633946.91,633946.35,1699365660,246.77,247.09
634151.03,633896.82,1699365720,247.09,247.24
633571.01,633532.97,1699365780,247.22,247.05
633549.77,633799.59,1699365840,247.04,247.31
633669.49,633752.73,1699365900,247.3,247.07
633835.59,633906.03,1699365960,247.08,247.15
633829.29,633829.29,1699366020,247.16,247.17
633801.14,633817.54,1699366080,247.17,247.21
633956.15,633951.65,1699366140,247.23,247.37
633983.72,633996.39,1699366200,247.38,247.44
633976.24,634215.21,1699366260,247.43,247.56
634079.53,634289.81,1699366320,247.56,247.62
634389.94,634526.65,1699366380,247.6,247.51
634383.39,634210.93,1699366440,247.51,247.19
634173.49,634164.47,1699366500,247.2,247.05
634243.84,634269.46,1699366560,247.05,247.22
634266.41,634332.13,1699366620,247.22,247.24
634326.47,634471.55,1699366680,247.24,247.27
634422.86,634379.65,1699366740,247.26,247.15
634317.27,634411.12,1699366800,247.15,247.11
634397.63,634287.57,1699366860,247.12,246.95
634437.16,634447.82,1699366920,246.95,246.93
634437.91,634449.2,1699366980,246.92,246.89
634477.93,634396.69,1699367040,246.9,246.93
634535.91,634562.5,1699367100,246.92,246.93
634619.29,634705.41,1699367160,246.94,247.16
634726.7,634686.47,1699367220,247.16,246.88
635005.49,635005.49,1699367280,246.87,247.02
635045.99,634883.62,1699367340,247.01,246.8
634896.49,634972.88,1699367400,246.81,246.85
634949.34,635178.15,1699367460,246.85,246.44
635339.05,635031.24,1699367520,246.44,246.59
635137.79,635114.56,1699367580,246.59,246.43
635304.52,635183.14,1699367640,246.44,246.53
635180.4,635235.1,1699367700,246.54,246.25
635236.69,635120.35,1699367760,246.25,246.1
634671.31,634631.35,1699367820,246.11,246.15
634829.2,634870.56,1699367880,246.16,246.09
634511.04,634572.51,1699367940,246.09,245.96
634574.16,634745.18,1699368000,245.97,246.09
634869.73,634789.61,1699368060,246.09,246.05
634800.02,634873.54,1699368120,246.04,246.39
634866.73,634890.93,1699368180,246.39,246.65
635004.12,635027.19,1699368240,246.64,246.74
635034.6,634925.29,1699368300,246.73,246.88
634965.31,634999.03,1699368360,246.88,246.73
635327.83,635327.83,1699368420,246.74,246.89
