"OI_open","OI_close","timestamp","price_open","price_close","price_low","price_high"
1907988100000,1908259200000,1698275700,2.6612e-06,2.6814e-06,2.6612e-06,2.6814e-06
1907690100000,1908369800000,1698275760,2.6812e-06,2.6788e-06,2.6721e-06,2.6812e-06
1.908233e+12,1907076100000,1698275820,2.6784e-06,2.6777e-06,2.6696e-06,2.6812e-06
1907025700000,1910056300000,1698275880,2.6783e-06,2.6682e-06,2.6661e-06,2.6797e-06
1.909968e+12,1908812100000,1698275940,2.6672e-06,2.67e-06,2.6661e-06,2.67e-06
1908916200000,1902487300000,1698276000,2.67e-06,2.6781e-06,2.6699e-06,2.6862e-06
1902575300000,1902205100000,1698276060,2.678e-06,2.6769e-06,2.6766e-06,2.6784e-06
1902076900000,1903716300000,1698276120,2.6769e-06,2.6656e-06,2.6636e-06,2.6778e-06
1903793600000,1.903356e+12,1698276180,2.6652e-06,2.6778e-06,2.6652e-06,2.679e-06
1903594100000,1906105700000,1698276240,2.6769e-06,2.6717e-06,2.6682e-06,2.6769e-06
1906105700000,1908757800000,1698276300,2.6719e-06,2.6694e-06,2.6646e-06,2.6751e-06
1908757800000,1912134200000,1698276360,2.6685e-06,2.6693e-06,2.6656e-06,2.6723e-06
1912134200000,1911684200000,1698276420,2.6692e-06,2.669e-06,2.6656e-06,2.6702e-06
1911238700000,1911242300000,1698276480,2.6687e-06,2.6686e-06,2.6666e-06,2.6693e-06
1911242300000,1911311600000,1698276540,2.6688e-06,2.6685e-06,2.6675e-06,2.6695e-06
1911319400000,1910872300000,1698276600,2.6684e-06,2.6721e-06,2.6684e-06,2.6732e-06
1910771600000,1912260200000,1698276660,2.6722e-06,2.6722e-06,2.6671e-06,2.6722e-06
1912260200000,1912678100000,1698276720,2.6721e-06,2.6729e-06,2.6721e-06,2.6735e-06
1912613100000,1910379400000,1698276780,2.6735e-06,2.66e-06,2.66e-06,2.6739e-06
1909703500000,1.910941e+12,1698276840,2.6607e-06,2.6613e-06,2.66e-06,2.662e-06
1.910941e+12,1910975600000,1698276900,2.6613e-06,2.6747e-06,2.6613e-06,2.6747e-06
1910975600000,1.911474e+12,1698276960,2.6749e-06,2.6752e-06,2.6749e-06,2.6767e-06
1911503100000,1911274600000,1698277020,2.6751e-06,2.6731e-06,2.6687e-06,2.6751e-06
1911274600000,1910396600000,1698277080,2.6731e-06,2.6659e-06,2.6614e-06,2.6731e-06
1910602800000,1.914384e+12,1698277140,2.6652e-06,2.6688e-06,2.6651e-06,2.6766e-06
1.914384e+12,1915587600000,1698277200,2.6688e-06,2.6709e-06,2.6655e-06,2.6709e-06
1915653100000,1913935400000,1698277260,2.671e-06,2.6732e-06,2.671e-06,2.6757e-06
1914138200000,1915374400000,1698277320,2.6732e-06,2.6757e-06,2.6732e-06,2.6761e-06
1915467100000,1917070700000,1698277380,2.6758e-06,2.6862e-06,2.6758e-06,2.6862e-06
1916746900000,1917565200000,1698277440,2.6861e-06,2.6946e-06,2.6861e-06,2.6969e-06
1917747900000,1908264200000,1698277500,2.6952e-06,2.7291e-06,2.6941e-06,2.7361e-06
1910146200000,1909997900000,1698277560,2.727e-06,2.7038e-06,2.6998e-06,2.7277e-06
1909741400000,1909659600000,1698277620,2.6998e-06,2.7007e-06,2.6973e-06,2.7104e-06
1909466800000,1910379400000,1698277680,2.7012e-06,2.7024e-06,2.6981e-06,2.7051e-06
1910628500000,1909520100000,1698277740,2.7023e-06,2.6911e-06,2.6901e-06,2.7023e-06
1909484600000,1.912174e+12,1698277800,2.6911e-06,2.6822e-06,2.6809e-06,2.6928e-06
1912174100000,1911710500000,1698277860,2.6824e-06,2.6806e-06,2.6806e-06,2.6901e-06
1911743500000,1913473200000,1698277920,2.6806e-06,2.6789e-06,2.6788e-06,2.6806e-06
1913465900000,1915164800000,1698277980,2.6789e-06,2.6828e-06,2.6788e-06,2.69e-06
1915382900000,1915553700000,1698278040,2.6827e-06,2.6773e-06,2.6763e-06,2.6827e-06
1915553700000,1917504600000,1698278100,2.6772e-06,2.6759e-06,2.6714e-06,2.6848e-06
1.917984e+12,1919213200000,1698278160,2.6759e-06,2.675e-06,2.6749e-06,2.6759e-06
1919213200000,1921434900000,1698278220,2.675e-06,2.6737e-06,2.6736e-06,2.675e-06
1921501200000,1921018600000,1698278280,2.674e-06,2.6698e-06,2.665e-06,2.6741e-06
1921012200000,1925098400000,1698278340,2.6697e-06,2.6665e-06,2.6578e-06,2.67e-06
1924222600000,1924167600000,1698278400,2.6664e-06,2.6749e-06,2.6596e-06,2.6749e-06
1922779200000,1.927212e+12,1698278460,2.6749e-06,2.6729e-06,2.6717e-06,2.6845e-06
1927092800000,1923436100000,1698278520,2.6723e-06,2.679e-06,2.6573e-06,2.695e-06
1923436500000,1923288800000,1698278580,2.6798e-06,2.6987e-06,2.6795e-06,2.7015e-06
1923808300000,1924409800000,1698278640,2.6993e-06,2.689e-06,2.6865e-06,2.6993e-06
1924328100000,1928317900000,1698278700,2.6877e-06,2.7013e-06,2.6869e-06,2.7025e-06
1928496900000,1928199500000,1698278760,2.7014e-06,2.7058e-06,2.6961e-06,2.7118e-06
1929398400000,1934594200000,1698278820,2.7058e-06,2.717e-06,2.7051e-06,2.7184e-06
1934594200000,1933340200000,1698278880,2.7174e-06,2.7054e-06,2.704e-06,2.7237e-06
1934191600000,1930348400000,1698278940,2.7055e-06,2.7068e-06,2.7036e-06,2.7237e-06
1930348400000,1931442500000,1698279000,2.7069e-06,2.7064e-06,2.7052e-06,2.7093e-06
1932151200000,1935497700000,1698279060,2.7064e-06,2.7065e-06,2.7063e-06,2.7069e-06
1935497300000,1937796100000,1698279120,2.7065e-06,2.7067e-06,2.7064e-06,2.7075e-06
1937796100000,1937888400000,1698279180,2.7068e-06,2.7082e-06,2.7067e-06,2.7089e-06
1937869500000,1939658900000,1698279240,2.7082e-06,2.694e-06,2.6916e-06,2.7082e-06
1.937637e+12,1938536100000,1698279300,2.6927e-06,2.6918e-06,2.69e-06,2.6944e-06
1938425800000,1937268500000,1698279360,2.6918e-06,2.7045e-06,2.6918e-06,2.7045e-06
1937268500000,1937746100000,1698279420,2.7044e-06,2.7048e-06,2.6981e-06,2.7048e-06
1937793700000,1938848100000,1698279480,2.7048e-06,2.705e-06,2.7048e-06,2.705e-06
1938972500000,1938984500000,1698279540,2.705e-06,2.7086e-06,2.7028e-06,2.7086e-06
1938619100000,1939590500000,1698279600,2.7088e-06,2.7239e-06,2.7071e-06,2.726e-06
1939380600000,1933819700000,1698279660,2.7259e-06,2.7278e-06,2.7227e-06,2.7281e-06
1933871900000,1932379200000,1698279720,2.7279e-06,2.7185e-06,2.7152e-06,2.7433e-06
1934501300000,1939308200000,1698279780,2.7185e-06,2.7206e-06,2.7124e-06,2.7291e-06
1.939871e+12,1941210800000,1698279840,2.7205e-06,2.72e-06,2.7193e-06,2.7212e-06
1941764600000,1.943158e+12,1698279900,2.7204e-06,2.7195e-06,2.7157e-06,2.7204e-06
1943162900000,1945585200000,1698279960,2.7194e-06,2.7255e-06,2.7194e-06,2.7273e-06
1945193600000,1946394400000,1698280020,2.7251e-06,2.7384e-06,2.7251e-06,2.74e-06
1943467300000,1944703300000,1698280080,2.7384e-06,2.74e-06,2.7279e-06,2.76e-06
1946102200000,1946589100000,1698280140,2.7392e-06,2.7441e-06,2.7372e-06,2.7451e-06
1946620800000,1952020600000,1698280200,2.7446e-06,2.7472e-06,2.7434e-06,2.7625e-06
1952518200000,1959707200000,1698280260,2.7499e-06,2.762e-06,2.7492e-06,2.7628e-06
1959738900000,1963269700000,1698280320,2.7621e-06,2.7629e-06,2.7568e-06,2.7666e-06
1963070600000,1963994300000,1698280380,2.763e-06,2.754e-06,2.754e-06,2.7675e-06
1963866900000,1963753700000,1698280440,2.7541e-06,2.7498e-06,2.746e-06,2.7541e-06
1.963096e+12,1.964732e+12,1698280500,2.7496e-06,2.7474e-06,2.7474e-06,2.75e-06
1.965971e+12,1974722200000,1698280560,2.7475e-06,2.7319e-06,2.7313e-06,2.7475e-06
1.97513e+12,1977985700000,1698280620,2.7316e-06,2.7284e-06,2.7261e-06,2.7329e-06
1978485500000,1976932500000,1698280680,2.7284e-06,2.719e-06,2.7171e-06,2.7284e-06
1.976932e+12,1976756600000,1698280740,2.7185e-06,2.7166e-06,2.7137e-06,2.719e-06
1976769800000,1975899200000,1698280800,2.7166e-06,2.7331e-06,2.7156e-06,2.7345e-06
1975076800000,1975077600000,1698280860,2.7331e-06,2.7283e-06,2.7281e-06,2.7331e-06
1975887900000,1975701200000,1698280920,2.7281e-06,2.7187e-06,2.7178e-06,2.7282e-06
1975701200000,1975575500000,1698280980,2.7181e-06,2.7165e-06,2.7145e-06,2.72e-06
1975179500000,1974932600000,1698281040,2.7159e-06,2.7199e-06,2.7158e-06,2.7243e-06
1975045800000,1973155400000,1698281100,2.7207e-06,2.7141e-06,2.712e-06,2.7209e-06
1973155400000,1972829100000,1698281160,2.714e-06,2.7155e-06,2.7092e-06,2.7163e-06
1972829100000,1974606200000,1698281220,2.714e-06,2.7e-06,2.7e-06,2.714e-06
1974269800000,1973279900000,1698281280,2.7001e-06,2.7009e-06,2.7e-06,2.7025e-06
1973279900000,1.972737e+12,1698281340,2.701e-06,2.714e-06,2.7009e-06,2.7178e-06
1972016600000,1972711500000,1698281400,2.7139e-06,2.7131e-06,2.7071e-06,2.7155e-06
1972560800000,1974812200000,1698281460,2.7131e-06,2.733e-06,2.7131e-06,2.733e-06
1975063900000,1973894900000,1698281520,2.733e-06,2.7298e-06,2.7231e-06,2.733e-06
1973657800000,1974798200000,1698281580,2.7298e-06,2.7347e-06,2.7298e-06,2.7352e-06
1974202900000,1972669600000,1698281640,2.7346e-06,2.7309e-06,2.7282e-06,2.7346e-06
1972673500000,1972411900000,1698281700,2.7319e-06,2.7389e-06,2.7318e-06,2.7416e-06
1972446300000,1972832400000,1698281760,2.7388e-06,2.7388e-06,2.7383e-06,2.739e-06
1972383200000,1966685300000,1698281820,2.7389e-06,2.7427e-06,2.7342e-06,2.7573e-06
1967274900000,1967518900000,1698281880,2.7426e-06,2.7423e-06,2.7409e-06,2.7441e-06
1967518900000,1966458100000,1698281940,2.7423e-06,2.7418e-06,2.741e-06,2.745e-06
1966058100000,1968744800000,1698282000,2.7417e-06,2.7381e-06,2.738e-06,2.7418e-06
1969016100000,1.971241e+12,1698282060,2.7391e-06,2.738e-06,2.737e-06,2.7393e-06
1971479100000,1972555400000,1698282120,2.738e-06,2.7359e-06,2.7357e-06,2.738e-06
1971816200000,1977236500000,1698282180,2.7357e-06,2.7317e-06,2.7295e-06,2.7357e-06
1977846700000,1979321500000,1698282240,2.7316e-06,2.7341e-06,2.7292e-06,2.7341e-06
1979284700000,1982238500000,1698282300,2.7328e-06,2.7292e-06,2.7291e-06,2.7329e-06
1.982191e+12,1983538800000,1698282360,2.7292e-06,2.7276e-06,2.7226e-06,2.7292e-06
1983716100000,1985376100000,1698282420,2.7277e-06,2.7239e-06,2.7239e-06,2.7278e-06
1985376100000,1984486200000,1698282480,2.7239e-06,2.7159e-06,2.7151e-06,2.724e-06
1984490300000,1984469700000,1698282540,2.7159e-06,2.715e-06,2.7149e-06,2.716e-06
1984478700000,1984430400000,1698282600,2.7149e-06,2.7116e-06,2.7113e-06,2.7149e-06
1984580700000,1985815500000,1698282660,2.7116e-06,2.7075e-06,2.7075e-06,2.7123e-06
1985827700000,1990376600000,1698282720,2.7074e-06,2.7084e-06,2.7067e-06,2.7123e-06
1991223400000,1991639100000,1698282780,2.7084e-06,2.7114e-06,2.7066e-06,2.7123e-06
1991500100000,1988004700000,1698282840,2.7102e-06,2.7089e-06,2.7087e-06,2.716e-06
1988004700000,1987656800000,1698282900,2.7089e-06,2.7053e-06,2.7039e-06,2.7109e-06
1987665600000,1.984039e+12,1698282960,2.7053e-06,2.6973e-06,2.6953e-06,2.7053e-06
1984176400000,1985989800000,1698283020,2.6972e-06,2.7056e-06,2.6967e-06,2.7073e-06
1982026800000,1979331200000,1698283080,2.7046e-06,2.7011e-06,2.7002e-06,2.7131e-06
1979442300000,1980345800000,1698283140,2.701e-06,2.6971e-06,2.6953e-06,2.701e-06
1979869200000,1980655100000,1698283200,2.6972e-06,2.7009e-06,2.6972e-06,2.7035e-06
1980727100000,1981016100000,1698283260,2.7005e-06,2.6986e-06,2.6984e-06,2.7006e-06
1981016100000,1981832500000,1698283320,2.6987e-06,2.6956e-06,2.695e-06,2.6987e-06
1981760300000,1.976258e+12,1698283380,2.6957e-06,2.705e-06,2.6656e-06,2.7054e-06
1976247100000,1972289300000,1698283440,2.7053e-06,2.6906e-06,2.69e-06,2.7058e-06
1968034400000,1964763800000,1698283500,2.692e-06,2.687e-06,2.6869e-06,2.6931e-06
1965015800000,1963854900000,1698283560,2.6869e-06,2.688e-06,2.6838e-06,2.688e-06
1963609800000,1962169400000,1698283620,2.6879e-06,2.688e-06,2.6826e-06,2.688e-06
1962330800000,1963779800000,1698283680,2.688e-06,2.69e-06,2.685e-06,2.69e-06
1.962835e+12,1958423500000,1698283740,2.69e-06,2.6889e-06,2.6861e-06,2.69e-06
1958413900000,1958791100000,1698283800,2.6889e-06,2.6977e-06,2.6889e-06,2.6977e-06
1958791200000,1956047100000,1698283860,2.6977e-06,2.7098e-06,2.6977e-06,2.7098e-06
1956435600000,1956777900000,1698283920,2.7098e-06,2.7108e-06,2.7097e-06,2.7111e-06
1956537600000,1.954004e+12,1698283980,2.7107e-06,2.723e-06,2.7107e-06,2.7278e-06
1954010700000,1949298600000,1698284040,2.7233e-06,2.73e-06,2.7233e-06,2.7302e-06
1948824500000,1948101400000,1698284100,2.73e-06,2.732e-06,2.73e-06,2.7321e-06
1948101400000,1947800700000,1698284160,2.7322e-06,2.7392e-06,2.7322e-06,2.7392e-06
1947807800000,1947090700000,1698284220,2.7388e-06,2.745e-06,2.7387e-06,2.745e-06
1.946922e+12,1943165200000,1698284280,2.7449e-06,2.7371e-06,2.7313e-06,2.7474e-06
1.943148e+12,1942909400000,1698284340,2.737e-06,2.7335e-06,2.731e-06,2.737e-06
1942860500000,1.94261e+12,1698284400,2.7335e-06,2.7327e-06,2.7319e-06,2.7336e-06
1942630400000,1941882600000,1698284460,2.7332e-06,2.7214e-06,2.7211e-06,2.7355e-06
1941225900000,1940850700000,1698284520,2.7213e-06,2.7023e-06,2.7014e-06,2.7214e-06
1941098700000,1937037200000,1698284580,2.702e-06,2.702e-06,2.6924e-06,2.7025e-06
1937793400000,1938333500000,1698284640,2.702e-06,2.6974e-06,2.6966e-06,2.7023e-06
1938233600000,1931773600000,1698284700,2.6974e-06,2.6947e-06,2.675e-06,2.6974e-06
1931886600000,1930490500000,1698284760,2.6946e-06,2.6956e-06,2.6915e-06,2.7e-06
1930500600000,1931089600000,1698284820,2.6949e-06,2.6975e-06,2.6939e-06,2.6986e-06
1931089600000,1927828800000,1698284880,2.6974e-06,2.6978e-06,2.6948e-06,2.7e-06
1927853900000,1926842300000,1698284940,2.6991e-06,2.7102e-06,2.6991e-06,2.7107e-06
1926763300000,1923340700000,1698285000,2.7103e-06,2.7179e-06,2.7103e-06,2.7223e-06
1923074800000,1923684200000,1698285060,2.718e-06,2.7155e-06,2.7098e-06,2.7183e-06
1923529400000,1924563800000,1698285120,2.7155e-06,2.723e-06,2.7155e-06,2.7239e-06
1924570900000,1927339100000,1698285180,2.7229e-06,2.7155e-06,2.7141e-06,2.7241e-06
1927079400000,1927627100000,1698285240,2.7175e-06,2.7181e-06,2.7175e-06,2.7184e-06
1927627100000,1.928016e+12,1698285300,2.7181e-06,2.7123e-06,2.7118e-06,2.7184e-06
1928042200000,1.927283e+12,1698285360,2.7126e-06,2.7153e-06,2.7123e-06,2.7167e-06
1.927283e+12,1.926658e+12,1698285420,2.7152e-06,2.7265e-06,2.7152e-06,2.7266e-06
1926707200000,1923138400000,1698285480,2.7266e-06,2.7289e-06,2.7266e-06,2.7332e-06
1923138400000,1923538700000,1698285540,2.7299e-06,2.7341e-06,2.7299e-06,2.7366e-06
1923163500000,1924392600000,1698285600,2.7348e-06,2.756e-06,2.734e-06,2.7718e-06
1923445800000,1923316100000,1698285660,2.7575e-06,2.7367e-06,2.732e-06,2.7575e-06
1923316100000,1920876500000,1698285720,2.7369e-06,2.7287e-06,2.7267e-06,2.737e-06
1920608200000,1919840600000,1698285780,2.7287e-06,2.7184e-06,2.7124e-06,2.7306e-06
1919840600000,1920893100000,1698285840,2.7183e-06,2.7148e-06,2.7139e-06,2.7183e-06
1920893400000,1922657900000,1698285900,2.7149e-06,2.7137e-06,2.7137e-06,2.7149e-06
1922783900000,1923008900000,1698285960,2.714e-06,2.7146e-06,2.714e-06,2.7156e-06
1922469900000,1921341900000,1698286020,2.714e-06,2.7101e-06,2.71e-06,2.714e-06
1920750600000,1921869700000,1698286080,2.71e-06,2.7033e-06,2.7012e-06,2.71e-06
1921674200000,1922263300000,1698286140,2.7034e-06,2.711e-06,2.7034e-06,2.7125e-06
1921745300000,1920861400000,1698286200,2.7108e-06,2.7095e-06,2.7031e-06,2.711e-06
1920861400000,1920718900000,1698286260,2.7091e-06,2.6987e-06,2.6987e-06,2.71e-06
1920484500000,1922867900000,1698286320,2.6985e-06,2.7037e-06,2.6982e-06,2.7055e-06
1922880300000,1923593600000,1698286380,2.703e-06,2.6993e-06,2.6992e-06,2.7063e-06
1923797900000,1.92102e+12,1698286440,2.6993e-06,2.6992e-06,2.6949e-06,2.6995e-06
1.92102e+12,1921579500000,1698286500,2.6997e-06,2.6999e-06,2.698e-06,2.7006e-06
1922070700000,1921566400000,1698286560,2.6992e-06,2.7047e-06,2.6981e-06,2.7047e-06
1920901200000,1920071300000,1698286620,2.7047e-06,2.7135e-06,2.7018e-06,2.7135e-06
1920128300000,1915263400000,1698286680,2.7134e-06,2.7139e-06,2.712e-06,2.715e-06
1915263400000,1916706200000,1698286740,2.7142e-06,2.7194e-06,2.7141e-06,2.72e-06
1916812400000,1915724300000,1698286800,2.72e-06,2.7532e-06,2.72e-06,2.7532e-06
1915440300000,1907029400000,1698286860,2.7533e-06,2.7691e-06,2.7533e-06,2.775e-06
1906100200000,1902325400000,1698286920,2.7691e-06,2.7501e-06,2.7448e-06,2.7719e-06
1902008600000,1901624900000,1698286980,2.7499e-06,2.7479e-06,2.7459e-06,2.75e-06
1901492600000,1901862800000,1698287040,2.748e-06,2.7501e-06,2.7473e-06,2.7506e-06
1901941700000,1903117600000,1698287100,2.7501e-06,2.7419e-06,2.7413e-06,2.7535e-06
1903064100000,1.904093e+12,1698287160,2.7424e-06,2.7312e-06,2.7311e-06,2.7424e-06
1.904093e+12,1906030200000,1698287220,2.7312e-06,2.7307e-06,2.7284e-06,2.7322e-06
1906030200000,1905562700000,1698287280,2.7309e-06,2.72e-06,2.72e-06,2.7311e-06
1905562700000,1905629700000,1698287340,2.7201e-06,2.7282e-06,2.7192e-06,2.7334e-06
1906520600000,1.905719e+12,1698287400,2.7284e-06,2.7306e-06,2.7258e-06,2.7348e-06
1.905719e+12,1907055900000,1698287460,2.7283e-06,2.7307e-06,2.7273e-06,2.7319e-06
1.907122e+12,1907245100000,1698287520,2.731e-06,2.73e-06,2.7296e-06,2.7325e-06
1907253600000,1907867400000,1698287580,2.7302e-06,2.7247e-06,2.7247e-06,2.7302e-06
1909082800000,1907862100000,1698287640,2.724e-06,2.721e-06,2.7137e-06,2.7261e-06
1907590400000,1908306700000,1698287700,2.7213e-06,2.7281e-06,2.7211e-06,2.7351e-06
1908401500000,1910815400000,1698287760,2.7281e-06,2.7475e-06,2.7281e-06,2.7475e-06
1910167400000,1910569900000,1698287820,2.7473e-06,2.7444e-06,2.7437e-06,2.75e-06
1910335700000,1910408100000,1698287880,2.744e-06,2.7534e-06,2.7427e-06,2.7551e-06
1911756900000,1910085300000,1698287940,2.7533e-06,2.7532e-06,2.7498e-06,2.7559e-06
1909856300000,1909408300000,1698288000,2.7533e-06,2.7472e-06,2.7472e-06,2.7565e-06
1909408300000,1909476800000,1698288060,2.7468e-06,2.7365e-06,2.7351e-06,2.7468e-06
1909476600000,1909418400000,1698288120,2.7362e-06,2.7441e-06,2.7352e-06,2.7452e-06
1909477900000,1911969800000,1698288180,2.744e-06,2.7421e-06,2.7421e-06,2.7462e-06
1911769500000,1912488200000,1698288240,2.7421e-06,2.7444e-06,2.7409e-06,2.7445e-06
1912520200000,1912983300000,1698288300,2.7444e-06,2.7372e-06,2.7361e-06,2.7478e-06
1912998800000,1912789900000,1698288360,2.7371e-06,2.7339e-06,2.7334e-06,2.7424e-06
1912817100000,1912088400000,1698288420,2.7337e-06,2.7328e-06,2.7328e-06,2.737e-06
1912034500000,1909138400000,1698288480,2.7327e-06,2.7188e-06,2.714e-06,2.7327e-06
1.909218e+12,1911533100000,1698288540,2.7177e-06,2.7096e-06,2.709e-06,2.7196e-06
1911857800000,1914064600000,1698288600,2.7101e-06,2.71e-06,2.7096e-06,2.7108e-06
1914077900000,1.916951e+12,1698288660,2.71e-06,2.7054e-06,2.7054e-06,2.71e-06
1916951500000,1920181800000,1698288720,2.7053e-06,2.7094e-06,2.7053e-06,2.7119e-06
1919989600000,1921414900000,1698288780,2.709e-06,2.7115e-06,2.7087e-06,2.7153e-06
1921414900000,1922089600000,1698288840,2.711e-06,2.7075e-06,2.7067e-06,2.7111e-06
1922104100000,1.925672e+12,1698288900,2.7075e-06,2.7206e-06,2.7068e-06,2.7398e-06
1925671700000,1924225900000,1698288960,2.7206e-06,2.7227e-06,2.7183e-06,2.7236e-06
1924225900000,1921233400000,1698289020,2.7225e-06,2.7229e-06,2.718e-06,2.7269e-06
1921218300000,1921550600000,1698289080,2.722e-06,2.7209e-06,2.7208e-06,2.7221e-06
1921550600000,1923046300000,1698289140,2.7209e-06,2.719e-06,2.718e-06,2.7209e-06
1923046300000,1923185300000,1698289200,2.7189e-06,2.7195e-06,2.7189e-06,2.7239e-06
1923152700000,1923221500000,1698289260,2.7196e-06,2.7219e-06,2.719e-06,2.7224e-06
1923068900000,1.923512e+12,1698289320,2.7206e-06,2.7177e-06,2.7177e-06,2.7206e-06
1923886600000,1926448900000,1698289380,2.7177e-06,2.7156e-06,2.7142e-06,2.7177e-06
1926491600000,1927783800000,1698289440,2.7156e-06,2.7107e-06,2.7107e-06,2.7156e-06
1927639900000,1929896100000,1698289500,2.7107e-06,2.7191e-06,2.7103e-06,2.7218e-06
1929896100000,1930558400000,1698289560,2.7186e-06,2.7239e-06,2.7186e-06,2.7245e-06
1929815400000,1928311500000,1698289620,2.7236e-06,2.7171e-06,2.716e-06,2.7254e-06
1928317500000,1933338500000,1698289680,2.7166e-06,2.7119e-06,2.7099e-06,2.7209e-06
1933338500000,1935892700000,1698289740,2.7113e-06,2.7074e-06,2.7069e-06,2.7124e-06
1936021600000,1937213900000,1698289800,2.7086e-06,2.708e-06,2.7043e-06,2.7086e-06
1937261500000,1935684400000,1698289860,2.708e-06,2.707e-06,2.7043e-06,2.708e-06
1936885200000,1935266100000,1698289920,2.707e-06,2.71e-06,2.7067e-06,2.71e-06
1932868900000,1.931066e+12,1698289980,2.71e-06,2.7184e-06,2.71e-06,2.7191e-06
1930872900000,1929951300000,1698290040,2.7183e-06,2.721e-06,2.7166e-06,2.721e-06
1929951300000,1926648800000,1698290100,2.721e-06,2.7311e-06,2.7209e-06,2.732e-06
1926555600000,1923057300000,1698290160,2.7315e-06,2.7491e-06,2.7313e-06,2.7492e-06
1922778100000,1921316100000,1698290220,2.7491e-06,2.7543e-06,2.7437e-06,2.7543e-06
1920937600000,1920128300000,1698290280,2.7539e-06,2.7502e-06,2.747e-06,2.754e-06
1919227300000,1920448100000,1698290340,2.7502e-06,2.75e-06,2.745e-06,2.7502e-06
1920472500000,1921932800000,1698290400,2.75e-06,2.7489e-06,2.7452e-06,2.75e-06
1.921936e+12,1.921835e+12,1698290460,2.7486e-06,2.7473e-06,2.7447e-06,2.7487e-06
1921834300000,1922832800000,1698290520,2.7467e-06,2.7485e-06,2.7444e-06,2.75e-06
1922832800000,1922975300000,1698290580,2.7486e-06,2.7494e-06,2.747e-06,2.75e-06
1922815400000,1923691700000,1698290640,2.7494e-06,2.749e-06,2.7475e-06,2.7499e-06
1923714100000,1923659600000,1698290700,2.748e-06,2.7476e-06,2.742e-06,2.75e-06
1925933700000,1926060400000,1698290760,2.7482e-06,2.7478e-06,2.7474e-06,2.7498e-06
1926055500000,1926174100000,1698290820,2.7478e-06,2.7475e-06,2.7475e-06,2.748e-06
1926174100000,1925348100000,1698290880,2.7477e-06,2.75e-06,2.7462e-06,2.75e-06
1923524600000,1918180400000,1698290940,2.75e-06,2.747e-06,2.7424e-06,2.75e-06
1919397100000,1901851700000,1698291000,2.7461e-06,2.7539e-06,2.7452e-06,2.754e-06
1901927400000,1902164900000,1698291060,2.7523e-06,2.753e-06,2.7471e-06,2.754e-06
1899033300000,1898989200000,1698291120,2.753e-06,2.7527e-06,2.7501e-06,2.753e-06
1898970100000,1891791700000,1698291180,2.7528e-06,2.7653e-06,2.7519e-06,2.7655e-06
1889136700000,1887253300000,1698291240,2.7655e-06,2.767e-06,2.7616e-06,2.7685e-06
1887215200000,1887469500000,1698291300,2.767e-06,2.7683e-06,2.7659e-06,2.7684e-06
1887715300000,1901016100000,1698291360,2.7682e-06,2.7789e-06,2.766e-06,2.8e-06
1900035300000,1895784800000,1698291420,2.7775e-06,2.7656e-06,2.7625e-06,2.7786e-06
1896180500000,1.896274e+12,1698291480,2.7651e-06,2.7558e-06,2.7558e-06,2.7651e-06
1895894300000,1891473300000,1698291540,2.756e-06,2.7529e-06,2.7486e-06,2.7564e-06
1891264700000,1889139900000,1698291600,2.7518e-06,2.7463e-06,2.7443e-06,2.753e-06
1886179400000,1887475500000,1698291660,2.7464e-06,2.7471e-06,2.7447e-06,2.7499e-06
1887475500000,1888730800000,1698291720,2.7474e-06,2.7507e-06,2.7456e-06,2.751e-06
1888730800000,1.887668e+12,1698291780,2.7507e-06,2.7497e-06,2.7483e-06,2.751e-06
1.887668e+12,1886457300000,1698291840,2.7498e-06,2.751e-06,2.7497e-06,2.751e-06
1886457300000,1887978600000,1698291900,2.7509e-06,2.7503e-06,2.7498e-06,2.751e-06
1888319700000,1890193600000,1698291960,2.7503e-06,2.7468e-06,2.7461e-06,2.7503e-06
1889993600000,1887381700000,1698292020,2.7468e-06,2.7456e-06,2.7455e-06,2.7502e-06
1887429400000,1885460800000,1698292080,2.7455e-06,2.7388e-06,2.7311e-06,2.7455e-06
1885699100000,1883835500000,1698292140,2.7387e-06,2.738e-06,2.7375e-06,2.74e-06
1883847400000,1893061600000,1698292200,2.7376e-06,2.735e-06,2.7318e-06,2.738e-06
1893056400000,1890933200000,1698292260,2.7349e-06,2.7343e-06,2.7331e-06,2.735e-06
1890972800000,1897062200000,1698292320,2.7343e-06,2.7348e-06,2.7279e-06,2.735e-06
1896723100000,1886242300000,1698292380,2.7348e-06,2.735e-06,2.7339e-06,2.735e-06
1885614500000,1884805800000,1698292440,2.735e-06,2.7349e-06,2.7336e-06,2.735e-06
1883566800000,1878836400000,1698292500,2.735e-06,2.7336e-06,2.7316e-06,2.735e-06
1878836400000,1881273100000,1698292560,2.7336e-06,2.7349e-06,2.7336e-06,2.735e-06
1881428900000,1880842500000,1698292620,2.7349e-06,2.735e-06,2.7344e-06,2.735e-06
1.880971e+12,1879537800000,1698292680,2.7349e-06,2.7329e-06,2.7315e-06,2.7349e-06
1881296500000,1881712100000,1698292740,2.7329e-06,2.73e-06,2.7299e-06,2.7329e-06
1881283300000,1.875178e+12,1698292800,2.73e-06,2.7404e-06,2.7223e-06,2.7442e-06
1875262100000,1874628200000,1698292860,2.7404e-06,2.747e-06,2.7403e-06,2.747e-06
1874568300000,1875235400000,1698292920,2.747e-06,2.7643e-06,2.747e-06,2.7649e-06
1875608200000,1.873921e+12,1698292980,2.7635e-06,2.7642e-06,2.7588e-06,2.7642e-06
1874553900000,1.872735e+12,1698293040,2.7644e-06,2.7701e-06,2.7644e-06,2.7727e-06
1872538500000,1874052300000,1698293100,2.7693e-06,2.7695e-06,2.7623e-06,2.7702e-06
1874093600000,1875471200000,1698293160,2.7688e-06,2.7681e-06,2.768e-06,2.7695e-06
1875499200000,1878046700000,1698293220,2.7681e-06,2.7518e-06,2.7515e-06,2.7681e-06
1878065200000,1882682400000,1698293280,2.7516e-06,2.7441e-06,2.7433e-06,2.7518e-06
1882690700000,1884080500000,1698293340,2.7441e-06,2.751e-06,2.7388e-06,2.7518e-06
1884085400000,1884320400000,1698293400,2.7509e-06,2.7483e-06,2.7482e-06,2.751e-06
1884320400000,1.88138e+12,1698293520,2.7654e-06,2.7586e-06,2.7585e-06,2.7722e-06
1881971900000,1879671100000,1698293580,2.7586e-06,2.7515e-06,2.7461e-06,2.7586e-06
1879671100000,1880345100000,1698293640,2.7515e-06,2.7515e-06,2.7514e-06,2.7515e-06
1880345100000,1880002200000,1698293700,2.7515e-06,2.7481e-06,2.7477e-06,2.7515e-06
1880002200000,1879806500000,1698293760,2.7481e-06,2.7487e-06,2.7481e-06,2.7497e-06
1879723200000,1.878905e+12,1698293820,2.7487e-06,2.7484e-06,2.7484e-06,2.7494e-06
1.878905e+12,1878976400000,1698293880,2.7484e-06,2.7481e-06,2.7481e-06,2.7484e-06
1878995200000,1880219700000,1698293940,2.7482e-06,2.7464e-06,2.7459e-06,2.7482e-06
1880219700000,1881210600000,1698294000,2.7462e-06,2.7507e-06,2.7458e-06,2.7518e-06
1881293600000,1881464800000,1698294060,2.7506e-06,2.7518e-06,2.7487e-06,2.7518e-06
1881464800000,1880710400000,1698294120,2.7518e-06,2.7477e-06,2.7471e-06,2.7519e-06
1880710400000,1880712800000,1698294180,2.7477e-06,2.7506e-06,2.7477e-06,2.7508e-06
1880712800000,1.881995e+12,1698294240,2.7495e-06,2.748e-06,2.7477e-06,2.75e-06
1.881995e+12,1881828100000,1698294300,2.748e-06,2.7471e-06,2.7471e-06,2.7484e-06
1882475400000,1883332200000,1698294360,2.7471e-06,2.7406e-06,2.74e-06,2.7474e-06
1883332200000,1.884999e+12,1698294420,2.7406e-06,2.7399e-06,2.7393e-06,2.7406e-06
1.884999e+12,1887689800000,1698294480,2.7399e-06,2.7389e-06,2.7383e-06,2.7407e-06
1.888005e+12,1888354300000,1698294540,2.7389e-06,2.7389e-06,2.7381e-06,2.7389e-06
1889021400000,1892343500000,1698294600,2.7382e-06,2.7444e-06,2.7377e-06,2.7454e-06
1892605700000,1892678400000,1698294660,2.7447e-06,2.7404e-06,2.74e-06,2.7447e-06
1892678400000,1893276400000,1698294720,2.74e-06,2.7397e-06,2.7376e-06,2.7404e-06
1893276400000,1.89412e+12,1698294780,2.7395e-06,2.7424e-06,2.7377e-06,2.7434e-06
1894138400000,1894829200000,1698294840,2.7424e-06,2.7494e-06,2.7424e-06,2.75e-06
1894829200000,1894626700000,1698294900,2.7492e-06,2.7637e-06,2.7492e-06,2.7637e-06
1894626800000,1888260100000,1698294960,2.7638e-06,2.76e-06,2.7557e-06,2.7691e-06
1888260100000,1888289800000,1698295020,2.7599e-06,2.7511e-06,2.7502e-06,2.7599e-06
1888289800000,1.888779e+12,1698295080,2.7511e-06,2.7534e-06,2.7511e-06,2.7534e-06
1.888779e+12,1888561500000,1698295140,2.7522e-06,2.758e-06,2.7522e-06,2.7608e-06
1888561700000,1886921200000,1698295200,2.758e-06,2.7586e-06,2.758e-06,2.7676e-06
1886866300000,1886918900000,1698295260,2.7591e-06,2.7557e-06,2.7525e-06,2.7598e-06
1886918900000,1887278600000,1698295320,2.7557e-06,2.754e-06,2.7536e-06,2.7558e-06
1887278600000,1.887755e+12,1698295380,2.7538e-06,2.7461e-06,2.7438e-06,2.7539e-06
1887900200000,1888801700000,1698295440,2.7461e-06,2.7527e-06,2.7461e-06,2.7528e-06
1888625600000,1890269500000,1698295500,2.7526e-06,2.7495e-06,2.7461e-06,2.7526e-06
1.890314e+12,1892245700000,1698295560,2.7495e-06,2.7533e-06,2.7495e-06,2.754e-06
1892245700000,1892319600000,1698295620,2.7534e-06,2.7548e-06,2.7533e-06,2.7548e-06
1892319600000,1892996800000,1698295680,2.7545e-06,2.7567e-06,2.7545e-06,2.7567e-06
1892996800000,1894434800000,1698295740,2.7567e-06,2.769e-06,2.7567e-06,2.7691e-06
1894645400000,1888299200000,1698295800,2.7691e-06,2.7745e-06,2.7691e-06,2.7818e-06
1887748400000,1886237300000,1698295860,2.7761e-06,2.7773e-06,2.7679e-06,2.7776e-06
1886569900000,1.887745e+12,1698295920,2.7773e-06,2.7772e-06,2.7768e-06,2.78e-06
1887909200000,1889692300000,1698295980,2.7772e-06,2.7752e-06,2.7745e-06,2.7772e-06
1.889453e+12,1890201700000,1698296040,2.7753e-06,2.7747e-06,2.7745e-06,2.7765e-06
1890251800000,1891562200000,1698296100,2.7747e-06,2.7779e-06,2.7747e-06,2.778e-06
1891498200000,1893955500000,1698296160,2.778e-06,2.7788e-06,2.777e-06,2.7791e-06
1893991200000,1.894494e+12,1698296220,2.7788e-06,2.7786e-06,2.7761e-06,2.7799e-06
1895119200000,1897085200000,1698296280,2.7785e-06,2.7745e-06,2.7745e-06,2.7798e-06
1897299500000,1898011800000,1698296340,2.7746e-06,2.778e-06,2.7745e-06,2.7797e-06
1897633300000,1896425400000,1698296400,2.778e-06,2.7778e-06,2.7771e-06,2.7797e-06
1896537400000,1899104500000,1698296460,2.7778e-06,2.7601e-06,2.7601e-06,2.7778e-06
1899518700000,1899842700000,1698296520,2.7601e-06,2.7621e-06,2.76e-06,2.7648e-06
1899931200000,1895305900000,1698296580,2.7621e-06,2.7569e-06,2.7555e-06,2.7694e-06
1895390900000,1897321200000,1698296640,2.7579e-06,2.7626e-06,2.7564e-06,2.7648e-06
1897425200000,1897058900000,1698296700,2.7623e-06,2.7591e-06,2.759e-06,2.7623e-06
1897237900000,1899797900000,1698296760,2.759e-06,2.7595e-06,2.7522e-06,2.7598e-06
1900188700000,1899326800000,1698296820,2.7595e-06,2.7581e-06,2.7552e-06,2.7631e-06
1899326800000,1899799800000,1698296880,2.7557e-06,2.7523e-06,2.7522e-06,2.7559e-06
1899799800000,1903673700000,1698296940,2.7523e-06,2.7446e-06,2.7397e-06,2.7523e-06
1903658400000,1905501200000,1698297000,2.7455e-06,2.7469e-06,2.7391e-06,2.7481e-06
1905583300000,1904133900000,1698297060,2.7461e-06,2.7481e-06,2.7445e-06,2.7496e-06
1903853400000,1903223100000,1698297120,2.7481e-06,2.7437e-06,2.74e-06,2.7481e-06
1903223100000,1902676200000,1698297180,2.7437e-06,2.7461e-06,2.7437e-06,2.7477e-06
1902753800000,1895177700000,1698297240,2.7472e-06,2.7791e-06,2.747e-06,2.78e-06
1894840100000,1887795300000,1698297300,2.7787e-06,2.7934e-06,2.7776e-06,2.798e-06
1.887746e+12,1885530300000,1698297360,2.7923e-06,2.792e-06,2.7881e-06,2.7933e-06
1885535400000,1888709100000,1698297420,2.7922e-06,2.7912e-06,2.785e-06,2.7928e-06
1888633900000,1889958600000,1698297480,2.7912e-06,2.788e-06,2.7872e-06,2.7924e-06
1890200600000,1887496900000,1698297540,2.7879e-06,2.8234e-06,2.7879e-06,2.838e-06
1885571300000,1885556400000,1698297600,2.8234e-06,2.8045e-06,2.8045e-06,2.8358e-06
1885480400000,1887377800000,1698297660,2.8056e-06,2.8048e-06,2.8011e-06,2.8119e-06
1887497300000,1886355300000,1698297720,2.8049e-06,2.807e-06,2.785e-06,2.8072e-06
1886536800000,1888818900000,1698297780,2.807e-06,2.8167e-06,2.8055e-06,2.8317e-06
1888981900000,1899660700000,1698297840,2.8158e-06,2.8296e-06,2.8117e-06,2.8344e-06
1900314200000,1900377100000,1698297900,2.8296e-06,2.8073e-06,2.8031e-06,2.8319e-06
1900900100000,1902648200000,1698297960,2.8072e-06,2.8204e-06,2.8048e-06,2.8219e-06
1902633800000,1904302600000,1698298020,2.8205e-06,2.8124e-06,2.8088e-06,2.8219e-06
1905578300000,1.903809e+12,1698298080,2.8121e-06,2.8026e-06,2.8023e-06,2.8154e-06
1901719100000,1901019100000,1698298140,2.8025e-06,2.8009e-06,2.8e-06,2.8066e-06
1901019100000,1898719800000,1698298200,2.8008e-06,2.7985e-06,2.7911e-06,2.8024e-06
1898744400000,1893767300000,1698298260,2.7985e-06,2.7693e-06,2.7684e-06,2.7985e-06
1893240300000,1892888500000,1698298320,2.7688e-06,2.7941e-06,2.7684e-06,2.7983e-06
1892888500000,1894248400000,1698298380,2.7938e-06,2.7996e-06,2.7938e-06,2.7998e-06
1894228900000,1896648700000,1698298440,2.7997e-06,2.8136e-06,2.7997e-06,2.814e-06
1896758600000,1903574800000,1698298500,2.8135e-06,2.808e-06,2.808e-06,2.8171e-06
1.903016e+12,1904550400000,1698298560,2.8082e-06,2.8025e-06,2.8016e-06,2.8082e-06
1904282300000,1892079800000,1698298620,2.8029e-06,2.784e-06,2.76e-06,2.805e-06
1.893635e+12,1896821100000,1698298680,2.7839e-06,2.7953e-06,2.7839e-06,2.7983e-06
1896864500000,1895885100000,1698298740,2.796e-06,2.7798e-06,2.7764e-06,2.796e-06
1895885100000,1895591500000,1698298800,2.7797e-06,2.7787e-06,2.7721e-06,2.7808e-06
1895808800000,1895848500000,1698298860,2.7794e-06,2.7888e-06,2.7794e-06,2.7895e-06
1895963600000,1897353300000,1698298920,2.7882e-06,2.79e-06,2.7882e-06,2.795e-06
1897338900000,1898516800000,1698298980,2.7914e-06,2.7803e-06,2.7782e-06,2.7925e-06
1898516800000,1898667200000,1698299040,2.7805e-06,2.785e-06,2.7804e-06,2.785e-06
1898700100000,1899147600000,1698299100,2.785e-06,2.7706e-06,2.77e-06,2.7918e-06
1896514700000,1896304700000,1698299160,2.7707e-06,2.7835e-06,2.77e-06,2.7855e-06
1896305400000,1900258100000,1698299220,2.7846e-06,2.7892e-06,2.7834e-06,2.7983e-06
1900199400000,1898570100000,1698299280,2.7878e-06,2.7803e-06,2.78e-06,2.7886e-06
1901036100000,1901262900000,1698299340,2.7801e-06,2.7689e-06,2.765e-06,2.7812e-06
1900639800000,1897970700000,1698299400,2.7699e-06,2.7619e-06,2.7523e-06,2.77e-06
1.89795e+12,1.898932e+12,1698299460,2.7619e-06,2.7622e-06,2.7591e-06,2.763e-06
1899057200000,1899512400000,1698299520,2.7604e-06,2.7621e-06,2.7599e-06,2.7639e-06
1899362700000,1.899191e+12,1698299580,2.7636e-06,2.7651e-06,2.7606e-06,2.7652e-06
1899242800000,1897216100000,1698299640,2.7649e-06,2.7739e-06,2.7649e-06,2.7739e-06
1897013400000,1899498600000,1698299700,2.7739e-06,2.7811e-06,2.7739e-06,2.7839e-06
1898932300000,1897578200000,1698299760,2.7811e-06,2.788e-06,2.7778e-06,2.79e-06
1897582100000,1899448600000,1698299820,2.7877e-06,2.7902e-06,2.7876e-06,2.7913e-06
1899448600000,1.896464e+12,1698299880,2.7902e-06,2.7793e-06,2.7697e-06,2.7903e-06
1.896464e+12,1898317700000,1698299940,2.7794e-06,2.7788e-06,2.7761e-06,2.7798e-06
1898228100000,1897557100000,1698300000,2.7794e-06,2.7698e-06,2.7698e-06,2.7799e-06
1897407100000,1896141100000,1698300060,2.7697e-06,2.7677e-06,2.7651e-06,2.7764e-06
1896058300000,1897943100000,1698300120,2.7677e-06,2.773e-06,2.7674e-06,2.7824e-06
1898184300000,1903099300000,1698300180,2.7749e-06,2.7546e-06,2.7433e-06,2.7749e-06
1903115500000,1903663800000,1698300240,2.7548e-06,2.7627e-06,2.7505e-06,2.7631e-06
1905685900000,1909566400000,1698300300,2.7627e-06,2.7519e-06,2.7412e-06,2.7639e-06
1909910800000,1.906978e+12,1698300360,2.7523e-06,2.742e-06,2.736e-06,2.7523e-06
1906968400000,1906782300000,1698300420,2.742e-06,2.7393e-06,2.7363e-06,2.7431e-06
1906572300000,1911018800000,1698300480,2.74e-06,2.743e-06,2.739e-06,2.7517e-06
1911018800000,1907517700000,1698300540,2.744e-06,2.7582e-06,2.744e-06,2.7582e-06
1907070100000,1905606600000,1698300600,2.7581e-06,2.7668e-06,2.7559e-06,2.7676e-06
1.905686e+12,1905341600000,1698300660,2.7668e-06,2.7822e-06,2.7664e-06,2.7828e-06
1905341600000,1904647900000,1698300720,2.7821e-06,2.8092e-06,2.7821e-06,2.8105e-06
1.903893e+12,1900921800000,1698300780,2.8093e-06,2.8046e-06,2.7998e-06,2.8127e-06
1901040100000,1899222400000,1698300840,2.8062e-06,2.8067e-06,2.8005e-06,2.8081e-06
1899431200000,1903607700000,1698300900,2.8056e-06,2.791e-06,2.782e-06,2.8056e-06
1903582700000,1904833200000,1698300960,2.7911e-06,2.7923e-06,2.7856e-06,2.8029e-06
1905148400000,1905259400000,1698301020,2.7921e-06,2.7924e-06,2.7864e-06,2.7924e-06
1.905308e+12,1904608800000,1698301080,2.7924e-06,2.7879e-06,2.7871e-06,2.7946e-06
1905027800000,1901727900000,1698301140,2.7882e-06,2.7965e-06,2.7881e-06,2.7993e-06
1900534300000,1897569800000,1698301200,2.7979e-06,2.7971e-06,2.7891e-06,2.8017e-06
1892900900000,1890271200000,1698301260,2.7968e-06,2.8073e-06,2.7968e-06,2.8106e-06
1890011500000,1891756200000,1698301320,2.8083e-06,2.8072e-06,2.8011e-06,2.8083e-06
1891756200000,1.893217e+12,1698301380,2.8071e-06,2.8019e-06,2.8016e-06,2.8072e-06
1.89335e+12,1892546300000,1698301440,2.8027e-06,2.7889e-06,2.7872e-06,2.8027e-06
1892429300000,1892804400000,1698301500,2.7881e-06,2.7857e-06,2.783e-06,2.7881e-06
1892804700000,1892967600000,1698301560,2.7866e-06,2.7893e-06,2.7857e-06,2.7909e-06
1892967600000,1.892111e+12,1698301620,2.7893e-06,2.7801e-06,2.7801e-06,2.7893e-06
1888912500000,1888599200000,1698301680,2.7801e-06,2.7839e-06,2.76e-06,2.7851e-06
1888416300000,1888617900000,1698301740,2.783e-06,2.7845e-06,2.7799e-06,2.7845e-06
1888596600000,1889092100000,1698301800,2.7848e-06,2.7831e-06,2.7792e-06,2.7848e-06
1.889111e+12,1889558700000,1698301860,2.7832e-06,2.783e-06,2.7826e-06,2.7877e-06
1889558700000,1891011200000,1698301920,2.783e-06,2.7869e-06,2.783e-06,2.7877e-06
1891011200000,1891528400000,1698301980,2.7869e-06,2.7814e-06,2.7801e-06,2.7871e-06
1891479600000,1892513600000,1698302040,2.7803e-06,2.7827e-06,2.78e-06,2.7827e-06
1892514100000,1892610100000,1698302100,2.7826e-06,2.7813e-06,2.7802e-06,2.7826e-06
1892610100000,1.892436e+12,1698302160,2.7813e-06,2.7827e-06,2.78e-06,2.7827e-06
1.892436e+12,1892208700000,1698302220,2.7819e-06,2.7844e-06,2.7819e-06,2.7854e-06
1892243700000,1892635700000,1698302280,2.7845e-06,2.7842e-06,2.7829e-06,2.7854e-06
1892631700000,1871474600000,1698302340,2.7857e-06,2.8247e-06,2.7856e-06,2.85e-06
1870654800000,1854587800000,1698302400,2.8228e-06,2.8842e-06,2.8013e-06,2.8891e-06
1853395800000,1853953100000,1698302460,2.8848e-06,2.896e-06,2.8774e-06,2.9e-06
1853884100000,1845977600000,1698302520,2.8939e-06,2.9099e-06,2.89e-06,2.9218e-06
1842908600000,1843462400000,1698302580,2.91e-06,2.8856e-06,2.8685e-06,2.9291e-06
1842780500000,1840755200000,1698302640,2.884e-06,2.9088e-06,2.866e-06,2.912e-06
1840949600000,1844332900000,1698302700,2.9094e-06,2.8867e-06,2.8692e-06,2.9256e-06
1845159400000,1839575200000,1698302760,2.8865e-06,2.9246e-06,2.8843e-06,2.9295e-06
1839928300000,1826590800000,1698302820,2.9253e-06,2.9782e-06,2.925e-06,3.0036e-06
1826732300000,1815777800000,1698302880,2.977e-06,2.9997e-06,2.9725e-06,2.9997e-06
1.815806e+12,1819645600000,1698302940,2.9995e-06,3.0111e-06,2.9995e-06,3.0222e-06
1822686900000,1822795900000,1698303000,3.0111e-06,3.0092e-06,2.9876e-06,3.0138e-06
1823862800000,1830303200000,1698303060,3.0098e-06,2.9855e-06,2.9811e-06,3.0101e-06
1.830556e+12,1830201300000,1698303120,2.9839e-06,2.9413e-06,2.94e-06,2.9839e-06
1832397100000,1833459500000,1698303180,2.9416e-06,2.9734e-06,2.9356e-06,2.9744e-06
1831629400000,1833265600000,1698303240,2.9724e-06,2.9003e-06,2.8716e-06,2.9747e-06
1835675200000,1835675200000,1698303300,2.9016e-06,2.9011e-06,2.8952e-06,2.9218e-06
1.850754e+12,1853414900000,1698303360,2.9012e-06,2.8976e-06,2.895e-06,2.9199e-06
1853414900000,1842314900000,1698303420,2.8992e-06,2.8776e-06,2.8375e-06,2.902e-06
1841645600000,1848156600000,1698303480,2.8755e-06,2.8702e-06,2.845e-06,2.8984e-06
1847818200000,1.859187e+12,1698303540,2.8704e-06,2.848e-06,2.8323e-06,2.8784e-06
1859187300000,1858644600000,1698303600,2.8481e-06,2.872e-06,2.848e-06,2.8877e-06
1858280700000,1862722600000,1698303660,2.8698e-06,2.8729e-06,2.8651e-06,2.88e-06
1862620600000,1862001600000,1698303720,2.8728e-06,2.8752e-06,2.8501e-06,2.88e-06
1861814600000,1.865137e+12,1698303780,2.8754e-06,2.8847e-06,2.8754e-06,2.8964e-06
1865133800000,1863783300000,1698303840,2.884e-06,2.896e-06,2.8692e-06,2.896e-06
1864037300000,1867654900000,1698303900,2.8957e-06,2.8917e-06,2.8865e-06,2.8962e-06
1867285300000,1866357500000,1698303960,2.8917e-06,2.8746e-06,2.8704e-06,2.8928e-06
1866257500000,1.863758e+12,1698304020,2.8745e-06,2.8976e-06,2.8705e-06,2.8999e-06
1862846800000,1862893500000,1698304080,2.8969e-06,2.8894e-06,2.885e-06,2.8969e-06
1862893600000,1861584600000,1698304140,2.8893e-06,2.8895e-06,2.8886e-06,2.8898e-06
1.861699e+12,1862484500000,1698304200,2.8895e-06,2.8887e-06,2.8887e-06,2.8898e-06
1862398100000,1863949500000,1698304260,2.8896e-06,2.911e-06,2.8887e-06,2.915e-06
1863375700000,1863603900000,1698304320,2.911e-06,2.9008e-06,2.9008e-06,2.9131e-06
1863631500000,1864739600000,1698304380,2.9009e-06,2.899e-06,2.899e-06,2.9042e-06
1864699700000,1863520200000,1698304440,2.899e-06,2.8949e-06,2.8887e-06,2.899e-06
1863480700000,1863494200000,1698304500,2.8949e-06,2.9129e-06,2.8944e-06,2.9129e-06
1864166800000,1859421100000,1698304560,2.9129e-06,2.9135e-06,2.9086e-06,2.9345e-06
1859221100000,1.859142e+12,1698304620,2.914e-06,2.9035e-06,2.9008e-06,2.914e-06
1859189700000,1856614500000,1698304680,2.9033e-06,2.8945e-06,2.8929e-06,2.9033e-06
1856965800000,1855174600000,1698304740,2.8944e-06,2.9018e-06,2.888e-06,2.9026e-06
1854580700000,1856314800000,1698304800,2.9018e-06,2.9213e-06,2.9018e-06,2.9287e-06
1.855217e+12,1856630700000,1698304860,2.921e-06,2.9212e-06,2.911e-06,2.9233e-06
1856585700000,1856260800000,1698304920,2.9212e-06,2.9269e-06,2.919e-06,2.9397e-06
1856673700000,1.857256e+12,1698304980,2.9256e-06,2.9346e-06,2.9228e-06,2.9347e-06
1857353300000,1.856963e+12,1698305040,2.9347e-06,2.9282e-06,2.9279e-06,2.9422e-06
1.856919e+12,1856356800000,1698305100,2.9281e-06,2.9171e-06,2.9164e-06,2.9281e-06
1856372200000,1856994800000,1698305160,2.9171e-06,2.9277e-06,2.915e-06,2.9277e-06
1856994800000,1858637800000,1698305220,2.9276e-06,2.9168e-06,2.9152e-06,2.9353e-06
1856687500000,1857145800000,1698305280,2.9169e-06,2.9261e-06,2.912e-06,2.9261e-06
1857337300000,1857380700000,1698305340,2.9265e-06,2.9483e-06,2.9261e-06,2.9486e-06
1856444300000,1856092400000,1698305400,2.9483e-06,2.9536e-06,2.9281e-06,2.955e-06
1856290600000,1.855933e+12,1698305460,2.9536e-06,2.9304e-06,2.93e-06,2.9537e-06
1857695100000,1858078300000,1698305520,2.9301e-06,2.9324e-06,2.928e-06,2.9326e-06
1858078300000,1859398500000,1698305580,2.9323e-06,2.95e-06,2.9302e-06,2.95e-06
1859304800000,1859774600000,1698305640,2.95e-06,2.9443e-06,2.9443e-06,2.9531e-06
1859590200000,1855502900000,1698305700,2.9452e-06,2.96e-06,2.9452e-06,2.97e-06
1.856328e+12,1859581100000,1698305760,2.9601e-06,2.97e-06,2.957e-06,2.9758e-06
1859712600000,1858174400000,1698305820,2.97e-06,2.9489e-06,2.9468e-06,2.97e-06
1857362700000,1857581800000,1698305880,2.9485e-06,2.9659e-06,2.9471e-06,2.9691e-06
1.857511e+12,1860571300000,1698305940,2.9679e-06,2.952e-06,2.9495e-06,2.9679e-06
1860678100000,1860909300000,1698306000,2.9521e-06,2.951e-06,2.945e-06,2.9521e-06
1860909300000,1858157500000,1698306120,2.9464e-06,2.9552e-06,2.945e-06,2.9615e-06
1858169300000,1858955100000,1698306180,2.9558e-06,2.9549e-06,2.953e-06,2.9583e-06
1858497100000,1856967700000,1698306240,2.9549e-06,2.9394e-06,2.9344e-06,2.9549e-06
1856967700000,1854944500000,1698306300,2.9396e-06,2.9428e-06,2.9395e-06,2.946e-06
1854998100000,1854546700000,1698306360,2.9436e-06,2.9714e-06,2.9436e-06,2.9714e-06
1855247800000,1852362400000,1698306420,2.969e-06,2.9746e-06,2.9454e-06,2.9752e-06
1852718500000,1852404300000,1698306480,2.9746e-06,2.9708e-06,2.9603e-06,2.9746e-06
1852408100000,1852009900000,1698306540,2.9692e-06,2.9654e-06,2.96e-06,2.9692e-06
1.852126e+12,1854223100000,1698306600,2.9654e-06,2.9702e-06,2.9653e-06,2.9759e-06
1853769500000,1857376800000,1698306660,2.9701e-06,2.9889e-06,2.9657e-06,3.0222e-06
1856793900000,1857283800000,1698306720,2.989e-06,2.9903e-06,2.9751e-06,2.9911e-06
1857272600000,1857764500000,1698306780,2.9908e-06,2.9824e-06,2.9765e-06,3.0145e-06
1857764600000,1858864600000,1698306840,2.9824e-06,2.975e-06,2.97e-06,2.987e-06
1.859133e+12,1855485600000,1698306900,2.975e-06,2.9672e-06,2.96e-06,2.9765e-06
1855349700000,1853571700000,1698306960,2.9693e-06,2.974e-06,2.9693e-06,2.98e-06
1853571700000,1852885200000,1698307020,2.9739e-06,2.981e-06,2.9739e-06,2.9827e-06
1852885200000,1852268600000,1698307080,2.981e-06,2.9581e-06,2.9568e-06,2.981e-06
1852044900000,1843231300000,1698307140,2.9589e-06,2.9602e-06,2.9196e-06,2.98e-06
1843096900000,1838868900000,1698307200,2.9603e-06,2.9766e-06,2.95e-06,2.9811e-06
1838661400000,1838278200000,1698307260,2.9796e-06,2.9603e-06,2.9603e-06,2.9811e-06
1838292700000,1838292700000,1698307320,2.9602e-06,2.9622e-06,2.9503e-06,2.9622e-06
1.838864e+12,1836210900000,1698307380,2.9622e-06,2.9782e-06,2.945e-06,2.9796e-06
1836132300000,1837806700000,1698307440,2.9781e-06,2.9796e-06,2.9606e-06,2.9796e-06
1838003200000,1839128800000,1698307500,2.9784e-06,2.9685e-06,2.9685e-06,2.9796e-06
1838301800000,1838877900000,1698307560,2.9681e-06,2.9614e-06,2.9541e-06,2.9748e-06
1838933200000,1839613300000,1698307620,2.9615e-06,2.97e-06,2.961e-06,2.97e-06
1839666100000,1839993600000,1698307680,2.9683e-06,2.968e-06,2.9631e-06,2.9703e-06
1839973600000,1840627600000,1698307740,2.9681e-06,2.9749e-06,2.9681e-06,2.9796e-06
1840627600000,1.84132e+12,1698307800,2.9758e-06,2.9785e-06,2.9758e-06,2.9815e-06
1841198500000,1.836131e+12,1698307860,2.9797e-06,2.9429e-06,2.9403e-06,2.9797e-06
1835761600000,1833968300000,1698307920,2.9432e-06,2.952e-06,2.9297e-06,2.9548e-06
1833871700000,1.832023e+12,1698307980,2.952e-06,2.9408e-06,2.938e-06,2.9529e-06
1831985500000,1831282200000,1698308040,2.9408e-06,2.9462e-06,2.9289e-06,2.9547e-06
1.830816e+12,1828903400000,1698308100,2.9452e-06,2.9237e-06,2.9213e-06,2.9452e-06
1828771900000,1833422200000,1698308160,2.9237e-06,2.94e-06,2.9237e-06,2.94e-06
1833497300000,1832166900000,1698308220,2.9403e-06,2.9283e-06,2.9205e-06,2.9404e-06
1832104300000,1.830992e+12,1698308280,2.9272e-06,2.9371e-06,2.9272e-06,2.9385e-06
1.830992e+12,1831463800000,1698308340,2.9372e-06,2.9425e-06,2.9355e-06,2.9427e-06
1831478200000,1832378500000,1698308400,2.9425e-06,2.956e-06,2.9425e-06,2.9752e-06
1832383800000,1833013600000,1698308460,2.9561e-06,2.9519e-06,2.95e-06,2.9562e-06
1833030300000,1833142700000,1698308520,2.9511e-06,2.9527e-06,2.9511e-06,2.9536e-06
1833429700000,1834398500000,1698308580,2.9518e-06,2.9528e-06,2.9511e-06,2.9532e-06
1834398500000,1834060700000,1698308640,2.9528e-06,2.9541e-06,2.9528e-06,2.9541e-06
1834060700000,1835143600000,1698308700,2.954e-06,2.9599e-06,2.9489e-06,2.9599e-06
1835060700000,1837511900000,1698308760,2.96e-06,2.9696e-06,2.96e-06,2.9744e-06
1837461300000,1838055700000,1698308820,2.9698e-06,2.9616e-06,2.9616e-06,2.973e-06
1838055800000,1840201100000,1698308880,2.9618e-06,2.9668e-06,2.9618e-06,2.969e-06
1840193500000,1841892500000,1698308940,2.9669e-06,2.9688e-06,2.9658e-06,2.97e-06
1841929100000,1841439300000,1698309000,2.9688e-06,2.9497e-06,2.9408e-06,2.9771e-06
1841204800000,1840018600000,1698309060,2.9483e-06,2.9467e-06,2.9356e-06,2.9483e-06
1839992600000,1839915100000,1698309120,2.9464e-06,2.949e-06,2.9412e-06,2.949e-06
1839772700000,1838539500000,1698309180,2.9488e-06,2.9552e-06,2.947e-06,2.9561e-06
1838623200000,1841690300000,1698309240,2.9553e-06,2.9714e-06,2.9552e-06,2.979e-06
1842115200000,1843434300000,1698309300,2.9702e-06,3.0513e-06,2.968e-06,3.0555e-06
1847397200000,1856514600000,1698309360,3.0496e-06,2.99e-06,2.99e-06,3.0513e-06
1852300800000,1853993700000,1698309420,2.9935e-06,3.0107e-06,2.9923e-06,3.0163e-06
1854004900000,1855735900000,1698309480,3.0102e-06,3.0052e-06,3.0019e-06,3.0143e-06
1855837100000,1856847600000,1698309540,3.0049e-06,3.0124e-06,3.0048e-06,3.0127e-06
1856842800000,1859747500000,1698309600,3.0126e-06,3.0185e-06,3.0126e-06,3.0266e-06
1859878800000,1863612100000,1698309660,3.0194e-06,3.0386e-06,3.0194e-06,3.0405e-06
1863729300000,1.864099e+12,1698309720,3.0387e-06,3.0293e-06,3.024e-06,3.0395e-06
1863914700000,1865820800000,1698309780,3.0291e-06,3.0319e-06,3.0255e-06,3.0319e-06
1865882200000,1872683700000,1698309840,3.032e-06,3.0626e-06,3.0291e-06,3.0861e-06
1873117400000,1872679700000,1698309900,3.0617e-06,3.048e-06,3.0422e-06,3.0654e-06
1872879200000,1872746700000,1698309960,3.048e-06,3.0864e-06,3.036e-06,3.0877e-06
1872924900000,1856428900000,1698310020,3.0832e-06,3.1605e-06,3.0825e-06,3.2e-06
1860560100000,1861932500000,1698310080,3.1603e-06,3.1908e-06,3.1276e-06,3.1922e-06
1862794200000,1853560300000,1698310140,3.191e-06,3.1774e-06,3.1566e-06,3.2e-06
1856058700000,1854350200000,1698310200,3.182e-06,3.1544e-06,3.152e-06,3.182e-06
1854778700000,1.872198e+12,1698310260,3.1576e-06,3.1783e-06,3.1281e-06,3.1794e-06
1.872339e+12,1872761900000,1698310320,3.1765e-06,3.1729e-06,3.1429e-06,3.2e-06
1872466600000,1876034200000,1698310380,3.1743e-06,3.1886e-06,3.1694e-06,3.1983e-06
1876140900000,1881157800000,1698310440,3.1903e-06,3.1885e-06,3.1858e-06,3.1949e-06
1881140900000,1879241400000,1698310500,3.1866e-06,3.187e-06,3.14e-06,3.1912e-06
1879251700000,1880466600000,1698310560,3.1867e-06,3.1868e-06,3.153e-06,3.1894e-06
1880621700000,1889259300000,1698310620,3.1878e-06,3.1864e-06,3.18e-06,3.21e-06
1.889122e+12,1888073500000,1698310680,3.1851e-06,3.162e-06,3.157e-06,3.1851e-06
1888115300000,1882311500000,1698310740,3.162e-06,3.1594e-06,3.14e-06,3.1631e-06
1881566100000,1889602300000,1698310800,3.1594e-06,3.2521e-06,3.1594e-06,3.2754e-06
1890364500000,1885006300000,1698310860,3.2526e-06,3.307e-06,3.2526e-06,3.3521e-06
1883707400000,1888270100000,1698310920,3.3067e-06,3.3149e-06,3.288e-06,3.343e-06
1889923900000,1890629300000,1698310980,3.3119e-06,3.3368e-06,3.3e-06,3.36e-06
1892033800000,1887216700000,1698311040,3.3342e-06,3.3626e-06,3.3286e-06,3.3699e-06
1888040700000,1885791900000,1698311100,3.3626e-06,3.3322e-06,3.319e-06,3.3626e-06
1887450200000,1891212800000,1698311160,3.336e-06,3.3386e-06,3.3126e-06,3.3641e-06
1.891465e+12,1891878400000,1698311220,3.3378e-06,3.3133e-06,3.3011e-06,3.3393e-06
1892538400000,1894407300000,1698311280,3.3143e-06,3.3164e-06,3.3e-06,3.3218e-06
1894597300000,1.893267e+12,1698311340,3.3151e-06,3.3414e-06,3.305e-06,3.342e-06
1894240300000,1883459600000,1698311400,3.3382e-06,3.4422e-06,3.3379e-06,3.47e-06
1888449400000,1884549200000,1698311460,3.4431e-06,3.4712e-06,3.4073e-06,3.5e-06
1883232300000,1885070200000,1698311520,3.4725e-06,3.526e-06,3.4588e-06,3.5499e-06
1887464200000,1904412600000,1698311580,3.5206e-06,3.5075e-06,3.4826e-06,3.5452e-06
1905324700000,1899215900000,1698311640,3.5099e-06,3.486e-06,3.4588e-06,3.5111e-06
1900562600000,1906333300000,1698311700,3.4856e-06,3.4782e-06,3.4596e-06,3.5e-06
1905804600000,1897389900000,1698311760,3.4767e-06,3.4329e-06,3.401e-06,3.4767e-06
1897333400000,1891703900000,1698311820,3.4319e-06,3.4079e-06,3.4e-06,3.4396e-06
1887416800000,1898285600000,1698311880,3.408e-06,3.4409e-06,3.4e-06,3.4498e-06
1898403300000,1904439100000,1698311940,3.4416e-06,3.4845e-06,3.438e-06,3.49e-06
1.905949e+12,1917754800000,1698312000,3.4844e-06,3.4736e-06,3.4703e-06,3.491e-06
1916639800000,1927956600000,1698312060,3.4736e-06,3.4717e-06,3.4402e-06,3.5177e-06
1927967500000,1930274200000,1698312120,3.4731e-06,3.5014e-06,3.4674e-06,3.5291e-06
1929103700000,1917845400000,1698312180,3.5014e-06,3.5859e-06,3.5e-06,3.6e-06
1917554300000,1926418400000,1698312240,3.586e-06,3.5726e-06,3.5667e-06,3.6212e-06
1926586900000,1937726400000,1698312300,3.5705e-06,3.611e-06,3.56e-06,3.624e-06
1.937955e+12,1931053600000,1698312360,3.6142e-06,3.5216e-06,3.501e-06,3.669e-06
1922002200000,1916355800000,1698312420,3.5215e-06,3.5413e-06,3.5e-06,3.5578e-06
1915007500000,1923447700000,1698312480,3.542e-06,3.5493e-06,3.53e-06,3.5519e-06
1923725700000,1851467100000,1698312540,3.5493e-06,3.2844e-06,3.2e-06,3.5507e-06
1843269200000,1830267800000,1698312600,3.2896e-06,3.3459e-06,3.2784e-06,3.3999e-06
1845701600000,1852672400000,1698312720,3.3919e-06,3.3879e-06,3.374e-06,3.3971e-06
1855577700000,1860738700000,1698312780,3.3874e-06,3.414e-06,3.3787e-06,3.442e-06
1860671300000,1.862997e+12,1698312840,3.4138e-06,3.4189e-06,3.4107e-06,3.4309e-06
1862984200000,1857450800000,1698312900,3.4211e-06,3.382e-06,3.3606e-06,3.4211e-06
1857492600000,1860181300000,1698312960,3.3833e-06,3.4246e-06,3.3833e-06,3.4272e-06
1862872100000,1872096400000,1698313020,3.4246e-06,3.4145e-06,3.3944e-06,3.4303e-06
1872254800000,1875262100000,1698313080,3.4138e-06,3.4125e-06,3.4027e-06,3.42e-06
1875262400000,1876486200000,1698313140,3.4126e-06,3.3917e-06,3.385e-06,3.4126e-06
1.876173e+12,1880019100000,1698313200,3.391e-06,3.404e-06,3.385e-06,3.4063e-06
1880185800000,1871910500000,1698313260,3.4041e-06,3.4154e-06,3.3636e-06,3.4209e-06
1869833200000,1860543200000,1698313320,3.4194e-06,3.4677e-06,3.4133e-06,3.4998e-06
1862276900000,1873913800000,1698313380,3.4667e-06,3.4591e-06,3.4378e-06,3.4784e-06
1874735700000,1881557800000,1698313440,3.4589e-06,3.4519e-06,3.45e-06,3.467e-06
1883028700000,1891136700000,1698313500,3.4523e-06,3.458e-06,3.4332e-06,3.458e-06
1890772500000,1892511300000,1698313560,3.458e-06,3.4888e-06,3.4566e-06,3.49e-06
1891624800000,1892550300000,1698313620,3.4885e-06,3.4562e-06,3.455e-06,3.49e-06
1893835600000,1894877900000,1698313680,3.4568e-06,3.466e-06,3.45e-06,3.4739e-06
1895069600000,1898978100000,1698313740,3.4674e-06,3.458e-06,3.4512e-06,3.4697e-06
1899131400000,1897923300000,1698313800,3.458e-06,3.4314e-06,3.43e-06,3.468e-06
1895592200000,1889118100000,1698313860,3.4338e-06,3.4594e-06,3.4e-06,3.48e-06
1.888546e+12,1889805900000,1698313920,3.461e-06,3.4579e-06,3.45e-06,3.4748e-06
1889302400000,1895702600000,1698313980,3.4579e-06,3.4838e-06,3.4579e-06,3.4849e-06
1.896905e+12,1902067500000,1698314040,3.4836e-06,3.4816e-06,3.4738e-06,3.4849e-06
1901801700000,1902825400000,1698314100,3.4813e-06,3.4802e-06,3.47e-06,3.4849e-06
1903880800000,1904296200000,1698314160,3.4802e-06,3.4896e-06,3.4777e-06,3.49e-06
1904309700000,1903569100000,1698314220,3.4898e-06,3.4823e-06,3.47e-06,3.523e-06
1903762500000,1910327700000,1698314280,3.4824e-06,3.468e-06,3.4555e-06,3.5039e-06
1910213500000,1909083500000,1698314340,3.4683e-06,3.4919e-06,3.4683e-06,3.5e-06
1909096900000,1909096900000,1698314400,3.4911e-06,3.466e-06,3.46e-06,3.4993e-06
1908014200000,1912649900000,1698314460,3.4652e-06,3.4646e-06,3.4601e-06,3.4725e-06
1913270100000,1911399100000,1698314520,3.4644e-06,3.4437e-06,3.4333e-06,3.4644e-06
1910811700000,1916148500000,1698314580,3.4462e-06,3.4384e-06,3.433e-06,3.494e-06
1.915848e+12,1.918632e+12,1698314640,3.4384e-06,3.4721e-06,3.4372e-06,3.4764e-06
1919387300000,1.918263e+12,1698314700,3.4765e-06,3.4637e-06,3.461e-06,3.4784e-06
1918147800000,1.922566e+12,1698314760,3.4634e-06,3.4678e-06,3.4432e-06,3.4736e-06
1922587400000,1915924900000,1698314820,3.4691e-06,3.4287e-06,3.4231e-06,3.4691e-06
1915865500000,1904697800000,1698314880,3.4273e-06,3.4416e-06,3.423e-06,3.4501e-06
1904634700000,1902995400000,1698314940,3.4418e-06,3.4723e-06,3.4277e-06,3.4723e-06
1.902921e+12,1.897667e+12,1698315000,3.4723e-06,3.5098e-06,3.47e-06,3.54e-06
1893470900000,1902263800000,1698315060,3.5075e-06,3.6014e-06,3.5e-06,3.61e-06
1889979800000,1902591700000,1698315120,3.6014e-06,3.6015e-06,3.5667e-06,3.65e-06
1904814400000,1881343700000,1698315180,3.5998e-06,3.5581e-06,3.4843e-06,3.5999e-06
1882914900000,1.891157e+12,1698315240,3.5621e-06,3.5599e-06,3.543e-06,3.58e-06
1891067900000,1896894200000,1698315300,3.5591e-06,3.5649e-06,3.554e-06,3.5777e-06
1897151900000,1906213100000,1698315360,3.5659e-06,3.5867e-06,3.5659e-06,3.592e-06
1.908152e+12,1926212800000,1698315420,3.5866e-06,3.6131e-06,3.5866e-06,3.6131e-06
1928425300000,1921669300000,1698315480,3.6127e-06,3.734e-06,3.6126e-06,3.75e-06
1920554400000,1910023500000,1698315540,3.7381e-06,3.7909e-06,3.7112e-06,3.8593e-06
1.911054e+12,1939259500000,1698315600,3.7909e-06,3.8065e-06,3.7739e-06,3.83e-06
1.940027e+12,1940605800000,1698315660,3.8065e-06,3.7999e-06,3.7123e-06,3.8096e-06
1.939151e+12,1946260900000,1698315720,3.7983e-06,3.908e-06,3.7932e-06,3.95e-06
1946881400000,1987944400000,1698315780,3.9099e-06,3.9137e-06,3.8548e-06,3.9453e-06
1990674600000,1986913500000,1698315840,3.9163e-06,3.9048e-06,3.883e-06,3.96e-06
1987255900000,1.988916e+12,1698315900,3.9014e-06,3.86e-06,3.8166e-06,3.918e-06
1983468600000,1.988276e+12,1698315960,3.8603e-06,3.9016e-06,3.852e-06,3.9199e-06
1988038500000,1993727100000,1698316020,3.902e-06,3.897e-06,3.8706e-06,3.9212e-06
1995285200000,1996998400000,1698316080,3.8931e-06,3.8835e-06,3.8588e-06,3.8969e-06
1997159200000,1965234300000,1698316140,3.8828e-06,3.8665e-06,3.81e-06,3.8882e-06
1.964235e+12,1978041300000,1698316200,3.8678e-06,3.9384e-06,3.8356e-06,3.95e-06
1979948200000,1977299300000,1698316260,3.9371e-06,4.0394e-06,3.9167e-06,4.096e-06
1980072400000,1991517500000,1698316320,4.0394e-06,4.1482e-06,4.0221e-06,4.15e-06
1998331400000,2.024253e+12,1698316380,4.1498e-06,4.1356e-06,4.0501e-06,4.15e-06
2028969800000,2040242500000,1698316440,4.1357e-06,4.1396e-06,4.1251e-06,4.2e-06
2038583600000,2021730400000,1698316500,4.145e-06,4.1161e-06,4.0298e-06,4.1471e-06
2022653900000,2030483900000,1698316560,4.1132e-06,4.0974e-06,4.0801e-06,4.1312e-06
2030525200000,2037139200000,1698316620,4.1033e-06,4.1127e-06,4.0818e-06,4.125e-06
2036354200000,2037182300000,1698316680,4.1132e-06,4.1757e-06,4.1e-06,4.2e-06
2039004300000,2048768600000,1698316740,4.1779e-06,4.1397e-06,4.12e-06,4.1888e-06
2048918400000,2054908300000,1698316800,4.1391e-06,4.1373e-06,4.1129e-06,4.159e-06
2.055313e+12,2041188100000,1698316860,4.1373e-06,4.094e-06,4.03e-06,4.1374e-06
2043220300000,2056635100000,1698316920,4.0936e-06,4.1194e-06,4.08e-06,4.1248e-06
2057409300000,2062887400000,1698316980,4.1189e-06,4.1625e-06,4.105e-06,4.1783e-06
2.064411e+12,2071420900000,1698317040,4.161e-06,4.0925e-06,4.05e-06,4.1728e-06
2071162600000,2080596800000,1698317100,4.0903e-06,4.1167e-06,4.0835e-06,4.1599e-06
2080531600000,2073268600000,1698317160,4.1168e-06,4.0293e-06,4.01e-06,4.1207e-06
2074890500000,2083393800000,1698317220,4.032e-06,4.0848e-06,4.0242e-06,4.0875e-06
2083066300000,2085153200000,1698317280,4.0845e-06,4.05e-06,4.0242e-06,4.1086e-06
2085767200000,2087067400000,1698317340,4.0515e-06,4.0515e-06,4.0389e-06,4.0588e-06
2.08759e+12,2079453100000,1698317400,4.0534e-06,4.114e-06,4.0534e-06,4.15e-06
2080126100000,2094014700000,1698317460,4.1139e-06,4.0625e-06,4.05e-06,4.1187e-06
2094558800000,2.097098e+12,1698317520,4.0607e-06,4.08e-06,4.057e-06,4.0853e-06
2097407500000,2092591100000,1698317580,4.08e-06,4.0767e-06,4.05e-06,4.0911e-06
2.092956e+12,2095019100000,1698317640,4.08e-06,4.0732e-06,4.0217e-06,4.0899e-06
2095402200000,2095608700000,1698317700,4.0726e-06,4.095e-06,4.035e-06,4.0987e-06
2094067600000,2096597800000,1698317760,4.0953e-06,4.2e-06,4.0853e-06,4.2e-06
2088804600000,2087775900000,1698317820,4.1955e-06,4.205e-06,4.1767e-06,4.2852e-06
2086845300000,2088251700000,1698317880,4.2041e-06,4.1525e-06,4.1359e-06,4.2047e-06
2088604600000,2106983500000,1698317940,4.1525e-06,4.1336e-06,4.1318e-06,4.1783e-06
2106644200000,2096741700000,1698318000,4.1336e-06,4.1594e-06,4.1e-06,4.1599e-06
2096582900000,2079182500000,1698318060,4.1583e-06,4.0602e-06,4e-06,4.16e-06
2074423400000,2004746200000,1698318120,4.0675e-06,3.9816e-06,3.85e-06,4.0776e-06
2000250500000,1979707900000,1698318180,3.9816e-06,3.9604e-06,3.865e-06,4.0146e-06
1982968400000,1998863800000,1698318240,3.9576e-06,3.9278e-06,3.9e-06,3.9884e-06
1999650300000,1978346300000,1698318300,3.9278e-06,3.9351e-06,3.8675e-06,3.96e-06
1978235200000,1978702200000,1698318360,3.9406e-06,3.9671e-06,3.9325e-06,3.9726e-06
1979244300000,1979462500000,1698318420,3.9666e-06,3.9411e-06,3.93e-06,3.976e-06
1979852700000,1977985600000,1698318480,3.9398e-06,3.885e-06,3.885e-06,3.9409e-06
1976192700000,1983799100000,1698318540,3.8896e-06,3.9057e-06,3.8825e-06,3.9188e-06
1983779600000,1978309600000,1698318600,3.9061e-06,3.8584e-06,3.84e-06,3.9349e-06
1980597100000,1987848100000,1698318660,3.8562e-06,3.8685e-06,3.84e-06,3.8918e-06
1987697800000,1956567200000,1698318720,3.8681e-06,3.8238e-06,3.7648e-06,3.8683e-06
1956928900000,1972450500000,1698318780,3.8182e-06,3.8299e-06,3.8005e-06,3.8515e-06
1972778900000,1976109200000,1698318840,3.8268e-06,3.8592e-06,3.8184e-06,3.8725e-06
1975985400000,1992030300000,1698318900,3.8596e-06,3.8718e-06,3.8596e-06,3.8725e-06
1991711600000,1997367600000,1698318960,3.8718e-06,3.84e-06,3.8257e-06,3.8719e-06
1998099200000,1991906100000,1698319020,3.8413e-06,3.8366e-06,3.77e-06,3.85e-06
1992905900000,1994345600000,1698319080,3.8428e-06,3.8165e-06,3.8077e-06,3.8431e-06
1994408300000,1978862100000,1698319140,3.8165e-06,3.7974e-06,3.75e-06,3.82e-06
1982389600000,1984999400000,1698319200,3.7974e-06,3.8434e-06,3.7942e-06,3.863e-06
1987651400000,1987208100000,1698319260,3.8436e-06,3.8964e-06,3.8369e-06,3.95e-06
1987372400000,1.991376e+12,1698319320,3.8958e-06,3.8816e-06,3.876e-06,3.8964e-06
1990622300000,1992125100000,1698319380,3.8826e-06,3.8418e-06,3.82e-06,3.8861e-06
1.993667e+12,2000914500000,1698319440,3.8419e-06,3.8801e-06,3.8364e-06,3.8911e-06
2002728700000,2001983400000,1698319500,3.8801e-06,3.865e-06,3.8232e-06,3.8875e-06
2002044200000,2002601800000,1698319560,3.8648e-06,3.84e-06,3.84e-06,3.8799e-06
2003515300000,2005307100000,1698319620,3.8448e-06,3.8476e-06,3.8417e-06,3.8579e-06
2005693100000,2007504900000,1698319680,3.8481e-06,3.8519e-06,3.8417e-06,3.8546e-06
2007491200000,2012469300000,1698319740,3.8514e-06,3.8349e-06,3.83e-06,3.8549e-06
2012571600000,2016414300000,1698319800,3.8347e-06,3.9019e-06,3.8e-06,3.9235e-06
2015081900000,2023718500000,1698319860,3.9019e-06,3.9e-06,3.8767e-06,3.9228e-06
2023437700000,2029131900000,1698319920,3.8981e-06,3.878e-06,3.8773e-06,3.9235e-06
2030799200000,2036045400000,1698319980,3.878e-06,3.8917e-06,3.878e-06,3.9088e-06
2036981900000,2030853800000,1698320040,3.8908e-06,3.9311e-06,3.8872e-06,3.9622e-06
2033221200000,2039320700000,1698320100,3.931e-06,3.9153e-06,3.9104e-06,3.9454e-06
2038802700000,2050469200000,1698320160,3.9112e-06,3.9516e-06,3.91e-06,3.9644e-06
2049792100000,2047446400000,1698320220,3.9505e-06,3.9312e-06,3.9161e-06,3.9644e-06
2047454400000,2054747100000,1698320280,3.9299e-06,3.9394e-06,3.9298e-06,3.9416e-06
2055752400000,2062631100000,1698320340,3.9379e-06,3.9332e-06,3.9298e-06,3.9535e-06
2062762200000,2060608100000,1698320400,3.9329e-06,3.889e-06,3.8802e-06,3.9332e-06
2061098400000,2043026700000,1698320460,3.888e-06,3.8647e-06,3.85e-06,3.8969e-06
2042321200000,2043141700000,1698320520,3.8646e-06,3.8731e-06,3.8524e-06,3.8892e-06
2042643100000,2043218500000,1698320580,3.8741e-06,3.9402e-06,3.8675e-06,3.964e-06
2042072300000,2043182900000,1698320640,3.9399e-06,3.9252e-06,3.9175e-06,3.9411e-06
2.044133e+12,2055194500000,1698320700,3.9236e-06,3.955e-06,3.9201e-06,3.96e-06
2054502600000,2056813400000,1698320760,3.9551e-06,3.9156e-06,3.91e-06,3.989e-06
2056270700000,2060217900000,1698320820,3.9209e-06,3.9366e-06,3.9157e-06,3.9467e-06
2061230300000,2064475400000,1698320880,3.9375e-06,3.8721e-06,3.8637e-06,3.942e-06
2064931100000,2068336500000,1698320940,3.8699e-06,3.8666e-06,3.86e-06,3.9e-06
2071985700000,2062983300000,1698321000,3.8666e-06,3.8793e-06,3.8053e-06,3.8929e-06
2062980500000,2066429100000,1698321060,3.8794e-06,3.8825e-06,3.8681e-06,3.8861e-06
2066440400000,2065758800000,1698321120,3.8825e-06,3.879e-06,3.8713e-06,3.8924e-06
2.06575e+12,2.064451e+12,1698321180,3.879e-06,3.8908e-06,3.879e-06,3.8925e-06
2064607600000,2061488200000,1698321240,3.8923e-06,3.9281e-06,3.8864e-06,3.95e-06
2062143400000,2063422800000,1698321300,3.9281e-06,3.9634e-06,3.9201e-06,3.9718e-06
2063234700000,2065850200000,1698321360,3.9629e-06,4.151e-06,3.94e-06,4.17e-06
2034704700000,2036386500000,1698321420,4.1571e-06,4.0912e-06,4.0543e-06,4.1691e-06
2038511700000,2059678600000,1698321480,4.0869e-06,4.0909e-06,4.06e-06,4.1e-06
2064220100000,2079330500000,1698321540,4.088e-06,4.1804e-06,4.0852e-06,4.2353e-06
2081014700000,2091521500000,1698321600,4.178e-06,4.2208e-06,4.1733e-06,4.3e-06
2093310200000,2.072117e+12,1698321660,4.218e-06,4.1e-06,4.08e-06,4.2211e-06
2073604300000,2067574600000,1698321720,4.1035e-06,4.1816e-06,4.0782e-06,4.2211e-06
2068030400000,2078972300000,1698321780,4.1816e-06,4.121e-06,4.1201e-06,4.1911e-06
2077690300000,2.064908e+12,1698321840,4.1235e-06,4.1012e-06,4.07e-06,4.1543e-06
2066123400000,2072380700000,1698321900,4.1012e-06,4.1071e-06,4.083e-06,4.1344e-06
2072509800000,2076582100000,1698321960,4.1074e-06,4.1257e-06,4.089e-06,4.1326e-06
2076291400000,2077558300000,1698322020,4.125e-06,4.1625e-06,4.125e-06,4.223e-06
2.074804e+12,2087953700000,1698322080,4.1601e-06,4.2075e-06,4.1601e-06,4.2276e-06
2090675400000,2102971400000,1698322140,4.2081e-06,4.1774e-06,4.17e-06,4.2273e-06
2104529900000,2014511200000,1698322200,4.1732e-06,4.0374e-06,3.9614e-06,4.177e-06
2013449400000,1992849900000,1698322260,4.0373e-06,3.9598e-06,3.942e-06,4.0676e-06
1995493500000,2003864900000,1698322320,3.9547e-06,3.9804e-06,3.954e-06,3.988e-06
2004044200000,2012070500000,1698322380,3.9804e-06,3.9666e-06,3.9088e-06,3.9852e-06
2009654300000,2.0109e+12,1698322440,3.9654e-06,3.9335e-06,3.902e-06,3.9729e-06
2013500700000,2011923200000,1698322500,3.934e-06,3.9728e-06,3.9101e-06,3.9773e-06
2012457200000,2015315400000,1698322560,3.9732e-06,3.9646e-06,3.94e-06,3.9875e-06
2014700300000,2016590400000,1698322620,3.9654e-06,3.9754e-06,3.9646e-06,3.976e-06
2017081400000,2019229200000,1698322680,3.9722e-06,3.976e-06,3.9652e-06,3.976e-06
2019567700000,2026892300000,1698322740,3.9751e-06,3.97e-06,3.9539e-06,3.976e-06
2026681600000,2028955800000,1698322800,3.97e-06,3.9688e-06,3.965e-06,3.976e-06
2028837800000,2032876200000,1698322860,3.9689e-06,4.0252e-06,3.968e-06,4.0252e-06
2.032649e+12,2.034632e+12,1698322920,4.0251e-06,4.0362e-06,4e-06,4.048e-06
2034888200000,2037969300000,1698322980,4.0363e-06,4.0464e-06,4.0342e-06,4.0563e-06
2037483200000,2042572800000,1698323040,4.0469e-06,4.055e-06,4.0354e-06,4.0553e-06
2042612300000,2013296400000,1698323100,4.0547e-06,4.0894e-06,4.0517e-06,4.18e-06
2013271400000,2020940500000,1698323160,4.0892e-06,4.0915e-06,4.07e-06,4.0983e-06
2021249900000,2024062800000,1698323220,4.0931e-06,4.0503e-06,4.0466e-06,4.1e-06
2023427100000,2010059800000,1698323280,4.0502e-06,4.1073e-06,4.0374e-06,4.121e-06
2009380100000,2013880700000,1698323340,4.1073e-06,4.1052e-06,4.094e-06,4.1268e-06
2013951300000,2021662800000,1698323400,4.1057e-06,4.1223e-06,4.0806e-06,4.1234e-06
2023079900000,2034452900000,1698323460,4.1186e-06,4.1044e-06,4.095e-06,4.15e-06
2033681300000,2022030500000,1698323520,4.1e-06,4.0502e-06,3.9833e-06,4.1e-06
2.02191e+12,2024591600000,1698323580,4.0494e-06,4.1079e-06,4.0264e-06,4.1083e-06
2.02273e+12,2.027796e+12,1698323640,4.1041e-06,4.1113e-06,4.095e-06,4.1494e-06
2028564400000,2032785600000,1698323700,4.1086e-06,4.0663e-06,4.0461e-06,4.1185e-06
2033086300000,2037036100000,1698323760,4.0656e-06,4.085e-06,4.0536e-06,4.0956e-06
2037160800000,2037593900000,1698323820,4.0851e-06,4.1223e-06,4.0574e-06,4.13e-06
2039505400000,2045021200000,1698323880,4.121e-06,4.127e-06,4.0936e-06,4.1394e-06
2043550900000,2044635900000,1698323940,4.1277e-06,4.0968e-06,4.08e-06,4.1277e-06
2047431400000,2049844100000,1698324000,4.0968e-06,4.1054e-06,4.0901e-06,4.1154e-06
2.049841e+12,2.0543e+12,1698324060,4.1054e-06,4.1054e-06,4.0888e-06,4.1154e-06
2054739800000,2.054793e+12,1698324120,4.1043e-06,4.1051e-06,4.0775e-06,4.1073e-06
2054907900000,2059129600000,1698324180,4.1051e-06,4.0991e-06,4.0927e-06,4.1053e-06
2059216500000,2.064141e+12,1698324240,4.0991e-06,4.1209e-06,4.0916e-06,4.1277e-06
2064000300000,2069102300000,1698324300,4.1224e-06,4.0656e-06,4.0381e-06,4.16e-06
2070647700000,2075484200000,1698324360,4.0654e-06,4.1388e-06,4.0531e-06,4.1469e-06
2078092400000,2.083492e+12,1698324420,4.1386e-06,4.1351e-06,4.1076e-06,4.1399e-06
2085244700000,2091320200000,1698324480,4.1388e-06,4.1274e-06,4.11e-06,4.15e-06
2091393900000,2096024100000,1698324540,4.1279e-06,4.141e-06,4.1197e-06,4.15e-06
2096338700000,2098497900000,1698324600,4.1388e-06,4.24e-06,4.1376e-06,4.25e-06
2100785300000,2117407100000,1698324660,4.24e-06,4.2128e-06,4.2046e-06,4.2721e-06
2118264700000,2.122864e+12,1698324720,4.2105e-06,4.177e-06,4.175e-06,4.22e-06
2122045500000,2133598900000,1698324780,4.1773e-06,4.1898e-06,4.1741e-06,4.2308e-06
2132964100000,2142364900000,1698324840,4.1921e-06,4.18e-06,4.17e-06,4.215e-06
2141742300000,2151816700000,1698324900,4.1793e-06,4.22e-06,4.177e-06,4.2284e-06
2151929900000,2151009200000,1698324960,4.2186e-06,4.2194e-06,4.1614e-06,4.2216e-06
2151580400000,2155282700000,1698325020,4.2206e-06,4.203e-06,4.1974e-06,4.2216e-06
2155535300000,2158698100000,1698325080,4.203e-06,4.2143e-06,4.2002e-06,4.2199e-06
2158863700000,2141514100000,1698325140,4.2147e-06,4.1492e-06,4.06e-06,4.2147e-06
2141963800000,2150423800000,1698325200,4.151e-06,4.1941e-06,4.1283e-06,4.2098e-06
2151310600000,2158616700000,1698325260,4.1925e-06,4.2139e-06,4.192e-06,4.2249e-06
2159322100000,2166051700000,1698325320,4.2145e-06,4.2508e-06,4.2098e-06,4.2599e-06
2167740400000,2171297200000,1698325380,4.2504e-06,4.2209e-06,4.1979e-06,4.26e-06
2170641800000,2168055900000,1698325440,4.2209e-06,4.179e-06,4.1669e-06,4.2209e-06
2168090700000,2173716500000,1698325500,4.1776e-06,4.1887e-06,4.157e-06,4.2e-06
2173784900000,2174621500000,1698325560,4.1886e-06,4.2097e-06,4.1735e-06,4.2098e-06
2174413400000,2.155846e+12,1698325620,4.2096e-06,4.1352e-06,4.1006e-06,4.2138e-06
2151121600000,2148428400000,1698325680,4.1382e-06,4.1753e-06,4.1001e-06,4.1777e-06
2148387400000,2163585900000,1698325740,4.1751e-06,4.2312e-06,4.1686e-06,4.26e-06
2161748400000,2180352800000,1698325800,4.2278e-06,4.2908e-06,4.2125e-06,4.3e-06
2.190379e+12,2168945500000,1698325860,4.2899e-06,4.3132e-06,4.2843e-06,4.458e-06
2169464600000,2177054400000,1698325920,4.3133e-06,4.3138e-06,4.28e-06,4.3234e-06
2178729500000,2196406100000,1698325980,4.3168e-06,4.306e-06,4.2717e-06,4.3317e-06
2196368800000,2184632900000,1698326040,4.3079e-06,4.2622e-06,4.2361e-06,4.3125e-06
2183918400000,2192603900000,1698326100,4.2625e-06,4.3055e-06,4.2613e-06,4.3299e-06
2192756100000,2180645700000,1698326160,4.3012e-06,4.378e-06,4.2459e-06,4.4444e-06
2180248700000,2166540800000,1698326220,4.378e-06,4.2593e-06,4.2111e-06,4.399e-06
2167714700000,2131039800000,1698326280,4.2642e-06,4.1855e-06,4.105e-06,4.2951e-06
2131282200000,2139538700000,1698326340,4.1855e-06,4.2075e-06,4.1546e-06,4.22e-06
2141109900000,2151696900000,1698326400,4.2088e-06,4.21e-06,4.176e-06,4.2278e-06
2151623400000,2153971900000,1698326460,4.2124e-06,4.2005e-06,4.1978e-06,4.2364e-06
2154800400000,2158139500000,1698326520,4.2005e-06,4.2084e-06,4.1901e-06,4.2147e-06
2158651400000,2164192900000,1698326580,4.209e-06,4.2327e-06,4.2072e-06,4.245e-06
2.164809e+12,2167615500000,1698326640,4.2327e-06,4.2273e-06,4.2071e-06,4.25e-06
2167875400000,2167107800000,1698326700,4.2273e-06,4.2388e-06,4.2147e-06,4.239e-06
2169459500000,2172151400000,1698326760,4.2389e-06,4.2253e-06,4.2108e-06,4.247e-06
2.171773e+12,2180287900000,1698326820,4.2253e-06,4.2111e-06,4.1629e-06,4.2253e-06
2181378900000,2.18719e+12,1698326880,4.2104e-06,4.2641e-06,4.2013e-06,4.2958e-06
2187215100000,2182293700000,1698326940,4.264e-06,4.2926e-06,4.26e-06,4.3532e-06
2182638800000,2188459900000,1698327000,4.2926e-06,4.2818e-06,4.2709e-06,4.2999e-06
2189196100000,2.197033e+12,1698327060,4.2785e-06,4.2873e-06,4.2771e-06,4.2956e-06
2197091400000,2193153100000,1698327120,4.2873e-06,4.2669e-06,4.25e-06,4.2897e-06
2193368200000,2193440100000,1698327180,4.265e-06,4.2336e-06,4.2297e-06,4.2701e-06
2192841500000,2190635100000,1698327240,4.2336e-06,4.24e-06,4.207e-06,4.2506e-06
2190416900000,2.195617e+12,1698327300,4.2399e-06,4.2079e-06,4.2e-06,4.24e-06
2194840600000,2192907100000,1698327360,4.2021e-06,4.2168e-06,4.2019e-06,4.24e-06
2192709400000,2192950500000,1698327420,4.212e-06,4.235e-06,4.1936e-06,4.24e-06
2192694900000,2202845300000,1698327480,4.2325e-06,4.2777e-06,4.2323e-06,4.3e-06
2204128700000,2211802800000,1698327540,4.2777e-06,4.2704e-06,4.2672e-06,4.2955e-06
2211238800000,2204849600000,1698327600,4.2689e-06,4.236e-06,4.2e-06,4.2695e-06
2201350800000,2.178728e+12,1698327660,4.2326e-06,4.1978e-06,4.119e-06,4.2326e-06
2.179163e+12,2178781900000,1698327720,4.1975e-06,4.1793e-06,4.163e-06,4.2234e-06
2177515700000,2178389800000,1698327780,4.1792e-06,4.1622e-06,4.1118e-06,4.1807e-06
2177235400000,2176551500000,1698327840,4.1605e-06,4.155e-06,4.1472e-06,4.175e-06
2178059100000,2178121200000,1698327900,4.155e-06,4.1637e-06,4.1549e-06,4.1747e-06
2178348600000,2181076700000,1698327960,4.1637e-06,4.1672e-06,4.091e-06,4.1773e-06
2174101100000,2166061300000,1698328020,4.1631e-06,4.1985e-06,4.1491e-06,4.25e-06
2165936500000,2167372600000,1698328080,4.1945e-06,4.2044e-06,4.1937e-06,4.2296e-06
2167702900000,2168917500000,1698328140,4.2044e-06,4.2171e-06,4.2009e-06,4.2191e-06
2168005800000,2.169289e+12,1698328200,4.2169e-06,4.1919e-06,4.1903e-06,4.2177e-06
2169288800000,2169844800000,1698328260,4.1911e-06,4.1899e-06,4.1633e-06,4.2111e-06
2169994900000,2172107600000,1698328320,4.1899e-06,4.1824e-06,4.1683e-06,4.1964e-06
2171849200000,2168887800000,1698328380,4.1825e-06,4.1774e-06,4.1521e-06,4.1871e-06
2168870500000,2169333200000,1698328440,4.1775e-06,4.1732e-06,4.1676e-06,4.1956e-06
2169435200000,2173224900000,1698328500,4.1732e-06,4.1343e-06,4.1333e-06,4.1746e-06
2173457400000,2172862100000,1698328560,4.1333e-06,4.0823e-06,4.03e-06,4.1654e-06
2158059400000,2146200100000,1698328620,4.0801e-06,4.0883e-06,4.0321e-06,4.1286e-06
2145683900000,2.152464e+12,1698328680,4.0884e-06,4.1421e-06,4.08e-06,4.1481e-06
2154086200000,2156169600000,1698328740,4.1443e-06,4.1133e-06,4.1e-06,4.1468e-06
2155945300000,2144882400000,1698328800,4.1132e-06,4.1458e-06,4.1036e-06,4.2545e-06
2145260200000,2163263900000,1698328860,4.1475e-06,4.1104e-06,4.1011e-06,4.1501e-06
2.163217e+12,2171276400000,1698328920,4.1129e-06,4.144e-06,4.1e-06,4.1506e-06
2172490300000,2175038600000,1698328980,4.1424e-06,4.1275e-06,4.1057e-06,4.1495e-06
2175618200000,2176477200000,1698329040,4.1274e-06,4.1032e-06,4.1022e-06,4.1362e-06
2176725400000,2175227700000,1698329100,4.1044e-06,4.0704e-06,4.0684e-06,4.1125e-06
2175956600000,2153373100000,1698329160,4.0704e-06,4.0524e-06,4.0226e-06,4.0889e-06
2156245200000,2148673700000,1698329220,4.0537e-06,4.0272e-06,4e-06,4.0574e-06
2149095700000,2152585600000,1698329280,4.0273e-06,4.0535e-06,4.0227e-06,4.07e-06
2152538200000,2158907500000,1698329340,4.053e-06,4.0211e-06,4.0116e-06,4.055e-06
2159862800000,2169806400000,1698329400,4.0228e-06,4.0022e-06,4e-06,4.034e-06
2170220700000,2162468100000,1698329460,4.0018e-06,4.0613e-06,3.98e-06,4.07e-06
2161941400000,2170622700000,1698329520,4.0612e-06,4.031e-06,4.031e-06,4.0674e-06
2170853200000,2172880500000,1698329580,4.0309e-06,4.0542e-06,4.0287e-06,4.07e-06
2172967100000,2163169900000,1698329640,4.0527e-06,4.0905e-06,4.0469e-06,4.098e-06
2163795300000,2169584700000,1698329700,4.0854e-06,4.0677e-06,4.0617e-06,4.095e-06
2169946200000,2171446800000,1698329760,4.0685e-06,4.045e-06,4.0409e-06,4.0685e-06
2172682900000,2171974400000,1698329820,4.0475e-06,4.0511e-06,4.0455e-06,4.0756e-06
2.171738e+12,2171342300000,1698329880,4.05e-06,4.0308e-06,4.025e-06,4.059e-06
2170792900000,2171358200000,1698329940,4.0308e-06,4.0654e-06,4.021e-06,4.08e-06
2.171569e+12,2175539800000,1698330000,4.0684e-06,4.078e-06,4.0664e-06,4.0847e-06
2175353100000,2177478700000,1698330060,4.0787e-06,4.0677e-06,4.061e-06,4.09e-06
2177195200000,2176488500000,1698330120,4.0667e-06,4.0611e-06,4.06e-06,4.0779e-06
2177135200000,2175641300000,1698330180,4.0611e-06,4.051e-06,4.0444e-06,4.065e-06
2174112500000,2167381400000,1698330240,4.0506e-06,4.0493e-06,4.0408e-06,4.0655e-06
2168835300000,2166756100000,1698330300,4.0498e-06,4.0457e-06,4.04e-06,4.0498e-06
2.16684e+12,2167879400000,1698330360,4.0425e-06,4.0225e-06,4.0095e-06,4.0496e-06
2171216200000,2164957400000,1698330420,4.0227e-06,4.0473e-06,4.0001e-06,4.0496e-06
2164890100000,2.163352e+12,1698330480,4.0473e-06,4.0376e-06,4.032e-06,4.0496e-06
2163568100000,2173151500000,1698330540,4.0393e-06,4.0713e-06,4.0393e-06,4.08e-06
2172090900000,2179469400000,1698330600,4.0735e-06,4.0601e-06,4.04e-06,4.09e-06
2179309100000,2176069900000,1698330660,4.06e-06,4.048e-06,4.048e-06,4.089e-06
2176207700000,2177010700000,1698330720,4.048e-06,4.0279e-06,4.0211e-06,4.0513e-06
2178494400000,2129019900000,1698330780,4.0279e-06,3.962e-06,3.932e-06,4.0446e-06
2130403600000,2136108500000,1698330840,3.9621e-06,3.9994e-06,3.96e-06,4.0398e-06
2136979800000,2135560200000,1698330900,3.9994e-06,4.0028e-06,3.97e-06,4.026e-06
2.133365e+12,2132837200000,1698330960,4.0028e-06,4.0286e-06,4.0028e-06,4.0323e-06
2.133684e+12,2141462800000,1698331020,4.0285e-06,4.0273e-06,4.0157e-06,4.0433e-06
2142172400000,2129947400000,1698331080,4.0272e-06,3.9785e-06,3.9769e-06,4.029e-06
2131136300000,2106438100000,1698331140,3.9784e-06,3.8927e-06,3.83e-06,3.9784e-06
2106716400000,2105209300000,1698331200,3.8928e-06,3.9251e-06,3.8928e-06,3.9548e-06
2106943800000,2117315400000,1698331260,3.9252e-06,3.9622e-06,3.9236e-06,3.9704e-06
2117665800000,2118581200000,1698331320,3.9605e-06,3.9379e-06,3.9e-06,3.9672e-06
2118424600000,2119165100000,1698331380,3.9379e-06,3.95e-06,3.8752e-06,3.95e-06
2121186600000,2121803500000,1698331440,3.9458e-06,3.9349e-06,3.9e-06,3.9521e-06
2122348700000,2124868300000,1698331500,3.9349e-06,3.96e-06,3.9175e-06,3.96e-06
2127676200000,2134371200000,1698331560,3.9596e-06,3.9772e-06,3.949e-06,3.98e-06
2134680600000,2.140468e+12,1698331620,3.9771e-06,3.9435e-06,3.9276e-06,3.98e-06
2139032900000,2145118100000,1698331680,3.9425e-06,3.9604e-06,3.9425e-06,3.9695e-06
2145159600000,2145028700000,1698331740,3.9604e-06,3.9726e-06,3.9604e-06,3.98e-06
2145403700000,2149042600000,1698331800,3.9726e-06,3.9804e-06,3.9622e-06,3.9806e-06
2149362100000,2153012900000,1698331860,3.9803e-06,3.962e-06,3.9445e-06,3.984e-06
2.153554e+12,2152371400000,1698331920,3.964e-06,3.9566e-06,3.9566e-06,3.973e-06
2151457700000,2157172500000,1698331980,3.9566e-06,3.9445e-06,3.91e-06,3.96e-06
2157294700000,2160662300000,1698332040,3.9417e-06,3.925e-06,3.9188e-06,3.9457e-06
2160931900000,2161736400000,1698332100,3.925e-06,3.9699e-06,3.925e-06,3.98e-06
2162167500000,2074622300000,1698332160,3.9718e-06,4.2905e-06,3.9635e-06,4.4434e-06
2.073415e+12,2007120300000,1698332220,4.2906e-06,4.5382e-06,4.2846e-06,4.8e-06
2002274300000,1980991800000,1698332280,4.5382e-06,4.4146e-06,4.411e-06,4.5538e-06
1979697700000,1962575500000,1698332340,4.4175e-06,4.4153e-06,4.36e-06,4.4374e-06
1963845500000,1993453800000,1698332400,4.4153e-06,4.445e-06,4.4077e-06,4.4845e-06
1.992563e+12,1988610700000,1698332460,4.445e-06,4.3767e-06,4.3601e-06,4.445e-06
1989219500000,1976088400000,1698332520,4.3745e-06,4.3253e-06,4.3e-06,4.4256e-06
1974653700000,1990446400000,1698332580,4.3239e-06,4.3818e-06,4.3163e-06,4.45e-06
1990155700000,1999310100000,1698332640,4.38e-06,4.37e-06,4.3359e-06,4.3818e-06
2000485500000,2022961500000,1698332700,4.3699e-06,4.3857e-06,4.3617e-06,4.391e-06
2023222100000,2027259200000,1698332760,4.3857e-06,4.3724e-06,4.347e-06,4.39e-06
2027106800000,2025438600000,1698332820,4.3724e-06,4.4023e-06,4.371e-06,4.4498e-06
2025703200000,2026523200000,1698332880,4.4026e-06,4.45e-06,4.4023e-06,4.45e-06
2026539100000,2044956200000,1698332940,4.4472e-06,4.418e-06,4.4122e-06,4.48e-06
2.044352e+12,2039852600000,1698333000,4.4182e-06,4.4265e-06,4.4126e-06,4.4337e-06
2.039467e+12,2037905100000,1698333060,4.4321e-06,4.4088e-06,4.4088e-06,4.44e-06
2034932800000,2028711300000,1698333120,4.4088e-06,4.3572e-06,4.35e-06,4.4316e-06
2027652400000,2024448300000,1698333180,4.3589e-06,4.3764e-06,4.3162e-06,4.3805e-06
2024795300000,2.028536e+12,1698333240,4.3763e-06,4.3884e-06,4.3754e-06,4.4104e-06
2029621500000,2029583400000,1698333300,4.3871e-06,4.3407e-06,4.32e-06,4.3873e-06
2029500400000,2021702400000,1698333360,4.3407e-06,4.356e-06,4.3e-06,4.3649e-06
2022787900000,2017862300000,1698333420,4.3561e-06,4.3569e-06,4.316e-06,4.3737e-06
2017982100000,2015260300000,1698333480,4.3563e-06,4.3193e-06,4.31e-06,4.3597e-06
2016267600000,2.005108e+12,1698333540,4.3193e-06,4.297e-06,4.297e-06,4.3437e-06
2007204900000,1.990646e+12,1698333600,4.302e-06,4.2462e-06,4.2069e-06,4.3236e-06
1986388700000,1987920100000,1698333660,4.2453e-06,4.265e-06,4.2403e-06,4.2772e-06
1984281700000,1981248200000,1698333720,4.2667e-06,4.29e-06,4.2626e-06,4.3128e-06
1981558600000,1989881500000,1698333780,4.2895e-06,4.2728e-06,4.271e-06,4.29e-06
1989504300000,1998918300000,1698333840,4.2737e-06,4.3309e-06,4.27e-06,4.3437e-06
1997441100000,2005489300000,1698333900,4.3358e-06,4.32e-06,4.2948e-06,4.36e-06
2005653600000,2008837200000,1698333960,4.3208e-06,4.3344e-06,4.2882e-06,4.34e-06
2008338300000,2012325900000,1698334020,4.337e-06,4.3119e-06,4.3084e-06,4.3379e-06
2012619800000,2011855200000,1698334080,4.312e-06,4.2867e-06,4.2786e-06,4.3143e-06
2011761900000,2017653300000,1698334140,4.2866e-06,4.3107e-06,4.2757e-06,4.3125e-06
2.017918e+12,2009987500000,1698334200,4.3103e-06,4.2968e-06,4.2832e-06,4.36e-06
2010590100000,2014287900000,1698334260,4.2961e-06,4.369e-06,4.2887e-06,4.3734e-06
2014948900000,2009313400000,1698334320,4.3672e-06,4.402e-06,4.35e-06,4.4666e-06
2009393400000,2010457900000,1698334380,4.4062e-06,4.4001e-06,4.3854e-06,4.4099e-06
2011655200000,2010437700000,1698334440,4.3994e-06,4.5043e-06,4.3952e-06,4.596e-06
2013324200000,2.025448e+12,1698334500,4.5043e-06,4.4749e-06,4.4689e-06,4.5081e-06
2024711200000,2028502300000,1698334560,4.4776e-06,4.4698e-06,4.4444e-06,4.4864e-06
2028830400000,2.041554e+12,1698334620,4.4718e-06,4.4974e-06,4.4685e-06,4.51e-06
2043173400000,2048376100000,1698334680,4.4951e-06,4.4893e-06,4.4892e-06,4.5026e-06
2048507800000,2.053342e+12,1698334740,4.4892e-06,4.4395e-06,4.4326e-06,4.49e-06
2050929500000,2052080600000,1698334800,4.4414e-06,4.4452e-06,4.4339e-06,4.4511e-06
2052293700000,2043978500000,1698334860,4.4411e-06,4.4712e-06,4.4411e-06,4.5e-06
2044047800000,2037785900000,1698334920,4.4716e-06,4.4771e-06,4.4675e-06,4.5026e-06
2037395300000,2034926500000,1698334980,4.4772e-06,4.4627e-06,4.4472e-06,4.4867e-06
2035795700000,2039518600000,1698335040,4.4612e-06,4.4722e-06,4.4584e-06,4.489e-06
2039453200000,2047630100000,1698335100,4.4726e-06,4.49e-06,4.4536e-06,4.5e-06
2.047404e+12,2061842600000,1698335160,4.4892e-06,4.5175e-06,4.4783e-06,4.52e-06
2062966700000,2056773600000,1698335220,4.5181e-06,4.4584e-06,4.4499e-06,4.5192e-06
2056158500000,2053116400000,1698335280,4.4578e-06,4.4746e-06,4.4561e-06,4.4963e-06
2053697600000,2051610800000,1698335340,4.4746e-06,4.4682e-06,4.45e-06,4.48e-06
2051231200000,2051238600000,1698335400,4.4683e-06,4.4663e-06,4.4589e-06,4.5111e-06
2051858800000,2051740200000,1698335460,4.4691e-06,4.5004e-06,4.4663e-06,4.5128e-06
2051657400000,2033263100000,1698335520,4.5042e-06,4.62e-06,4.4967e-06,4.7e-06
2034550400000,2048646200000,1698335580,4.62e-06,4.6298e-06,4.6e-06,4.66e-06
2049665400000,2069885900000,1698335640,4.6299e-06,4.6641e-06,4.6248e-06,4.68e-06
2.070985e+12,2060454600000,1698335700,4.6641e-06,4.6895e-06,4.64e-06,4.8e-06
2062790900000,2.054773e+12,1698335760,4.6922e-06,4.6725e-06,4.65e-06,4.6941e-06
2055087700000,2057612900000,1698335820,4.6726e-06,4.68e-06,4.6497e-06,4.686e-06
2058586800000,2056656900000,1698335880,4.6782e-06,4.6462e-06,4.6227e-06,4.68e-06
2056388300000,2053039400000,1698335940,4.6472e-06,4.6526e-06,4.611e-06,4.653e-06
2053606100000,2053649400000,1698336000,4.6526e-06,4.7525e-06,4.6e-06,4.7586e-06
2058090800000,2073716600000,1698336060,4.7545e-06,4.7503e-06,4.7364e-06,4.9e-06
2.067947e+12,2044951500000,1698336120,4.7526e-06,4.5836e-06,4.5297e-06,4.775e-06
2.045593e+12,2033293400000,1698336180,4.5834e-06,4.4832e-06,4.4059e-06,4.5896e-06
2033425400000,2041631700000,1698336240,4.484e-06,4.575e-06,4.4831e-06,4.6e-06
2042238400000,2051819400000,1698336300,4.575e-06,4.5901e-06,4.5223e-06,4.5998e-06
2051890400000,2061679100000,1698336360,4.5951e-06,4.5614e-06,4.5582e-06,4.61e-06
2.062747e+12,2059843700000,1698336420,4.5615e-06,4.5462e-06,4.5145e-06,4.5691e-06
2060646700000,2060894700000,1698336480,4.5464e-06,4.5059e-06,4.5e-06,4.55e-06
2061004100000,2057378300000,1698336540,4.5063e-06,4.5933e-06,4.502e-06,4.6088e-06
2057372300000,2074308300000,1698336600,4.5938e-06,4.6826e-06,4.5938e-06,4.7423e-06
2074461700000,2094494500000,1698336660,4.6826e-06,4.8425e-06,4.6805e-06,4.85e-06
2095126300000,2106463700000,1698336720,4.8456e-06,4.9031e-06,4.7682e-06,4.9141e-06
2103430200000,2107079700000,1698336780,4.9031e-06,4.8477e-06,4.8023e-06,4.9213e-06
2111714300000,2125322800000,1698336840,4.844e-06,4.8727e-06,4.844e-06,4.8923e-06
2.125164e+12,2105148600000,1698336900,4.8727e-06,4.8324e-06,4.8212e-06,4.9985e-06
2098418900000,2109658600000,1698336960,4.8255e-06,4.9237e-06,4.8e-06,4.949e-06
2109618300000,2102431200000,1698337020,4.9286e-06,5.0188e-06,4.9054e-06,5.0495e-06
2.102093e+12,2081441200000,1698337080,5.0186e-06,5.0732e-06,5.0056e-06,5.1555e-06
2081328900000,2096451900000,1698337140,5.0732e-06,5.0183e-06,5e-06,5.1105e-06
2097000600000,2072021500000,1698337200,5.0159e-06,4.82e-06,4.8e-06,5.022e-06
2068454600000,2048606200000,1698337260,4.82e-06,4.9014e-06,4.7803e-06,4.9393e-06
2042624100000,2055540100000,1698337320,4.9008e-06,4.9204e-06,4.8646e-06,4.9396e-06
2056395700000,2059111100000,1698337380,4.9214e-06,4.8773e-06,4.8601e-06,4.9248e-06
2059110200000,2061028500000,1698337440,4.8764e-06,4.9265e-06,4.8686e-06,4.9265e-06
2062108600000,2063877700000,1698337500,4.9265e-06,5.0306e-06,4.9225e-06,5.0553e-06
2065109400000,2.082906e+12,1698337620,5.0122e-06,5.0666e-06,5.009e-06,5.0812e-06
2081623400000,2061772600000,1698337680,5.0667e-06,4.9562e-06,4.9216e-06,5.0816e-06
2061916500000,2055158900000,1698337740,4.9585e-06,5.0438e-06,4.9042e-06,5.0597e-06
2054982800000,2059298200000,1698337800,5.0513e-06,4.9559e-06,4.9e-06,5.14e-06
2054285600000,1.973888e+12,1698337860,4.9549e-06,4.8122e-06,4.6175e-06,5.0024e-06
1965702600000,1.972031e+12,1698337920,4.8122e-06,4.8702e-06,4.7873e-06,4.8997e-06
1972900200000,1975499600000,1698337980,4.8712e-06,4.9049e-06,4.8297e-06,4.9421e-06
1975774900000,1985873100000,1698338040,4.905e-06,4.89e-06,4.8567e-06,4.9079e-06
1986335700000,1979755700000,1698338100,4.8929e-06,4.8591e-06,4.827e-06,4.9079e-06
1977983300000,1985245900000,1698338160,4.8591e-06,4.929e-06,4.8458e-06,4.95e-06
1985264400000,1992190600000,1698338220,4.929e-06,4.9135e-06,4.9055e-06,4.9464e-06
1991062400000,1983114400000,1698338280,4.9136e-06,4.9321e-06,4.85e-06,4.9383e-06
1986150400000,1988916400000,1698338340,4.9334e-06,4.8766e-06,4.8711e-06,4.94e-06
1987736900000,1993975100000,1698338400,4.8763e-06,4.8814e-06,4.8527e-06,4.9e-06
1994117900000,1995305600000,1698338460,4.8849e-06,4.9089e-06,4.8837e-06,4.92e-06
1994941800000,1997545600000,1698338520,4.9098e-06,4.8744e-06,4.8646e-06,4.9188e-06
2002084800000,1993112800000,1698338580,4.8747e-06,4.9283e-06,4.8728e-06,4.9888e-06
1996184900000,1994423900000,1698338640,4.9295e-06,4.9067e-06,4.8656e-06,4.9588e-06
1994553100000,1996983300000,1698338700,4.9078e-06,4.9183e-06,4.9025e-06,4.9364e-06
1997011100000,1992027500000,1698338760,4.9147e-06,4.9122e-06,4.8575e-06,4.96e-06
1.992162e+12,1990974700000,1698338820,4.912e-06,4.8834e-06,4.859e-06,4.93e-06
1990623900000,1990107300000,1698338880,4.8837e-06,4.8546e-06,4.851e-06,4.9084e-06
1986834600000,1.990218e+12,1698338940,4.8626e-06,4.8668e-06,4.8507e-06,4.919e-06
1988083700000,1988918500000,1698339000,4.8669e-06,4.8794e-06,4.85e-06,4.9166e-06
1988641800000,1991599700000,1698339060,4.8775e-06,4.9044e-06,4.8712e-06,4.9566e-06
1991799700000,1997152500000,1698339120,4.9073e-06,4.9152e-06,4.9043e-06,4.9425e-06
1997727900000,2.006408e+12,1698339180,4.9191e-06,4.9759e-06,4.9138e-06,4.9842e-06
2008277200000,2003314500000,1698339240,4.9757e-06,4.9103e-06,4.8939e-06,4.9941e-06
2003173500000,1943260600000,1698339300,4.9116e-06,4.8452e-06,4.6702e-06,4.9165e-06
1944151500000,1953914200000,1698339420,4.8804e-06,4.8738e-06,4.8668e-06,4.9164e-06
1954011800000,1956546500000,1698339480,4.8734e-06,4.87e-06,4.87e-06,4.896e-06
1957598100000,1961563500000,1698339540,4.8716e-06,4.9137e-06,4.87e-06,4.92e-06
1.960721e+12,1962348400000,1698339600,4.9178e-06,4.9079e-06,4.876e-06,4.937e-06
1963706600000,1964722600000,1698339660,4.908e-06,4.9782e-06,4.9061e-06,4.985e-06
1966313400000,1.971254e+12,1698339720,4.976e-06,4.9603e-06,4.9142e-06,4.9901e-06
1970909100000,1.979569e+12,1698339780,4.9605e-06,5.0065e-06,4.9602e-06,5.02e-06
1979139900000,1976346500000,1698339840,5.0044e-06,4.9837e-06,4.9283e-06,5.0055e-06
1976652100000,1978206800000,1698339900,4.9787e-06,4.9999e-06,4.9762e-06,5.04e-06
1979169900000,1978179300000,1698339960,4.9999e-06,4.975e-06,4.961e-06,4.9999e-06
1978640300000,1980227700000,1698340020,4.9759e-06,4.9786e-06,4.9582e-06,4.989e-06
1980752700000,1979352800000,1698340080,4.9779e-06,4.971e-06,4.97e-06,4.9896e-06
1980371600000,1982498400000,1698340140,4.97e-06,4.9691e-06,4.9452e-06,4.99e-06
1982249500000,1979216500000,1698340200,4.9691e-06,4.9438e-06,4.9222e-06,4.9785e-06
1979492500000,1976461800000,1698340260,4.9438e-06,4.9543e-06,4.9201e-06,4.96e-06
1976454300000,1979989600000,1698340320,4.9544e-06,4.9368e-06,4.9215e-06,4.956e-06
1979836400000,1971581700000,1698340380,4.9368e-06,4.8783e-06,4.8673e-06,4.9368e-06
1970491300000,1974920300000,1698340440,4.8784e-06,4.9221e-06,4.877e-06,4.9333e-06
1975155800000,1976688900000,1698340500,4.9221e-06,4.9371e-06,4.9213e-06,4.9483e-06
1976688900000,1976688900000,1698293460,2.7482e-06,2.7649e-06,2.7482e-06,2.7655e-06
1976688900000,1976688900000,1698306060,2.9505e-06,2.9462e-06,2.9451e-06,2.9506e-06
1976688900000,1976688900000,1698312660,3.3459e-06,3.3882e-06,3.3459e-06,3.4058e-06
1976688900000,1976688900000,1698337560,5.0255e-06,5.0174e-06,4.9807e-06,5.0481e-06
1976688900000,1976688900000,1698339360,4.8412e-06,4.8804e-06,4.837e-06,4.8862e-06
