"timestamp","OI_open","OI_close","price_close"
1697899320,1503204.2,1503204.2,72.285
1697899380,1503174.3,1503244.2,72.303
1697899440,1503358.2,1503420.9,72.289
1697899500,1503864.4,1504944.2,72.438
1697899560,1504986.4,1506028.6,72.432
1697899620,1506165.6,1506168.6,72.402
1697899680,1506585.3,1506990.3,72.254
1697899740,1507169.5,1507257.4,72.314
1697899800,1506674.7,1506957.2,72.354
1697899860,1506896.5,1507202.1,72.354
1697899920,1507001.6,1506099,72.232
1697899980,1506082.3,1506423.6,72.227
1697900040,1506069.5,1505800.6,72.286
1697900100,1506777.3,1506912.4,72.082
1697900160,1506675.6,1506679.3,71.914
1697900220,1505496.6,1504698.7,71.821
1697900280,1506287.3,1507835.9,71.319
1697900340,1506714.2,1506069.9,71.412
1697900400,1506636.5,1495378.1,70.742
1697900460,1494794.7,1495074.4,70.898
1697900520,1494799.1,1495964,70.883
1697900580,1495599.4,1494367.7,71.274
1697900640,1493662.9,1494722.8,71.26
1697900700,1494911.3,1495197.8,71.234
1697900760,1495474.2,1495289.2,71.116
1697900820,1495432.5,1495730.2,71.365
1697900880,1495063.8,1495210.7,71.44
1697900940,1495442.5,1495442.5,71.224
1697901000,1495743.9,1495512.5,71.273
1697901060,1494896.7,1494896.7,71.255
1697901120,1494956.1,1492278,70.885
1697901180,1491505.7,1491017.4,71.001
1697901240,1490711.4,1490711.4,70.908
1697901300,1489961.9,1489391.2,70.8
1697901360,1488214.2,1488219,71.157
1697901420,1487324.9,1485964.8,71.291
1697901480,1485846.4,1486299.2,71.318
1697901540,1486174.7,1486791.9,71.18
1697901600,1486894.4,1486490.4,71.147
1697901660,1486313.3,1486388.4,71.129
1697901720,1486367,1486222.5,71.132
1697901780,1486228.4,1486201.9,71.272
1697901840,1486190,1486227.6,71.181
1697901900,1486682.7,1486712.6,71.294
1697901960,1487198.7,1487195.8,71.283
1697902020,1487402.3,1487634,71.317
1697902080,1487421.2,1487708,71.217
1697902140,1488182.3,1488161.5,71.161
1697902200,1488138.5,1488143,71.24
1697902260,1487974,1487988.5,71.339
1697902320,1487742.5,1487921.4,71.221
1697902380,1487642.4,1487861.2,71.19
1697902440,1488275,1488403.7,71.268
1697902500,1488604.1,1488669.6,71.218
1697902560,1488481,1488657.3,71.194
1697902620,1488621.8,1488966.4,70.91
1697902680,1488775,1488508.2,71.177
1697902740,1488399.9,1488521.3,71.127
1697902800,1488809.3,1488672,71.101
1697902860,1488613,1488694.2,71.058
1697902920,1488755.6,1488839.5,71.007
1697902980,1488568.1,1488344.9,70.971
1697903040,1488849.4,1488828.5,71.059
1697903100,1488485.2,1488356.5,71.08
1697903160,1488002.9,1488305,70.921
1697903220,1488500.3,1488210.7,70.814
1697903280,1488354.2,1488129.7,70.908
1697903340,1488604.3,1488853.8,70.811
1697903400,1488924,1489189.7,70.8
1697903460,1489395.8,1489279.5,70.986
1697903520,1489976.3,1489426.8,70.98
1697903580,1489386.4,1489960.5,70.792
1697903640,1490984.5,1490984.5,70.85
1697903700,1492336,1492106,70.978
1697903760,1491524.1,1490709.2,71.099
1697903820,1490728.8,1490523.8,71.04
1697903880,1490352.3,1490471.5,71.059
1697903940,1490094.7,1489703.9,71.127
1697904000,1489769,1490412.1,70.915
1697904060,1489827.5,1490759.5,70.759
1697904120,1490148,1489408.8,70.797
1697904180,1489062,1489176,70.94
1697904240,1487960.9,1487377.7,71.317
1697904300,1486676.8,1484292.7,71.332
1697904360,1485113.5,1484958.6,71.385
1697904420,1484378.3,1484324.9,71.444
1697904480,1483555.7,1483772.7,71.434
1697904540,1483976.8,1484326.9,71.364
1697904600,1484683.4,1484524.8,71.229
1697904660,1484015.8,1484157,71.25
1697904720,1484803.5,1484724.9,71.348
1697904780,1484656.4,1485033.9,71.417
1697904840,1485322.3,1485301.1,71.386
1697904900,1485163,1485452.3,71.543
1697904960,1485158.2,1484798.8,71.465
1697905020,1484507.7,1484837.9,71.573
1697905080,1484604.6,1484498.4,71.511
1697905140,1484420.4,1484522.6,71.582
1697905200,1483853.1,1483384.3,71.636
1697905260,1483557.3,1483327.2,71.727
1697905320,1483481.4,1483352.4,71.694
1697905380,1483631.3,1483262.7,71.76
1697905440,1483218.9,1483292.5,71.656
1697905500,1483241,1483346,71.706
1697905560,1482938.9,1483118.2,71.648
1697905620,1483369.7,1483357.4,71.547
1697905680,1483544,1484175,71.386
1697905740,1484331.1,1483764.5,71.353
1697905800,1483610.1,1483910.9,71.314
1697905860,1483847.5,1484566.3,71.412
1697905920,1484894.9,1484478.2,71.381
1697905980,1484420.8,1484197.3,71.433
1697906040,1484233.9,1484051.2,71.457
1697906100,1484130.4,1484382.2,71.498
1697906160,1484444.7,1483842.3,71.705
1697906220,1484136.3,1484265.6,71.792
1697906280,1484580.4,1484522.1,71.725
1697906340,1484358.6,1484651.8,71.772
1697906400,1484412.7,1484458.7,71.715
1697906460,1484323.7,1484640,71.715
1697906520,1484920.1,1484920.1,71.777
1697906580,1485208.6,1484658.1,71.825
1697906640,1485023,1485028.4,71.868
1697906700,1484425.4,1484357.9,71.851
1697906760,1484170.2,1484170.2,71.92
1697906820,1484642.3,1484646.3,72.024
1697906880,1484226.7,1485136.1,71.742
1697906940,1485357.5,1483996.9,71.72
1697907000,1484398.3,1484359.1,71.641
1697907060,1484334.7,1484389.6,71.693
1697907120,1484619.9,1484561.3,71.662
1697907180,1484419.7,1484299.3,71.763
1697907240,1484544.2,1484624.4,71.704
1697907300,1484835.3,1484835.3,71.75
1697907360,1484629.7,1484917.7,71.708
1697907420,1484878.4,1484523.6,71.693
1697907480,1484393.6,1484357.9,71.576
1697907540,1484405.6,1484461.2,71.61
1697907600,1484650.2,1484777.6,71.609
1697907660,1485173.1,1485113,71.653
1697907720,1485017.8,1484939.8,71.611
1697907780,1484048.4,1484184.4,71.813
1697907840,1484304.3,1484413.8,71.903
1697907900,1483977.8,1484107,71.798
1697907960,1484122.3,1484126.2,71.84
1697908020,1484152.5,1484234.4,71.81
1697908080,1484187.4,1484290.1,71.739
1697908140,1484532.7,1484553.7,71.73
1697908200,1484510.6,1484546.8,71.724
1697908260,1484616.1,1484975.1,71.726
1697908320,1485140.3,1485237.5,71.647
1697908380,1485254.6,1486389,71.781
1697908440,1486154.4,1486241.8,71.788
1697908500,1486638.1,1486721.7,71.776
1697908560,1486684.3,1486341.9,71.755
1697908620,1486363.8,1486415.5,71.863
1697908680,1486570.4,1486663.4,71.901
1697908740,1486273.2,1486304,71.874
1697908800,1486366.6,1486484,71.835
1697908860,1486365.1,1486576.2,71.804
1697908920,1486724.7,1486807.3,71.716
1697908980,1486847.2,1486807.3,71.766
1697909040,1486757.2,1486752.3,71.738
1697909100,1486873.4,1486895.1,71.75
1697909160,1486860.1,1486870.1,71.769
1697909220,1487022.3,1487063.3,71.731
1697909280,1486862.8,1486865.6,71.782
1697909340,1486866.6,1486955.9,71.791
1697909400,1486936.1,1486729.8,71.789
1697909460,1486768.4,1487161.7,71.634
1697909520,1487082.8,1487082.8,71.642
1697909580,1487146.5,1486682.2,71.748
1697909640,1486322.8,1485696.5,71.712
1697909700,1485569.4,1485389,71.848
1697909760,1484939.9,1484582.6,71.743
1697909820,1484472.8,1484568.5,71.702
1697909880,1484420.3,1484630,71.655
1697909940,1484678.5,1484689.8,71.677
1697910000,1484522.5,1484281.3,71.69
1697910060,1484509.7,1485122.7,71.708
1697910120,1484834.9,1483476,71.768
1697910180,1483393.1,1483056.2,71.975
1697910240,1481563.9,1481064.4,71.934
1697910300,1480856.3,1481206.4,72.386
1697910360,1463337.6,1463251.1,72.211
1697910420,1463487.1,1463528.9,72.276
1697910480,1464350.9,1464130.6,72.225
1697910540,1464454.2,1464181.7,72.282
1697910600,1464073.8,1464168.3,72.24
1697910660,1464327.5,1464141.1,72.24
1697910720,1463938.7,1463860.3,72.227
1697910780,1464350.7,1464414.3,72.215
1697910840,1464290.5,1464356.7,72.224
1697910900,1464541.2,1464572.4,72.281
1697910960,1465060.1,1465665,72.275
1697911020,1465747.8,1465925.3,72.373
1697911080,1465923.3,1466097.9,72.339
1697911140,1466343.5,1466480.3,72.279
1697911200,1466498,1466580.7,72.283
1697911260,1465779.5,1465775.8,72.244
1697911320,1465545.1,1468249.2,72.116
1697911380,1464836.5,1458178.7,72.548
1697911440,1458220.8,1458026.2,72.48
1697911500,1457983.2,1457880.4,72.31
1697911560,1457868.6,1457130.5,72.211
1697911620,1457191.2,1457318.4,72.198
1697911680,1457293.4,1457018.1,72.286
1697911740,1457030.7,1457746.1,72.45
1697911800,1457245.1,1457177.2,72.453
1697911860,1457410.9,1457359.7,72.392
1697911920,1457733.1,1458300.5,72.316
1697911980,1459026.9,1458988.2,72.212
1697912040,1459242.8,1459863,72.195
1697912100,1460217.6,1459350.1,71.916
1697912160,1458849.3,1458479.2,72.085
1697912220,1458309.1,1458361.3,72.146
1697912280,1458201,1458238.8,72.154
1697912340,1457660,1457610.8,72.28
1697912400,1458087.8,1458027.3,72.328
1697912460,1458185.1,1458185.1,72.522
1697912520,1456884.7,1456796.6,72.428
1697912580,1456880.7,1456822.8,72.413
1697912640,1456982.5,1457310.7,72.42
1697912700,1457448.3,1457586.5,72.361
1697912760,1457643.5,1457914.4,72.385
1697912820,1458015.7,1457937.5,72.375
1697912880,1457917.7,1457853.2,72.509
1697912940,1458168.7,1458161,72.421
1697913000,1458256.8,1458230.6,72.366
1697913060,1458275.3,1458106,72.455
1697913120,1457969.8,1458011,72.421
1697913180,1458190.1,1458141.8,72.415
1697913240,1458347.2,1458286.4,72.508
1697913300,1458785.8,1459271.9,72.533
1697913360,1459880.3,1459826.4,72.494
1697913420,1459938.6,1459673.9,72.413
1697913480,1459507,1459576.2,72.523
1697913540,1459655.4,1459616.4,72.638
1697913600,1460356.3,1460797.2,72.734
1697913660,1460644.3,1460854,72.67
1697913720,1460944.7,1459153.2,72.589
1697913780,1459182.2,1459296.4,72.61
1697913840,1459225.7,1459438.6,72.663
1697913900,1459112,1459224.3,72.447
1697913960,1459195.3,1459028.2,72.565
1697914020,1458984.8,1458900.7,72.553
1697914080,1459269,1459394.2,72.56
1697914140,1459272.7,1459099.3,72.595
1697914200,1459246.5,1459618.3,72.732
1697914260,1459166.1,1459251,72.716
1697914320,1459375.2,1459836.5,72.691
1697914380,1461494.6,1461390.7,72.794
1697914440,1459833,1459858.2,72.81
1697914500,1460634.3,1460743.8,72.608
1697914560,1461099,1460900.7,72.459
1697914620,1460567.4,1459628.5,72.531
1697914680,1460384.6,1460435.6,72.441
1697914740,1460077.2,1460111.8,72.472
1697914800,1459884.3,1459812.1,72.421
1697914860,1459871.6,1459595,72.471
1697914920,1459444.9,1460161.9,72.367
1697914980,1460187.6,1460118.1,72.218
1697915040,1460259.4,1460321.4,72.276
1697915100,1460001.6,1460406.6,72.053
1697915160,1460856.8,1460881.2,72.113
1697915220,1462292.5,1462292.5,72.042
1697915280,1462054.4,1461809.1,71.487
1697915340,1474658.3,1474100.5,71.643
1697915400,1473676.7,1473513.1,71.675
1697915460,1473206.8,1472989.5,71.597
1697915520,1472637.6,1473831,71.479
1697915580,1473978.4,1473637.4,71.517
1697915640,1479003.9,1479312.9,71.099
1697915700,1479975,1480327,71.169
1697915760,1480332.1,1480509.1,71.18
1697915820,1480108.1,1480221,71.192
1697915880,1480289.6,1481558.3,71.091
1697915940,1481327.5,1480313.2,70.996
1697916000,1480902.8,1481454.8,71.07
1697916060,1481819.3,1481601.5,71.061
1697916120,1481560.1,1480836.5,71.258
1697916180,1480628.9,1482296,70.964
1697916240,1487988.2,1487798.9,70.84
1697916300,1488167.2,1488336.3,70.781
1697916360,1488017.6,1488021,70.776
1697916420,1487523.4,1487555.2,70.921
1697916480,1488302.9,1488144.8,71.008
1697916540,1488254.2,1487868.5,71.047
1697916600,1487903.7,1487903.7,71.039
1697916660,1488407.9,1488309.3,71.057
1697916720,1488278.5,1487980.2,71.132
1697916780,1487991,1487863.8,71.187
1697916840,1487676.5,1487734.6,71.11
1697916900,1487733.9,1487672.7,71.187
1697916960,1487656.5,1488094.4,71.181
1697917020,1487880.2,1487870.5,71.247
1697917080,1487915.4,1487682.9,71.241
1697917140,1487053.2,1487073.9,71.333
1697917200,1486809.9,1486741,71.29
1697917260,1486934.5,1487252.9,71.239
1697917320,1487244.6,1487184.3,71.252
1697917380,1487233.8,1487167.4,71.19
1697917440,1486998.8,1487026.3,71.18
1697917500,1486954.6,1487264.2,71.216
1697917560,1487290.7,1487329.9,71.155
1697917620,1487297.9,1487221.7,71.19
1697917680,1487079,1487051.8,71.235
1697917740,1486927.9,1487058.3,71.225
1697917800,1487046,1487046,71.278
1697917860,1487187.9,1487428.6,71.224
1697917920,1487399.5,1487399.5,71.139
1697917980,1487719.7,1487985.6,71.116
1697918040,1488037.3,1488133.8,71.134
1697918100,1487856.6,1487891,71.165
1697918160,1487714.2,1487571.2,71.13
1697918220,1487818.2,1487892.1,71.11
1697918280,1488028.6,1488040.5,71.067
1697918340,1487982.1,1487921.1,71.105
1697918400,1488104.4,1488225.4,71.056
1697918460,1488865.4,1489252.9,71.059
1697918520,1489302.8,1488889.5,71.203
1697918580,1488850,1488313.4,71.34
1697918640,1487736.6,1487336,71.441
1697918700,1487310.8,1487462,71.359
1697918760,1487529.1,1487549,71.416
1697918820,1487413,1487424.8,71.492
1697918880,1486993,1486511.5,71.591
1697918940,1486802.5,1486699.5,71.64
1697919000,1486704.1,1486658.5,71.573
1697919060,1486416.7,1486354.6,71.572
1697919120,1485906.4,1485771.4,71.449
1697919180,1485524.3,1485199.7,71.475
1697919240,1485499.9,1485681.9,71.44
1697919300,1485641.1,1485803.6,71.454
1697919360,1485893.9,1486035,71.499
1697919420,1485817.1,1485590.3,71.573
1697919480,1484883.6,1484899.9,71.551
1697919540,1484912.3,1485098.2,71.573
1697919600,1485102.6,1485304.2,71.467
1697919660,1485398.7,1485254,71.498
1697919720,1485362.5,1485488.9,71.45
1697919780,1485328.3,1485312.9,71.403
1697919840,1485225.4,1485748.2,71.208
1697919900,1485321.2,1485321,71.253
1697919960,1485169.4,1485600.7,71.388
1697920020,1485602.5,1485516.3,71.465
1697920080,1485267.1,1485502.1,71.443
1697920140,1485451.6,1485497.8,71.44
1697920200,1485440.4,1485626.1,71.44
1697920260,1485468.1,1485086.1,71.566
1697920320,1484779.4,1484421.4,71.625
1697920380,1484603.8,1484564.4,71.556
1697920440,1484774.5,1484208.5,71.659
1697920500,1484177.4,1484275.1,71.642
1697920560,1484272.6,1484217.6,71.665
1697920620,1484119.4,1484119.4,71.78
1697920680,1484115.5,1484273.8,71.848
1697920740,1483755.4,1483447.7,71.928
1697920800,1483354.5,1483410,71.773
1697920860,1482645.7,1482454.7,71.746
1697920920,1482492.2,1482262.7,71.865
1697920980,1482377.8,1481952.3,71.903
1697921040,1482274.9,1482324.4,71.889
1697921100,1482333.1,1482258.7,71.874
1697921160,1482242,1482268.9,71.911
1697921220,1482011,1482001.1,71.985
1697921280,1481917,1481955.7,72.044
1697921340,1481993.3,1482122.9,72.07
1697921400,1482357.6,1482431.7,72.179
1697921460,1482453.4,1482373.1,72.15
1697921520,1482577.8,1482618.7,72.198
1697921580,1482602.4,1482647.1,72.307
1697921640,1483639.7,1482882.4,72.282
1697921700,1482809.8,1483168.6,72.426
1697921760,1482993.1,1483069.2,72.343
1697921820,1483077.6,1483359.4,72.362
1697921880,1483013.7,1482982.5,72.408
1697921940,1482784.3,1482769.7,72.195
1697922000,1482680.3,1482313,72.093
1697922060,1482382.7,1482596.9,72.206
1697922120,1482752,1482863.7,72.258
1697922180,1482564.9,1482621.4,72.24
1697922240,1482486.1,1482219.1,72.19
1697922300,1482240.1,1482018.1,72.009
1697922360,1481793.3,1482142,72.061
1697922420,1482049,1481552.9,72.125
1697922480,1481340.6,1481357.3,72.139
1697922540,1481457.8,1481694.7,72.088
1697922600,1481643.8,1481672.6,72.043
1697922660,1481437.7,1481885.4,71.88
1697922720,1482396,1482590.6,71.939
1697922780,1482527.8,1482387.3,71.994
1697922840,1482517.2,1482287,72.048
1697922900,1482561.1,1482297.7,72.084
1697922960,1482085,1482158.3,72.081
1697923020,1482602.8,1482602.8,72.02
1697923080,1482707.3,1482496.7,72.012
1697923140,1482599.7,1482599.7,72.019
1697923200,1482767.5,1482881.3,71.959
1697923260,1483022.5,1483093.9,71.943
1697923320,1483396.9,1483525.7,71.916
1697923380,1483558.5,1483512,71.938
1697923440,1483526.9,1483641,71.955
1697923500,1483657.2,1483654.2,71.917
1697923560,1483568.9,1483429.8,71.966
1697923620,1483815.9,1483618.9,72.033
1697923680,1483633.4,1483704.1,72.068
1697923740,1483712.9,1483165,71.878
1697923800,1483136.6,1483288.6,71.843
1697923860,1483757.3,1483721.2,71.853
1697923920,1483712.9,1483865.6,71.819
1697923980,1483863.6,1483851.1,71.778
1697924040,1483797.2,1482718.8,71.646
1697924100,1482670,1482427.6,71.704
1697924160,1482256.2,1482257.5,71.626
1697924220,1482125.3,1482032.9,71.591
1697924280,1482347.2,1482167,71.563
1697924340,1482393.8,1482707.2,71.688
1697924400,1483091.2,1483042.5,71.748
1697924460,1483009,1482851.8,71.705
1697924520,1483028.2,1482865.2,71.791
1697924580,1482889,1482715.7,71.838
1697924640,1482594.3,1483026.3,71.705
1697924700,1482881.6,1482914.3,71.705
1697924760,1483034.1,1482780.3,71.565
1697924820,1482931.2,1482731.1,71.643
1697924880,1482764.6,1482693.5,71.588
1697924940,1483316.6,1483242.2,71.59
1697925000,1483336.4,1483041,71.521
1697925060,1482466.9,1482332.3,71.468
1697925120,1482420.6,1482367.7,71.481
1697925180,1482251.9,1482007.3,71.526
1697925240,1481831.6,1481856.6,71.54
1697925300,1481798.3,1481355.6,71.521
1697925360,1481454.9,1481455.3,71.474
1697925420,1481347.3,1481344,71.348
1697925480,1481473.7,1481032,71.339
1697925540,1480927.3,1480198.5,71.371
1697925600,1480054,1480054,71.289
1697925660,1480082.4,1480333.7,71.326
1697925720,1480264.8,1480509.3,71.362
1697925780,1480443.1,1480464.6,71.369
1697925840,1480638,1480207.2,71.459
1697925900,1480005.8,1480184.8,71.411
1697925960,1480341.1,1480294.7,71.406
1697926020,1480236.2,1480261.6,71.372
1697926080,1480221.6,1480552.7,71.48
1697926140,1480661.8,1480644.7,71.433
1697926200,1480651.1,1480792.1,71.479
1697926260,1480787.7,1480724,71.458
1697926320,1480416.6,1480468.8,71.425
1697926380,1480415.5,1480497.9,71.422
1697926440,1480487.6,1480742.5,71.383
1697926500,1480748.4,1480923.8,71.385
1697926560,1480954.8,1481043,71.454
1697926620,1479468.8,1478302.5,71.495
1697926680,1478278.8,1478110.8,71.609
1697926740,1477839.8,1477753.9,71.55
1697926800,1477678.7,1477562.7,71.568
1697926860,1477548.2,1477683,71.526
1697926920,1477481.1,1477395.2,71.479
1697926980,1477099.2,1477029.4,71.524
1697927040,1477247.5,1477313,71.543
1697927100,1477483.1,1477535.4,71.457
1697927160,1477311.4,1477470,71.516
1697927220,1477609.1,1477728.1,71.51
1697927280,1477319.6,1477611.3,71.499
1697927340,1477623.2,1477502.4,71.449
1697927400,1477667.7,1477954.3,71.233
1697927460,1478332.6,1477661.7,71.32
1697927520,1477419.5,1478244.4,71.287
1697927580,1478192.3,1478181.8,71.168
1697927640,1478122.4,1477899.9,71.225
1697927700,1477943.6,1478040.3,71.301
1697927760,1478019,1477978.5,71.214
1697927820,1478372.9,1478173.3,71.347
1697927880,1478022,1477877.2,71.377
1697927940,1477813,1476838,71.43
1697928000,1476647.6,1476593.4,71.47
1697928060,1476507.6,1476346.4,71.449
1697928120,1476398.7,1476398.7,71.529
1697928180,1476203.2,1476280.6,71.503
1697928240,1476200.4,1476087.6,71.5
1697928300,1476256.4,1476256.4,71.529
1697928360,1476658,1476589,71.518
1697928420,1476410.4,1476458.3,71.504
1697928480,1476582.3,1476529.7,71.538
1697928540,1476424.4,1476534.2,71.528
1697928600,1476725.8,1476428.4,71.495
1697928660,1476604.8,1476599.4,71.51
1697928720,1476602.8,1476496.7,71.525
1697928780,1476445.1,1476555.3,71.528
1697928840,1476565.6,1476653.3,71.532
1697928900,1476707.5,1476875.4,71.49
1697928960,1476738.8,1476712.3,71.382
1697929020,1476688.6,1476727.4,71.386
1697929080,1476709.8,1476811.1,71.4
1697929140,1476825.8,1477361.2,71.265
1697929200,1477339.5,1477819,71.17
1697929260,1478062.7,1477877.9,71.118
1697929320,1477520.4,1476165.8,70.776
1697929380,1476317.7,1476594,70.487
1697929440,1476544,1477849.1,70.621
1697929500,1477675.6,1477559.1,70.834
1697929560,1477089.5,1477016.3,70.857
1697929620,1477033.9,1476840.8,70.742
1697929680,1476494.9,1476776,70.823
1697929740,1476787.2,1477128.3,70.778
1697929800,1477404.2,1477380.3,70.805
1697929860,1477450,1477554.8,70.89
1697929920,1477441.4,1477133.1,70.92
1697929980,1477003.4,1476941.1,70.938
1697930040,1476958.2,1476827,70.904
1697930100,1476969.2,1477135.4,70.906
1697930160,1476952.3,1476979.2,70.816
1697930220,1477130,1478028.9,70.864
1697930280,1478254.5,1478312.9,70.977
1697930340,1477782,1477782,71.018
1697930400,1477892.9,1477972.5,71.054
1697930460,1478033.6,1478089.5,71.091
1697930520,1478324,1478464.1,71.099
1697930580,1477850.8,1477889.9,71.035
1697930640,1477991.4,1477991.4,70.933
1697930700,1477176.2,1477462.4,70.965
1697930760,1477611.7,1477901.2,70.904
1697930820,1478213.6,1478489.6,70.783
1697930880,1478989.1,1479462.9,70.791
1697930940,1478853.6,1478907.1,70.887
1697931000,1479227.4,1479316.2,70.946
1697931060,1479168.3,1479180.4,70.922
1697931120,1479107.4,1478952.4,70.889
1697931180,1479013,1479084.7,70.888
1697931240,1479242.5,1479928.2,70.942
1697931300,1479917.4,1480206,70.877
1697931360,1480268.8,1480264,70.789
1697931420,1480511.9,1480555.3,70.824
1697931480,1480057.7,1480166.2,70.637
1697931540,1480647.8,1481348.7,70.885
1697931600,1481198.6,1481355.6,70.854
1697931660,1480935.6,1480930.5,70.89
1697931720,1480977.1,1481117.6,70.917
1697931780,1480859.5,1480848.2,70.939
1697931840,1480571.3,1480691.3,70.884
1697931900,1481097.1,1481317.9,70.819
1697931960,1481281.4,1481381.4,70.829
1697932020,1481206.2,1481329.1,70.895
1697932080,1481243.1,1481195.9,70.835
1697932140,1481196.4,1481111.8,70.811
1697932200,1481167.8,1481439.3,70.751
1697932260,1481544.8,1481171,70.738
1697932320,1481237.9,1481519.5,70.707
1697932380,1481324.6,1481087.8,70.702
1697932440,1481102.5,1481102.5,70.746
1697932500,1480644.2,1480437.8,70.722
1697932560,1480390.9,1480390.9,70.77
1697932620,1480345.9,1481297,70.885
1697932680,1481165.1,1481335.7,70.904
1697932740,1481262.6,1481276.8,70.932
1697932800,1481142.3,1481052.5,71.029
1697932860,1480902.2,1480623.3,70.895
1697932920,1480740.4,1481151.6,70.933
1697932980,1481407.5,1481568,70.789
1697933040,1480371.6,1479426.6,70.333
1697933100,1479714.5,1480459.3,70.464
1697933160,1480663.9,1480845.2,70.401
1697933220,1481695.7,1481272,70.655
1697933280,1480966.4,1481390,70.625
1697933340,1481215.7,1481538.6,70.612
1697933400,1481581.1,1481537.9,70.741
1697933460,1480760,1481019.3,70.548
1697933520,1480896.7,1480823,70.612
1697933580,1480445.9,1480327,70.512
1697933640,1480264,1480163.9,70.596
1697933700,1480383.9,1480278.1,70.54
1697933760,1480346.1,1480550.7,70.549
1697933820,1481076.4,1480513.1,70.458
1697933880,1480436.2,1480134.3,70.72
1697933940,1480274.7,1480393.5,70.757
1697934000,1480526,1480251.9,70.784
1697934060,1480238.8,1480282.5,70.673
1697934120,1480209,1480207.2,70.677
1697934180,1480193.9,1480201.4,70.692
1697934240,1480166.9,1480174.8,70.705
1697934300,1480187.4,1480216.4,70.688
1697934360,1479698.5,1479825.8,70.726
1697934420,1479439.3,1479216.9,70.64
1697934480,1478767.6,1478831.5,70.564
1697934540,1479278.3,1479277.6,70.632
1697934600,1478767.8,1478815.8,70.665
1697934660,1478668.7,1478695.2,70.652
1697934720,1478751.2,1478378,70.481
1697934780,1478394.8,1478405.6,70.51
1697934840,1478464.8,1478767,70.438
1697934900,1479009.6,1479183.4,70.505
1697934960,1479490.5,1479490.5,70.444
1697935020,1479469.4,1479486.7,70.362
1697935080,1479772.9,1479340,70.538
1697935140,1479339.3,1479668.7,70.424
1697935200,1479615.1,1479859.3,70.577
1697935260,1479830.1,1479858.3,70.5
1697935320,1479752.4,1479757.6,70.546
1697935380,1479875.5,1480007.5,70.588
1697935440,1479779.5,1479742.6,70.584
1697935500,1479965.9,1480135.3,70.668
1697935560,1479731.7,1480799.3,70.503
1697935620,1480748,1480264,70.541
1697935680,1480187.2,1480156.6,70.572
1697935740,1480195.5,1479692.3,70.909
1697935800,1479423.5,1480107.4,70.753
1697935860,1480228.8,1479786.7,70.809
1697935920,1480078.1,1479827.2,70.809
1697935980,1479729.5,1479603.2,70.689
1697936040,1479441.6,1479791.6,70.562
1697936100,1479459.3,1479913.9,70.493
1697936160,1479845.4,1479704.9,70.435
1697936220,1479737.3,1479824.4,70.46
1697936280,1479636.3,1479421.3,70.429
1697936340,1479650.4,1479725.6,70.443
1697936400,1479684.6,1480404.3,70.348
1697936460,1480224.3,1480067.6,70.35
1697936520,1480293.2,1480236.7,70.234
1697936580,1480648.3,1477999.4,70.11
1697936640,1477376.1,1477323.9,70.39
1697936700,1477248.2,1477632.3,70.449
1697936760,1477658.2,1478022.1,70.426
1697936820,1478124.9,1478417,70.597
1697936880,1478495.3,1478346.9,70.622
1697936940,1478302.6,1478302.6,70.616
1697937000,1478457.6,1478761.1,70.618
1697937060,1478645.2,1478885.2,70.532
1697937120,1478931.4,1478807.2,70.618
1697937180,1478734.4,1478945.7,70.64
1697937240,1479055.9,1479384.8,70.878
1697937300,1478358.3,1478244.2,71.11
1697937360,1477078.2,1476131.7,71.433
1697937420,1475889.6,1475332.6,71.128
1697937480,1477044.8,1477288.3,71.076
1697937540,1477817,1477767.4,71.169
1697937600,1477958.9,1478007,71.251
1697937660,1477841.8,1477973.2,71.223
1697937720,1478188.9,1478434.2,71.222
1697937780,1478545.5,1478408,71.079
1697937840,1478363.7,1478553,71.088
1697937900,1478600.1,1478533.9,70.973
1697937960,1478632,1478387.6,70.842
1697938020,1477700.9,1477536,70.883
1697938080,1477647,1477703.1,70.853
1697938140,1477783.9,1477852.4,70.764
1697938200,1477981.4,1478207.9,70.868
1697938260,1477727.9,1477932.9,70.78
1697938320,1477656.1,1477816.2,70.578
1697938380,1477538.2,1477658.5,70.735
1697938440,1478003.4,1477930.8,70.597
1697938500,1476026.5,1475629.3,70.574
1697938560,1475783.6,1475480.1,70.436
1697938620,1476133.3,1475841.2,70.566
1697938680,1475822.9,1475926.4,70.669
1697938740,1475872.2,1475787.2,70.675
1697938800,1476022.6,1476024.8,70.637
1697938860,1475952.4,1475526.8,70.654
1697938920,1475520.3,1475541.4,70.621
1697938980,1475593.3,1475616.4,70.615
1697939040,1475595.4,1475582.4,70.691
1697939100,1475812.2,1475594.9,70.814
1697939160,1475475.1,1475468,70.816
1697939220,1475582.7,1475582.7,70.808
1697939280,1475549.1,1475391.2,70.951
1697939340,1475264.4,1474546.7,71.219
1697939400,1474162.7,1474281.7,71.008
1697939460,1474369.7,1474386.9,71.181
1697939520,1474023.6,1473980.6,71.101
1697939580,1473913,1474119.4,70.999
1697939640,1474196.1,1474248.7,71.05
1697939700,1474083,1474165.9,71.064
1697939760,1474071.5,1474020.1,71.046
1697939820,1473935.1,1474173,71.04
1697939880,1474247.1,1474192.4,71.141
1697939940,1474181.5,1474281.6,71.037
1697940000,1474262.4,1474171.7,71.121
1697940060,1474010.5,1473577.1,71.351
1697940120,1474147.4,1473881.6,71.312
1697940180,1473784.3,1473747.9,71.233
1697940240,1473722.2,1473878.4,71.225
1697940300,1473866.6,1473383.2,71.164
1697940360,1473295.4,1473290.9,71.242
1697940420,1473170.1,1473782,71.228
1697940480,1473850.2,1474033.4,71.115
1697940540,1474211.3,1474185.9,71.116
1697940600,1474434.8,1474555.9,71.097
1697940660,1474783.1,1474675.9,70.947
1697940720,1473983.1,1473896.1,70.984
1697940780,1473984.7,1473763.6,70.932
1697940840,1474104,1474063.8,70.986
1697940900,1473810,1473969,70.934
1697940960,1473576.2,1473800.3,70.918
1697941020,1473993.1,1473804.7,70.95
1697941080,1473855.2,1473951.5,71.032
1697941140,1473845.4,1473857.3,71.057
1697941200,1473863.4,1474092.9,71.168
1697941260,1473968.4,1474032.8,71.116
1697941320,1474077,1474166.1,71.191
1697941380,1474500.2,1474323.5,71.271
1697941440,1474221.2,1474489.4,71.226
1697941500,1474719,1474896.2,71.198
1697941560,1474875.1,1474929.6,71.164
1697941620,1475073.2,1475085.9,71.117
1697941680,1475304.2,1475387.3,71.274
1697941740,1476060.1,1476060.1,71.278
1697941800,1476498.2,1476516.3,71.232
1697941860,1476543.3,1476543.3,71.181
1697941920,1476363.2,1476291.3,71.126
1697941980,1476355.8,1476660.6,71.066
1697942040,1476609.1,1476528.9,71.09
1697942100,1476470.5,1476569.8,71.064
1697942160,1476575.3,1476601.8,71.095
1697942220,1476649.6,1476611.7,71.014
1697942280,1476346.8,1475924.8,71.037
1697942340,1475957.2,1475991.4,71.018
1697942400,1475933.4,1475940.6,71.031
1697942460,1475893.8,1475997.4,70.958
1697942520,1475660.5,1475105.8,70.645
1697942580,1474783.2,1474738.5,70.696
1697942640,1474618.8,1474508.6,70.654
1697942700,1474398.2,1474228.6,70.7
1697942760,1473004.6,1473130.5,70.7
1697942820,1473369.4,1474491.2,70.6
1697942880,1474383.3,1473924.9,70.579
1697942940,1473796.2,1474310.2,70.483
1697943000,1474230.1,1474091.8,70.629
1697943060,1473392.2,1473273.5,70.713
1697943120,1473104.4,1472910.7,70.674
1697943180,1472908.4,1472894,70.639
1697943240,1472874.5,1472957.6,70.672
1697943300,1472925.5,1472832.7,70.761
1697943360,1472747,1472623,70.726
1697943420,1472498.1,1472505,70.714
1697943480,1472484.2,1472475,70.744
1697943540,1472347.4,1472309.7,70.785
1697943600,1472309.4,1471791.1,70.74
1697943660,1471782.2,1470980.6,70.613
1697943720,1470971.4,1471099.7,70.672
1697943780,1471080.3,1471098.7,70.657
1697943840,1470961.5,1470164.6,70.557
1697943900,1470593.3,1470742,70.544
1697943960,1470968.4,1470742.4,70.601
1697944020,1470739.6,1470786.9,70.576
1697944080,1470748.3,1470638.7,70.562
1697944140,1470630.4,1470693.2,70.551
1697944200,1470631,1470426.3,70.541
1697944260,1470511.1,1470489,70.537
1697944320,1470667.6,1470954.5,70.35
1697944380,1471268.8,1471742.5,70.336
1697944440,1471789.7,1471663.1,70.455
1697944500,1471689.2,1471789.2,70.47
1697944560,1471873.1,1471680.1,70.532
1697944620,1471571.4,1471575.6,70.518
1697944680,1471853.2,1470981,70.449
1697944740,1470740.8,1470740.8,70.464
1697944800,1471001.3,1470929.7,70.405
1697944860,1470888.5,1470888.5,70.374
1697944920,1470811.2,1471054.8,70.294
1697944980,1470430.2,1470669.2,70.206
1697945040,1471142.3,1471404.6,70.31
1697945100,1471599.7,1471680.3,70.32
1697945160,1471686.8,1471795.6,70.225
1697945220,1471864.1,1472048.1,70.201
1697945280,1471847.5,1471785.9,70.169
1697945340,1471742,1471946,70.116
1697945400,1472257.7,1472503.6,70.086
1697945460,1472747.8,1473627.4,70.11
1697945520,1473608.4,1473636.6,70.139
1697945580,1473729.4,1473746.3,70.106
1697945640,1474486,1474801.4,70.092
1697945700,1474162.1,1474613.6,69.746
1697945760,1470342.2,1470187.2,69.751
1697945820,1470345.1,1471009.4,69.446
1697945880,1468538.3,1467441,69.613
1697945940,1467606.1,1467885.1,69.587
1697946000,1468099.6,1467943.1,69.706
1697946060,1467992,1467907.6,69.834
1697946120,1466906.3,1466855.1,69.829
1697946180,1466792.1,1466832.3,69.749
1697946240,1467040.6,1467469.6,69.75
1697946300,1467684.4,1467730.7,69.585
1697946360,1467671.5,1467722.7,69.695
1697946420,1468001.4,1468248,69.738
1697946480,1468444.4,1467758.2,69.818
1697946540,1467658,1467901.1,69.875
1697946600,1467886.3,1468111.6,69.912
1697946660,1467671,1467710.3,69.893
1697946720,1468021.6,1468228,69.851
1697946780,1468323.4,1468380.5,69.855
1697946840,1468486.5,1468544,69.866
1697946900,1468489,1468489,69.819
1697946960,1468433.8,1468525.5,69.808
1697947020,1468581.5,1468917.4,69.949
1697947080,1468615,1468416.7,69.807
1697947140,1468518.7,1468550.6,69.776
1697947200,1468706.9,1468806,69.773
1697947260,1469022.2,1468852.9,69.88
1697947320,1468772.3,1469128.6,70.084
1697947380,1467607.7,1467048.5,70.071
1697947440,1467183.2,1467321,70.03
1697947500,1467217,1467227.3,70.133
1697947560,1467533.2,1467626.7,70.18
1697947620,1467144.3,1466954.7,70.236
1697947680,1466862.1,1466741.2,70.142
1697947740,1466809.2,1466177.1,70.184
1697947800,1466076.1,1465853.1,70.334
1697947860,1465674.9,1465485.9,70.26
1697947920,1465521.5,1465502,70.177
1697947980,1465415.2,1465383.4,70.174
1697948040,1465368.4,1465295.2,70.196
1697948100,1465247.3,1465436.6,70.184
1697948160,1466091.9,1466215.7,70.122
1697948220,1466174.3,1466135.7,70.059
1697948280,1466226.4,1467516.9,69.943
1697948340,1467322,1467303,69.973
1697948400,1467587.9,1466953.2,70.165
1697948460,1466984.9,1467933.7,70.186
1697948520,1467675.8,1467614.2,70.175
1697948580,1467570.9,1467518.9,70.158
1697948640,1467708.7,1467826,70.156
1697948700,1467836.3,1467984.8,70.228
1697948760,1467855.2,1467837,70.166
1697948820,1467843.3,1467969.8,70.093
1697948880,1467899.5,1467899.2,70.132
1697948940,1467889.5,1468038.6,70.141
1697949000,1468152.5,1468002.6,70.199
1697949060,1468242.7,1468444.4,70.178
1697949120,1468246.3,1468440.1,70.143
1697949180,1468426.8,1468310,70.038
1697949240,1466390.2,1465417.4,69.946
1697949300,1465270.6,1465327.1,70.074
1697949360,1465274.3,1465241.7,70.079
1697949420,1464854.5,1464924.3,70.109
1697949480,1464691.9,1464691.9,69.836
1697949540,1464150.9,1464552.7,69.878
1697949600,1464251.9,1464226.5,69.856
1697949660,1464735.1,1464772.8,69.898
1697949720,1464799.6,1464704.4,69.941
1697949780,1464675.1,1464563.3,69.945
1697949840,1464587.5,1464563.9,69.962
1697949900,1465018.1,1464951.3,70.05
1697949960,1465434.1,1465146.4,70.078
1697950020,1465172.6,1464762.8,70.041
1697950080,1464690.6,1464366.9,70.105
1697950140,1464060.3,1464466.4,70.174
1697950200,1464081.4,1463887.7,70.166
1697950260,1463735.2,1463596.7,70.112
1697950320,1463513,1463514.7,70.062
1697950380,1463628,1464064.4,70.026
1697950440,1464079.4,1464059.8,69.996
1697950500,1464236.2,1464510.9,69.977
1697950560,1464485.4,1464375.6,69.832
1697950620,1463966.7,1463951,69.719
1697950680,1464143.1,1464173.3,69.649
1697950740,1463984.5,1464335.7,69.698
1697950800,1464140.3,1463990.5,69.781
1697950860,1463696.3,1464453.7,69.804
1697950920,1464343.1,1464337.5,69.824
1697950980,1464536.7,1464622.8,69.879
1697951040,1464366.7,1464395.3,69.874
1697951100,1464632.6,1464265.5,69.978
1697951160,1464452.7,1464404.5,69.91
1697951220,1464246.1,1464299.4,69.784
1697951280,1464152.2,1464205.8,69.641
1697951340,1464520.6,1465192.7,69.619
1697951400,1465105.6,1465272.9,69.593
1697951460,1465400.4,1465759.9,69.644
1697951520,1465601.5,1465567.3,69.768
1697951580,1465709.2,1466335.1,69.633
1697951640,1466467.7,1466647,69.63
1697951700,1466868.8,1466782.9,69.726
1697951760,1466771.6,1466779.4,69.792
1697951820,1466861.7,1466944.6,69.769
1697951880,1467057.5,1467115.9,69.771
1697951940,1467228.3,1467163.8,69.864
1697952000,1466960.2,1466747.4,69.908
1697952060,1466662.6,1466662.6,69.879
1697952120,1466676.8,1465771.3,69.884
1697952180,1465882.3,1465882.3,69.917
1697952240,1465939.3,1465422.3,70.162
1697952300,1465950.2,1465398.7,70.172
1697952360,1465180,1464870.4,70.215
1697952420,1464712.3,1464339.2,70.324
1697952480,1463878.3,1464184.8,70.302
1697952540,1463745.4,1463833.1,70.225
1697952600,1463795.9,1463394.6,70.242
1697952660,1463413,1463325.9,70.238
1697952720,1463197.1,1463297.2,70.237
1697952780,1463199.1,1463238.5,70.215
1697952840,1463248.4,1463639.5,70.42
1697952900,1463392.2,1462651.4,70.547
1697952960,1462788.6,1462387.3,70.515
1697953020,1461929.4,1461934.6,70.5
1697953080,1461945,1461616.9,70.494
1697953140,1461544.2,1461617.6,70.398
1697953200,1461607.7,1461718.6,70.436
1697953260,1461699.4,1461764.1,70.362
1697953320,1462195.6,1462292,70.422
1697953380,1462296.7,1462277.5,70.352
1697953440,1462487.4,1462531.2,70.293
1697953500,1462727,1462887.5,70.435
1697953560,1462687.4,1462867.9,70.548
1697953620,1462740.9,1462764.8,70.562
1697953680,1462582.6,1462649.3,70.506
1697953740,1462734.3,1462821.2,70.66
1697953800,1463024.6,1462597.5,70.533
1697953860,1462594.7,1462796.6,70.535
1697953920,1462853.5,1462765.1,70.476
1697953980,1462336.2,1462380,70.493
1697954040,1462243.3,1462340.8,70.481
1697954100,1462329,1462259.2,70.673
1697954160,1462747.9,1461752.8,70.531
1697954220,1461661.8,1461378.7,70.454
1697954280,1461292.9,1460824.4,70.362
1697954340,1460921.3,1460660.1,70.235
1697954400,1460545.4,1459772.2,70.162
1697954460,1459707.9,1459558.7,70.273
1697954520,1459373.8,1459241.8,70.238
1697954580,1459339.1,1459111.2,70.4
1697954640,1459223.6,1459487.7,70.336
1697954700,1459383.6,1459383.6,70.241
1697954760,1459912.9,1459807.9,70.284
1697954820,1459906,1459999.6,70.252
1697954880,1459905.7,1459785.4,70.134
1697954940,1459860.2,1459667.5,70.16
1697955000,1459750.2,1459953.4,70.147
1697955060,1459746.3,1459743.6,70.106
1697955120,1459891.9,1458826.7,69.9
1697955180,1459407.5,1459675.2,69.989
1697955240,1459528.4,1459487.7,69.917
1697955300,1459643.2,1459421.6,70.119
1697955360,1459645.3,1459564.2,70.065
1697955420,1459534.2,1459542.9,70.072
1697955480,1459728.2,1460107.2,70.037
1697955540,1460532,1460665.2,70.17
1697955600,1460743.2,1460599.1,70.147
1697955660,1460497.3,1460567.7,70.132
1697955720,1460395.6,1460377.7,70.084
1697955780,1460490.7,1460472.9,70
1697955840,1460605.6,1460606.6,70
1697955900,1461324,1460920.1,70.01
1697955960,1460831.5,1460835.4,69.992
1697956020,1460857.8,1460665.1,69.894
1697956080,1460949.8,1460666.6,69.893
1697956140,1460835.8,1460972.6,69.876
1697956200,1461018,1460920.5,69.82
1697956260,1461373.4,1461811.6,69.85
1697956320,1461838.9,1461685.8,69.955
1697956380,1461350.8,1461496.5,69.855
1697956440,1461388.5,1461149.3,69.867
1697956500,1461183.8,1461248.8,69.954
1697956560,1461856.9,1461803,70.042
1697956620,1461762.2,1461714.1,69.994
1697956680,1461720,1461973,70.02
1697956740,1462110.9,1461987.8,70.059
1697956800,1462030.7,1461831.4,70.021
1697956860,1461569.5,1461575.5,70.016
1697956920,1461483.6,1461402.4,69.97
1697956980,1461772.8,1461977.6,69.94
1697957040,1462129,1462076.2,69.88
1697957100,1461877.6,1461877.6,69.875
1697957160,1461981.2,1461921.1,69.8
1697957220,1462041.1,1461883.3,69.822
1697957280,1462040,1462040,69.76
1697957340,1461837.5,1461718.9,69.807
1697957400,1461720.7,1461638.2,69.825
1697957460,1461675.6,1461644.9,69.897
1697957520,1461788.6,1461686.2,69.934
1697957580,1461655.3,1461683.6,69.907
1697957640,1461813.9,1461875.5,69.994
1697957700,1462012.5,1462400.1,69.984
1697957760,1462528.3,1462560.3,69.961
1697957820,1462567.9,1462566.4,69.991
1697957880,1462480.9,1462564.3,70.073
1697957940,1462635.6,1462951.7,70.036
1697958000,1462898,1463154.1,69.87
1697958060,1462896.5,1462928.9,69.872
1697958120,1462961.1,1463290,69.961
1697958180,1463169.9,1462595.3,69.916
1697958240,1462478.5,1462505.3,69.9
1697958300,1462516.4,1462799.9,69.899
1697958360,1462546,1462799.5,70.036
1697958420,1463728.4,1463584.3,69.843
1697958480,1463562,1463606.7,69.833
1697958540,1463802.1,1463846.2,69.787
1697958600,1463898.9,1464623.6,69.814
1697958660,1464643.3,1464531.8,69.716
1697958720,1464518.8,1464664.6,69.722
1697958780,1464382.7,1464272.8,69.706
1697958840,1464734.2,1464732.2,69.7
1697958900,1464851.7,1464812.5,69.906
1697958960,1464397.9,1464715.6,70.022
1697959020,1464318.4,1464266,69.959
1697959080,1464184.8,1464143.3,69.931
1697959140,1464233.6,1464157.4,69.859
1697959200,1464141.4,1463886.9,69.885
1697959260,1463674.9,1463804.9,70.026
1697959320,1464672.1,1464602.3,70.05
1697959380,1464351.7,1464130.1,70.037
1697959440,1464000.1,1464639.5,70.016
1697959500,1464147,1464354.5,70.038
1697959560,1464295.7,1464369.3,69.966
1697959620,1464173.9,1464105.2,69.844
1697959680,1463869.7,1463901.5,69.882
1697959740,1464066.1,1464066.1,69.936
1697959800,1464044.2,1464030.3,69.898
1697959860,1463835.2,1463811,69.82
1697959920,1463960.6,1463498.5,69.681
1697959980,1463378.7,1462646.5,69.401
1697960040,1463319.6,1463325.9,69.365
1697960100,1462679.8,1463644.1,69.319
1697960160,1463679.8,1463609.7,69.38
1697960220,1463360.4,1464351.2,69.152
1697960280,1464647.7,1465383.7,69.163
1697960340,1465885.9,1466476.9,69.15
1697960400,1466270.1,1448499,68.214
1697960460,1445870,1444952.4,68.748
1697960520,1445683,1447392,68.548
1697960580,1449056.6,1448604.6,68.773
1697960640,1448494.1,1448882,68.698
1697960700,1449185.2,1450028.9,68.781
1697960760,1450241.2,1449721.5,68.97
1697960820,1448798.4,1448832.4,68.975
1697960880,1448885.2,1448774.6,69.117
1697960940,1448551.4,1448848.2,69.138
1697961000,1448827.2,1449014.5,69.133
1697961060,1448980.4,1448769.4,69.379
1697961120,1448429.8,1448429.9,69.373
1697961180,1448818,1448651.9,69.217
1697961240,1449093.7,1449872.9,69.179
1697961300,1449691.5,1450180.7,69.129
1697961360,1450142.8,1450739.1,69.057
1697961420,1450748.2,1450722,69.093
1697961480,1451652.2,1451515.4,69.1
1697961540,1451489,1451583.4,69.024
1697961600,1451463.6,1451429.5,68.9
1697961660,1451520.6,1451273.9,69.062
1697961720,1451112.5,1451569.9,69.225
1697961780,1451343.5,1450882.9,69.337
1697961840,1449625.4,1449625.4,69.3
1697961900,1449571.7,1449788.5,69.277
1697961960,1449618.2,1449499.4,69.247
1697962020,1449488.9,1449488.9,69.226
1697962080,1449396.3,1449369.3,69.372
1697962140,1449261.7,1448565.1,69.381
1697962200,1448395.5,1448200.6,69.362
1697962260,1448131.6,1448207.4,69.367
1697962320,1448590.7,1448784,69.09
1697962380,1448112.8,1448265.8,69.194
1697962440,1448311.4,1448364.7,69.161
1697962500,1448507.6,1448559.9,69.24
1697962560,1448314.5,1448403,69.045
1697962620,1448482.5,1447971.1,69.112
1697962680,1447774.5,1447797.8,69.119
1697962740,1447875.7,1447856.2,69.091
1697962800,1448594,1448672.9,69.062
1697962860,1448935.4,1449138.4,69.022
1697962920,1449544.3,1449563.7,68.954
1697962980,1450119.8,1450243.2,68.889
1697963040,1451649.8,1451901.6,68.878
1697963100,1453293.9,1453286.6,68.939
1697963160,1453146.2,1453061,68.883
1697963220,1453791.9,1453561.5,68.734
1697963280,1453964.1,1455272.4,68.703
1697963340,1455475.8,1456063.5,68.641
1697963400,1456598.2,1456890.4,68.702
1697963460,1456977.9,1456644.4,68.746
1697963520,1456775.4,1457099,68.875
1697963580,1457059.2,1456583,68.871
1697963640,1456595.5,1456210.4,68.956
1697963700,1455122.5,1454363.4,69.06
1697963760,1454228.7,1454271.3,69.219
1697963820,1453408.1,1453300.3,69.191
1697963880,1453424.4,1453946.1,69.154
1697963940,1453896.2,1454027.4,69.098
1697964000,1454135.9,1454252.3,69.269
1697964060,1453893.2,1453888.7,69.235
1697964120,1454360.5,1454423.6,69.277
1697964180,1454327.7,1454676.9,69.335
1697964240,1454588.3,1452512,69.514
1697964300,1452797.6,1452197.7,69.549
1697964360,1451464.5,1450876.3,69.54
1697964420,1451487.6,1451299.4,69.597
1697964480,1451100.9,1451137.9,69.463
1697964540,1451446.5,1451342.1,69.457
1697964600,1451668.5,1452477.6,69.298
1697964660,1452304.1,1452494.6,69.342
1697964720,1452750.3,1452364.5,69.333
1697964780,1453093.7,1453319.1,69.238
1697964840,1453470.6,1452982.3,69.33
1697964900,1452713.1,1452723.3,69.373
1697964960,1452590.6,1452590.6,69.566
1697965020,1452532.7,1452260.9,69.432
1697965080,1452950.5,1452975.3,69.347
1697965140,1452832.5,1453047.8,69.366
1697965200,1452891.3,1453040.7,69.442
1697965260,1453363.7,1453402.7,69.398
1697965320,1453424.9,1453219.9,69.241
1697965380,1453632.9,1453913,69.082
1697965440,1453980,1454173.9,69.324
1697965500,1453652.8,1453591.4,69.29
1697965560,1453750.2,1453850.5,69.362
1697965620,1454021.5,1454194.3,69.56
1697965680,1454445.6,1453978.2,69.47
1697965740,1453593,1453552.9,69.512
1697965800,1453593.9,1453820.9,69.665
1697965860,1453715,1453585.9,69.59
1697965920,1452997.5,1452707.2,69.592
1697965980,1452474.6,1447244.1,70.278
1697966040,1447204.2,1445030.3,70.269
1697966100,1445155.3,1445451.6,70.093
1697966160,1445502.8,1445632.3,70.129
1697966220,1445424,1445561.9,70.198
1697966280,1446050.5,1445833.7,70.174
1697966340,1445506.9,1446568.7,70.036
1697966400,1446650.1,1447085.1,69.981
1697966460,1446939.8,1447516.8,69.904
1697966520,1447493.3,1447645.7,69.968
1697966580,1447445.7,1448235.3,70.231
1697966640,1447240.3,1447663.8,70.188
1697966700,1447370.8,1446978.4,70.108
1697966760,1447334.1,1446960.7,70.057
1697966820,1446968.1,1445463,69.992
1697966880,1445379.5,1445905.5,69.91
1697966940,1446077.9,1445956.5,69.979
1697967000,1445721.3,1445787.1,70.053
1697967060,1445634.3,1445454.8,69.966
1697967120,1445823.2,1446156.9,69.902
1697967180,1446306.5,1446367.6,69.83
1697967240,1446426.6,1446349.5,69.774
1697967300,1446506.3,1446865.1,69.747
1697967360,1446725.4,1446681.8,69.745
1697967420,1446325.9,1446171.9,69.759
1697967480,1446313.2,1446525.2,69.847
1697967540,1446150.7,1445988.9,69.814
1697967600,1445924.4,1445976.8,69.816
1697967660,1445708.4,1445708.4,69.845
1697967720,1445837.7,1445815.8,69.885
1697967780,1445852.5,1445852.5,70.028
1697967840,1446825.3,1446032.3,70.164
1697967900,1446401,1445798.3,70.214
1697967960,1445706,1445570,70.084
1697968020,1445619,1445838.9,70.04
1697968080,1445800.3,1445844.9,69.977
1697968140,1445689.1,1445922.3,70.197
1697968200,1445989.4,1446118.8,70.188
1697968260,1446187.1,1446198.2,70.096
1697968320,1446243.7,1446578.5,70.208
1697968380,1446727.2,1446840.3,70.207
1697968440,1446769.7,1447013.2,70.242
1697968500,1447912.2,1447600.3,70.083
1697968560,1447535.4,1447426.4,70.038
1697968620,1447451,1447216.6,70.034
1697968680,1448128.2,1448136.2,70.177
1697968740,1448533.2,1448751.5,70.105
1697968800,1449142.6,1449232,70.284
1697968860,1449611.7,1449651.5,70.18
1697968920,1450034.9,1449999,70.173
1697968980,1450630.5,1450449.7,70.148
1697969040,1450488.2,1450483.5,70.26
1697969100,1450243.5,1450306.4,70.187
1697969160,1450512.2,1450974.5,70.2
1697969220,1451059.4,1451296.5,70.318
1697969280,1450411,1450312.4,70.266
1697969340,1450800.3,1450762.6,70.46
1697969400,1451007.2,1451115.3,70.467
1697969460,1450904.8,1450345.7,70.505
1697969520,1449239,1449192.6,70.375
1697969580,1449003.5,1449195.8,70.463
1697969640,1449017.9,1449055.5,70.414
1697969700,1449105.2,1448851.5,70.529
1697969760,1448659.1,1448463.6,70.442
1697969820,1448477.6,1448437,70.462
1697969880,1448332.8,1448022.2,70.447
1697969940,1448409.6,1448492.4,70.268
1697970000,1447711.1,1447877.3,70.186
1697970060,1447730.2,1447683.2,70.21
1697970120,1447704.8,1447710.4,70.193
1697970180,1447663.3,1447567,70.15
1697970240,1446983.2,1447078.7,70.105
1697970300,1447064.8,1447052.4,70.106
1697970360,1446937.1,1446723.4,70.08
1697970420,1447110.7,1446791.2,70.093
1697970480,1446682.6,1446682.6,70.058
1697970540,1446692.6,1446686.5,69.97
1697970600,1447094,1446848.7,70.07
1697970660,1447067.4,1447121.6,70.07
1697970720,1446857.3,1447538,70.05
1697970780,1447207.9,1446923.5,70.054
1697970840,1446821.9,1446740.7,70.027
1697970900,1446653.7,1446203.9,70.129
1697970960,1445696.4,1445568.4,70.169
1697971020,1445895.3,1445797.2,70.199
1697971080,1446129.7,1445925.8,70.054
1697971140,1446386.4,1446445.3,70.003
1697971200,1446574.3,1446512.8,70.023
1697971260,1446534.5,1446619.4,70.023
1697971320,1446643.8,1446590.3,70.039
1697971380,1446431.3,1446484.7,70.125
1697971440,1445904.4,1446102.4,70.152
1697971500,1445830,1445701.6,70.099
1697971560,1445668.2,1445730.2,70.017
1697971620,1446585.9,1446362.1,69.869
1697971680,1446122.4,1445757.4,69.887
1697971740,1445775.4,1445927.7,69.919
1697971800,1445701.8,1445356.7,69.932
1697971860,1445507.9,1445975.9,69.881
1697971920,1446142.5,1446257.1,69.81
1697971980,1446452.5,1446157.8,69.824
1697972040,1446704.5,1447374.1,69.84
1697972100,1447247.8,1447281.7,69.889
1697972160,1447061,1447550.6,69.789
1697972220,1447834.8,1447872.4,69.813
1697972280,1448024.6,1448048,69.889
1697972340,1448008.1,1447909.6,69.851
1697972400,1447846.7,1447657.2,69.838
1697972460,1447664.4,1448104.4,69.725
1697972520,1447929.5,1448057.3,69.812
1697972580,1448023.2,1448082.2,69.881
1697972640,1448000.3,1447915.9,69.886
1697972700,1447728.1,1447934.9,69.964
1697972760,1448457.2,1449533.2,69.717
1697972820,1449628.6,1449898.8,69.595
1697972880,1450351,1449723,69.62
1697972940,1450044.6,1450240.1,69.664
1697973000,1450298.6,1450298.6,69.687
1697973060,1450480.9,1450943.7,69.631
1697973120,1450981.1,1451389.2,69.451
1697973180,1451939.7,1451338.7,69.54
1697973240,1450901,1450901,69.6
1697973300,1451169.8,1451268.3,69.598
1697973360,1450868.7,1451006.2,69.509
1697973420,1451705.1,1452092.4,69.513
1697973480,1452095.2,1452358.8,69.495
1697973540,1452753.5,1452904,69.5
1697973600,1453713.3,1453589.1,69.534
1697973660,1454459.5,1454497.2,69.504
1697973720,1454555,1454531.5,69.703
1697973780,1454268.4,1454303.5,69.714
1697973840,1454250.3,1454280.5,69.68
1697973900,1454438.7,1454354,69.715
1697973960,1454319.6,1453992.8,69.699
1697974020,1453777.6,1453648.6,69.672
1697974080,1453792.9,1453668.5,69.711
1697974140,1453664.3,1453655,69.59
1697974200,1453615.3,1453433,69.584
1697974260,1453508.1,1453627.9,69.31
1697974320,1453894,1454350.9,69.406
1697974380,1454675.3,1454702.3,69.345
1697974440,1454128.5,1453997.3,69.067
1697974500,1454385.1,1454448.5,69.193
1697974560,1454322.3,1453924.1,69.137
1697974620,1453970.9,1454765.8,69.271
1697974680,1455197.7,1455001.2,69.319
1697974740,1454874.1,1454652.3,69.226
1697974800,1455211,1455140,69.32
1697974860,1455148.5,1454985.4,69.343
1697974920,1454928.7,1455071.6,69.403
1697974980,1455078,1454682.3,69.386
1697975040,1454561.8,1454402.6,69.373
1697975100,1454317.3,1454343.7,69.53
1697975160,1454050.3,1454085.1,69.453
1697975220,1454008,1453962.3,69.323
1697975280,1454023.8,1454127.8,69.339
1697975340,1454186.5,1454378.1,69.27
1697975400,1454684.9,1455025.5,69.172
1697975460,1455415.5,1455335.5,69.193
1697975520,1455260,1455460.9,69.263
1697975580,1455379.6,1455276.1,69.279
1697975640,1455180.6,1455180.6,69.325
1697975700,1455073.1,1455326.5,69.289
1697975760,1455427.3,1455572.1,69.225
1697975820,1455446.6,1455407.5,69.228
1697975880,1455694,1455725,69.225
1697975940,1456010.7,1456010.7,69.227
1697976000,1455558.4,1455250.2,69.206
1697976060,1455767.1,1456469.6,69.466
1697976120,1454971.2,1454415.5,69.415
1697976180,1454599.2,1454570.6,69.408
1697976240,1454595.8,1454843.2,69.537
1697976300,1454985.5,1454948,69.565
1697976360,1454609.8,1454906.9,69.885
1697976420,1454530.7,1453975.7,69.73
1697976480,1454405.9,1454135.4,69.71
1697976540,1454204.7,1455174.2,69.679
1697976600,1455406.6,1455439.6,69.644
1697976660,1455580.3,1455549.9,69.869
1697976720,1454598.4,1453549,70.032
1697976780,1454324.1,1454147.4,70.006
1697976840,1454158.2,1454177.2,69.936
1697976900,1454014.9,1454088.8,69.91
1697976960,1454190.1,1453794.1,70.01
1697977020,1453710,1453720.1,70.042
1697977080,1454129.4,1453412,70.237
1697977140,1453384.8,1453047.5,70.169
1697977200,1453369.1,1453631.1,70.134
1697977260,1455141.2,1455161.5,70.263
1697977320,1455049,1455623.5,70.269
1697977380,1455815.8,1456084.6,70.177
1697977440,1455943.8,1455897.5,70.198
1697977500,1455944.9,1456618.9,70.15
1697977560,1456572.6,1456445.9,70.287
1697977620,1456565.9,1456336.4,70.224
1697977680,1456557.7,1456711.3,70.24
1697977740,1456981.8,1456906.3,70.206
1697977800,1457234.9,1457383.4,70.165
1697977860,1457354.6,1458082.1,70.021
1697977920,1458253.4,1458296.7,69.926
1697977980,1458427.7,1458722.9,69.916
1697978040,1458774.5,1458918,69.999
1697978100,1459289.1,1460257.3,69.882
1697978160,1459524.2,1459819.4,69.911
1697978220,1460033.5,1460033.5,69.874
1697978280,1459650.9,1460300.3,69.762
1697978340,1460267.2,1460267.2,69.849
1697978400,1460142.2,1460188,69.79
1697978460,1460255,1459648.8,69.646
1697978520,1460520.3,1460876.1,69.598
1697978580,1461737.5,1461696.9,69.582
1697978640,1461579.5,1461798.7,69.55
1697978700,1461730.4,1461911.7,69.64
1697978760,1461682.3,1461492.8,69.573
1697978820,1461635.4,1461736.9,69.544
1697978880,1461848.8,1461979.3,69.716
1697978940,1462258.8,1462360.4,69.696
1697979000,1462109.4,1462784.8,69.711
1697979060,1462809,1462873.2,69.609
1697979120,1462867,1462900.3,69.545
1697979180,1462728.3,1462819.9,69.583
1697979240,1462794.5,1462798.7,69.602
1697979300,1462733.6,1462885.4,69.657
1697979360,1462827,1462829.5,69.537
1697979420,1462786.5,1462846.5,69.545
1697979480,1463016.4,1462740.9,69.59
1697979540,1462914.4,1463140.9,69.634
1697979600,1462796.5,1462435.9,69.596
1697979660,1462609.4,1462408,69.72
1697979720,1462252,1461858.9,69.771
1697979780,1461715,1461580.6,69.788
1697979840,1461693.9,1461357,69.862
1697979900,1461564,1461371.9,69.809
1697979960,1461464.7,1461574.7,69.989
1697980020,1461941.2,1462054.9,70.016
1697980080,1461950.4,1461658.3,70.05
1697980140,1461612.7,1461778.6,70.045
1697980200,1461605,1461544.9,70.011
1697980260,1461247.3,1461305.7,69.91
1697980320,1461243.9,1461280.3,70.005
1697980380,1461325.9,1461325.9,69.984
1697980440,1461332.4,1461089.7,69.972
1697980500,1461279,1461591.9,69.993
1697980560,1461616.9,1461616.9,70.025
1697980620,1461655.3,1461576.1,70.061
1697980680,1461637.1,1461569.6,70.127
1697980740,1461602.3,1461697.9,70.059
1697980800,1461749.1,1461657.1,70.16
1697980860,1461668.7,1461734.3,70.191
1697980920,1461318.5,1461512.9,70.175
1697980980,1461832.3,1461933.6,70.212
1697981040,1462479.6,1462609.8,70.182
1697981100,1462741.5,1462647.3,70.204
1697981160,1462698.4,1463083.2,70.506
1697981220,1461870,1462203.5,70.323
1697981280,1462442.6,1462473,70.357
1697981340,1462006.1,1460962.7,70.427
1697981400,1461726.3,1462041.7,70.699
1697981460,1460400.7,1460174.1,70.429
1697981520,1460302.2,1460051.6,70.272
1697981580,1460240.6,1460462.5,70.265
1697981640,1460755,1461032.5,70.326
1697981700,1461174.4,1461107.4,70.298
1697981760,1461204.3,1461415.9,70.177
1697981820,1461366.8,1461317.1,70.237
1697981880,1461507.8,1461805,70.17
1697981940,1461907.5,1461841.2,70.24
1697982000,1461894.9,1461914.7,70.212
1697982060,1461856.7,1461797.7,70.24
1697982120,1461532.7,1461361,70.35
1697982180,1461368.5,1461324.5,70.292
1697982240,1461359.2,1461352.4,70.257
1697982300,1461441.8,1461432.3,70.244
1697982360,1461384.9,1461395.1,70.184
1697982420,1461568.4,1461287.5,70.221
1697982480,1461312.4,1461824.5,70.333
1697982540,1461857.6,1461711.6,70.225
1697982600,1461738.1,1461709.2,70.17
1697982660,1461663,1461595.4,70.189
1697982720,1461340.8,1461475.3,70.253
1697982780,1461557.4,1461548.1,70.284
1697982840,1461435.9,1461298.2,70.243
1697982900,1461265.4,1461202,70.278
1697982960,1461214.7,1461029.5,70.29
1697983020,1461010.5,1461248.4,70.34
1697983080,1460696.8,1460716.9,70.348
1697983140,1460789.3,1460769.1,70.282
1697983200,1461067.6,1460974.4,70.316
1697983260,1460780.1,1461051.8,70.192
1697983320,1461505.2,1461505.2,70.159
1697983380,1461618.3,1461568.2,70.126
1697983440,1461519.1,1461520.8,70.162
1697983500,1461574.6,1461574.6,70.185
1697983560,1461834.2,1461652.9,70.086
1697983620,1461556.4,1461721.1,70.14
1697983680,1461709.9,1461642.2,70.112
1697983740,1461862.5,1461829.9,70.062
1697983800,1462506.4,1463091.3,70.22
1697983860,1463486.9,1463474.2,70.204
1697983920,1463616.1,1463608.1,70.211
1697983980,1463617.6,1463600.7,70.169
1697984040,1463560.8,1463564.6,70.168
1697984100,1463562.7,1463633.3,70.042
1697984160,1463811.1,1463720.5,69.998
1697984220,1463487.1,1463551.9,69.99
1697984280,1463285.2,1463112,69.975
1697984340,1463007.1,1463065.4,69.982
1697984400,1463022.1,1462964.7,69.939
1697984460,1462502.4,1461993.2,69.822
1697984520,1462092.3,1461851,69.73
1697984580,1461965.3,1461973.6,69.787
1697984640,1462025.5,1462536.7,69.834
1697984700,1462041.6,1462009.4,69.842
1697984760,1462251,1461937.5,69.855
1697984820,1461856.1,1461909.9,69.96
1697984880,1461979.8,1462010.1,69.829
1697984940,1461960.5,1462378.2,69.858
1697985000,1462418.1,1462592.8,69.962
1697985060,1462505.5,1462231.1,69.996
1697985120,1462426.5,1461719.8,70.078
1697985180,1461811.1,1461838.3,70.149
1697985240,1461879.7,1461899.1,70.1
1697985300,1461921.6,1461886.8,70.029
1697985360,1461924.4,1462872.7,70.142
1697985420,1462928.5,1462931.5,70.152
1697985480,1463109.8,1463169,70.139
1697985540,1463471.5,1463344.9,70.091
1697985600,1463488.1,1463538.3,70.066
1697985660,1464084.2,1464323.2,70.101
1697985720,1464088.4,1464197.8,70.116
1697985780,1464229.7,1464199.9,70.035
1697985840,1464230.4,1464294.7,70.026
1697985900,1464412.5,1464536.2,70.09
1697985960,1464593.8,1464009.4,70.104
1697986020,1464055.8,1463836.8,70.05
1697986080,1463497.8,1463340.8,69.857
1697986140,1462934.7,1462834.8,69.784
1697986200,1463258.2,1463029.2,69.828
1697986260,1463116,1462596.5,69.791
1697986320,1462874.6,1463614.9,69.856
1697986380,1463510,1463635.1,69.864
1697986440,1463590.5,1463777,69.775
1697986500,1463833.9,1463833.9,69.709
1697986560,1463589.1,1463492.3,69.736
1697986620,1463371.5,1462577.7,69.59
1697986680,1462421.2,1462209,69.623
1697986740,1461802.1,1461655.8,69.63
1697986800,1461483.4,1461321.3,69.67
1697986860,1461438.3,1461361.8,69.552
1697986920,1461325.4,1461913.4,69.403
1697986980,1461255.2,1461300.1,69.562
1697987040,1461109.8,1461213.6,69.53
1697987100,1461360.9,1461580.7,69.507
1697987160,1461429.3,1461242.4,69.292
1697987220,1460754.8,1460838.1,69.445
1697987280,1460838.2,1460655.9,69.475
1697987340,1460754.7,1460914.6,69.528
1697987400,1461177.1,1461001.5,69.508
1697987460,1460938.2,1460970.8,69.469
1697987520,1460961.9,1460836.7,69.401
1697987580,1460757.9,1460727.2,69.477
1697987640,1460643.9,1460317.7,69.494
1697987700,1460439.3,1460466.3,69.631
1697987760,1460024.2,1459861.7,69.572
1697987820,1459829.1,1459814.6,69.577
1697987880,1459588.6,1459319.2,69.631
1697987940,1459271.9,1459194,69.575
1697988000,1458828.8,1458838.7,69.591
1697988060,1458798.4,1458714.4,69.643
1697988120,1458590.1,1458715,69.706
1697988180,1458819.1,1458466.7,69.66
1697988240,1458199.6,1457958.3,69.646
1697988300,1457892.8,1457802.2,69.638
1697988360,1457557.5,1457571.7,69.648
1697988420,1457507,1457591.1,69.639
1697988480,1457649,1457612,69.548
1697988540,1457664.3,1457581.4,69.563
1697988600,1457672.8,1457575.9,69.549
1697988660,1457521,1457965.3,69.532
1697988720,1457923.4,1457775.1,69.536
1697988780,1457876.8,1457734.3,69.48
1697988840,1457571.6,1457571.6,69.437
1697988900,1457406,1457175.5,69.442
1697988960,1457162.8,1457291.3,69.541
1697989020,1457623.5,1457551.1,69.51
1697989080,1457604.8,1457604.8,69.502
1697989140,1457683.9,1457686.8,69.585
1697989200,1457640.4,1457607.2,69.658
1697989260,1457582.5,1457541.4,69.634
1697989320,1457371.3,1457135.7,69.711
1697989380,1456896.6,1456849.6,69.682
1697989440,1457040.7,1456854.3,69.719
1697989500,1456767.5,1456798.5,69.775
1697989560,1456812.4,1457761.2,69.724
1697989620,1457779.2,1457830.2,69.552
1697989680,1457849.2,1457836.4,69.552
1697989740,1457885,1457900.8,69.584
1697989800,1457931.7,1458125.6,69.641
1697989860,1457904,1457959,69.741
1697989920,1457605.4,1458298.3,69.693
1697989980,1458124.7,1458300,69.726
1697990040,1458456.3,1458502.9,69.734
1697990100,1458379.1,1458505.1,69.714
1697990160,1458360.1,1458399,69.728
1697990220,1458257.7,1458058.2,69.788
1697990280,1458046.9,1458027.3,69.847
1697990340,1458065.8,1457969.1,69.84
1697990400,1457760.7,1457847.5,69.746
1697990460,1457573.2,1457326.6,69.897
1697990520,1457378.4,1457611.3,69.945
1697990580,1457696.6,1457666.3,70.058
1697990640,1458133.3,1459371.7,70.158
1697990700,1459374.8,1459483.7,70.067
1697990760,1459137.7,1459602.4,70.138
1697990820,1460523.9,1461659.2,70.175
1697990880,1462017.1,1462365.6,70.148
1697990940,1462514.9,1462483,70.144
1697991000,1462677.6,1463440.8,70.211
1697991060,1463088.7,1463256.4,70.219
1697991120,1463335.7,1463691.8,70.179
1697991180,1463668.1,1463714.6,70.103
1697991240,1463854.3,1464037.3,70.194
1697991300,1464113.6,1464489.1,70.187
1697991360,1464420.6,1464495.9,70.212
1697991420,1464967.9,1465473.7,70.299
1697991480,1465424.9,1465280.2,70.311
1697991540,1465242.7,1465242.7,70.219
1697991600,1465158.1,1465343.8,70.329
1697991660,1464576.6,1465140.2,70.333
1697991720,1464771.6,1464771.6,70.279
1697991780,1464656.7,1464648.5,70.355
1697991840,1464627.7,1464443.7,70.326
1697991900,1464217.3,1464104.5,70.336
1697991960,1464062.5,1463403.3,70.353
1697992020,1463480.6,1463134.9,70.306
1697992080,1463254.8,1463104.8,70.256
1697992140,1463101.3,1463024.5,70.214
1697992200,1463388.5,1463434.7,70.222
1697992260,1463436.8,1463718.3,70.28
1697992320,1463741.4,1463709.4,70.249
1697992380,1463828.3,1463685.8,70.263
1697992440,1463621.2,1463679.8,70.158
1697992500,1463798.2,1463992.7,70.196
1697992560,1463817.7,1464252.8,70.258
1697992620,1464050.5,1464197.3,70.234
1697992680,1464160.1,1463913.6,70.203
1697992740,1464269.1,1464230.7,70.189
1697992800,1464445.3,1464509,70.249
1697992860,1464397.3,1464160.3,70.21
1697992920,1464297.4,1464542.9,70.231
1697992980,1464548.8,1464535.6,70.179
1697993040,1464620.8,1464486.6,70.133
1697993100,1464468.8,1464613.4,70.234
1697993160,1464647.7,1464607.5,70.21
1697993220,1464468.9,1464418.7,70.187
1697993280,1464523.4,1464515.3,70.176
1697993340,1464518.5,1464516.5,70.168
1697993400,1464557.8,1464584.5,70.294
1697993460,1464903.1,1464881.6,70.247
1697993520,1464672.7,1464666.7,70.265
1697993580,1464887.9,1464883.5,70.286
1697993640,1464788.6,1464708,70.308
1697993700,1464375.2,1464248.2,70.35
1697993760,1464258.6,1464366.5,70.332
1697993820,1464434.8,1464369.6,70.279
1697993880,1464274.8,1464427.8,70.28
1697993940,1464404.3,1464379.3,70.318
1697994000,1464367.6,1464218.6,70.255
1697994060,1464166.8,1464184.4,70.261
1697994120,1464218.9,1464144.4,70.335
1697994180,1464045.2,1463705.8,70.294
1697994240,1463421.8,1463268.3,70.182
1697994300,1463247.7,1463031,70.117
1697994360,1463148.2,1463143,70.204
1697994420,1463084.1,1463084.1,70.25
1697994480,1462922.8,1463034.5,70.233
1697994540,1463101.8,1463308.1,70.275
1697994600,1463213.8,1463213.8,70.341
1697994660,1463241.9,1463258.9,70.329
1697994720,1463192,1462938.3,70.338
1697994780,1462866.8,1462825,70.307
1697994840,1462750.4,1462648.3,70.3
1697994900,1462653.1,1462679.3,70.353
1697994960,1462662,1462322.5,70.539
1697995020,1461499.4,1461556.6,70.525
1697995080,1461678.4,1461553.1,70.423
1697995140,1461456.8,1461445.4,70.454
1697995200,1461348.2,1461366.4,70.39
1697995260,1461460.3,1461521.2,70.408
1697995320,1461406.8,1461411.8,70.38
1697995380,1461438.4,1461358.4,70.36
1697995440,1461217.6,1461288.3,70.29
1697995500,1461227.4,1461351.7,70.324
1697995560,1461356.6,1461447.8,70.375
1697995620,1461414.1,1461329.5,70.415
1697995680,1461334.1,1461394.6,70.437
1697995740,1461461.8,1461425.9,70.386
1697995800,1461167.3,1461173.6,70.39
1697995860,1461025,1460945,70.426
1697995920,1460744.1,1460785.9,70.428
1697995980,1460694.3,1460683.2,70.401
1697996040,1460628.7,1460645.5,70.414
1697996100,1460455.6,1460479.9,70.42
1697996160,1460552.1,1460835.8,70.492
1697996220,1460753.7,1460580,70.481
1697996280,1460561.2,1460652.5,70.472
1697996340,1460639.7,1460546.8,70.481
1697996400,1460434.9,1460265.3,70.426
1697996460,1460346.8,1460543.7,70.415
1697996520,1460474.3,1460180.1,70.276
1697996580,1460425.5,1460431.1,70.308
1697996640,1460443.9,1460426.6,70.31
1697996700,1460575.9,1460568.2,70.294
1697996760,1460567.8,1460631.6,70.269
1697996820,1460533.3,1460146.8,70.26
1697996880,1459953.1,1459905.8,70.198
1697996940,1459694.2,1459615.8,70.21
1697997000,1459691.8,1459691.8,70.317
1697997060,1459791,1459586.3,70.399
1697997120,1459638.6,1459560.5,70.377
1697997180,1459536.3,1459489.5,70.373
1697997240,1459450,1459396.9,70.355
1697997300,1459382,1459382,70.33
1697997360,1459335.7,1459314,70.289
1697997420,1459447.4,1459353.1,70.295
1697997480,1459390.9,1459356.5,70.328
1697997540,1459352.9,1459308.9,70.26
1697997600,1459304.1,1459334.5,70.296
1697997660,1459395,1459337.6,70.313
1697997720,1458941.7,1460372.1,70.418
1697997780,1460084.6,1459881.6,70.374
1697997840,1459776.1,1460078.9,70.401
1697997900,1459962.3,1460062.3,70.342
1697997960,1460035,1459807.4,70.447
1697998020,1460234.5,1460055.7,70.539
1697998080,1459983.7,1447534.2,71.231
1697998140,1442829.3,1440810.1,71.043
1697998200,1439258.3,1438498.4,70.919
1697998260,1437751.4,1437363.1,71.004
1697998320,1437271.5,1437297.7,71.043
1697998380,1437502.6,1436719.6,70.961
1697998440,1436786.3,1436801,71.058
1697998500,1436821.6,1436761.5,70.949
1697998560,1436809.5,1437985.7,70.677
1697998620,1438188.1,1438023.9,70.723
1697998680,1437814.7,1437784,70.666
1697998740,1438028.9,1437881.6,70.562
1697998800,1437998.9,1437887.7,70.509
1697998860,1437680.6,1437938.9,70.618
1697998920,1437683.9,1437090.6,70.494
1697998980,1437105,1437179.6,70.472
1697999040,1437376.6,1437572.9,70.669
1697999100,1437240.9,1437274.3,70.768
1697999160,1437959.7,1437924.7,70.765
1697999220,1437851.2,1437776.5,70.712
1697999280,1437656.4,1438728.6,70.697
1697999340,1438721.2,1438706.7,70.659
1697999400,1438795.2,1438446.4,70.756
1697999460,1439289.7,1439247.2,70.714
1697999520,1439167.9,1439178.9,70.61
1697999580,1439088.9,1439076.8,70.556
1697999640,1439026.4,1439316.5,70.527
1697999700,1439345.4,1439631.7,70.59
1697999760,1439544.3,1439310.5,70.634
1697999820,1439550.1,1439318.1,70.668
1697999880,1439289.3,1439185.5,70.643
1697999940,1439100.4,1439110.1,70.591
1698000000,1439093.4,1439162.3,70.575
1698000060,1439093.9,1439152.1,70.506
1698000120,1439152.1,1439152.1,70.348
