"OI_open","OI_close","timestamp","price_open","price_close"
1634046688,1634766778,1698234660,0.06555,0.06555
1634643672,1634461706,1698234720,0.06556,0.06555
1634516922,1635839693,1698234780,0.06556,0.06549
1636215060,1636140561,1698234840,0.06549,0.06545
1636506465,1636488193,1698234900,0.06545,0.0655
1635926120,1635237960,1698234960,0.06549,0.06548
1635252552,1635149168,1698235020,0.06549,0.06548
1636317451,1636378010,1698235080,0.06547,0.06553
1636636201,1636684221,1698235140,0.06552,0.06553
1636450957,1636188013,1698235200,0.06553,0.06558
1635935344,1636055371,1698235260,0.06558,0.06565
1635767238,1635356542,1698235320,0.06565,0.06554
1635004080,1634335970,1698235380,0.06554,0.06555
1634679656,1635382880,1698235440,0.06555,0.06562
1635390734,1635231090,1698235500,0.06561,0.0656
1635494838,1635861679,1698235560,0.06559,0.06563
1635785191,1635846401,1698235620,0.06563,0.06568
1635691663,1636096621,1698235680,0.06568,0.06572
1636228075,1636313983,1698235740,0.06571,0.06568
1636595092,1636684186,1698235800,0.06569,0.06567
1636419528,1636315971,1698235860,0.06566,0.06566
1636644594,1636609823,1698235920,0.06565,0.0657
1636662959,1637427468,1698235980,0.0657,0.06572
1637792175,1638487326,1698236040,0.06572,0.06583
1638418883,1639514821,1698236100,0.06583,0.06587
1639371641,1639328136,1698236160,0.06586,0.06588
1639290109,1639349495,1698236220,0.06588,0.06579
1639520706,1639493974,1698236280,0.06576,0.06573
1640292364,1639964280,1698236340,0.06573,0.06584
1640074695,1640141882,1698236400,0.06584,0.06582
1640119914,1639799562,1698236460,0.06582,0.06574
1639631280,1639641648,1698236520,0.06574,0.06577
1640159644,1640728712,1698236580,0.06577,0.06579
1640622084,1640721939,1698236640,0.0658,0.06587
1641106733,1641798761,1698236700,0.06587,0.06588
1641799287,1642072237,1698236760,0.06587,0.06593
1642248939,1642071387,1698236820,0.06593,0.06594
1642315985,1642256300,1698236880,0.06593,0.06588
1641705688,1641885378,1698236940,0.06588,0.06587
1641667358,1641547722,1698237000,0.06587,0.06589
1642497800,1642327168,1698237060,0.06589,0.06596
1642251865,1642211959,1698237120,0.06595,0.06588
1642450211,1642659218,1698237180,0.06588,0.06585
1642775985,1642728760,1698237240,0.06586,0.06587
1642791227,1642507022,1698237300,0.06588,0.0659
1642203244,1642177695,1698237360,0.0659,0.06576
1642163378,1642826346,1698237420,0.06576,0.0658
1642958243,1643070301,1698237480,0.06579,0.06576
1643200970,1643749839,1698237540,0.06577,0.06577
1643757981,1643887344,1698237600,0.06578,0.06575
1644485302,1644508638,1698237660,0.06575,0.06582
1645139521,1645032803,1698237720,0.06583,0.06587
1645259341,1645163028,1698237780,0.06588,0.06586
1645135578,1645640147,1698237840,0.06587,0.06588
1645034567,1644947720,1698237900,0.06587,0.06586
1646162571,1646264539,1698237960,0.06586,0.06586
1646130573,1646052584,1698238020,0.06586,0.06589
1646833361,1646628645,1698238080,0.06588,0.06588
1646685496,1647510105,1698238140,0.06589,0.06592
1648434379,1648943980,1698238200,0.06593,0.06587
1649394788,1648728371,1698238260,0.06587,0.06593
1649718112,1649844376,1698238320,0.06593,0.06593
1650267157,1650226923,1698238380,0.06593,0.06598
1649761680,1648461604,1698238440,0.06599,0.06597
1648462802,1647893417,1698238500,0.06598,0.06596
1648091876,1649461428,1698238560,0.06596,0.06603
1649289623,1649965144,1698238620,0.06603,0.06605
1662526421,1662718469,1698238680,0.06605,0.06611
1662406263,1662524099,1698238740,0.06611,0.06607
1661807734,1661924600,1698238800,0.06606,0.06604
1661578426,1661904068,1698238860,0.06605,0.06606
1662627673,1662627673,1698238920,0.06605,0.06604
1662757046,1662729078,1698238980,0.06604,0.066
1662509247,1662104254,1698239040,0.066,0.06597
1662488893,1662434814,1698239100,0.06596,0.06604
1662819488,1662819488,1698239160,0.06604,0.06604
1664094891,1664120912,1698239220,0.06604,0.06605
1663561689,1663561689,1698239280,0.06606,0.06611
1663503392,1662970009,1698239340,0.06612,0.0661
1662626930,1646561446,1698239400,0.06609,0.06606
1646431681,1646364759,1698239460,0.06607,0.06608
1646345189,1646126513,1698239520,0.06608,0.06611
1646154772,1645824219,1698239580,0.06611,0.06615
1646403486,1646403486,1698239640,0.06615,0.06615
1646307459,1646593329,1698239700,0.06618,0.06617
1646729417,1646710127,1698239760,0.06617,0.06612
1646425183,1646001378,1698239820,0.06612,0.06614
1646494956,1646426941,1698239880,0.06613,0.06625
1647609705,1647609705,1698239940,0.06625,0.06641
1657889187,1657987633,1698240000,0.06642,0.06639
1658138475,1671353127,1698240060,0.06642,0.06648
1669548621,1673220622,1698240120,0.06647,0.06655
1677382006,1677974149,1698240180,0.06655,0.06661
1679113636,1683275527,1698240240,0.06662,0.06657
1682743000,1682743000,1698240300,0.06656,0.06653
1683225508,1683244709,1698240360,0.06654,0.06639
1683422338,1683422338,1698240420,0.0664,0.06641
1685910879,1685910879,1698240720,0.06641,0.06618
1685391478,1685076916,1698240780,0.06618,0.06612
1684423998,1685228080,1698240840,0.06613,0.06615
1686155992,1686252149,1698240900,0.06614,0.06612
1686428100,1686272529,1698240960,0.06611,0.06609
1685961264,1685806426,1698241020,0.0661,0.06611
1685626969,1685614862,1698241080,0.0661,0.06616
1685717481,1685568690,1698241140,0.06617,0.06617
1685599092,1675284598,1698241200,0.06617,0.06609
1679154500,1677863119,1698241260,0.06608,0.06584
1677887431,1675112028,1698241320,0.06583,0.06595
1675126349,1675613498,1698241380,0.06594,0.06594
1675291668,1675400040,1698241440,0.06594,0.06591
1675715948,1674579125,1698241500,0.0659,0.06595
1674619850,1674657526,1698241560,0.06596,0.06597
1674607152,1675243215,1698241620,0.06597,0.06602
1675003716,1674789131,1698241680,0.06602,0.06598
1675156391,1675187294,1698241740,0.06599,0.06598
1675294373,1675398078,1698241800,0.06597,0.06605
1674479576,1674906062,1698241860,0.06605,0.0661
1675546046,1675751961,1698241920,0.0661,0.06611
1675754336,1675088259,1698241980,0.06612,0.0661
1675737005,1676247957,1698242040,0.0661,0.06623
1676831329,1676524403,1698242100,0.06624,0.06627
1676928335,1677928577,1698242160,0.0663,0.06627
1677822034,1677559974,1698242220,0.06628,0.06626
1676883294,1676514661,1698242280,0.06626,0.06631
1676883104,1676590639,1698242340,0.0663,0.06633
1677092314,1676940646,1698242400,0.06633,0.06626
1677480845,1676307481,1698242460,0.06626,0.06629
1676945009,1676716182,1698242520,0.06629,0.06623
1675460281,1675460281,1698242580,0.06624,0.06627
1675954755,1676477267,1698242640,0.06627,0.06629
1689420821,1689702884,1698242700,0.0663,0.0664
1693665090,1693510980,1698242760,0.0664,0.0664
1693177694,1693177694,1698242820,0.06638,0.06638
1693229143,1693263850,1698242880,0.06637,0.06641
1693359464,1693359464,1698242940,0.06641,0.06635
1692231735,1686498793,1698243000,0.0664,0.06639
1686471439,1686073205,1698243060,0.06639,0.0663
1686117271,1685968979,1698243120,0.0663,0.06633
1685281752,1684935034,1698243180,0.06632,0.06644
1684918911,1685241020,1698243240,0.06644,0.06647
1684674223,1684674223,1698243300,0.06647,0.06649
1684473914,1684592559,1698243360,0.0665,0.06638
1684601539,1684732660,1698243420,0.06638,0.06634
1684204512,1684022722,1698243480,0.06635,0.06628
1683923638,1683715425,1698243540,0.06628,0.06621
1683726919,1682467572,1698243600,0.06621,0.06638
1682661924,1682951867,1698243660,0.06637,0.06647
1684446417,1684330209,1698243720,0.06648,0.06648
1683933875,1683906122,1698243780,0.06649,0.06645
1684300849,1684030032,1698243840,0.06645,0.06646
1684268403,1684331333,1698243900,0.06646,0.0665
1685609677,1685298526,1698243960,0.0665,0.06651
1685050680,1684827234,1698244020,0.06651,0.06644
1684357613,1684405622,1698244080,0.06644,0.06645
1684968216,1684936324,1698244140,0.06645,0.06648
1691566211,1691579424,1698244200,0.06647,0.06651
1690778049,1690591189,1698244260,0.06651,0.06652
1690160781,1690143467,1698244320,0.06651,0.06653
1688871647,1688595566,1698244380,0.06652,0.06654
1688442242,1688712490,1698244440,0.06654,0.06662
1687248824,1687362396,1698244500,0.06662,0.06672
1687578002,1687815827,1698244560,0.06671,0.06655
1685191057,1677752078,1698244620,0.06655,0.06655
1677509128,1668646508,1698244680,0.06656,0.06652
1667280339,1667707112,1698244740,0.06652,0.06663
1667755543,1664199112,1698244800,0.06663,0.06652
1664495405,1665171297,1698244860,0.06652,0.06666
1665323217,1664970055,1698244920,0.06667,0.06663
1665074786,1665825118,1698244980,0.06664,0.06671
1667198084,1667416300,1698245040,0.06671,0.06667
1667900303,1668834521,1698245100,0.06666,0.06665
1668913422,1671117495,1698245160,0.06665,0.06678
1671265896,1671798780,1698245220,0.06678,0.06687
1671457287,1672125489,1698245280,0.06687,0.0669
1672391875,1673017426,1698245340,0.0669,0.06685
1673162684,1673086140,1698245400,0.06685,0.06672
1673267452,1671348462,1698245460,0.06672,0.06667
1671548344,1671548344,1698245520,0.06666,0.06673
1671448982,1671380210,1698245580,0.06673,0.0668
1671384936,1673041544,1698245640,0.0668,0.06683
1673441810,1673927057,1698245700,0.06682,0.06686
1675228144,1674667161,1698245760,0.06687,0.06697
1675689973,1676000761,1698245820,0.06696,0.06691
1677836985,1678099459,1698245880,0.0669,0.06697
1678177689,1678137484,1698245940,0.06697,0.06696
1681900633,1683072149,1698246000,0.06696,0.0671
1685267793,1685691070,1698246060,0.06709,0.06696
1684039642,1685073303,1698246120,0.06697,0.067
1685740845,1687407873,1698246180,0.067,0.0672
1690337492,1690762481,1698246240,0.0672,0.06717
1692656682,1693246450,1698246300,0.06717,0.06734
1694721646,1702372630,1698246360,0.06733,0.06768
1700079311,1697379884,1698246420,0.06767,0.06751
1701668245,1702898983,1698246480,0.0675,0.06804
1711650625,1717910193,1698246540,0.06803,0.06862
1718110245,1723014453,1698246600,0.06861,0.06861
1717493549,1722865930,1698246660,0.06862,0.06845
1720359655,1719219059,1698246720,0.06846,0.06828
1728901654,1727614642,1698246780,0.06829,0.06817
1727948702,1728690327,1698246840,0.06817,0.06824
1729860399,1732969579,1698246900,0.06825,0.06798
1730683667,1727124690,1698246960,0.06798,0.06783
1727431697,1727666764,1698247020,0.06783,0.06768
1724629816,1724003822,1698247080,0.06769,0.06755
1722450775,1723485994,1698247140,0.06755,0.06771
1723614238,1723955434,1698247200,0.06771,0.06782
1725215005,1726999944,1698247260,0.06782,0.06779
1727261919,1726123189,1698247320,0.06778,0.06754
1725768614,1726324316,1698247380,0.06754,0.06764
1725940010,1725255036,1698247440,0.06765,0.06773
1724923023,1725227532,1698247500,0.06773,0.06779
1725996154,1727429545,1698247560,0.06779,0.06787
1727680065,1729126595,1698247620,0.06786,0.06793
1729733979,1730270441,1698247680,0.06793,0.06798
1730363313,1730848477,1698247740,0.06798,0.06789
1729949318,1730049128,1698247800,0.06789,0.06802
1731350597,1731660662,1698247860,0.06802,0.06796
1731359736,1730348218,1698247920,0.06796,0.06795
1732028504,1732060421,1698247980,0.06796,0.06802
1730486651,1730720458,1698248040,0.06801,0.06799
1731721752,1728756458,1698248100,0.06799,0.06776
1714063658,1710562261,1698248160,0.06775,0.06764
1709400786,1709400786,1698248220,0.06765,0.06754
1708584891,1708401399,1698248280,0.06754,0.06752
1708403744,1707946203,1698248340,0.06752,0.0675
1708087165,1707401978,1698248400,0.0675,0.06755
1708474992,1707964433,1698248460,0.06755,0.06749
1707541908,1705281858,1698248520,0.06739,0.06742
1705115857,1704833384,1698248580,0.06743,0.0675
1704562237,1705241797,1698248640,0.06749,0.06756
1705590989,1705752807,1698248700,0.06755,0.06766
1706320144,1706825547,1698248760,0.06767,0.06755
1705799302,1706250702,1698248820,0.06754,0.06761
1706310656,1706401360,1698248880,0.06761,0.06766
1707706662,1708565683,1698248940,0.06766,0.06771
1709556765,1709563170,1698249000,0.06771,0.0677
1709471721,1706666571,1698249060,0.0677,0.06763
1706102066,1707778923,1698249120,0.06763,0.06785
1708506438,1707172753,1698249180,0.06785,0.06776
1706864016,1706296473,1698249240,0.06776,0.06768
1706296235,1706395954,1698249300,0.06769,0.06765
1708218129,1711063465,1698249360,0.06766,0.0677
1712167452,1716299775,1698249420,0.06771,0.06792
1719682021,1720043113,1698249480,0.06792,0.06795
1717906322,1717312426,1698249540,0.06796,0.06783
1717413100,1717413100,1698249600,0.06783,0.06763
1712567707,1712063061,1698249660,0.06764,0.06785
1712842853,1712015344,1698249720,0.06785,0.06783
1724271719,1724230808,1698249780,0.06783,0.06791
1724047833,1722388143,1698249840,0.06792,0.06803
1719056657,1718490093,1698249900,0.06784,0.06811
1717379930,1718168910,1698249960,0.06811,0.06791
1717664310,1717612540,1698250020,0.06791,0.0679
1716572397,1717049181,1698250080,0.0679,0.06783
1717164506,1716785485,1698250140,0.06782,0.06793
1715784768,1715720550,1698250200,0.06793,0.06803
1715540617,1716197488,1698250260,0.06802,0.06797
1716909440,1717741397,1698250320,0.06797,0.06799
1717720630,1717778298,1698250380,0.06799,0.06802
1717845943,1717936488,1698250440,0.06803,0.06803
1717584337,1718683783,1698250500,0.06802,0.06803
1718010905,1718666479,1698250560,0.06803,0.06813
1718905955,1719207407,1698250620,0.06813,0.06804
1720508976,1718526146,1698250680,0.06803,0.06773
1716718412,1715764747,1698250740,0.06772,0.06765
1716282024,1718179756,1698250800,0.06765,0.06785
1718106498,1723263959,1698250860,0.06786,0.06793
1722999398,1722999398,1698250920,0.06792,0.06746
1719898795,1717400580,1698250980,0.06746,0.06768
1718649476,1726834176,1698251040,0.06768,0.06759
1726736400,1727106627,1698251100,0.0676,0.0676
1726772708,1723607214,1698251160,0.06761,0.06732
1723632442,1723923382,1698251220,0.06732,0.06725
1724132543,1724958580,1698251280,0.06725,0.06725
1724196832,1722852262,1698251340,0.06726,0.0671
1724454656,1722702325,1698251400,0.0671,0.06723
1724296711,1726210104,1698251460,0.06723,0.06728
1724817598,1723921949,1698251520,0.06729,0.06731
1724403180,1722743710,1698251580,0.0673,0.06717
1722121055,1721877779,1698251640,0.06716,0.06725
1721688897,1722485574,1698251700,0.06726,0.06713
1721115125,1720756007,1698251760,0.06714,0.06722
1720109245,1719451393,1698251820,0.06722,0.06699
1714395368,1713980023,1698251880,0.06699,0.06706
1715005774,1719206758,1698251940,0.06706,0.06671
1719151437,1717139104,1698252000,0.0667,0.06669
1716494714,1715305669,1698252060,0.06668,0.06661
1716088520,1716631012,1698252120,0.06661,0.06663
1717598383,1717803208,1698252180,0.06664,0.06673
1717498554,1718610258,1698252240,0.06673,0.06683
1718079584,1718601660,1698252300,0.06684,0.0669
1718088222,1718261868,1698252360,0.0669,0.0669
1718244640,1711096575,1698252420,0.06691,0.06681
1711019710,1709796503,1698252480,0.06682,0.06684
1709758959,1709859465,1698252540,0.06684,0.06689
1709465429,1708822381,1698252600,0.06688,0.06678
1705097232,1705002682,1698252660,0.06677,0.0667
1705003927,1704920275,1698252720,0.0667,0.06672
1704932557,1705128978,1698252780,0.06672,0.06659
1705168732,1704302943,1698252840,0.06658,0.06667
1703888251,1704726363,1698252900,0.06667,0.06662
1704858598,1705453093,1698252960,0.06663,0.0666
1705598781,1705485718,1698253020,0.0666,0.06658
1706388553,1706388553,1698253080,0.06659,0.06663
1706598528,1707177644,1698253140,0.06663,0.06636
1704485643,1705803334,1698253200,0.06636,0.06652
1706622124,1705653150,1698253260,0.06653,0.06622
1702250551,1700146961,1698253320,0.06622,0.06636
1699501178,1699731291,1698253380,0.06637,0.06651
1699865812,1699780019,1698253440,0.0665,0.06652
1700781415,1701070346,1698253500,0.06653,0.06657
1700690414,1700746432,1698253560,0.06658,0.06659
1700557778,1700278536,1698253620,0.0666,0.06665
1700266857,1700328283,1698253680,0.06665,0.06666
1700620878,1700521031,1698253740,0.06666,0.06678
1700781256,1700750729,1698253800,0.06677,0.06677
1700914636,1700258305,1698253860,0.06678,0.06682
1700076200,1700679655,1698253920,0.06682,0.06681
1705815272,1705705631,1698253980,0.06681,0.06689
1705639400,1705639400,1698254040,0.06688,0.06685
1705534392,1705455460,1698254100,0.06684,0.06688
1704971110,1708817168,1698254160,0.06688,0.06691
1708831881,1708831881,1698254220,0.0669,0.06671
1708361818,1708545117,1698254280,0.0667,0.06674
1708596226,1709412494,1698254340,0.06674,0.06672
1710088093,1709879609,1698254400,0.06672,0.06672
1709443114,1709533559,1698254460,0.06672,0.06671
1710206174,1710216118,1698254520,0.06672,0.06677
1709979721,1709688942,1698254580,0.06677,0.06679
1710070854,1710179077,1698254640,0.06678,0.06685
1710512733,1710266520,1698254700,0.06684,0.06685
1710369695,1710331518,1698254760,0.06685,0.06679
1710453631,1710465827,1698254820,0.06678,0.0668
1710487829,1710083533,1698254880,0.0668,0.06682
1710142885,1710149868,1698254940,0.06683,0.0669
1710195515,1710312967,1698255000,0.06691,0.06695
1709144484,1709445915,1698255060,0.06696,0.06701
1709491789,1711339030,1698255120,0.06701,0.06706
1711359133,1711345654,1698255180,0.06706,0.06705
1711336279,1711344885,1698255240,0.06705,0.0671
1710818962,1710818962,1698255300,0.0671,0.06711
1711350840,1718517688,1698255360,0.06711,0.06707
1718410801,1719937011,1698255420,0.06707,0.06696
1720504931,1720727105,1698255480,0.06695,0.06701
1720481379,1720663575,1698255540,0.06701,0.06699
1720639025,1720792282,1698255600,0.06698,0.06688
1731783140,1730789902,1698255660,0.06688,0.06678
1730401835,1730516207,1698255720,0.06679,0.06681
1730559701,1731564004,1698255780,0.0668,0.06678
1731232421,1731232421,1698255840,0.06678,0.06676
1731148959,1731563363,1698255900,0.06676,0.06683
1731673390,1732204291,1698255960,0.06684,0.06677
1732194512,1731997108,1698256020,0.06677,0.06689
1732177885,1731864869,1698256080,0.06689,0.06695
1731663473,1731818776,1698256140,0.06695,0.06694
1731825367,1734641536,1698256200,0.06694,0.06693
1734724191,1734751239,1698256260,0.06694,0.06691
1734654507,1735045943,1698256320,0.06691,0.06684
1735997302,1736001598,1698256380,0.06684,0.0668
1735811748,1736090676,1698256440,0.0668,0.06687
1736340603,1736546991,1698256500,0.06688,0.06695
1736488752,1736758455,1698256560,0.06695,0.06695
1736729748,1736486223,1698256620,0.06695,0.06693
1736735677,1736757217,1698256680,0.06693,0.067
1737146832,1737575803,1698256740,0.067,0.06701
1738156281,1737900465,1698256800,0.067,0.06718
1740342838,1755758861,1698256860,0.06718,0.06741
1770273064,1770372382,1698256920,0.06741,0.06748
1778707258,1779452288,1698256980,0.06749,0.06781
1782947493,1785535929,1698257040,0.0678,0.0683
1790332247,1793677607,1698257100,0.06829,0.06841
1796188756,1793033197,1698257160,0.06841,0.06813
1793216210,1783417302,1698257220,0.06812,0.06783
1782943024,1781877204,1698257280,0.06784,0.06765
1777161787,1780433805,1698257340,0.06765,0.06781
1780953568,1784106876,1698257400,0.06781,0.06788
1782971743,1782085281,1698257460,0.06787,0.06775
1781932067,1787677967,1698257520,0.06775,0.06778
1787126245,1782862283,1698257580,0.06778,0.06762
1781382184,1780142639,1698257640,0.06763,0.06775
1781366713,1783048382,1698257700,0.06774,0.06795
1786016385,1786343241,1698257760,0.06794,0.06804
1786937584,1786821717,1698257820,0.06804,0.06836
1796205612,1794808893,1698257880,0.06837,0.06884
1798906324,1798378626,1698257940,0.06885,0.068
1799079806,1814793788,1698258000,0.06799,0.06831
1814982724,1804924446,1698258060,0.06832,0.06804
1803832632,1803623544,1698258120,0.06804,0.06802
1802686009,1799949402,1698258180,0.06802,0.06812
1802487098,1803181329,1698258240,0.06812,0.06794
1799729328,1803697054,1698258300,0.06793,0.06808
1804327789,1805275554,1698258360,0.06808,0.0679
1805712277,1804588567,1698258420,0.0679,0.06796
1804008382,1803727680,1698258480,0.06796,0.06815
1801692913,1801235456,1698258540,0.06816,0.06804
1805662827,1806020310,1698258600,0.06804,0.06811
1805324289,1795037908,1698258660,0.0681,0.06767
1793816556,1792190127,1698258720,0.06784,0.06774
1791374484,1791737684,1698258780,0.06774,0.06782
1791686694,1791365313,1698258840,0.06783,0.06787
1790893831,1790750404,1698258900,0.06787,0.06776
1790880113,1788556905,1698258960,0.06777,0.06769
1788681911,1789105952,1698259020,0.0677,0.06774
1789574145,1789844243,1698259080,0.06775,0.06781
1790074548,1790147633,1698259140,0.0678,0.06772
1790362027,1790789963,1698259200,0.06773,0.06778
1790744189,1790481833,1698259260,0.06779,0.06789
1790256260,1790008610,1698259320,0.06788,0.06789
1790008466,1790227537,1698259380,0.06789,0.06787
1790291747,1790256909,1698259440,0.06788,0.06788
1790188853,1790690635,1698259500,0.06787,0.06794
1790901150,1790798391,1698259560,0.06794,0.06783
1790894012,1790892095,1698259620,0.06783,0.06789
1791221455,1791197726,1698259680,0.06789,0.06804
1792130901,1795080585,1698259740,0.06803,0.0681
1795303791,1792468344,1698259800,0.06811,0.06826
1794960685,1795532753,1698259860,0.06827,0.06823
1796115783,1796118530,1698259920,0.06823,0.06833
1798742200,1798285568,1698259980,0.06832,0.06837
1798270432,1796478578,1698260040,0.06836,0.06817
1796187177,1796087648,1698260100,0.06817,0.06821
1796041397,1796262176,1698260160,0.06821,0.06822
1796247647,1796287165,1698260220,0.06821,0.0681
1796263373,1798185783,1698260280,0.0681,0.06815
1798291280,1798291280,1698260340,0.06817,0.06815
1798581597,1798141734,1698260400,0.06816,0.06806
1798598542,1799151093,1698260460,0.06806,0.06814
1798737117,1799025151,1698260520,0.06815,0.06817
1798802996,1798411582,1698260580,0.06817,0.06806
1798491182,1795649509,1698260640,0.06805,0.06795
1793970896,1793409311,1698260700,0.06795,0.06798
1794020678,1794856640,1698260760,0.06798,0.06799
1794361216,1795233663,1698260820,0.06799,0.0678
1795392995,1795030508,1698260880,0.0678,0.06778
1795424767,1795424767,1698260940,0.06778,0.06783
1795283740,1795043928,1698261000,0.06785,0.06784
1795415111,1795459136,1698261060,0.06784,0.06778
1795108286,1794786457,1698261120,0.06779,0.06781
1794815031,1794545706,1698261180,0.06782,0.06787
1794546249,1794533707,1698261240,0.06787,0.06781
1794474230,1794511845,1698261300,0.0678,0.0678
1794213840,1793051630,1698261360,0.06779,0.06765
1793233254,1793072912,1698261420,0.06764,0.06773
1792955724,1792035353,1698261480,0.06772,0.06756
1791883539,1791579154,1698261540,0.06756,0.06768
1791755626,1791949209,1698261600,0.06768,0.06765
1791949990,1792225701,1698261660,0.06764,0.06764
1791843268,1791766177,1698261720,0.06764,0.06755
1792477911,1792477911,1698261780,0.06756,0.06757
1793112903,1791571249,1698261840,0.06758,0.06754
1791826778,1791741549,1698261900,0.06753,0.06758
1791740049,1791662150,1698261960,0.06758,0.06753
1791640579,1791515128,1698262020,0.06753,0.06759
1791506774,1791342346,1698262080,0.06759,0.06763
1791551169,1791649641,1698262140,0.06763,0.06768
1791126897,1791331195,1698262200,0.06768,0.06774
1792014077,1792241205,1698262260,0.06773,0.06772
1798105522,1798132086,1698262320,0.06772,0.06766
1797816365,1797865332,1698262380,0.06766,0.06777
1798188665,1798193795,1698262440,0.06776,0.06777
1798372342,1797606380,1698262500,0.06776,0.06776
1797906192,1797994517,1698262560,0.06776,0.06772
1797702176,1797378064,1698262620,0.06773,0.06781
1797451117,1797308116,1698262680,0.0678,0.06789
1810496168,1810785010,1698262740,0.06789,0.06784
1810999004,1810649962,1698262800,0.06784,0.06792
1811454409,1811314686,1698262860,0.06793,0.06799
1811859288,1811975790,1698262920,0.06798,0.06795
1811527315,1811649365,1698262980,0.06795,0.06791
1811872700,1811476046,1698263040,0.06791,0.06781
1811908689,1812124652,1698263100,0.06781,0.06783
1812059362,1813229106,1698263160,0.06782,0.06791
1813597206,1813802018,1698263220,0.0679,0.06794
1813679349,1813790200,1698263280,0.06794,0.068
1813901761,1813747819,1698263340,0.06801,0.06801
1814222419,1814822218,1698263400,0.06802,0.06805
1815154455,1813795399,1698263460,0.06805,0.06802
1805776162,1805950963,1698263520,0.06803,0.06803
1805836201,1804196590,1698263580,0.06803,0.06811
1804064278,1805100040,1698263640,0.06811,0.06812
1805191591,1805363768,1698263700,0.06813,0.06811
1803591958,1803249095,1698263760,0.06811,0.06806
1803114372,1802873230,1698263820,0.06807,0.06811
1802901946,1804437070,1698263880,0.06812,0.06813
1804563748,1804563748,1698263940,0.06813,0.06808
1804344705,1805140735,1698264000,0.06808,0.06809
1805181053,1805551725,1698264060,0.06809,0.06816
1805775350,1806583486,1698264120,0.06817,0.06813
1805590166,1805576529,1698264180,0.06812,0.06817
1805836506,1806264190,1698264240,0.06817,0.06829
1807546754,1806695857,1698264300,0.06829,0.06829
1810957416,1806603749,1698264360,0.06829,0.06825
1805667904,1806018104,1698264420,0.06824,0.06829
1806379583,1806572236,1698264480,0.06828,0.06837
1806630588,1806348598,1698264540,0.06837,0.06838
1806594704,1807145438,1698264600,0.06837,0.0684
1807248505,1807335987,1698264660,0.0684,0.06838
1808054155,1808605386,1698264720,0.06839,0.06842
1808678985,1808414039,1698264780,0.06841,0.06851
1808749318,1808979591,1698264840,0.06852,0.06853
1808569824,1809177113,1698264900,0.06853,0.0685
1808994281,1809635538,1698264960,0.0685,0.06833
1810694741,1812123179,1698265020,0.06833,0.06866
1814710750,1815976133,1698265080,0.06867,0.06858
1816115055,1817989347,1698265140,0.06858,0.06864
1818697800,1819179345,1698265200,0.06865,0.0688
1819295433,1819250417,1698265260,0.0688,0.06878
1819857164,1820393431,1698265320,0.06877,0.06872
1821676604,1821520611,1698265380,0.06872,0.06865
1821712092,1821901828,1698265440,0.06865,0.06863
1821877447,1822076406,1698265500,0.06863,0.06866
1822271653,1818712907,1698265560,0.06865,0.06842
1816485928,1816477952,1698265620,0.06841,0.06852
1816668493,1817318929,1698265680,0.06852,0.06852
1817063138,1817896552,1698265740,0.06852,0.06856
1817354424,1817005504,1698265800,0.06856,0.06856
1817820679,1819634919,1698265860,0.06857,0.06874
1821436350,1821306661,1698265920,0.06875,0.06878
1821546544,1823808804,1698265980,0.06879,0.06899
1826025565,1823040290,1698266040,0.06899,0.06876
1822035195,1818230276,1698266100,0.06876,0.06887
1819268108,1820953308,1698266160,0.06886,0.0689
1821041028,1826406751,1698266220,0.0689,0.06912
1827439487,1827439487,1698266280,0.06911,0.06893
1828116636,1830932464,1698266340,0.06894,0.06908
1830872833,1831434277,1698266400,0.06908,0.06913
1832733848,1831934509,1698266460,0.06912,0.06887
1830232450,1829206088,1698266520,0.06886,0.06887
1829244793,1829281771,1698266580,0.06886,0.06886
1828827457,1828634607,1698266640,0.06887,0.06891
1827753309,1829832146,1698266700,0.0689,0.06876
1828546197,1827834969,1698266760,0.06876,0.06867
1827720551,1826941413,1698266820,0.06866,0.06862
1826458672,1825885766,1698266880,0.06861,0.06866
1825518381,1824915003,1698266940,0.06866,0.06855
1824506170,1821800635,1698267000,0.06855,0.06852
1821629895,1821386546,1698267060,0.06852,0.06853
1821241650,1821241650,1698267120,0.06853,0.06845
1820986011,1810847668,1698267180,0.06846,0.06827
1804636651,1804982001,1698267240,0.06827,0.06828
1804770190,1804934854,1698267300,0.06828,0.06827
1804754666,1804585102,1698267360,0.06827,0.06832
1804799749,1805211716,1698267420,0.06831,0.06828
1803865900,1803876309,1698267480,0.06827,0.06818
1803500218,1802609673,1698267540,0.06818,0.06819
1802806915,1802717695,1698267600,0.06818,0.06815
1802436907,1801689406,1698267660,0.06816,0.06813
1801486390,1801661247,1698267720,0.06814,0.06831
1802454361,1803461033,1698267780,0.06831,0.06842
1802145999,1802334074,1698267840,0.06842,0.06844
1802349504,1802041011,1698267900,0.06843,0.06849
1809678549,1810579372,1698267960,0.06849,0.06861
1810969704,1811168303,1698268020,0.06861,0.06855
1810602079,1810117101,1698268080,0.06855,0.0685
1809796920,1810345866,1698268140,0.06849,0.06863
1810486748,1810047205,1698268200,0.06863,0.06851
1810034967,1809269475,1698268260,0.06851,0.06848
1808941068,1809151752,1698268320,0.06848,0.06852
1809020051,1809648355,1698268380,0.06851,0.06846
1809854306,1809684889,1698268440,0.06845,0.06844
1811102001,1812251159,1698268500,0.06843,0.06842
1812222595,1811959639,1698268560,0.06842,0.06848
1812466218,1812660342,1698268620,0.06848,0.06859
1812940145,1812807360,1698268680,0.0686,0.06866
1812873519,1812342872,1698268740,0.06867,0.06859
1812501979,1812492700,1698268800,0.0686,0.06863
1812591705,1811992345,1698268860,0.06864,0.06868
1812753658,1812926878,1698268920,0.06868,0.06878
1813778146,1813778146,1698268980,0.06879,0.06886
1814734047,1817255058,1698269040,0.06887,0.06906
1819261202,1820378812,1698269100,0.06907,0.06898
1820386290,1822024215,1698269160,0.06898,0.06904
1824096537,1828491187,1698269220,0.06904,0.06901
1828729147,1829032909,1698269280,0.06901,0.06908
1829971256,1830752049,1698269340,0.06908,0.06903
1830894773,1830575155,1698269400,0.06903,0.06884
1829375459,1829366522,1698269460,0.06883,0.06891
1830029734,1830227340,1698269520,0.06892,0.06897
1831760658,1830222050,1698269580,0.06897,0.0688
1830639653,1829792008,1698269640,0.06879,0.06853
1828185975,1826821360,1698269700,0.06854,0.06859
1825308480,1825840138,1698269760,0.06858,0.06851
1825888412,1824960915,1698269820,0.06852,0.06848
1827986272,1828737525,1698269880,0.06849,0.0684
1829372796,1828266169,1698269940,0.0684,0.06826
1828877624,1828868540,1698270000,0.06826,0.06815
1828573321,1829115074,1698270060,0.06815,0.06827
1828810849,1828912641,1698270120,0.06826,0.06831
1829170002,1828775828,1698270180,0.0683,0.06836
1828124881,1828335836,1698270240,0.06835,0.06844
1828989999,1829562137,1698270300,0.06845,0.06842
1829404082,1829214241,1698270360,0.06843,0.06831
1829888546,1829535109,1698270420,0.06831,0.06825
1829472809,1829638497,1698270480,0.06824,0.06828
1829710861,1830817050,1698270540,0.06829,0.06829
1830818102,1830817301,1698270600,0.0683,0.06822
1831584534,1831289313,1698270660,0.06821,0.06828
1831166197,1831351757,1698270720,0.06828,0.06826
1831315821,1831258827,1698270780,0.06826,0.06824
1831640554,1831553765,1698270840,0.06824,0.06836
1829984722,1830000335,1698270900,0.06835,0.06843
1829042748,1829549004,1698270960,0.06844,0.0685
1829239861,1829338565,1698271020,0.06851,0.06855
1828875721,1828911229,1698271080,0.06855,0.06877
1828239404,1826950891,1698271140,0.06877,0.06869
1827252723,1826992479,1698271200,0.06869,0.06858
1826701491,1826973958,1698271260,0.06859,0.06871
1827949077,1826814453,1698271320,0.06872,0.06874
1824483224,1824024288,1698271380,0.06875,0.06874
1824905956,1822477436,1698271440,0.06874,0.06863
1822573059,1822420648,1698271500,0.06864,0.06861
1822475619,1821018623,1698271560,0.06862,0.06856
1820318818,1819919324,1698271620,0.06856,0.06851
1819846546,1819684090,1698271680,0.0685,0.06855
1819714431,1818563490,1698271740,0.06855,0.06855
1818304772,1818103886,1698271800,0.06855,0.06853
1817968258,1817723364,1698271860,0.06853,0.06861
1817760789,1818724948,1698271920,0.0686,0.06863
1818520805,1818144720,1698271980,0.06862,0.06867
1818560341,1818988992,1698272040,0.06866,0.06901
1839310214,1845175268,1698272100,0.06902,0.06928
1846081599,1848469200,1698272160,0.06928,0.06958
1849504559,1850678424,1698272220,0.06957,0.06944
1850108685,1852138942,1698272280,0.06943,0.06916
1852561180,1854914785,1698272340,0.06916,0.06925
1856149942,1856814930,1698272400,0.06924,0.06919
1858984490,1857977376,1698272460,0.06919,0.06913
1857980950,1858744246,1698272520,0.06913,0.0691
1854741028,1852243534,1698272580,0.0691,0.06898
1843080632,1841837709,1698272640,0.06897,0.06884
1842134172,1840942125,1698272700,0.06884,0.06886
1840575820,1838971839,1698272760,0.06887,0.06874
1838656438,1838480502,1698272820,0.06875,0.06874
1837028759,1836727225,1698272880,0.06874,0.06872
1836695567,1834645466,1698272940,0.06872,0.06865
1834633969,1833559863,1698273000,0.06865,0.06869
1833713465,1835228745,1698273060,0.06869,0.06863
1835425735,1835196293,1698273120,0.06863,0.06854
1835208337,1834739115,1698273180,0.06854,0.06865
1834341809,1835315690,1698273240,0.06865,0.06872
1835056575,1835977311,1698273300,0.06873,0.06888
1835480099,1835176072,1698273360,0.06889,0.06889
1834932450,1835856747,1698273420,0.0689,0.06896
1836918425,1837285368,1698273480,0.06897,0.06891
1837168213,1837022039,1698273540,0.06891,0.06898
1837281428,1839139853,1698273600,0.06898,0.06927
1848097781,1852069056,1698273660,0.06928,0.06951
1853925226,1852892785,1698273720,0.06951,0.06955
1855198790,1856951225,1698273780,0.06954,0.06961
1856442524,1858862001,1698273840,0.06961,0.06955
1858192852,1857928659,1698273900,0.06955,0.06953
1858907861,1858097171,1698273960,0.06953,0.06956
1864386941,1866417148,1698274020,0.06957,0.06956
1864984178,1865809350,1698274080,0.06955,0.06935
1864243048,1863478916,1698274140,0.06936,0.06933
1863294979,1864196424,1698274200,0.06934,0.06928
1864599343,1860168680,1698274260,0.06928,0.06921
1859851144,1860465494,1698274320,0.0692,0.06912
1860187625,1859872198,1698274380,0.06911,0.06918
1859944463,1860500665,1698274440,0.06918,0.06927
1860440601,1861122459,1698274500,0.06927,0.06923
1861001048,1861001048,1698274560,0.06923,0.06919
1860864812,1861281489,1698274620,0.06918,0.06904
1858794393,1858221680,1698274680,0.06904,0.06901
1854645712,1850223623,1698274740,0.069,0.06895
1849890497,1848964747,1698274800,0.06895,0.06878
1846093767,1846528750,1698274860,0.06879,0.06902
1846112184,1846196931,1698274920,0.06902,0.06892
1846576076,1846692380,1698274980,0.06892,0.06869
1847731838,1847807481,1698275040,0.06869,0.06871
1847809581,1850962268,1698275100,0.06872,0.06872
1850944727,1856618470,1698275160,0.06871,0.06868
1856533174,1856756008,1698275220,0.06867,0.06847
1853135438,1853565545,1698275280,0.06848,0.06861
1852858022,1854335889,1698275340,0.06861,0.06856
1854636504,1854768430,1698275400,0.06857,0.06848
1855277698,1855230615,1698275460,0.06848,0.06856
1855221186,1854743988,1698275520,0.06856,0.06853
1854531097,1855049635,1698275580,0.06854,0.06846
1855525243,1854662088,1698275640,0.06846,0.06845
1854829056,1855020203,1698275700,0.06846,0.06845
1854982864,1856145461,1698275760,0.06846,0.06868
1856026870,1856377694,1698275820,0.06868,0.06866
1857883725,1857898579,1698275880,0.06866,0.06865
1857314778,1857623057,1698275940,0.06866,0.06866
1857282271,1857282271,1698276000,0.06867,0.06863
1857431957,1857143653,1698276060,0.06863,0.06866
1857767802,1857976641,1698276120,0.06866,0.06861
1857952717,1857725826,1698276180,0.06862,0.06857
1857707300,1858002697,1698276240,0.06858,0.06864
1858061040,1858103461,1698276300,0.06864,0.0686
1858534115,1858182996,1698276360,0.06861,0.06858
1858100125,1858148245,1698276420,0.06858,0.06858
1858536408,1858535544,1698276480,0.06858,0.06854
1858662782,1858932980,1698276540,0.06855,0.06851
1858876479,1859187125,1698276600,0.0685,0.0686
1858833138,1859539444,1698276660,0.06861,0.06864
1859842845,1859800734,1698276720,0.06863,0.06866
1859780591,1859752544,1698276780,0.06867,0.06862
1860073832,1860127298,1698276840,0.06862,0.06867
1860156128,1859998163,1698276900,0.06867,0.06865
1859720133,1859782607,1698276960,0.06865,0.06854
1859117195,1859958883,1698277020,0.06854,0.06838
1859733360,1857880144,1698277080,0.06839,0.06832
1858321147,1858324998,1698277140,0.06832,0.06832
1858079716,1858224811,1698277200,0.06831,0.06831
1858977402,1858931404,1698277260,0.06831,0.0684
1859295011,1859428583,1698277320,0.0684,0.06834
1859460699,1859458975,1698277380,0.06834,0.06842
1859143233,1859133093,1698277440,0.06842,0.06839
1859572295,1859756166,1698277500,0.06839,0.06838
1858888034,1858832343,1698277560,0.06837,0.06832
1857924517,1857858542,1698277620,0.06831,0.0683
1857782507,1857783363,1698277680,0.06829,0.06836
1857538893,1857486795,1698277740,0.06836,0.06831
1857383189,1857418302,1698277800,0.06831,0.06831
1857457416,1857392937,1698277860,0.06832,0.0683
1857360331,1857458203,1698277920,0.06831,0.06827
1857459902,1857513751,1698277980,0.06826,0.06823
1857321161,1856895852,1698278040,0.06824,0.06826
1856927508,1856815010,1698278100,0.06826,0.06825
1856771027,1856695175,1698278160,0.06825,0.06834
1856671249,1856709891,1698278220,0.06835,0.06835
1856736374,1856768678,1698278280,0.06834,0.06838
1856544157,1856495383,1698278340,0.06838,0.06836
1856977630,1856845065,1698278400,0.06835,0.06838
1857051554,1853087851,1698278460,0.06838,0.06821
1852662933,1852475547,1698278520,0.0682,0.06826
1853015116,1852616728,1698278580,0.06826,0.06825
1853359919,1851439610,1698278640,0.06824,0.06815
1850526386,1851545828,1698278700,0.06817,0.06829
1852216114,1850470545,1698278760,0.0683,0.0682
1850431701,1850537333,1698278820,0.0682,0.06808
1850555753,1850367878,1698278880,0.06808,0.06828
1850299628,1850026044,1698278940,0.06828,0.06817
1849577292,1849532302,1698279000,0.06816,0.0681
1850469344,1849909453,1698279060,0.0681,0.06825
1849628907,1849397628,1698279120,0.06825,0.0683
1849297997,1849297997,1698279180,0.0683,0.06835
1849442469,1849482510,1698279240,0.06835,0.06835
1850994744,1851302530,1698279300,0.06836,0.06829
1851072755,1850875811,1698279360,0.06829,0.06832
1850712749,1851087316,1698279420,0.06832,0.06833
1851108696,1851235192,1698279480,0.06834,0.06837
1851018291,1850915932,1698279540,0.06837,0.06835
1850285513,1850204492,1698279600,0.06835,0.06837
1849504287,1850768897,1698279660,0.06837,0.06839
1851177356,1851361777,1698279720,0.06838,0.06845
1852698959,1853295179,1698279780,0.06845,0.06844
1853379487,1853374832,1698279840,0.06844,0.06848
1853375138,1854662991,1698279900,0.06849,0.06857
1854692293,1856142809,1698279960,0.06856,0.06868
1860674467,1861179573,1698280020,0.06868,0.06876
1861888704,1865311398,1698280080,0.06875,0.06888
1865007351,1864928426,1698280140,0.06888,0.06885
1864885045,1864639885,1698280200,0.06885,0.06875
1864225298,1864811473,1698280260,0.06875,0.06883
1864380415,1865168052,1698280320,0.06882,0.06873
1866091338,1866218592,1698280380,0.06872,0.06879
1866844623,1863464784,1698280440,0.06879,0.06883
1863216187,1863002974,1698280500,0.06884,0.0687
1862371077,1862385541,1698280560,0.0687,0.06863
1861830307,1861369506,1698280620,0.06864,0.06851
1861331465,1860191826,1698280680,0.0685,0.06848
1858482198,1857999875,1698280740,0.06848,0.06863
1858079636,1858475868,1698280800,0.06863,0.06859
1858510229,1858720038,1698280860,0.06858,0.06855
1858899516,1857669946,1698280920,0.06854,0.06842
1858115491,1858040402,1698280980,0.06841,0.06851
1858149343,1855549637,1698281040,0.06851,0.06837
1854762187,1854398032,1698281100,0.06836,0.06831
1854242114,1852890974,1698281160,0.0683,0.06811
1851756752,1850945333,1698281220,0.06811,0.06797
1851016076,1853717667,1698281280,0.06796,0.06798
1853255624,1852318261,1698281340,0.06798,0.06805
1852566628,1852693726,1698281400,0.06804,0.06804
1851931130,1851655827,1698281460,0.06804,0.06812
1851229534,1850884882,1698281520,0.06812,0.06826
1851945508,1851868600,1698281580,0.06825,0.06837
1853016121,1854462954,1698281640,0.06837,0.06853
1855117322,1856516900,1698281700,0.06852,0.06854
1856497997,1856738196,1698281760,0.06854,0.06844
1856847342,1856758117,1698281820,0.06844,0.06862
1857533126,1858196025,1698281880,0.06862,0.06864
1858255725,1857020561,1698281940,0.06864,0.06865
1857182155,1855831106,1698282000,0.06865,0.06859
1855034157,1855099635,1698282060,0.06859,0.0687
1855039915,1854037671,1698282120,0.0687,0.06858
1854051383,1854874738,1698282180,0.06858,0.06867
1854922805,1856014729,1698282240,0.06867,0.0685
1856286548,1857193526,1698282300,0.0685,0.06866
1857414319,1860663320,1698282360,0.06867,0.06887
1861323421,1859481181,1698282420,0.06886,0.06862
1858889491,1859682839,1698282480,0.06861,0.06877
1859192547,1861517586,1698282540,0.06876,0.0688
1860825971,1860663984,1698282600,0.06879,0.06892
1867907344,1880634638,1698282660,0.06893,0.06925
1894437389,1896500231,1698282720,0.06926,0.06947
1895986981,1896413905,1698282780,0.06948,0.06953
1898780701,1898423968,1698282840,0.06953,0.06923
1899169830,1899847642,1698282900,0.06922,0.06926
1900354280,1900346734,1698282960,0.06926,0.06908
1899833668,1898515479,1698283020,0.06908,0.06901
1897472456,1897372595,1698283080,0.06901,0.06914
1895005441,1895533765,1698283140,0.06914,0.06908
1896796877,1895991086,1698283200,0.06909,0.06917
1898134620,1898200299,1698283260,0.06917,0.06942
1900340282,1900806707,1698283320,0.06942,0.06941
1900398106,1900423509,1698283380,0.0694,0.0694
1900833846,1898542267,1698283440,0.0694,0.06941
1898162252,1899133943,1698283500,0.06942,0.06944
1899301679,1895920933,1698283560,0.06944,0.06942
1895914229,1895738478,1698283620,0.06942,0.06932
1895613780,1895679059,1698283680,0.06932,0.06941
1895738968,1896013776,1698283740,0.06941,0.06947
1896247922,1896879601,1698283800,0.06947,0.06962
1898995764,1898876345,1698283860,0.06962,0.06962
1899423730,1899266905,1698283920,0.06962,0.06957
1898889704,1903590873,1698283980,0.06958,0.0696
1903884738,1903520971,1698284040,0.06959,0.06947
1904605053,1905722489,1698284100,0.06947,0.06982
1914456739,1917604372,1698284160,0.06983,0.07004
1918640548,1927182579,1698284220,0.07003,0.06991
1931666395,1940717926,1698284280,0.06989,0.07054
1939751841,1942684805,1698284340,0.07053,0.07076
1945446271,1949162018,1698284400,0.07074,0.07052
1949254417,1949836408,1698284460,0.07053,0.07038
1950495574,1955444209,1698284520,0.07038,0.07055
1956038880,1960189326,1698284580,0.07055,0.07049
1960181778,1959139187,1698284640,0.0705,0.07005
1958148555,1956543086,1698284700,0.07006,0.07
1957106335,1960182003,1698284760,0.07,0.07046
1959504729,1960356972,1698284820,0.07047,0.07028
1960596034,1960021196,1698284880,0.07029,0.07012
1959960054,1960015510,1698284940,0.07012,0.07005
1960069889,1959598140,1698285000,0.07004,0.07002
1960521729,1961080764,1698285060,0.07001,0.06989
1961636815,1961453889,1698285120,0.06989,0.07006
1961292797,1960040136,1698285180,0.07006,0.07031
1959527111,1960403827,1698285240,0.0703,0.07031
1961342150,1961022794,1698285300,0.07031,0.07037
1962420526,1962420526,1698285360,0.07038,0.07065
1969546246,1969074255,1698285420,0.07065,0.07067
1971773869,1972447937,1698285480,0.07067,0.07081
1978156029,1979127726,1698285540,0.07082,0.07068
1977856999,1977737398,1698285600,0.07068,0.07078
1978052260,1981967437,1698285660,0.07078,0.07094
1985784289,1987140339,1698285720,0.07093,0.07063
1987290257,1987122323,1698285780,0.07062,0.07055
1987456755,1987120609,1698285840,0.07054,0.07091
1990948544,1990990096,1698285900,0.0709,0.07086
1993326868,1996109987,1698285960,0.07086,0.07121
1996652199,2011855592,1698286020,0.07122,0.07142
2012096585,2012952057,1698286080,0.07142,0.07158
2012918122,2014688293,1698286140,0.07159,0.07165
2014233051,2013418238,1698286200,0.07164,0.07161
2014624276,2014267300,1698286260,0.07161,0.07153
2014401101,2009554660,1698286320,0.07154,0.07134
2010276371,2011036165,1698286380,0.07133,0.07113
2010763222,2008241957,1698286440,0.07112,0.07091
2005377180,2007027974,1698286500,0.0709,0.07076
2006933587,2006278501,1698286560,0.07076,0.07066
2006941075,2005109540,1698286620,0.07067,0.07071
2005173283,2006100690,1698286680,0.07072,0.07067
2006660033,2008069152,1698286740,0.07068,0.07056
2007380439,2006842535,1698286800,0.07057,0.07054
2006757004,2006269180,1698286860,0.07054,0.0706
2006470560,2000331381,1698286920,0.07059,0.07031
2000308575,1998378902,1698286980,0.07032,0.07022
1998367025,1998499782,1698287040,0.07022,0.07041
1998512582,1997875282,1698287100,0.07042,0.07042
1997970934,1998212779,1698287160,0.07042,0.0703
1998212840,1997859406,1698287220,0.0703,0.07019
1996729516,1996377236,1698287280,0.07018,0.07036
2001601427,2002490402,1698287340,0.07037,0.07026
2002253671,2002627777,1698287400,0.07026,0.07051
2002655212,2001646678,1698287460,0.07051,0.07055
2001414587,2002143094,1698287520,0.07054,0.07064
2002224283,2002275949,1698287580,0.07064,0.07078
2004643667,2004358061,1698287640,0.07077,0.07087
2004469356,2005143205,1698287700,0.07086,0.07076
2009847148,2011880271,1698287760,0.07075,0.07096
2012150799,2013744260,1698287820,0.07095,0.07099
2013555093,2014065132,1698287880,0.07098,0.07112
2020359320,2018982338,1698287940,0.07112,0.07129
2019707176,2019681178,1698288000,0.07129,0.07126
2018953060,2018232685,1698288060,0.07128,0.07122
2018058326,2018299224,1698288120,0.07122,0.07117
2019643222,2020300464,1698288180,0.07117,0.07119
2020414419,2019794096,1698288240,0.07119,0.07126
2019747482,2020960667,1698288300,0.07126,0.07134
2020348573,2020827912,1698288360,0.07134,0.07148
2020051889,2019877946,1698288420,0.07148,0.07146
2021104222,2022688175,1698288480,0.07146,0.07139
2021380034,2021011888,1698288540,0.07138,0.0712
2020326877,2019516774,1698288600,0.07119,0.07128
2019467187,2021590328,1698288660,0.07128,0.07153
2021680529,2022006468,1698288720,0.07153,0.07156
2022490174,2023497932,1698288780,0.07155,0.07167
2026088876,2026925092,1698288840,0.07168,0.0719
2026690684,2027183289,1698288900,0.0719,0.07189
2032076428,2033065092,1698288960,0.0719,0.07197
2033191490,2033957690,1698289020,0.07196,0.07202
2033770677,2035895671,1698289080,0.07201,0.07219
2037991065,2040132250,1698289140,0.07219,0.0723
2041052845,2044781367,1698289200,0.07229,0.07227
2041487297,2043441437,1698289260,0.07226,0.07244
2044575112,2045954597,1698289320,0.07245,0.0724
2048115164,2049420738,1698289380,0.07239,0.07278
2050274795,2050500323,1698289440,0.07277,0.07275
2053276997,2057979831,1698289500,0.07274,0.0726
2059597617,2059126174,1698289560,0.07261,0.07253
2055946767,2056648602,1698289620,0.07253,0.07242
2059843470,2060365024,1698289680,0.07242,0.07217
2060794770,2064565440,1698289740,0.07217,0.0722
2065878385,2065858638,1698289800,0.0722,0.07233
2067185279,2067479107,1698289860,0.07233,0.07233
2068294747,2069997737,1698289920,0.07233,0.07278
2070875653,2072209410,1698289980,0.07277,0.07276
2072257867,2072511986,1698290040,0.07276,0.07278
2072998614,2074643827,1698290100,0.07277,0.07273
2076342308,2077996465,1698290160,0.07272,0.07263
2079259632,2079274415,1698290220,0.07264,0.07248
2077270677,2076428462,1698290280,0.07248,0.07225
2075694520,2075837545,1698290340,0.07225,0.0723
2078574077,2080144649,1698290400,0.07229,0.07256
2080553481,2080816666,1698290460,0.07256,0.07249
2081039561,2081891688,1698290520,0.07249,0.07247
2083511151,2084224033,1698290580,0.07246,0.07257
2084828200,2084537868,1698290640,0.07257,0.07243
2083843002,2084037071,1698290700,0.07243,0.07225
2084106058,2081333018,1698290760,0.07224,0.07225
2081351395,2081768885,1698290820,0.07226,0.07195
2077884049,2078659446,1698290880,0.07194,0.0719
2077041279,2076378820,1698290940,0.07189,0.07187
2076774321,2076570008,1698291000,0.07187,0.07184
2071553330,2071512934,1698291060,0.07184,0.07204
2072462661,2072675552,1698291120,0.07204,0.07195
2072478131,2072527621,1698291180,0.07195,0.07185
2073011775,2073691030,1698291240,0.07185,0.07192
2073791059,2074390442,1698291300,0.07192,0.07186
2075881872,2075756309,1698291360,0.07186,0.07191
2075643048,2076104826,1698291420,0.0719,0.07189
2075922179,2075875766,1698291480,0.07189,0.07181
2075845992,2077034258,1698291540,0.07182,0.07179
2075694382,2074962668,1698291600,0.07179,0.07166
2074984282,2073813300,1698291660,0.07167,0.07173
2072879231,2072762952,1698291720,0.07173,0.0718
2072942992,2074164298,1698291780,0.07181,0.07179
2074288273,2073882065,1698291840,0.0718,0.0717
2075305835,2075279014,1698291900,0.0717,0.07157
2073832269,2070987369,1698291960,0.07156,0.07164
2071532433,2070022866,1698292020,0.07164,0.07162
2069935068,2069968997,1698292080,0.07162,0.07161
2070360053,2071745510,1698292140,0.07162,0.07167
2071938412,2072415430,1698292200,0.07167,0.07165
2072228847,2072421801,1698292260,0.07165,0.07158
2072029287,2071585635,1698292320,0.07159,0.07144
2068786424,2068786424,1698292380,0.07144,0.07142
2067768151,2068488019,1698292440,0.07142,0.07149
2068787732,2068819330,1698292500,0.07149,0.07142
2068751555,2068828007,1698292560,0.07143,0.07144
2069117807,2068696257,1698292620,0.07144,0.07152
2068729840,2068692876,1698292680,0.07152,0.0715
2069782822,2069649100,1698292740,0.0715,0.07146
2069863591,2069851047,1698292800,0.07146,0.07166
2069774532,2071776790,1698292860,0.07166,0.07163
2072362005,2074025664,1698292920,0.07162,0.07146
2074214603,2074230810,1698292980,0.07145,0.07143
2075622766,2063476996,1698293040,0.07143,0.07123
2061193339,2060595986,1698293100,0.07122,0.07125
2059845318,2058148186,1698293160,0.07124,0.0713
2057997002,2057849864,1698293220,0.07129,0.07132
2058281293,2058245805,1698293280,0.07132,0.0713
2058312422,2058084857,1698293340,0.0713,0.07134
2058358750,2058907697,1698293400,0.07133,0.0714
2059780445,2059440843,1698293460,0.0714,0.07153
2059468346,2059184144,1698293520,0.07153,0.07141
2059653049,2059197631,1698293580,0.07141,0.07133
2049168595,2047747243,1698293640,0.07132,0.0712
2046736418,2047843861,1698293700,0.07119,0.07133
2047928739,2047835425,1698293760,0.07133,0.07135
2047991270,2047427696,1698293820,0.07134,0.07121
2046914272,2046759532,1698293880,0.07121,0.07117
2046308055,2046323893,1698293940,0.07118,0.0714
2046377780,2048629274,1698294000,0.0714,0.07143
2049672237,2046767172,1698294060,0.07144,0.07126
2047045835,2047045835,1698294120,0.07127,0.07124
2047054644,2046772950,1698294180,0.07123,0.07119
2046451469,2046277064,1698294240,0.0712,0.07128
2046456504,2046345582,1698294300,0.07129,0.07131
2046242436,2046327674,1698294360,0.0713,0.07134
2046401951,2046579589,1698294420,0.07134,0.07134
2046899561,2047463738,1698294480,0.07133,0.07126
2047581299,2047704048,1698294540,0.07126,0.07138
2047669787,2047219145,1698294600,0.07139,0.07136
2046675299,2046663531,1698294660,0.07136,0.07125
2046909607,2046878354,1698294720,0.07126,0.0712
2046254035,2045867214,1698294780,0.07119,0.07114
2045947536,2045245500,1698294840,0.07114,0.07128
2045387361,2045840535,1698294900,0.07127,0.07134
2045878842,2045887892,1698294960,0.07134,0.07131
2045477758,2045334812,1698295020,0.07132,0.07139
2046475637,2046586031,1698295080,0.0714,0.0714
2046591120,2046705979,1698295140,0.07141,0.07138
2046847733,2046940500,1698295200,0.07138,0.07128
2047105770,2046921931,1698295260,0.07127,0.0714
2046785386,2046325765,1698295320,0.0714,0.07146
2045491375,2046135477,1698295380,0.07146,0.07155
2046247966,2046272767,1698295440,0.07154,0.07152
2045456842,2045141728,1698295500,0.07153,0.07141
2045586761,2045857386,1698295560,0.07141,0.0714
2045858768,2045871599,1698295620,0.0714,0.07136
2045186320,2047073213,1698295680,0.07136,0.07127
2046646759,2046626869,1698295740,0.07127,0.07121
2046662350,2046603262,1698295800,0.0712,0.07122
2045481233,2044784965,1698295860,0.07122,0.07118
2043019841,2042099915,1698295920,0.07118,0.07106
2040471786,2040607836,1698295980,0.07105,0.07115
2040454316,2040507611,1698296040,0.07115,0.07121
2040916717,2042494968,1698296100,0.07122,0.07127
2042576202,2042758217,1698296160,0.07126,0.07115
2042026454,2042155202,1698296220,0.07115,0.07116
2041589170,2041575926,1698296280,0.07116,0.07124
2041854905,2042531474,1698296340,0.07125,0.07131
2043473918,2043457843,1698296400,0.0713,0.07123
2042912866,2042893204,1698296460,0.07123,0.07124
2043224479,2043224479,1698296520,0.07124,0.07122
2042625174,2042892005,1698296580,0.07121,0.0712
2042861158,2042932221,1698296640,0.0712,0.07114
2042975598,2042471850,1698296700,0.07115,0.07113
2042333333,2042169359,1698296760,0.07113,0.07117
2042214443,2041986265,1698296820,0.07117,0.07108
2042144135,2039985453,1698296880,0.07107,0.071
2040827023,2039854221,1698296940,0.071,0.07106
2039341990,2038654375,1698297000,0.07106,0.07108
2039184006,2038165671,1698297060,0.07107,0.07122
2037926094,2037916473,1698297120,0.07122,0.0712
2038355156,2038611797,1698297180,0.0712,0.07124
2038641866,2039020862,1698297240,0.07124,0.07132
2039252584,2040177268,1698297300,0.07132,0.07146
2041205908,2041592921,1698297360,0.07147,0.07146
2041839705,2042121391,1698297420,0.07147,0.07135
2042310922,2041895367,1698297480,0.07135,0.07126
2045030520,2044700723,1698297540,0.07125,0.07112
2044376887,2044387458,1698297600,0.07112,0.07112
2044574834,2043650884,1698297660,0.07112,0.07115
2043261157,2043243422,1698297720,0.07115,0.07112
2043363964,2043400882,1698297780,0.07112,0.07112
2043396308,2043409053,1698297840,0.07113,0.07115
2043453568,2043525054,1698297900,0.07114,0.07108
2043646366,2043985206,1698297960,0.07108,0.0711
2041376141,2041487598,1698298020,0.0711,0.07107
2041082555,2041115393,1698298080,0.07107,0.07107
2041300610,2040207962,1698298140,0.07107,0.0711
2040044871,2039482815,1698298200,0.0711,0.07117
2039469427,2038669358,1698298260,0.07118,0.07135
2038690724,2039130857,1698298320,0.07135,0.07138
2039203120,2039652347,1698298380,0.07138,0.07138
2041240910,2041378805,1698298440,0.07137,0.07131
2042009748,2041777682,1698298500,0.07131,0.07131
2042240984,2042602190,1698298560,0.07131,0.07141
2044602295,2045164144,1698298620,0.07141,0.07126
2044935637,2045105620,1698298680,0.07127,0.07133
2045616292,2045907250,1698298740,0.07132,0.07135
2046612586,2047261668,1698298800,0.07134,0.07121
2045404936,2045139886,1698298860,0.0712,0.07119
2044877565,2044714083,1698298920,0.07118,0.07126
2044813699,2044766733,1698298980,0.07126,0.07134
2044641307,2044509370,1698299040,0.07134,0.07134
2045872981,2045497534,1698299100,0.07133,0.07118
2045922736,2045548231,1698299160,0.07117,0.07112
2040298661,2039618951,1698299220,0.07112,0.07099
2037772945,2036129549,1698299280,0.07098,0.0708
2035726899,2035148218,1698299340,0.0708,0.07082
2034396089,2035284097,1698299400,0.07082,0.07074
2033481155,2033481155,1698299460,0.07074,0.0707
